overdriveNo,overdriveNoSrc,bibNo,sierraControlNo,sierraControlNoSrc,sierraFormat_int,sierra_status,overdriveControlNo,sierraFormat_ext,_merge
C2E25112-2EC8-4088-9D18-160AD882917F,,,,,,,ODN0000149034,3,right_only
D42B7FB1-F40F-4D43-A77E-35A63B028A19,,,,,,,ODN0000149045,3,right_only
2AA05401-0C51-4E57-BDB5-81007BF87C97,,,,,,,ODN0000149054,3,right_only
5D74233B-39AE-4D57-A5DE-D07C1FAD0647,,,,,,,ODN0000149055,3,right_only
FADF579F-E299-4780-8BDD-CA9E1142743D,,,,,,,ODN0000149056,3,right_only
27900D86-AC06-4441-A237-A64FD7FA642B,,,,,,,ODN0000149058,3,right_only
D5CF99E7-4021-4DE0-9BD3-C5B76EA9135A,,,,,,,ODN0000149059,3,right_only
E589847A-0B41-4FBE-9463-B8699A2F1DBC,,,,,,,ODN0000149089,3,right_only
64362CEE-9E6F-48B1-B40D-0B5325C7B55B,,,,,,,ODN0000149113,3,right_only
A753DDF0-E71A-4061-A41F-7F85FC42DF61,,,,,,,ODN0000149121,3,right_only
BE8A22FF-CCFF-4BD5-8493-0953BF084093,,,,,,,ODN0000149122,3,right_only
120BC77A-1BC9-4876-8AED-F9F30882C86D,,,,,,,ODN0000149133,3,right_only
04668545-E1A8-49C9-A558-46A5C1425B75,,,,,,,ODN0000149135,3,right_only
44FED91D-CD14-4FE5-B5AF-F11A76634A16,,,,,,,ODN0000149144,3,right_only
F66BD2B5-5C24-4C84-9621-59807F655B92,,,,,,,ODN0000149155,3,right_only
3005BEC6-6FD2-465F-8A36-BB29D72106D8,,,,,,,ODN0000149156,3,right_only
83CDA9DE-8739-41B5-9818-4DBF6258D615,,,,,,,ODN0000149157,3,right_only
EC996F6F-6D2A-4B6F-B944-76A8AA62DB55,,,,,,,ODN0000165623,3,right_only
30353FB2-E116-4B47-B7A1-1763C1AECD11,,,,,,,ODN0000165624,3,right_only
EB9D4FCE-874C-4AB1-9EF6-B49205C87707,,,,,,,ODN0000145814,3,right_only
0BCD39FD-C8BF-4EE7-BE89-D792EDA4425D,,,,,,,ODN0000165625,3,right_only
92AC4C9E-C0CE-475A-BEA2-80C903A65B6C,,,,,,,ODN0000165626,3,right_only
AAD5EEA3-0A09-4EE4-B2F1-3BB799221138,,,,,,,ODN0000145817,3,right_only
6D7C315E-A309-4E1F-939C-C4B6A021AE46,,,,,,,ODN0000165627,3,right_only
83FB80F2-6ED4-4C18-B208-C58BF9184F8D,,,,,,,ODN0000165630,3,right_only
EF1AED59-6FCE-457F-A22A-A1B79194258A,,,,,,,ODN0000145820,3,right_only
C57CE87E-37AF-4570-B5A5-61C03321FC93,,,,,,,ODN0000165631,3,right_only
3AC07099-0C91-4B90-81ED-95F14152C277,,,,,,,ODN0000145821,3,right_only
FA0DA858-525A-4A4D-B2B5-5C827E7A6776,,,,,,,ODN0000165632,3,right_only
A6F9E9E5-ED42-478C-969F-CC650D7F8179,,,,,,,ODN0000145822,3,right_only
C6AF1DE7-1E1F-4572-A80B-0A548E6972D3,,,,,,,ODN0000145823,3,right_only
C9B6B2C3-0A03-456C-BEBA-C83C30AB7F12,,,,,,,ODN0000165634,3,right_only
4BB46D40-7103-4445-8A27-6F29E0A6F3FF,,,,,,,ODN0000145825,3,right_only
C717FBDE-BC3F-44CD-91DC-AA19172C2654,,,,,,,ODN0000165635,3,right_only
D14CABC3-A6FE-4B07-832E-1F487AAEC6E5,,,,,,,ODN0000165636,3,right_only
D7CDF988-2393-4826-9D0F-EAB9208ADAFD,,,,,,,ODN0000165645,3,right_only
E4B8EB85-02CA-4647-AA46-ABD473C20BF6,,,,,,,ODN0000145826,3,right_only
28B3AF26-5D96-4899-91E9-C2A951F1FAB0,,,,,,,ODN0000165639,3,right_only
01091CC5-9372-44E4-8C8B-B06180BB0E14,,,,,,,ODN0000165646,3,right_only
A2F1A509-0613-4AE7-84AD-CA2F78DCF231,,,,,,,ODN0000165640,3,right_only
4B904BD0-DDB3-4ABA-B2C4-3505E45CE570,,,,,,,ODN0000165641,3,right_only
7E09762B-322A-40F9-B6F5-10701762BE4B,,,,,,,ODN0000165642,3,right_only
F2C9CB77-6405-4620-82E3-FF321CE384D2,,,,,,,ODN0000165648,3,right_only
1A0A0BD5-4AA6-4734-ABA5-1DADD050C5FB,,,,,,,ODN0000310718,3,right_only
6A4AFD45-4F02-4715-A317-82373978FD9C,,,,,,,ODN0000165374,3,right_only
D7C3365B-B4DF-4776-9897-2DD0EF31AA5F,,,,,,,ODN0000165375,3,right_only
A9BD6C34-2938-4D44-8E25-EC9F166BAA28,,,,,,,ODN0000165377,3,right_only
AD95917D-BB1D-4166-A212-F80D416A1A06,,,,,,,ODN0002952742,3,right_only
CA0127D8-FB76-4EBE-898C-F743C08C196F,,,,,,,ODN0003217071,3,right_only
24FCB731-6048-4761-8AA9-D403C27E3986,,,,,,,ODN0003217093,3,right_only
844AA9ED-77C1-484B-9DF2-260D2F7F5CF2,,,,,,,ODN0003217095,3,right_only
490D8E5F-B643-4F84-8AC2-56380E04DE06,,,,,,,ODN0003217096,3,right_only
BCBF6B34-7119-494A-93DD-EEC511022A78,,,,,,,ODN0003217097,3,right_only
64150D67-65DF-4180-AEC0-D8A5A031B014,,,,,,,ODN0003217098,3,right_only
4531D928-7252-40D1-9D49-97EB1976F1E1,,,,,,,ODN0003217099,3,right_only
403D9117-3101-41F3-9311-C42041520AB5,,,,,,,ODN0003217100,3,right_only
AEA8D694-D654-473E-BFED-F95CF7D7853C,,,,,,,ODN0003217051,3,right_only
064E57B1-057E-4615-BA92-8DDE6B9CA940,,,,,,,ODN0003217053,3,right_only
0B7D7F05-90A4-4DF5-A0C2-867A37BFE7E5,,,,,,,ODN0003217055,3,right_only
90D6759C-77A6-453D-964A-7E08907E0A2B,,,,,,,ODN0003217057,3,right_only
3AA6A208-D627-4AF1-AE8B-5EF3232AAFCA,,,,,,,ODN0003217059,3,right_only
68A8FBC9-2148-4905-BE59-74515043E2EA,,,,,,,ODN0003217061,3,right_only
73A86075-2A4E-4329-9A09-29E4D318C6FC,,,,,,,ODN0003217063,3,right_only
417DABBF-7B1A-43C5-96E8-408B53035210,,,,,,,ODN0003217065,3,right_only
0F54DD3F-B696-49D4-A99C-468049064078,,,,,,,ODN0003217067,3,right_only
D5C3E0BC-8C16-484C-809F-6E29994B8C42,,,,,,,ODN0003217068,3,right_only
4E90E624-DB72-4EA8-8AA9-DCA5324BD5C1,,,,,,,ODN0003217073,3,right_only
663DC706-BBC1-4BAB-B3A3-484D56B4D670,,,,,,,ODN0003217074,3,right_only
BAFF5DFB-A484-4114-921E-712913D4B8A2,,,,,,,ODN0003217076,3,right_only
E0A6D67E-71AC-4CB5-8766-ED512A614955,,,,,,,ODN0003217078,3,right_only
F138CA4C-1444-4EFD-A324-0EB0FF14614E,,,,,,,ODN0003217080,3,right_only
14E9652F-7B40-47A3-A9D2-D50470CF8586,,,,,,,ODN0003217082,3,right_only
60F63082-F9E4-4059-8889-48F3FAA54F92,,,,,,,ODN0003217085,3,right_only
AACE3997-21BB-418C-8904-7DE59794A73A,,,,,,,ODN0003217087,3,right_only
B20A8451-46C9-4F83-B7A6-0675ADC8DEC2,,,,,,,ODN0003217089,3,right_only
1082C264-A833-4B0C-81AF-40EDC43B2EDC,,,,,,,ODN0003217091,3,right_only
C184E997-5C42-4805-992E-D01BA0FA9701,,,,,,,ODN0003217094,3,right_only
E4CF8DF4-C408-4177-9FDB-EC1ADFD74C7E,,,,,,,ODN0004595982,3,right_only
4AA78709-8209-4554-8D0F-C4AE149AEAE3,,,,,,,ODN0004595988,3,right_only
66F0EB57-19B0-41FF-9401-89BC61549047,,,,,,,ODN0004595989,3,right_only
33F40CBF-64D4-43BD-9733-8E96E82DD4B2,,,,,,,ODN0004595991,3,right_only
1DE4B66D-147D-421C-83E7-8990D759977E,,,,,,,ODN0004595992,3,right_only
083FA59F-EC2C-4E5D-9558-5CC2844C5B8B,,,,,,,ODN0004595993,3,right_only
69E03939-2112-4D2E-8625-C21317C5914E,,,,,,,ODN0004595994,3,right_only
9F6A0D18-7815-4085-966E-700F2362F992,,,,,,,ODN0004595995,3,right_only
CEDAE59F-7FF9-4146-8A4E-F7166A211FAE,,,,,,,ODN0004595996,3,right_only
B1DEDB0E-A9F4-4E10-8AA0-12D4E979276B,,,,,,,ODN0004595983,3,right_only
45520427-A764-4397-AA37-5455BF578948,,,,,,,ODN0004595985,3,right_only
A6F3A126-5301-4025-A620-046F16B7618F,,,,,,,ODN0004595986,3,right_only
86FF9ECD-611F-4339-9980-4AA01598FDF7,,,,,,,ODN0004595987,3,right_only
3B00E9A6-C0B9-494B-B16F-7248BBB305A8,,,,,,,ODN0003217101,3,right_only
5CE24010-577F-47EB-AABD-88698F0A8D8A,,,,,,,ODN0003217102,3,right_only
63BA1451-A9A6-4EE6-A3A9-9B3960262FAF,,,,,,,ODN0003217103,3,right_only
2BB4163F-6E4E-4DA8-93B4-31EB87DB0FE6,,,,,,,ODN0003217104,3,right_only
B3E54504-202F-421D-9CEE-72B2461FFDB7,,,,,,,ODN0000778561,3,right_only
70096BCE-AEFF-4F79-818E-F8F9100D2914,,,,,,,ODN0000300328,3,right_only
44F22C47-0F2A-477A-8B5D-F4FB170729F6,,,,,,,ODN0002302645,3,right_only
0FC52B05-DA4D-4565-A7A3-AE20F7A7C3C3,,,,,,,ODN0002302646,3,right_only
B6F5416F-1C50-429B-88F7-7D7FFEB2054B,,,,,,,ODN0002302647,3,right_only
A3ECFE95-5F3E-491D-89F8-9C259F1AAAC8,,,,,,,ODN0002302648,3,right_only
2C697DF7-0C0E-4C6E-98D9-1C086233A82B,,,,,,,ODN0002302649,3,right_only
6B033BEE-931E-45EB-81BE-A14C83613585,,,,,,,ODN0002302650,3,right_only
DDA43D4C-23BA-4C7E-9760-6CB4DDB19A54,,,,,,,ODN0002302651,3,right_only
7C4E502D-8D7E-4722-BFFB-ED20E0143B20,,,,,,,ODN0002302652,3,right_only
87C23F33-B5D5-4BAF-9C5B-3F6D196441F9,,,,,,,ODN0002302653,3,right_only
06E46C2D-0B46-46D7-91AA-EB4BE8674C04,,,,,,,ODN0000778568,3,right_only
16508680-3803-4227-B756-733DA136E32E,,,,,,,ODN0004885772,3,right_only
92B08817-9B58-468E-832C-B313A966FBFD,,,,,,,ODN0004885766,3,right_only
AB74E15B-165D-4F40-86F3-CF305D77AE12,,,,,,,ODN0004885767,3,right_only
D0CFFFC2-E589-4822-ADDA-A336E451DFC0,,,,,,,ODN0004885768,3,right_only
920848DB-D1A9-487F-990B-404C07B3F447,,,,,,,ODN0004885769,3,right_only
5FC2AE60-26FE-4BA9-890D-07962B912693,,,,,,,ODN0004885770,3,right_only
8C1629F1-13DB-43F6-8AE4-468A014856B9,,,,,,,ODN0004885771,3,right_only
77D6A47F-4771-43E3-A6AF-8EB9EFAFA825,,,,,,,ODN0000147044,3,right_only
8D224F59-8F42-4CFE-9D54-7A9D0A2FF370,,,,,,,ODN0000146867,3,right_only
14CB4C51-D0DD-49F7-A7FE-DC5A7EF4C522,,,,,,,ODN0000147043,3,right_only
B47A9304-183C-49C4-86FF-9A853B979987,,,,,,,ODN0000778507,3,right_only
60AE3ED9-522E-484A-B174-5A5B32FE141B,,,,,,,ODN0002952756,3,right_only
36315609-1A72-40EB-9D50-AF1A3CD372AA,,,,,,,ODN0002952757,3,right_only
DD19F5EA-B1EA-4889-A8F6-75CA81591B37,,,,,,,ODN0002952759,3,right_only
13C6EB33-E2A5-4D82-A364-5F64B06B5676,,,,,,,ODN0002952760,3,right_only
AB7D9153-F412-4A2E-9854-9163E3F7707A,,,,,,,ODN0002952761,3,right_only
7C007AE7-09E1-4DA9-BEB9-B7BBACF64829,,,,,,,ODN0002952762,3,right_only
108A94F5-F74F-46B3-A443-7DEA432303B1,,,,,,,ODN0002949539,3,right_only
7B3918ED-8749-43BA-936C-6B8FDA0142D1,,,,,,,ODN0002949540,3,right_only
707CF987-90F2-4441-A85F-134F54D7C546,,,,,,,ODN0000165385,3,right_only
15420021-A477-4EEC-A0E8-C71CA636FC66,,,,,,,ODN0000165394,3,right_only
FD11B718-69B5-4DAF-B79E-B8E2B68CC983,,,,,,,ODN0000165396,3,right_only
120299D0-B50B-4531-B9F8-4D87B5557D32,,,,,,,ODN0000165398,3,right_only
FBF7C143-BC44-4500-A68E-2BD196FE9C87,,,,,,,ODN0000165400,3,right_only
6321C229-551F-4149-8399-2D02580CC08D,,,,,,,ODN0000165387,3,right_only
C654DC07-6ACA-495E-93A8-AE2A7C8F01AB,,,,,,,ODN0000165389,3,right_only
5981FD3A-5C99-4E96-92A9-C4F7AAC889FB,,,,,,,ODN0000165391,3,right_only
7530ED01-9C8E-476C-BDE4-FCE604F57907,,,,,,,ODN0000778514,3,right_only
EB06A36D-2CE2-44DF-9CB3-B8C24C48FB0D,,,,,,,ODN0000146984,3,right_only
EA8C6D25-A480-4F0A-B5AC-227FA72A232F,,,,,,,ODN0000146983,3,right_only
37E63015-87B2-435E-B997-EE4C721A153F,,,,,,,ODN0000146982,3,right_only
7341AAEE-3343-4461-A37D-2E290ED2AFC1,,,,,,,ODN0000778533,3,right_only
896C5448-6FD9-4613-9599-55BCE21E5E7F,,,,,,,ODN0000778527,3,right_only
49EFEEC6-E9AD-4290-A2D6-E503848DC2B6,,,,,,,ODN0000778534,3,right_only
4383E1F2-3628-4D5F-A40D-464CEC2873D3,,,,,,,ODN0000778528,3,right_only
CC2B59E3-D4D1-4939-BD63-7218ECB8D95D,,,,,,,ODN0000778526,3,right_only
23A60B80-A764-4694-87C7-A71A38B09069,,,,,,,ODN0000778529,3,right_only
D736A718-4038-4CD9-9C15-95C930BB21E7,,,,,,,ODN0000778530,3,right_only
DFA9FAD7-85B8-48FE-8573-83982659E02E,,,,,,,ODN0000778531,3,right_only
39DC0543-6775-4A16-B9F2-51B6D738E21E,,,,,,,ODN0000778532,3,right_only
71920B40-FBD6-4853-B0B7-9FA1DD1F77DD,,,,,,,ODN0000778535,3,right_only
285A7779-5413-452C-AC93-3EB3902ECA63,,,,,,,ODN0000778540,3,right_only
ADC419E4-A2AF-41E7-BD95-16BCD5EB588C,,,,,,,ODN0000778541,3,right_only
84B7D844-313B-4B02-9652-B4FE143DD3C3,,,,,,,ODN0000310778,3,right_only
21D6C1C6-5E0E-4B30-B20E-BB6A601C3E7A,,,,,,,ODN0002280929,3,right_only
B8C66A15-06E2-482E-BD7B-F688AF178CDA,,,,,,,ODN0000778576,3,right_only
1F118E32-EC5F-49F1-BD78-B6FE896D8E7F,,,,,,,ODN0000778574,3,right_only
847FCC77-6B3B-4D0B-AACD-83F834EFD874,,,,,,,ODN0000778575,3,right_only
FA2EBDA8-4E5B-41E7-9659-5F94CE1B6608,,,,,,,ODN0000778577,3,right_only
349D7F2E-D2D5-4613-BADC-ADB0DFBC91C7,,,,,,,ODN0000778578,3,right_only
9221FB21-703D-4CE0-B718-B5A3017B476C,,,,,,,ODN0000778579,3,right_only
3039C8D2-DBD4-494E-B67D-0E3630A48CC1,,,,,,,ODN0000165401,3,right_only
7D0A2B3E-BD53-43B1-89B5-77BA1C13A93B,,,,,,,ODN0000778547,3,right_only
A3105795-3009-4856-ADC3-696A65FA9C1B,,,,,,,ODN0000778548,3,right_only
4016E937-D5F6-4E87-B300-C50D942783D2,,,,,,,ODN0000778549,3,right_only
56B61391-D87D-4F28-B6F6-13183599BBB8,,,,,,,ODN0002280969,3,right_only
38A39617-481D-4393-AD21-F9F3E9FA48DE,,,,,,,ODN0002280970,3,right_only
81C10199-AB5B-46A2-AB6F-54E61D4DD4A2,,,,,,,ODN0002280971,3,right_only
4F6FEB16-3BBE-436B-8A49-41F011ADA7D9,,,,,,,ODN0002280972,3,right_only
A4B7EDE9-2716-4DCA-8C1E-2BF910E87F86,,,,,,,ODN0002280973,3,right_only
C11E8BCA-2583-4B4C-9A75-C87F2AC7E6DF,,,,,,,ODN0002280974,3,right_only
5EC3BD7C-9917-4F88-8B84-710460020679,,,,,,,ODN0002280975,3,right_only
8000C527-C023-4487-8C84-876F1F8AC707,,,,,,,ODN0000778581,3,right_only
9D4797C0-159A-43A3-B9A6-258AD1CEF3D8,,,,,,,ODN0004385974,3,right_only
EAB4517F-9400-4397-9A36-BDE4242E4EAA,,,,,,,ODN0004385975,3,right_only
9D5C3F2F-95B7-42F9-9EBE-E8E512A895F0,,,,,,,ODN0004385976,3,right_only
7D54E00B-68CD-43AD-BB96-4DCB64555917,,,,,,,ODN0004385977,3,right_only
27611D67-21BA-4E5F-8CBC-60837B99D529,,,,,,,ODN0000778583,3,right_only
F2F860FC-3187-4A41-8B37-7F272CFA03F5,,,,,,,ODN0002949568,3,right_only
C1BF8667-3CF7-4FC2-8F72-DAC82F560BE7,,,,,,,ODN0002949569,3,right_only
D9407327-60D3-47C3-9201-765D5C626C25,,,,,,,ODN0000778599,3,right_only
87794B85-9857-4B0E-8EFA-5874507F5BCF,,,,,,,ODN0000778600,3,right_only
69C5B024-6EF7-4056-B72F-C4A8B12E9CA1,,,,,,,ODN0004235809,3,right_only
24843DA7-A030-44D5-B1F8-88AEA7938210,,,,,,,ODN0004235811,3,right_only
94CA40AF-0218-4E6B-8FB5-3CCDE5B720C9,,,,,,,ODN0004235812,3,right_only
0AD084BF-DF7F-4F76-B42C-38379B7FF2FA,,,,,,,ODN0004235813,3,right_only
88F51AB6-AA87-4755-A8E0-CE9ACA8C055C,,,,,,,ODN0004235814,3,right_only
177FFA8D-7632-4ADA-860A-40076E42FA08,,,,,,,ODN0004235815,3,right_only
E371711A-868D-4E02-A5BC-2E65953AD2F5,,,,,,,ODN0004235816,3,right_only
D21D8254-5F22-4159-9045-F3715BC6F16D,,,,,,,ODN0004235817,3,right_only
32C63019-0439-4520-B954-490A2DBCC806,,,,,,,ODN0004235818,3,right_only
33DA6166-139B-497E-B087-0CFEDAFC6E0C,,,,,,,ODN0004235810,3,right_only
ABB63102-755B-49AB-AF39-EDC3B9C8AA6A,,,,,,,ODN0000310820,3,right_only
8C242BA6-65FB-4321-A391-101E7F105790,,,,,,,ODN0000310821,3,right_only
CA10D7D9-66AB-4C08-AF04-8F7D7A5DECBA,,,,,,,ODN0000310822,3,right_only
FDB57A97-2346-4F45-A066-0D566C1EC168,,,,,,,ODN0000310823,3,right_only
2685DEEA-FC79-45E6-B37F-7C6307D8238A,,,,,,,ODN0000310824,3,right_only
82125DA2-8C19-48B1-AB69-A3A58F03268E,,,,,,,ODN0000310825,3,right_only
C73399A4-BD9D-41BD-8102-4C55311C880E,,,,,,,ODN0000310826,3,right_only
305354B4-7861-4B4E-8E68-CBA52A740430,,,,,,,ODN0000310830,3,right_only
7254B789-94D3-4928-B066-99EBDCC17193,,,,,,,ODN0000310831,3,right_only
D22C0173-F471-4F13-BBF4-7640445F6F1A,,,,,,,ODN0000310832,3,right_only
C692A6F3-6B90-4BCE-9C08-E674CE425EED,,,,,,,ODN0000310833,3,right_only
5CF17624-5E46-4A3B-BE82-AFE9BFF4D70E,,,,,,,ODN0000310834,3,right_only
10C233C0-2D0A-4405-B197-B15808D305B1,,,,,,,ODN0000157738,3,right_only
8FFA4379-9D54-4501-A9D5-ED4F2AC142CC,,,,,,,ODN0000157739,3,right_only
CC00F650-0472-4B30-909D-994A675C91BE,,,,,,,ODN0000157740,3,right_only
71D7850B-60D5-495D-A38A-A61CD4CFDC2C,,,,,,,ODN0000157781,3,right_only
6D154A91-4ACB-478E-AB73-AD786620A569,,,,,,,ODN0000157745,3,right_only
F5F68575-D3CC-450E-AA28-9D016BDEBC67,,,,,,,ODN0000157746,3,right_only
435A16C8-C499-4E10-B93A-8D4F6CF04A4C,,,,,,,ODN0000169379,3,right_only
0C413975-DFE3-4143-B5B5-A17CB855C0AB,,,,,,,ODN0000158732,3,right_only
D26E45A1-9CC6-46F4-9AB0-FAEFE570F65E,,,,,,,ODN0000276804,3,right_only
9966058C-F7FB-42B9-B5BB-E48D8976D064,,,,,,,ODN0000276894,3,right_only
8C8EECA4-222F-497F-8943-0505DC2C2904,,,,,,,ODN0000276952,3,right_only
711416C0-9A92-4EFA-BB94-1DD7A66ADDB2,,,,,,,ODN0000180574,3,right_only
41BB65F0-DAFB-4B59-89C0-16B1E0CE443C,,,,,,,ODN0000180575,3,right_only
5EF8B73B-D415-4E8F-85C3-94E81CF847FA,,,,,,,ODN0000180577,3,right_only
08DDC488-1103-4D12-A03A-1FA96A422965,,,,,,,ODN0000180578,3,right_only
7B3F917D-AF00-4F76-ABBE-C30C7D2C105B,,,,,,,ODN0000180582,3,right_only
D8CF9C7F-9526-4E17-8D4B-E15CEF3B762D,,,,,,,ODN0000180587,3,right_only
8C34457B-E88F-4B44-85F8-4CC19AC1FCFA,,,,,,,ODN0000180591,3,right_only
932AC379-08FC-43E9-8735-57ADF87B6373,,,,,,,ODN0000180592,3,right_only
5FDA4A6B-391F-47A6-B062-8BFE1A4B31E0,,,,,,,ODN0000180593,3,right_only
90D4DE47-8C65-4B6D-9BBB-220809021D26,,,,,,,ODN0000180595,3,right_only
37CE4194-AAFB-47B9-83E7-F7D06EF775F6,,,,,,,ODN0000180596,3,right_only
39C5C121-4B67-4112-AAF2-91E9E1E54AF5,,,,,,,ODN0000180603,3,right_only
E6539195-2194-4EA6-B37C-2FE434547D6D,,,,,,,ODN0002407054,3,right_only
8E81DF3D-41E7-48E2-B6EA-5E66DEE9FF78,,,,,,,ODN0002407086,3,right_only
A684BCE6-B46D-46E1-8225-0B37077EE21E,,,,,,,ODN0001560650,3,right_only
2AB2F816-8D67-4580-92E0-5DBD0107168D,,,,,,,ODN0001560690,3,right_only
0614F764-1309-4EAE-9C5F-8CDD980E4E66,,,,,,,ODN0001560697,3,right_only
451D94B4-0B2A-4FBD-A008-9FDFDE7B50A1,,,,,,,ODN0001560705,3,right_only
8AF02C7A-B25C-4DD6-AC07-F7EDEC7809C9,,,,,,,ODN0001560708,3,right_only
23BD98F9-69A5-4998-86BB-66DFC111F3A3,,,,,,,ODN0001560711,3,right_only
3C35AAF8-CAAD-47F6-B661-440CC61B9F98,,,,,,,ODN0001774117,3,right_only
DF3AE4F6-0267-4C43-ADFA-0C9AE5E7C489,,,,,,,ODN0001774120,3,right_only
5E5600CE-B532-4C9B-9C74-8E7E6F027591,,,,,,,ODN0001774121,3,right_only
C37F01DD-8D40-4C7D-99FD-0CD1445BA671,,,,,,,ODN0001774122,3,right_only
897C05E1-2D21-43BF-8913-94B431E1F466,,,,,,,ODN0001774123,3,right_only
B6D36338-B4A0-4B21-97C0-0E7476A251A7,,,,,,,ODN0001774124,3,right_only
60C6BC01-1B45-4A6C-92FD-1A7DBA9F748F,,,,,,,ODN0001774125,3,right_only
3FE92C9F-6FA2-4693-B5A3-1E784B2246C0,,,,,,,ODN0001774126,3,right_only
47DE1B0B-70CC-449E-A613-F9E22293FF3D,,,,,,,ODN0001774127,3,right_only
16B6F6EE-9BA0-4997-980C-B9206F1CE335,,,,,,,ODN0001774118,3,right_only
2FD4B9C7-7961-4645-B659-E9E43CCD5384,,,,,,,ODN0001560712,3,right_only
828B40F8-BEC0-4010-A22C-61770EF7D625,,,,,,,ODN0001560724,3,right_only
96C913A2-DEFA-47A8-8C9D-5F5F05F23054,,,,,,,ODN0000172300,3,right_only
6068ABAC-E6DA-4008-B956-8958C55DA1E5,,,,,,,ODN0001561008,3,right_only
B5FE1582-E2A5-46A7-8875-92EBB9EE1433,,,,,,,ODN0001560733,3,right_only
67723988-64F7-4E29-A3F4-54134B344E5E,,,,,,,ODN0000172304,3,right_only
EA5951FB-05D0-4769-81E7-CDE01E21019E,,,,,,,ODN0001560763,3,right_only
533BAF85-BC6F-4952-A5AF-E580CDE980A8,,,,,,,ODN0001560766,3,right_only
9645F75D-91AD-459E-B3F0-B79EE1CB68A5,,,,,,,ODN0001561021,3,right_only
B7770684-A4E9-4B35-8EFD-6667F999DB17,,,,,,,ODN0000172307,3,right_only
FD7809AA-88EA-445F-8860-0A32F61C195B,,,,,,,ODN0000172308,3,right_only
9A72F608-BBCA-4CC0-91B0-BF3CEEA39EAB,,,,,,,ODN0001560779,3,right_only
0FB76218-BB50-4F99-B391-15AABF543F5F,,,,,,,ODN0001560780,3,right_only
7372B1D7-9F0B-4CAD-B0E4-74F8E7A823BB,,,,,,,ODN0001560786,3,right_only
21C13952-CBB5-4DE7-92A5-3F67D9079B0C,,,,,,,ODN0001561023,3,right_only
FD762971-22C6-4CB7-BD8F-B284283329FA,,,,,,,ODN0001560792,3,right_only
95CCBACA-6983-4244-949D-834E55A34710,,,,,,,ODN0000172313,3,right_only
137A8931-A999-49D2-AF73-7927E820A3EE,,,,,,,ODN0001560820,3,right_only
19824571-869A-421B-A1CF-3F4401D44B71,,,,,,,ODN0001560826,3,right_only
35347D22-2923-4941-90E5-390E4D618ACC,,,,,,,ODN0001560827,3,right_only
E2EE3CFF-FE20-483C-AC41-483C671A648A,,,,,,,ODN0001560835,3,right_only
D3FD21F8-3E4D-4A5E-9562-F670D3CF5D44,,,,,,,ODN0001561032,3,right_only
004D1850-A6BA-4D88-9A40-48CD014792A2,,,,,,,ODN0001560847,3,right_only
3C77DE9E-69E1-432B-89BB-51994576AF75,,,,,,,ODN0001560855,3,right_only
934EC993-98DF-4AF6-BECD-0AB52C29C185,,,,,,,ODN0001561035,3,right_only
F41BD8C3-A0CC-43F9-AE40-4A8B2E788AF3,,,,,,,ODN0001560858,3,right_only
1C55A36A-A925-4E03-BCEA-CA06871EE468,,,,,,,ODN0001560864,3,right_only
379A33EB-C5FA-486C-9E78-13366AB60436,,,,,,,ODN0001561043,3,right_only
CC2E2A10-1114-4719-B803-067376DA550F,,,,,,,ODN0001561044,3,right_only
25928233-8711-44AA-A2D1-D002DD02AFB0,,,,,,,ODN0001560891,3,right_only
4F7F760D-C299-4FAA-83AF-76E9465D70CC,,,,,,,ODN0001560897,3,right_only
319A714A-85E4-4B02-979D-939372D39526,,,,,,,ODN0001560903,3,right_only
3BE5B469-686D-47FA-943E-6B51DF90F3F8,,,,,,,ODN0001560911,3,right_only
30B32EDD-D9F5-4E73-BF3C-ED1C0E73BFAE,,,,,,,ODN0001560914,3,right_only
C0D1C044-889F-4C30-A9FE-9FB2CCD82324,,,,,,,ODN0001560919,3,right_only
93363714-6B9C-4825-8D48-39063870634A,,,,,,,ODN0001560921,3,right_only
1ED746D2-3C7A-405E-A4BE-1DA3AFD1883D,,,,,,,ODN0001560928,3,right_only
2A0D3B09-F7E3-4310-A75C-844AF8A9DDE4,,,,,,,ODN0001561054,3,right_only
1F25E9E7-55B2-4411-A407-B3A9F2431B80,,,,,,,ODN0001560935,3,right_only
4256CF89-0D68-43B5-BF36-8FE73BCD5785,,,,,,,ODN0001560936,3,right_only
D2500A5A-A46A-4DE6-95DB-0C629018B45E,,,,,,,ODN0001560938,3,right_only
D391F5E3-BB39-4929-8D7B-FE513A6F1F37,,,,,,,ODN0001560953,3,right_only
23D5C86D-B27B-4EC8-907A-4FEA1B0BD23E,,,,,,,ODN0001561057,3,right_only
9401521B-B260-4E9E-B930-8C71EBCF4921,,,,,,,ODN0001560968,3,right_only
C349DA6D-62CB-4BA5-B328-911E3D5B8233,,,,,,,ODN0000172358,3,right_only
B03254AA-B73F-4CD2-9612-63491F67B0CC,,,,,,,ODN0001560985,3,right_only
BF4BB2C2-2595-45CF-877D-08B319242AF0,,,,,,,ODN0001560986,3,right_only
97400AC1-3FC1-4B7E-BECB-3D8F0B7E4139,,,,,,,ODN0001561071,3,right_only
839F0E3A-C042-4CE7-B632-44E9BC4C0A4D,,,,,,,ODN0001561074,3,right_only
144F3CB4-F149-4B26-BD16-205DF695FE3E,,,,,,,ODN0001561080,3,right_only
1ED89F1B-1F39-4730-8708-D10C4DA7446F,,,,,,,ODN0001561083,3,right_only
DF141B8A-82F5-4545-999D-A2D984FA8931,,,,,,,ODN0001561067,3,right_only
1E597022-EBAB-4665-A72D-93B51AB35A7D,,,,,,,ODN0001561069,3,right_only
777D8FD5-1D9F-4068-852E-92D2C5309772,,,,,,,ODN0001561088,3,right_only
3DED3EB6-C9A8-49D4-A973-005083536E0F,,,,,,,ODN0000172367,3,right_only
5081F763-4E12-4CC2-8522-C2CCFEDBB14F,,,,,,,ODN0002407135,3,right_only
52C90EDC-A75E-44BB-A263-0414295D6597,,,,,,,ODN0002399953,3,right_only
B170EC6A-9892-45AB-BF62-B9B635994A3F,,,,,,,ODN0002399956,3,right_only
40EAD7B7-9405-4FDF-BD0F-BF25D97D272E,,,,,,,ODN0002399957,3,right_only
E0338BFF-9256-4D4A-9ADD-7BC26F6B2385,,,,,,,ODN0002399959,3,right_only
A8BE1439-D8DE-4DF1-95C6-692E2E41C1A7,,,,,,,ODN0002399971,3,right_only
D7BA2295-A2B9-4C9D-8BFF-31EA13526DDE,,,,,,,ODN0002407120,3,right_only
5E0AE470-3233-434E-8860-E11305DDC9B6,,,,,,,ODN0002399972,3,right_only
564271BF-EEE8-4438-9E18-D27B329B6111,,,,,,,ODN0002408809,3,right_only
356D6B00-1BF5-4EA8-BBB2-00A2B69FB772,,,,,,,ODN0002399963,3,right_only
64563F56-0DE2-4131-A400-5C2D9FF9306F,,,,,,,ODN0002399964,3,right_only
825DE7E5-34CF-4EA3-AC0E-DBA356C644D2,,,,,,,ODN0002399965,3,right_only
0380DE57-B0B7-4CD5-981A-FE967E54A0FB,,,,,,,ODN0002399966,3,right_only
120C3E9D-744D-4AD3-8479-55B9A46E791B,,,,,,,ODN0002399968,3,right_only
29D23340-EB9F-4EE1-8012-A460C570B633,,,,,,,ODN0000191737,3,right_only
2660F637-4408-4099-92C3-06D9E530C992,,,,,,,ODN0000191619,3,right_only
A76B5973-9909-4A4F-9A5A-BE060E588AF5,,,,,,,ODN0000191620,3,right_only
2C7A4E73-B563-4C0E-B248-AB51823CE897,,,,,,,ODN0000191621,3,right_only
CB1E5F28-1AD1-4372-9CD5-C0CCE969A966,,,,,,,ODN0000191622,3,right_only
728965C5-1659-4ACD-89AF-A56A9C73C06B,,,,,,,ODN0000191616,3,right_only
B6FD71DE-8B90-42CD-8211-8F952D7DBD57,,,,,,,ODN0000624498,3,right_only
B3DF14FB-E671-4F4A-8C76-1449D6F9BD1A,,,,,,,ODN0000266625,3,right_only
A1BB596C-0D0A-4CDA-A74F-8FE5673EACEF,,,,,,,ODN0000266644,3,right_only
9679AD6D-E2E1-475E-BDCC-05FC5EA1F432,,,,,,,ODN0000266706,3,right_only
17DDAAA3-0192-4104-8728-CEBD55CAB70A,,,,,,,ODN0000660718,3,right_only
735B8BF0-92D6-4E16-A3FF-2167403E939A,,,,,,,ODN0000312808,3,right_only
A481BA35-C953-46F2-A16E-60242FE8B036,,,,,,,ODN0002279703,3,right_only
AAB72C26-09EF-4F46-8DC1-F9D2C234DE2B,,,,,,,ODN0000589883,3,right_only
A366DB1F-104B-45B4-9CD0-EBA6B7F8BA21,,,,,,,ODN0002279702,3,right_only
C6D18C9F-660E-42CD-9A95-C53029B73F3B,,,,,,,ODN0001173768,3,right_only
3BAB8C89-A347-4D3F-8491-BCDF1364BE96,,,,,,,ODN0000660720,3,right_only
99D7D043-A955-4048-BACE-E985C70DD600,,,,,,,ODN0002140649,3,right_only
E57E4768-F700-4DDC-B507-98C94E1AFE2F,,,,,,,ODN0001173769,3,right_only
0D0DC04A-F83F-4B96-8655-BA5694991A21,,,,,,,ODN0002140408,3,right_only
5D27AC9C-01F7-437B-B12E-D41877A749BB,,,,,,,ODN0002140659,3,right_only
E4F3AE91-CF08-484A-B332-D03E674962BB,,,,,,,ODN0000312813,3,right_only
BC0B430A-5D3C-4AE0-B3D6-05EF1C997601,,,,,,,ODN0002279712,3,right_only
E734B6C0-7AF9-4E63-9357-08BB1F735FFD,,,,,,,ODN0002279713,3,right_only
26532D45-E010-4015-BB66-A2ED18BA18B2,,,,,,,ODN0000660753,3,right_only
8683ED4D-9364-4CDA-9BF6-F486AD388710,,,,,,,ODN0000589919,3,right_only
E95FA829-9D2F-4C02-AC23-F193846359C7,,,,,,,ODN0002279714,3,right_only
F333D5B1-50BB-42FD-AD59-2CB097030B83,,,,,,,ODN0000312836,3,right_only
D28F47B2-4A1C-4D0E-8D4A-277103E3983A,,,,,,,ODN0000312816,3,right_only
2E3332CA-F6C0-40F1-B504-D9CA1F06C371,,,,,,,ODN0000312817,3,right_only
C16E56FD-4F4D-4386-AC46-5143F8B68BE3,,,,,,,ODN0000312819,3,right_only
A5F30593-0305-4F37-AEA8-1804DB5D9432,,,,,,,ODN0003680060,3,right_only
FF280FB2-5EED-49A1-91E0-CBAD092DF4E9,,,,,,,ODN0000312820,3,right_only
5D586494-C0E5-4F99-93F5-54816EF75B6C,,,,,,,ODN0000489406,3,right_only
D3A9AF09-54DA-48F4-A1DE-5ED77B147523,,,,,,,ODN0001173770,3,right_only
D703ABC6-AD10-47F7-875E-7C3999D634B3,,,,,,,ODN0001173771,3,right_only
011B1FFD-E4D7-48C9-B814-6E4B8B8E3D2B,,,,,,,ODN0002279720,3,right_only
4DF14A67-50A3-4B6F-9804-B0E3C31601E1,,,,,,,ODN0000312824,3,right_only
2C263B82-9B7C-4141-9EC6-17CF57D89CE9,,,,,,,ODN0001173772,3,right_only
98A2C83B-7B5A-4D46-98FB-FBBFDF36A2FE,,,,,,,ODN0000589916,3,right_only
608741B9-E4A3-446E-A1C1-F9B958C7D2DF,,,,,,,ODN0001173778,3,right_only
03559E43-B650-4F02-91EF-85200C65FCB6,,,,,,,ODN0000312825,3,right_only
25A7477A-F1FE-4215-826F-7EB7BF7B0022,,,,,,,ODN0000489409,3,right_only
6D410489-1FF4-4E71-A660-A4A12737110D,,,,,,,ODN0001173773,3,right_only
A6C776A3-BB9B-4342-9134-4DD99F77BADA,,,,,,,ODN0002279728,3,right_only
8473EAA5-009D-4652-AB71-F298119BB69C,,,,,,,ODN0001173774,3,right_only
C26BBC39-57B9-4DFF-A5C2-AB248F2D9407,,,,,,,ODN0000312826,3,right_only
F25A04A1-AF6C-403F-B574-8DA4453B04D4,,,,,,,ODN0000312827,3,right_only
FCEA52F6-51FF-4B53-8560-564156224624,,,,,,,ODN0000660723,3,right_only
5EFDE6A7-887F-4FA2-8E74-B5CE4A88E99D,,,,,,,ODN0000660757,3,right_only
CA4206E3-8CF7-4014-80FA-1E2CCF2099DC,,,,,,,ODN0000312829,3,right_only
8EAE61F3-9539-4A70-978D-EEF36E08B78F,,,,,,,ODN0002279733,3,right_only
023BCA1A-D5D5-41A3-B464-C91058600611,,,,,,,ODN0000312830,3,right_only
0FB1BBA1-AB09-4553-87EA-FB177E7487D2,,,,,,,ODN0002279734,3,right_only
D4608953-6BCF-40B4-94EC-6915F5C6BB90,,,,,,,ODN0000660752,3,right_only
72BE6709-32BA-460E-8222-E5FDBC2F9E65,,,,,,,ODN0000489407,3,right_only
FBF00F36-69D0-4818-86B9-D789401C7665,,,,,,,ODN0000312832,3,right_only
54ACF441-9728-4C80-82A5-776A1FC13FE2,,,,,,,ODN0000660725,3,right_only
231A6259-9732-4E58-8C15-11D81B5C6EFD,,,,,,,ODN0000312833,3,right_only
1DCF8741-9E53-43FA-82C8-36A00604FF1C,,,,,,,ODN0000312807,3,right_only
94298DC7-7D37-4529-A7CD-D412F927C217,,,,,,,ODN0000312842,3,right_only
29D052F8-A901-44F1-8ABB-254E744D0563,,,,,,,ODN0001173775,3,right_only
12EFC409-7796-42CC-A099-9B19D828FE9B,,,,,,,ODN0000312834,3,right_only
44E5A167-A77D-4597-A828-E45244C91CFD,,,,,,,ODN0000312844,3,right_only
EA769BBF-AA80-4A74-BE13-FCDD65545956,,,,,,,ODN0000660747,3,right_only
736E59B3-79D5-4D24-8D41-FC256C9D7AAF,,,,,,,ODN0002279746,3,right_only
B8EEE627-9655-4BC2-976C-DAB04EE52366,,,,,,,ODN0000660755,3,right_only
8AFB2F66-57C9-4D70-B1CA-64E7BF829F6D,,,,,,,ODN0001173777,3,right_only
D103986E-5FF3-4B67-AC45-C0304400F16C,,,,,,,ODN0000351546,3,right_only
6D1B324F-A4CD-469F-8A9B-2DFAD54DD4AA,,,,,,,ODN0000312849,3,right_only
AEE67D85-BFC0-473B-87E8-F2BB0EF16127,,,,,,,ODN0001173780,3,right_only
712DE5F2-10AE-4565-874D-E19422DF0F61,,,,,,,ODN0000312846,3,right_only
AA07DDAF-6DDD-4D77-ACEE-1EEECFDAB01E,,,,,,,ODN0000312850,3,right_only
CD6686D6-7234-46D9-B535-F8F1D194B358,,,,,,,ODN0000312851,3,right_only
8671B938-DD3D-4611-B934-B7CA7048A96C,,,,,,,ODN0002279766,3,right_only
FDD33598-91FB-4848-BBFD-AE429F748332,,,,,,,ODN0000489408,3,right_only
00E9F958-E5FD-47BE-A873-38B098AE36BD,,,,,,,ODN0000312852,3,right_only
E20CDDC3-0E2A-4409-A20A-E80EF40A12E9,,,,,,,ODN0000589917,3,right_only
43E11590-A25A-42F7-B37B-D22F2976DBE4,,,,,,,ODN0000312853,3,right_only
F36BB396-8F72-4B1F-A8A2-48B80D4B1F38,,,,,,,ODN0000312855,3,right_only
AD6ED4AF-43B7-4D5C-9EC9-10E6F04127A2,,,,,,,ODN0001321954,3,right_only
7678F7A6-E321-4F61-ACDF-AA13043D2C90,,,,,,,ODN0002278357,3,right_only
DF8878F3-D903-401E-9744-3DE21962E7E5,,,,,,,ODN0002278443,3,right_only
A3E25E03-B341-403A-A5EB-C6BEC90DA12D,,,,,,,ODN0001321983,3,right_only
6D1E53AE-931C-414E-8CA0-182899E66E31,,,,,,,ODN0000523626,3,right_only
F46E410A-D925-401C-9C27-46AB07937333,,,,,,,ODN0001137546,3,right_only
0659B355-BD1B-40CD-921F-136BDE6ED97C,,,,,,,ODN0001927251,3,right_only
DDCDF66C-580A-4D2E-9B14-6B9813774481,,,,,,,ODN0000605077,3,right_only
695C6039-443E-4A4B-96A9-BC7DB4FED496,,,,,,,ODN0000605086,3,right_only
2555A49B-E4AE-44D3-BEBB-C614DD6CD8F8,,,,,,,ODN0000605091,3,right_only
151FB13E-6D4C-47A4-B494-26C0E4AD643B,,,,,,,ODN0000605092,3,right_only
245A99A9-C212-4718-9DC6-66BB5BA9AF4C,,,,,,,ODN0002154472,3,right_only
5A2461D5-5387-46B5-9FAB-B949D69525B1,,,,,,,ODN0002183267,3,right_only
26A55684-0188-40A9-B3C2-58374881B686,,,,,,,ODN0003470637,3,right_only
D162178B-C28B-447E-AE11-76FEEE277431,,,,,,,ODN0004692921,3,right_only
B89A7C33-4107-4460-8BD1-C4F5A8B13C68,,,,,,,ODN0004744509,3,right_only
90E3C7A6-1BF8-4260-9DA4-4C6945CE4206,,,,,,,ODN0004453027,3,right_only
A5225DA5-863C-4A78-B91D-FC1EADB02917,,,,,,,ODN0002049307,3,right_only
A2955B88-B5D4-46C7-8B15-75E0EF8E461A,,,,,,,ODN0004240591,3,right_only
51643BD1-59F7-48D2-9894-F7CB9DB656B3,,,,,,,ODN0002817150,3,right_only
270C39E2-FEB6-445F-B27A-5FF9126F54B1,,,,,,,ODN0003440120,3,right_only
FA8FF957-7160-4344-A770-35501519F354,,,,,,,ODN0002440184,3,right_only
8837BAB6-7C3D-4B97-ABBE-91EE608F0DD4,,,,,,,ODN0002663882,3,right_only
96A2DF0C-07D8-4ED1-A413-0221BB21CA77,,,,,,,ODN0001642087,3,right_only
7E40D75E-5F4A-4F6B-8451-E1688848F7CF,,,,,,,ODN0005403696,3,right_only
29A4D1BB-1057-4408-B7A7-8BA475BF13D1,,,,,,,ODN0004006088,3,right_only
57709192-FA37-4B61-997B-146D0EA664D8,,,,,,,ODN0005376908,3,right_only
C9F5B076-23E9-4337-8986-047C4EDE1E16,,,,,,,ODN0004080555,3,right_only
05D5B7EB-26A7-47E7-B260-7720ECB0B864,,,,,,,ODN0003444673,3,right_only
4C4638A1-37D0-4918-9529-80502E864629,,,,,,,ODN0003601594,3,right_only
9EF0B5E2-B6E8-4827-AD65-162C50E77CAD,,,,,,,ODN0001746986,3,right_only
C3B6F164-ACF3-4A88-9399-1236865A5D10,,,,,,,ODN0004789606,3,right_only
F6D61ED2-5AF7-484B-8BDC-1FEE1BFC9588,,,,,,,ODN0002817161,3,right_only
4038DEBE-874E-4FA2-AB8E-81770A060535,,,,,,,ODN0004974560,3,right_only
5F64AE78-8EC4-437B-9FDB-C8D65A991A12,,,,,,,ODN0005099175,3,right_only
7F5358EB-2B19-461B-A9A8-F40A3E614248,,,,,,,ODN0005076745,3,right_only
D721E84D-83BC-4E3C-AEEB-CD69621BD594,,,,,,,ODN0005076746,3,right_only
BDA48625-DAC1-4062-9DCE-7632714C58E0,,,,,,,ODN0001387901,3,right_only
2C43E188-936C-4AEB-8371-DC66EDA8C5E6,,,,,,,ODN0002581987,3,right_only
2670F250-ABF4-4F27-900A-C03DBFA326D9,,,,,,,ODN0002885836,3,right_only
75D98BB6-53EC-4135-BB3B-AD09D0EB1CCC,,,,,,,ODN0001254284,3,right_only
91FD6E05-7788-4DE0-BB4C-6CF92C10572A,,,,,,,ODN0001948113,3,right_only
8E40B893-A5DC-4354-A2EC-01D76EBD1D3D,,,,,,,ODN0001948114,3,right_only
7F482796-359C-4A0A-BD45-8734B425C1BF,,,,,,,ODN0001948115,3,right_only
DD19A34A-A75E-454D-AB74-B18E0D5AC092,,,,,,,ODN0001948116,3,right_only
1012E6C1-7815-48DA-8976-DB9DE2981805,,,,,,,ODN0001948117,3,right_only
2B93B0B3-D11B-43A8-B845-FA8AD897FDF0,,,,,,,ODN0001254285,3,right_only
D391D13E-29AF-41FD-BE7C-4CABC6AB74A0,,,,,,,ODN0001771845,3,right_only
745798FA-53D0-4416-970F-B8D713260217,,,,,,,ODN0001771846,3,right_only
B1AE4174-56F7-4E90-9E5E-F218277202AF,,,,,,,ODN0001771840,3,right_only
90A127C5-49BB-4A34-AE34-EE771E9FE325,,,,,,,ODN0001771843,3,right_only
C6EC93FA-0E45-4465-9995-9049DFEBFF2B,,,,,,,ODN0001771841,3,right_only
70E2EFE7-858C-42BC-8FA1-C61E5D701931,,,,,,,ODN0001739151,3,right_only
23D58309-648F-4649-8890-D7E6EAA43D3C,,,,,,,ODN0002331096,3,right_only
4E3C7828-4490-4DD4-ABED-FF0097AF7F1F,,,,,,,ODN0001948147,3,right_only
2ECAE815-6A18-4C24-AD9C-588B06444116,,,,,,,ODN0001739180,3,right_only
9D1783E7-93E3-475D-BF2B-F887BDE556D0,,,,,,,ODN0001277949,3,right_only
6B9878DB-114B-4950-8CA4-DF79F656CB5D,,,,,,,ODN0001716552,3,right_only
E98663F9-0AC8-42F1-BC6A-3638866811C8,,,,,,,ODN0002022548,3,right_only
40845AFF-0B6D-429B-983A-D5BBE4374005,,,,,,,ODN0002022609,3,right_only
A2D57478-9C35-4D5F-841E-A3C45581B032,,,,,,,ODN0002022604,3,right_only
E94B488C-D7C4-4312-ABAE-7565367C0B0A,,,,,,,ODN0002022607,3,right_only
741ABC91-4183-4C83-AAED-6DC9E5E1159D,,,,,,,ODN0002022421,3,right_only
6BE53264-4F8F-402E-B5BF-3F553406314F,,,,,,,ODN0001948209,3,right_only
0B88BB35-0467-4145-8A37-2C874F2E4DB9,,,,,,,ODN0001948206,3,right_only
BB16923E-9378-43B1-896D-DB5BEB5F24F5,,,,,,,ODN0001948208,3,right_only
3561D18C-5065-4876-B624-2467F3EF1A8A,,,,,,,ODN0001948207,3,right_only
475B038F-F00F-49A8-894D-960650AF602D,,,,,,,ODN0002022476,3,right_only
07A229FD-9773-4518-88EA-8064DBA7B72F,,,,,,,ODN0002022477,3,right_only
BEC3D812-A0B8-45D3-9AE0-7BBB756B6459,,,,,,,ODN0002022478,3,right_only
941A62BD-6D9F-4C0A-A3C2-504E9EC337E4,,,,,,,ODN0002022479,3,right_only
7C6FBE6D-DE1C-46D7-BD4D-2BE8C5E98F28,,,,,,,ODN0002022475,3,right_only
06F1E379-3266-4131-9DC5-38598AFD1573,,,,,,,ODN0000874933,3,right_only
4294CDD9-D4EE-4199-80AF-B8A32A6BBD33,,,,,,,ODN0001344123,3,right_only
483B0206-D9DF-4229-A11F-3AE2E412D4D1,,,,,,,ODN0001010390,3,right_only
02830C6E-850C-4369-A140-B5C3E2542CF1,,,,,,,ODN0002022445,3,right_only
DF4D3CDA-2692-40E0-A6A7-B71949E201B7,,,,,,,ODN0001060369,3,right_only
112F7619-6EC9-4B9F-B65D-F893FF910541,,,,,,,ODN0000640345,3,right_only
30E15A77-3779-46B5-BE07-B15EDD97B11C,,,,,,,ODN0001142068,3,right_only
FA67AC32-6221-4FC5-8D36-D422408F2EC5,,,,,,,ODN0003350960,3,right_only
46F31D55-CFD1-45B3-8C9D-8123E8C2E0C0,,,,,,,ODN0004684423,3,right_only
45AAF779-6B4E-44A9-AF11-40AB02B3F914,,,,,,,ODN0003890394,3,right_only
A4C94475-0682-409D-9578-ED366240387E,,,,,,,ODN0003890395,3,right_only
28B4CA9E-5DAA-4134-9D03-B45E6364B3E0,,,,,,,ODN0001009132,3,right_only
6D3BD371-CEC9-402A-917C-856D458AE2A6,,,,,,,ODN0000899791,3,right_only
ABA5EF76-D74D-4E03-8473-E95F27E38BB3,,,,,,,ODN0000899818,3,right_only
E17C6B5A-02DE-4C63-A9F3-374E9BDF415E,,,,,,,ODN0001088273,3,right_only
B551C423-C86E-461D-97FB-F9C052F996BA,,,,,,,ODN0001939946,3,right_only
C4CB598C-07B3-4820-9AE5-825C1E3FA6D4,,,,,,,ODN0001088268,3,right_only
AA5571C1-1463-4F00-89CC-BC673647246A,,,,,,,ODN0001939948,3,right_only
5A151335-D649-43A0-9E26-595020FCE306,,,,,,,ODN0002176048,3,right_only
6095D191-0B28-4E34-87DE-AD6A52A79A81,,,,,,,ODN0002176052,3,right_only
0E0AD0EA-B00B-413D-B3E3-3472B235705D,,,,,,,ODN0002034889,3,right_only
7873A02D-BBED-445C-B7C6-17DE43C65A09,,,,,,,ODN0001939939,3,right_only
77B1834A-7A9A-4A2D-8F65-45CF5FA9327D,,,,,,,ODN0001939941,3,right_only
6A8A78D0-B7F7-4334-8607-62A3FF065ADB,,,,,,,ODN0001939942,3,right_only
8CE749E5-C92B-49D3-9600-B98A67FCA776,,,,,,,ODN0001939945,3,right_only
85B74A89-DB4F-419E-A536-208F3BDEF792,,,,,,,ODN0001939955,3,right_only
6AADDDFB-FBC0-4747-97E6-9BF305B76D30,,,,,,,ODN0001151358,3,right_only
EAC407EA-6DD1-4E70-8B0C-E801D9E2F8E4,,,,,,,ODN0002166845,3,right_only
FBFB2011-7CAC-4D84-9F53-572C5D6F2F08,,,,,,,ODN0004640887,3,right_only
E1F18BA4-BDB4-4CB0-80F1-92186F565082,,,,,,,ODN0002155540,3,right_only
6FFDE612-0F92-46AE-842D-D12B1A577BBB,,,,,,,ODN0004640926,3,right_only
AB7FBF71-EC71-46B9-8512-1BEBF4B6502B,,,,,,,ODN0004640928,3,right_only
D5F1D221-D64F-498A-8004-A1451F0DEAA0,,,,,,,ODN0004640903,3,right_only
F2181130-7BD9-4E7B-AA21-0051694E703D,,,,,,,ODN0001947922,3,right_only
08726125-D4CB-4FB7-A589-EA2118AB8A20,,,,,,,ODN0001947921,3,right_only
EE3FFAAD-DE09-4F9C-85CA-AB6A7C03D1D4,,,,,,,ODN0001947920,3,right_only
1EE9115E-9BF9-4BE7-B5BE-42E37C3AA92E,,,,,,,ODN0004640929,3,right_only
D0B52E7A-6347-4517-A0D8-E53359564558,,,,,,,ODN0001647889,3,right_only
671C1519-1E30-4E03-A93D-0F82FDB458E9,,,,,,,ODN0001202051,3,right_only
76CA9F18-08E9-4772-85D8-F405134DD91F,,,,,,,ODN0001202054,3,right_only
03A6D745-0C2C-4AE8-A4E4-BABBAD9638F0,,,,,,,ODN0004640880,3,right_only
C1899B3C-9235-41BB-AE30-1B568583CC69,,,,,,,ODN0001202055,3,right_only
F8241ACB-646E-4B52-829B-3058A624F29A,,,,,,,ODN0001202056,3,right_only
998A360B-C5B5-4A8E-A1A4-575A5D7FBA97,,,,,,,ODN0001202057,3,right_only
CA8D1732-F2C4-49FC-94EE-BE42482F2D48,,,,,,,ODN0004640921,3,right_only
7997056F-E4F9-488A-816B-49B467682B99,,,,,,,ODN0001647893,3,right_only
0919988B-B272-4B1E-AD07-E44D75E017A5,,,,,,,ODN0001202075,3,right_only
07B7BE85-5AFE-4BA6-AC25-D5DD0A932585,,,,,,,ODN0001762496,3,right_only
943358C2-F9D5-4D32-ADC5-3815785619A5,,,,,,,ODN0001241418,3,right_only
9BEB1889-8CF5-4100-B365-3A7C400165BC,,,,,,,ODN0001241442,3,right_only
A55D88E6-0C35-49FA-85ED-2283CEEF721A,,,,,,,ODN0001379413,3,right_only
F92E3118-6353-49B8-B7CB-F618C84EE002,,,,,,,ODN0002183309,3,right_only
1ECF5BDD-6275-438A-841A-954193613D23,,,,,,,ODN0003200325,3,right_only
520EA578-9C92-4409-943D-2CF4328C4EC7,,,,,,,ODN0002387636,3,right_only
C05AEFD2-9AFE-47D1-8CB9-9D2A947E91DE,,,,,,,ODN0003802148,3,right_only
C2ABBE42-F05C-4450-BD04-F3F0B2F217E4,,,,,,,ODN0002166348,3,right_only
2D3D94E0-7774-47EA-8692-673BF8348B86,,,,,,,ODN0002524995,3,right_only
18DCFD56-B31D-45D1-BF34-3B25DA5675FE,,,,,,,ODN0005037341,3,right_only
0B50C20A-0DEA-4D7A-A986-07B813699A1B,,,,,,,ODN0002237326,3,right_only
F6A69C24-B13F-4845-8A5C-5D2BA08FBB1E,,,,,,,ODN0002387639,3,right_only
92730459-9B07-4959-AD92-B877DF5E0066,,,,,,,ODN0002410580,3,right_only
2521D67C-8925-4204-B8B3-BF6FD40ED97F,,,,,,,ODN0001704036,3,right_only
572C6953-8618-4BFB-839E-2D2FD0B659C9,,,,,,,ODN0001778158,3,right_only
E4F61222-DB72-4523-92D6-03328DBE7818,,,,,,,ODN0001778131,3,right_only
15135A7A-1EFB-4CB6-9829-29779179B14C,,,,,,,ODN0002183312,3,right_only
D3130662-E05E-438E-A10D-8038E5153D98,,,,,,,ODN0002217994,3,right_only
52B994CD-7A6E-4315-931B-2A527C842D5D,,,,,,,ODN0002304347,3,right_only
7A92E9A0-BC4D-4266-8990-5F9961089F48,,,,,,,ODN0001778167,3,right_only
B90518C9-E47D-4265-B98A-9CA966412191,,,,,,,ODN0001982340,3,right_only
9E07F8E5-E73F-496F-B4C2-C295A2B0C9A0,,,,,,,ODN0001745223,3,right_only
27CF9A4E-3A0F-4627-B8BD-122D991E95F8,,,,,,,ODN0001778138,3,right_only
2084563D-B4A9-46EC-A7BD-BEE3EF6AFAE9,,,,,,,ODN0002218015,3,right_only
79430291-EB75-4150-BCFF-F6E017921259,,,,,,,ODN0001778171,3,right_only
07333BE4-A58A-4101-8668-53974DD9DA17,,,,,,,ODN0001778151,3,right_only
BDE72F90-30EA-432D-91D2-C055BD124A50,,,,,,,ODN0001778152,3,right_only
9F69F9F3-37EC-493A-A2A2-A1A79F954BD0,,,,,,,ODN0001745209,3,right_only
4AD4F6E8-2122-4D3E-8EA2-1B3B2D471815,,,,,,,ODN0002271042,3,right_only
63E9DE46-03D5-45AC-B3E7-B821CE86FC78,,,,,,,ODN0001778153,3,right_only
8A711E99-CAC8-4112-8F12-2A0B449FAD2C,,,,,,,ODN0002237336,3,right_only
8052509D-F95A-4A7E-8E15-F721D9269976,,,,,,,ODN0002559048,3,right_only
47F8DA3A-088B-4760-BFED-FD79FFE0D646,,,,,,,ODN0001440472,3,right_only
7FFF575B-A0E9-4695-B9AB-EE461D64BD5B,,,,,,,ODN0001517740,3,right_only
24D67D55-107C-45B5-8B04-D6CC43FFA546,,,,,,,ODN0004246894,3,right_only
6DA35CE0-21E6-4850-A005-69E6FF9FF96B,,,,,,,ODN0001379393,3,right_only
BC960B35-E324-42D0-8511-32F57442487E,,,,,,,ODN0001440488,3,right_only
D2E1E92B-98A6-4D2B-8CDA-583A59EB065E,,,,,,,ODN0001387647,3,right_only
9E298092-378F-4FB5-BDE7-A59C8B6311AA,,,,,,,ODN0001387630,3,right_only
3C52D511-B6A8-46D8-9488-5DAA2BBBA01A,,,,,,,ODN0001402951,3,right_only
811B8513-CB8C-4FE7-8E2C-B68062363124,,,,,,,ODN0001440499,3,right_only
7DBD6FD9-96B0-400C-8294-E7880073C003,,,,,,,ODN0003960757,3,right_only
811886BE-8A05-42E5-B5BE-023EF4DAAD15,,,,,,,ODN0002146576,3,right_only
3739996D-6863-41B4-9823-09BBFAC471FD,,,,,,,ODN0002050766,3,right_only
F53931A6-446D-4599-8D6C-376BEEE5A45B,,,,,,,ODN0002050772,3,right_only
41B305C0-3C60-4FF9-A76A-A7A4758A3283,,,,,,,ODN0002050773,3,right_only
60D27573-10E5-4FF1-A8DD-DBC7160C0FD1,,,,,,,ODN0002050774,3,right_only
20707C91-074F-4373-8708-8038AB501D28,,,,,,,ODN0002050775,3,right_only
BDBD2102-DCCE-4D39-8FAB-83243EC54C01,,,,,,,ODN0002050776,3,right_only
8442CEB3-B67A-451C-8586-58817B20541A,,,,,,,ODN0002050777,3,right_only
A0B925ED-B300-4676-9CE1-58E39861C518,,,,,,,ODN0002050778,3,right_only
F5730F42-91DC-4F27-8E27-DF1048367A72,,,,,,,ODN0002050779,3,right_only
D91ABD8C-39B5-4B4A-8A1E-7493D65CAED1,,,,,,,ODN0002050768,3,right_only
62E4DD45-7560-44CE-B553-38BB28B0B400,,,,,,,ODN0002050769,3,right_only
BC5CA455-9D97-4291-BA4D-4247EE569D8F,,,,,,,ODN0002050770,3,right_only
6319861D-DEB1-46E9-B9C7-EA12C0178B20,,,,,,,ODN0002050771,3,right_only
35AB3E3F-972F-4B2E-ABB2-5D43FA0A7B4F,,,,,,,ODN0002050780,3,right_only
A9223266-7E35-46BD-A2D8-76B76770DB33,,,,,,,ODN0002050785,3,right_only
593832FA-A8EE-428C-B8B3-3734B7129422,,,,,,,ODN0002050786,3,right_only
0D5D353A-A222-48F7-9E0D-FAFEA4F51322,,,,,,,ODN0002050787,3,right_only
FACBBA67-1310-40EB-9B59-97BEAEA165A7,,,,,,,ODN0002050788,3,right_only
B89D3371-1613-452E-92F6-EB03FC4B39EF,,,,,,,ODN0002050789,3,right_only
422B0B4B-C7F0-4902-A378-289E673393FC,,,,,,,ODN0002050790,3,right_only
11DD8888-6134-485C-9E1A-21CAA1A359B2,,,,,,,ODN0002050791,3,right_only
29FEEBF7-1098-4AB4-B88F-62A3D8AE527F,,,,,,,ODN0002050792,3,right_only
70252EBD-113D-4312-808F-A32D47A4F47F,,,,,,,ODN0002050781,3,right_only
58110BF1-070D-4768-8A62-6CA02033C788,,,,,,,ODN0002050782,3,right_only
968B2A9B-53AC-4951-8B8F-66862C4C9937,,,,,,,ODN0002050783,3,right_only
7F01DE6F-8366-4250-B80B-CD31B8075376,,,,,,,ODN0002050784,3,right_only
029D3E4C-0649-4ED6-8570-713F30F6E74A,,,,,,,ODN0002050793,3,right_only
C77CD5C3-DE2E-4A4B-89A0-FD596D9A81D7,,,,,,,ODN0002050798,3,right_only
F22CD787-F5FC-4BC2-B9F3-6F5A56D0EB70,,,,,,,ODN0002050799,3,right_only
A56FC2DF-80B3-4540-AE60-234D594AA68E,,,,,,,ODN0002050800,3,right_only
EAD3FD1B-BA29-469E-B8B5-B38571638B7C,,,,,,,ODN0002050801,3,right_only
F9DA833C-820A-4F2C-8114-8221E06EF51E,,,,,,,ODN0002050802,3,right_only
93E183C6-E1A3-48EF-BA8B-EA4C866D738A,,,,,,,ODN0002050803,3,right_only
C8F99570-5C0C-465F-B3A7-EBBDD71B7455,,,,,,,ODN0002050804,3,right_only
15F2F670-A9BB-4724-A304-C3CD59C8A48C,,,,,,,ODN0002050805,3,right_only
89F585FF-59B2-4E22-B6BD-A9132465462C,,,,,,,ODN0002050794,3,right_only
2FE2262A-918B-4D4A-BD94-1334031F3063,,,,,,,ODN0002050795,3,right_only
20BCDBE1-8B02-4862-A749-7E2DB1E72BDB,,,,,,,ODN0002050796,3,right_only
389E8EE1-D46D-4A71-83CD-46BF9A0B1DFE,,,,,,,ODN0002050797,3,right_only
3295E99C-1157-4CDD-A289-3569E4A6B6A8,,,,,,,ODN0001379407,3,right_only
1BD660A9-2E10-4079-AE70-BE14BD612C10,,,,,,,ODN0001436783,3,right_only
006E1C28-FAB0-4E75-9B7F-D1D394ABE248,,,,,,,ODN0001647884,3,right_only
35484D49-EF78-4849-B622-6D90A6394574,,,,,,,ODN0001647870,3,right_only
18E640A8-2DD8-4E6C-A4DA-96E3094126CF,,,,,,,ODN0001555577,3,right_only
D580D894-45A5-49CE-9413-AA1503B17C14,,,,,,,ODN0001555574,3,right_only
3C31EE8E-D795-40F7-BA88-297FA36BD48C,,,,,,,ODN0001574441,3,right_only
437B0056-F294-456A-BD3C-CCE85E2B3EA8,,,,,,,ODN0002016736,3,right_only
40C401E4-A7CE-494D-AC04-6B3B49D21E21,,,,,,,ODN0002351206,3,right_only
C752F1AC-5347-43BD-BE22-9A53767FD632,,,,,,,ODN0002046554,3,right_only
63C4F8BD-71FA-4F38-8904-8DC7DB44AE72,,,,,,,ODN0002046560,3,right_only
008B45DA-3ABB-4FD5-8C55-BED360D44168,,,,,,,ODN0002016771,3,right_only
38B949B2-E5B5-48FD-9B59-C2089D59E9D8,,,,,,,ODN0002351080,3,right_only
03EEB155-8993-4D02-846B-BBD2776BB45D,,,,,,,ODN0002567740,3,right_only
9B96708B-9D70-49B4-B310-855F1337CF45,,,,,,,ODN0002567894,3,right_only
B9421336-4034-4F1E-BB2B-C1F79924FD1E,,,,,,,ODN0002567764,3,right_only
F83E0BA1-DF62-47F7-85B6-0B857351E5AD,,,,,,,ODN0002578837,3,right_only
C5BCF57F-A1F1-4344-BF2A-F0536B0E1AF9,,,,,,,ODN0002567979,3,right_only
585E36A9-7600-4076-9CC2-9DF6AC4574D2,,,,,,,ODN0002351149,3,right_only
279BD4A6-994D-4ADA-8003-5F402AD71711,,,,,,,ODN0002351229,3,right_only
156F48A1-5252-46FB-8CBC-FABD34F67CCB,,,,,,,ODN0002351263,3,right_only
D4E89707-638F-42B6-A251-83E44BB58960,,,,,,,ODN0002351407,3,right_only
566A4E83-FCD0-4E14-91FE-0AE2022889EE,,,,,,,ODN0001813766,3,right_only
DE112821-2A48-4560-AB3F-511B286E3F4E,,,,,,,ODN0001813772,3,right_only
2C547B9F-38E4-4725-9160-CE8505693CB3,,,,,,,ODN0003328111,3,right_only
A69190EE-8C42-48A2-9F89-29AFACD27CF5,,,,,,,ODN0002016999,3,right_only
443D04AA-04FD-4369-A434-1BFDB4AB5139,,,,,,,ODN0001783057,3,right_only
F9D1BDDD-1975-4CE8-84C0-02CDA4171846,,,,,,,ODN0002023888,3,right_only
A469C7BD-7F4F-4775-8128-42869094EAB1,,,,,,,ODN0001562672,3,right_only
A9B80EEA-89BF-4F69-A11D-C1D5E9052360,,,,,,,ODN0002023930,3,right_only
78A35E62-AB19-4FDA-9F8C-C44AF716BBFC,,,,,,,ODN0002023911,3,right_only
43D95FBA-D7C5-4E09-AC42-7C96569B40E9,,,,,,,ODN0002023915,3,right_only
8CED487F-1E08-44BD-A54D-7D2CDDB8A5C8,,,,,,,ODN0001562681,3,right_only
9F39CCC7-23BA-4639-9F18-798A58BCDE40,,,,,,,ODN0003272541,3,right_only
75F6641C-AE50-45A5-BC99-BB003D1F3474,,,,,,,ODN0001652805,3,right_only
B0499FF4-8991-4C60-B795-A333DF84D8EE,,,,,,,ODN0001583489,3,right_only
1BB4B574-E214-428E-AB0E-66C214AF81A2,,,,,,,ODN0001740499,3,right_only
7C02DD0C-6E39-40D4-88CD-874B4A1B3444,,,,,,,ODN0001740501,3,right_only
D4C48732-8E6D-4C84-A48F-00877418D243,,,,,,,ODN0001898250,3,right_only
91395CD7-7470-4F59-BF3B-1FA62C289C08,,,,,,,ODN0002166805,3,right_only
C02181AB-D670-4816-9A2C-80E4802E6DD6,,,,,,,ODN0002166809,3,right_only
8F45CB2D-475C-417C-81B1-A92415241A86,,,,,,,ODN0001999714,3,right_only
AD023AB5-324A-466F-8B55-9AA24DE09461,,,,,,,ODN0001999662,3,right_only
5E8431AA-A7D3-4A06-AAFB-8662CD2A10B2,,,,,,,ODN0001762134,3,right_only
929633C8-5913-43CA-A2DD-5A6E651F97FF,,,,,,,ODN0001762116,3,right_only
C864D2D9-0523-4213-9ED1-A7FBB67554DD,,,,,,,ODN0001762109,3,right_only
67B15A8C-BEA7-45B9-9A98-3366379B1254,,,,,,,ODN0001762129,3,right_only
BDD425FC-2547-4262-A750-483812641BA4,,,,,,,ODN0001762064,3,right_only
A4F0A550-6EBE-4EA1-B323-91D01810A889,,,,,,,ODN0002066514,3,right_only
0A79722C-3299-42AC-AD56-3B59A1C5287A,,,,,,,ODN0001762069,3,right_only
C3B55AF3-F010-494C-A114-5DD3AFEF9E30,,,,,,,ODN0001762070,3,right_only
C0C21D2E-4ABE-4699-8732-1A88B32F83CB,,,,,,,ODN0001762073,3,right_only
E21FBDB8-19B3-490F-8B40-3BC3C65FF192,,,,,,,ODN0001762074,3,right_only
8EB70E6F-F473-4BBA-B3A8-A9EA060DA870,,,,,,,ODN0001762076,3,right_only
C7C16834-C62A-4D1A-944D-E968F010095F,,,,,,,ODN0001762079,3,right_only
7E810F6E-C82E-4DDD-BB02-7AEAC292D34C,,,,,,,ODN0001762080,3,right_only
E6FFB751-7980-424D-8042-9D6DE0FBA81A,,,,,,,ODN0002066517,3,right_only
091C9BF7-55EB-481B-83A3-4B991DD77302,,,,,,,ODN0001762085,3,right_only
35AE1563-24BC-48A6-93B4-22F1BC86FE8F,,,,,,,ODN0002066518,3,right_only
BA244A3E-D45B-41B7-8981-F966EB4DC48A,,,,,,,ODN0001762092,3,right_only
4418840A-4355-4E76-AE16-622904BBD8FE,,,,,,,ODN0002248178,3,right_only
89E24E1F-880F-435B-BFE8-91B5E021ED45,,,,,,,ODN0002066519,3,right_only
875A1F93-9D2D-4278-A98E-6C6E2E3413B0,,,,,,,ODN0001762093,3,right_only
017AED16-5352-4D4E-A59D-02AEBDFDA98F,,,,,,,ODN0002066525,3,right_only
093C345C-088B-438B-9A6F-4038CEAC0CE1,,,,,,,ODN0002066521,3,right_only
40E3534F-DA39-4C8D-B49E-75A6082BC571,,,,,,,ODN0002248175,3,right_only
9CD9782C-2BCF-42EF-88C5-0D8C4CEC9CC9,,,,,,,ODN0002066523,3,right_only
864BE20C-9905-497B-A86E-79144ACD68D7,,,,,,,ODN0001762103,3,right_only
B7BDE952-B3D3-4C34-8EAA-DFB3939D3911,,,,,,,ODN0001762105,3,right_only
64F2B92E-EC1C-42F7-8746-EE3925B3B7EE,,,,,,,ODN0001762110,3,right_only
F61E228D-CBC3-43FA-820A-8BF6FC68A640,,,,,,,ODN0002248179,3,right_only
AA848CE7-8638-43CB-A4AD-41BD81B4C3C4,,,,,,,ODN0001762139,3,right_only
56219099-ADFF-452A-B81B-D5040B14652B,,,,,,,ODN0002248181,3,right_only
80DDA285-6EEE-4716-A259-6E50F527C63E,,,,,,,ODN0001762117,3,right_only
F753FAB4-5403-41B0-8558-1BE3C5421A72,,,,,,,ODN0001762120,3,right_only
44EA9C74-A4EA-4315-8D38-38D790F3CCEA,,,,,,,ODN0001762122,3,right_only
817ED06F-B61F-4E14-BC45-969A06B64A90,,,,,,,ODN0001762124,3,right_only
3FFE50C7-98D0-4E92-AF15-F1495FE2154F,,,,,,,ODN0001762128,3,right_only
839CFAAB-7EE1-43F1-A03A-14F5BC847E37,,,,,,,ODN0001762143,3,right_only
E4C88350-E4F3-4C48-B4AF-9DBF2510E62E,,,,,,,ODN0001762147,3,right_only
42B23455-43EF-4003-AA60-CA319F160903,,,,,,,ODN0002066526,3,right_only
054D82AE-015C-40A8-B4D8-EB4EA13C1713,,,,,,,ODN0001762144,3,right_only
A9CA3426-64E1-48C7-8A96-3338A7BB3352,,,,,,,ODN0002066528,3,right_only
E7C728CA-9D97-4536-98A0-367713C79FF2,,,,,,,ODN0001762145,3,right_only
D7D13D1A-304B-432C-9757-A07E72A8A426,,,,,,,ODN0002066529,3,right_only
F1042F22-8A2D-410F-8352-3C2DBED3C724,,,,,,,ODN0002066532,3,right_only
7E1BE89F-1211-41CC-830C-DD86CA3FC08A,,,,,,,ODN0001762146,3,right_only
1575376F-139B-40B7-BA25-4ED14F343D12,,,,,,,ODN0001762155,3,right_only
25AE7F3E-E618-4359-B8D5-0059B682AF6A,,,,,,,ODN0001929227,3,right_only
0C322D11-F3F4-4E01-A67E-36B39866E996,,,,,,,ODN0001735312,3,right_only
6A396BAE-E796-4F63-8537-2B45283DE93E,,,,,,,ODN0001735318,3,right_only
2E9F032C-20E9-4E95-B9F2-BE4128D918C4,,,,,,,ODN0001735324,3,right_only
8D26567D-4099-4741-A42B-249EB493E89E,,,,,,,ODN0001735432,3,right_only
4486A350-81D5-4C09-BEEE-293D1B563872,,,,,,,ODN0001735351,3,right_only
D2A389EE-6A37-492F-9B8C-C3CD4D05DEE0,,,,,,,ODN0001735360,3,right_only
E923F266-50BC-4BEE-BA93-94AA1F363128,,,,,,,ODN0001735362,3,right_only
CFA19F72-E1B4-4252-ABD3-79985D3B33FA,,,,,,,ODN0001735372,3,right_only
D29C211E-AA27-4734-B26C-E9FA35DCE8DB,,,,,,,ODN0001735375,3,right_only
BB0F3F22-EBB1-4742-A7B9-592D7FDB27E7,,,,,,,ODN0001735434,3,right_only
987A34A5-9BE8-42AA-BEE8-E19AD5E2BC77,,,,,,,ODN0001735437,3,right_only
613A215E-BA32-44C2-98DD-253F90815ACF,,,,,,,ODN0001735401,3,right_only
DD7D139F-B5E6-4526-8E3D-8790C85983F0,,,,,,,ODN0001735403,3,right_only
38CA98AB-AD1F-429A-BC13-6D9565CED434,,,,,,,ODN0001735407,3,right_only
F9D1B2DA-6315-405F-A2C9-47DCC1360EC1,,,,,,,ODN0001735410,3,right_only
82D406CF-B270-488D-A312-E99FB5053509,,,,,,,ODN0001735411,3,right_only
958A4CCA-327A-4CBA-9CB4-EB39065BCE3C,,,,,,,ODN0001735413,3,right_only
1D7CDF21-6ACF-4B04-995A-65EFD2F9CEAC,,,,,,,ODN0001735440,3,right_only
7CAEFB9B-CA7E-4331-831D-6593BF18C2BD,,,,,,,ODN0001735443,3,right_only
D3CC9800-EB37-41A2-9C49-C4D1C795035A,,,,,,,ODN0001735444,3,right_only
8F49DFAB-D71F-4ADB-8472-31F6DAC33A4B,,,,,,,ODN0001735445,3,right_only
43E0B69C-8CA3-4A95-B884-7ADD4CB403C7,,,,,,,ODN0001735447,3,right_only
665A5767-729A-4F14-8B69-AC6238B18B67,,,,,,,ODN0001735450,3,right_only
F686E095-9509-42B1-BE6C-DEBC3D648B8B,,,,,,,ODN0003746899,3,right_only
B1892C80-BBFC-459A-8F73-AC8686B6AFCB,,,,,,,ODN0003746931,3,right_only
A4C30F6A-EEA7-4127-A2EF-8D34AD5184F8,,,,,,,ODN0003746940,3,right_only
372090F3-9EFF-41D9-A0BA-65F59BDD9A43,,,,,,,ODN0003746941,3,right_only
D59E7715-AFBC-4165-9D81-155AF3B6F9DF,,,,,,,ODN0003746949,3,right_only
1A9E883C-9D14-486C-9DE1-6E0A8D64FC6C,,,,,,,ODN0003746953,3,right_only
247EE24C-79CF-4098-8CA6-9F4C6A91F023,,,,,,,ODN0001953855,3,right_only
A0149268-6577-4651-B8EA-6A49A9F87066,,,,,,,ODN0001953856,3,right_only
10F5E0BD-1344-4C80-A9C1-F02BDF45976F,,,,,,,ODN0001953857,3,right_only
B8418AEF-07D1-47D9-83BB-3A9ACE4C4AB3,,,,,,,ODN0005276444,3,right_only
6671E4CB-0E37-4F60-9AB7-484C7DE85BAD,,,,,,,ODN0003556338,3,right_only
BE5FA306-86B6-403B-979E-A26BDC7A6161,,,,,,,ODN0003006442,3,right_only
B959D1DA-6A50-4308-B6BF-5BAB6DBBF920,,,,,,,ODN0001867807,3,right_only
2D39750D-C66B-42E8-BE39-D4FB60D58300,,,,,,,ODN0001867811,3,right_only
CCF75AE0-787C-4143-9EEA-23D85E764E73,,,,,,,ODN0002012908,3,right_only
BA2FB3A1-B7DF-4F7E-A447-2E31652CAF34,,,,,,,ODN0004243989,3,right_only
BF00BFBF-6C85-4AB3-AD37-690377F312CD,,,,,,,ODN0002853957,3,right_only
96807BD5-C21E-4BFC-B878-5A6D1DD455A8,,,,,,,ODN0002377456,3,right_only
9EBD0D38-BFA1-4B67-A23B-E1A1D2D3CAF1,,,,,,,ODN0002377427,3,right_only
24F8476D-C6ED-406D-A3F8-0F62B44099DE,,,,,,,ODN0002111569,3,right_only
87362BF0-F236-4D0E-A438-37040DC62EDF,,,,,,,ODN0002111572,3,right_only
D20F9008-B298-4545-88CB-EDE16E18FBB4,,,,,,,ODN0002111523,3,right_only
D1D54C89-3834-4344-80FB-3AEED32CD10B,,,,,,,ODN0002377459,3,right_only
4C5DF922-10A2-4588-B005-35234422CDBA,,,,,,,ODN0002111548,3,right_only
F056E075-C414-426F-AFAB-59034B7C4924,,,,,,,ODN0002111554,3,right_only
0A684B85-E9CB-4211-BAEB-E56BB378F845,,,,,,,ODN0002299794,3,right_only
BEAAF9D9-51D9-4ECA-8A26-FFE884835A5B,,,,,,,ODN0002143774,3,right_only
A812FD15-9506-4D33-994B-A48D5143B195,,,,,,,ODN0002418891,3,right_only
EF82442B-962D-462F-8DC4-A5B4E85B55A8,,,,,,,ODN0002418894,3,right_only
B04EDAB4-D852-417E-AA39-86DD7DE2834C,,,,,,,ODN0002377451,3,right_only
3E5332B2-B7D4-4E03-A378-1E7101784C9E,,,,,,,ODN0002377452,3,right_only
CB32B1C9-9D93-4022-9A4D-DA7FD023E087,,,,,,,ODN0002299810,3,right_only
40623D06-5FED-485B-B4C3-BCF0E0AE5AEA,,,,,,,ODN0002418912,3,right_only
40A2A141-D4B2-49A6-8AA2-871E51A262A7,,,,,,,ODN0002377465,3,right_only
98F071FB-9C0E-4E55-AE45-3EEA6ED81599,,,,,,,ODN0002170643,3,right_only
2904358F-0E54-4959-89F3-A8557528F31E,,,,,,,ODN0003164739,3,right_only
3274C30D-34DB-44BC-B2A1-2347656EEF6F,,,,,,,ODN0002514913,3,right_only
6DDB09FE-4244-4CFA-B94F-A7AEE46D2FCE,,,,,,,ODN0002170669,3,right_only
7BB492EA-6CAF-4D5C-BA9D-2D204D22A165,,,,,,,ODN0003164740,3,right_only
D7749744-6965-456C-9850-880A824235E6,,,,,,,ODN0002170644,3,right_only
90CA2959-B3C7-4F8A-9A0B-0BEDDE0F4DCB,,,,,,,ODN0002170645,3,right_only
C05E278D-7D2B-431F-BB8F-94D280A1D4B7,,,,,,,ODN0003164743,3,right_only
B5370258-618D-43B2-BFB0-337D15CEB532,,,,,,,ODN0003164717,3,right_only
F49C2E55-B85C-440E-A6B8-250906BD0B46,,,,,,,ODN0003164718,3,right_only
05DA6387-B0E5-42B3-8530-8EBE1D9F29B9,,,,,,,ODN0003164721,3,right_only
4F3E4135-E69D-4A3F-978E-89F0C52F4EC4,,,,,,,ODN0002170673,3,right_only
229A2398-E166-4C7C-B73D-1C14D30D561F,,,,,,,ODN0002514940,3,right_only
AF2A9849-5175-4AE0-B92C-C38075945CEA,,,,,,,ODN0002170656,3,right_only
C14A6C1D-B8C4-43AC-B89D-0538DA611C6E,,,,,,,ODN0002170658,3,right_only
EFE005A0-54A7-4DE8-8F8E-7FB823D54BAF,,,,,,,ODN0003164727,3,right_only
0142A105-AB1F-4185-8501-50F39B651DE5,,,,,,,ODN0002514941,3,right_only
54B3DCFA-32B2-43A9-95E9-4AECEB1413A8,,,,,,,ODN0003164729,3,right_only
9600E502-1A8E-48C8-A8FC-8F1AB7FBFA08,,,,,,,ODN0003164733,3,right_only
FB00CE20-C204-404C-A452-D4155213B89C,,,,,,,ODN0003164734,3,right_only
C1744580-8FD2-478E-BD5F-5020E636FC38,,,,,,,ODN0003164737,3,right_only
AF565AF9-01CA-4F7B-ABB7-1D5F4A607509,,,,,,,ODN0003164738,3,right_only
1D727985-0132-4A9B-B05E-84A2FC206B3C,,,,,,,ODN0003164750,3,right_only
89AA033B-AD44-41A4-A752-5378FC07531A,,,,,,,ODN0003164751,3,right_only
033C615E-130A-4B7F-AFE5-CA76F4C7E9DB,,,,,,,ODN0003164752,3,right_only
35C57960-BCB7-4977-8938-4AC58FEBE5C3,,,,,,,ODN0002364783,3,right_only
D885844E-3628-4DDC-8726-09297C540286,,,,,,,ODN0002364762,3,right_only
BDBAC230-CA8D-4C2A-8F8D-BEB670D1D818,,,,,,,ODN0002671681,3,right_only
D1EAE614-5B06-4F98-95CE-1905C529FFBA,,,,,,,ODN0002671682,3,right_only
B4096327-355B-4460-9949-E5E812555B8D,,,,,,,ODN0002671683,3,right_only
8D2917BB-9DE6-4FDC-9944-A1C53A7A7C38,,,,,,,ODN0002671684,3,right_only
75D5B6DB-EE7E-4438-8870-C4F1EFC50357,,,,,,,ODN0002671685,3,right_only
6FE85307-2A6D-4478-92E0-9189A148554C,,,,,,,ODN0002671686,3,right_only
749F5A32-A957-49CA-81E2-298ACFE75BF1,,,,,,,ODN0002671687,3,right_only
7290A61D-046E-442E-AD27-11B0530AA348,,,,,,,ODN0002671688,3,right_only
61EEF309-6F22-4D7B-8DE8-4D3CBF144A4E,,,,,,,ODN0002671689,3,right_only
BE24C764-1397-4A60-B3CD-BE71B433EC3B,,,,,,,ODN0002671690,3,right_only
6A892C6B-3DEC-4943-A591-E093B953D6F9,,,,,,,ODN0002671691,3,right_only
58937223-10C8-4586-ACEF-526BADE2D69F,,,,,,,ODN0002671692,3,right_only
91B6E64B-A977-493F-A10A-57120E88049D,,,,,,,ODN0002671693,3,right_only
C6402337-8C00-42BF-8DBF-66686A3BFD4D,,,,,,,ODN0002671694,3,right_only
9F2E4FEB-83CF-43FD-8672-8743DABD2D0A,,,,,,,ODN0002671695,3,right_only
33C0984E-5D2F-4227-9C47-9DE9B4EC578D,,,,,,,ODN0002671696,3,right_only
6C2AB80A-7AA2-4B78-8F7C-C7946B712D4F,,,,,,,ODN0002671697,3,right_only
16004DCD-D9F7-43C0-8BB8-7D42BEDEB844,,,,,,,ODN0002304315,3,right_only
065679BF-9A57-476A-A3FA-F68B4C724CE0,,,,,,,ODN0002671698,3,right_only
5EAACCD0-B9F9-4B6A-9BB4-8EFA6E695DB9,,,,,,,ODN0002671699,3,right_only
ADEBC3DD-B040-4F7D-82D3-2F16BE8C84B8,,,,,,,ODN0002671700,3,right_only
CE879171-BE1A-401F-94BF-A7673597E9D3,,,,,,,ODN0002671701,3,right_only
41CE08E6-9AB3-4807-ACF3-78BF0E8B67AE,,,,,,,ODN0002671702,3,right_only
13C864CF-8182-4D35-9CBE-BB8A35DD8711,,,,,,,ODN0002671703,3,right_only
AFA782AE-9704-41BA-AD61-281FBC034941,,,,,,,ODN0002671704,3,right_only
A65D2D40-C19F-44D8-AAF0-7472A2B22B07,,,,,,,ODN0002671705,3,right_only
E72827E3-FEAE-4AAF-B262-76843A4A1166,,,,,,,ODN0002671706,3,right_only
AA98C01D-B6DC-49FF-8BE2-5188C7454880,,,,,,,ODN0002671707,3,right_only
C201AE48-28CC-4745-8487-E64B9584B641,,,,,,,ODN0002671708,3,right_only
463C340A-CB13-4DB3-B5E3-8A32A8CFBF18,,,,,,,ODN0002671709,3,right_only
37531E16-D56E-496F-AB10-4882C00AFCE0,,,,,,,ODN0002671710,3,right_only
A0174EF7-F383-463F-A05F-2DCDEA7E6A69,,,,,,,ODN0002671711,3,right_only
8E012D77-189E-40D8-BFDD-B9F2F684E452,,,,,,,ODN0002671712,3,right_only
C57F7E61-43E8-4CCD-97B1-2D727B7A82B6,,,,,,,ODN0002671713,3,right_only
D0DFA13A-5803-4536-A741-9C4C24FC6FC8,,,,,,,ODN0002671714,3,right_only
84BFB840-AC0E-4021-8632-D2146D974A46,,,,,,,ODN0002671715,3,right_only
61077461-5BE0-4F3E-8B6F-29C04667821D,,,,,,,ODN0002671716,3,right_only
EB67031E-B9A0-4BB8-9D86-DAFE9F4AD432,,,,,,,ODN0002671717,3,right_only
B0394AB9-2572-4B8D-BC31-DE9E034195B7,,,,,,,ODN0002671718,3,right_only
B3D0C088-7653-47DE-9241-BF4B74B9F739,,,,,,,ODN0004618242,3,right_only
87B8AFC9-B32F-4274-8AC4-17560FEBB5F0,,,,,,,ODN0003227997,3,right_only
9E9D5150-B49D-4619-BC4D-1ABFAC541DEA,,,,,,,ODN0002529855,3,right_only
C47A7203-C065-4121-B14A-F8E71240B7CF,,,,,,,ODN0004439365,3,right_only
70EE92F5-F0D2-4D6C-B1AA-B99CE5132D8E,,,,,,,ODN0004600620,3,right_only
709C5348-137E-4ACB-9213-6944DEE5E17D,,,,,,,ODN0004600730,3,right_only
05F85636-C234-436F-B7FA-8438B4A4AD9F,,,,,,,ODN0005096899,3,right_only
148E4AE0-1E0D-411B-A872-D6681CC6BDB2,,,,,,,ODN0002530468,3,right_only
6D0CDE86-24C7-4CA4-A45C-452A0451C446,,,,,,,ODN0002531187,3,right_only
F95600B3-676C-4158-80B9-5621CCD0673B,,,,,,,ODN0004600767,3,right_only
73F44C26-F2ED-4195-86F8-EBCD92380311,,,,,,,ODN0005096789,3,right_only
77E7DCEC-18DD-499C-960D-61A168F93836,,,,,,,ODN0004851256,3,right_only
FCBB7488-BBDC-488B-B988-ED001BB8AAC4,,,,,,,ODN0004851271,3,right_only
097446B2-E167-443A-A7CE-6F9D3130A8BD,,,,,,,ODN0002671734,3,right_only
75CB9D4C-A807-4B53-B2FD-E5B1B80F7661,,,,,,,ODN0002260977,3,right_only
37EDB50B-4755-4095-8969-6A14C66CC5F9,,,,,,,ODN0002260978,3,right_only
D76C6758-7D92-4B41-825D-B76EC8F85EC9,,,,,,,ODN0002260979,3,right_only
EA5D957A-7AA1-48FA-BD3A-3A6BE5D9BA48,,,,,,,ODN0002260980,3,right_only
30D306B7-F7F7-44EF-BAF6-F50BD26C973D,,,,,,,ODN0002260981,3,right_only
3439FE26-4A77-426B-A30A-10FEE2E941DE,,,,,,,ODN0002260982,3,right_only
B9516DB3-52A7-42DC-8F3B-A3F71AAE27DB,,,,,,,ODN0002261023,3,right_only
28AB49BF-0D22-41D9-B450-D2021BB278A7,,,,,,,ODN0002261024,3,right_only
D7524E10-3BCE-4E3D-A1A3-CABD6E598FF2,,,,,,,ODN0002261026,3,right_only
515F3E26-A59C-4C6C-81E2-10CAA4795C68,,,,,,,ODN0002261027,3,right_only
376917B4-F817-418E-9936-D2BE74E9AF1D,,,,,,,ODN0002261028,3,right_only
B5E9B930-267D-4210-B0E9-C707D67BBBCE,,,,,,,ODN0002261029,3,right_only
901BA0F0-F993-45C0-BEE2-93570D7B6BD2,,,,,,,ODN0002261160,3,right_only
3C3BD5EA-2260-4831-80B7-ED85325DC9B9,,,,,,,ODN0002261161,3,right_only
0F974115-4C82-4DE4-AF0E-22F5621760E4,,,,,,,ODN0002261162,3,right_only
B2714EE0-7771-4506-91F7-F865ECB0D80F,,,,,,,ODN0002261163,3,right_only
8D0D1B9D-23DC-4C60-A7A5-CD61CFDE32BB,,,,,,,ODN0002261164,3,right_only
2648C591-CBC8-47F8-B838-EDF3C192945E,,,,,,,ODN0002261165,3,right_only
5E8A7A8A-8F9B-4B76-8613-EC421D8ED0CD,,,,,,,ODN0002261172,3,right_only
014FD1A3-58DD-425A-9DB0-EE486F572E2B,,,,,,,ODN0002261173,3,right_only
83DD162C-87E3-450F-946A-29E493B8E0A5,,,,,,,ODN0002261174,3,right_only
40D7E6CB-DABB-49D7-950B-DC699DA17909,,,,,,,ODN0002261175,3,right_only
A61D08FE-053D-4508-B9DF-CA74E64FE811,,,,,,,ODN0002261176,3,right_only
EEFF96C7-9FF7-47BE-8211-D40CABA088E8,,,,,,,ODN0002261177,3,right_only
C8AD5D94-18B5-45B7-961C-5CF4F6D5FF93,,,,,,,ODN0003051396,3,right_only
3E126EDD-FB29-4EB0-AE1D-481D81F76372,,,,,,,ODN0002600510,3,right_only
04D161DA-0CC8-434A-BDBE-067B393786AD,,,,,,,ODN0004004833,3,right_only
F5FD0161-3965-4930-B55A-F88E6152047F,,,,,,,ODN0002942542,3,right_only
3B390711-4D53-4C42-BE47-B8D495A3158D,,,,,,,ODN0004434046,3,right_only
FDD598B2-D36B-475E-9CCF-425AB2ED3B07,,,,,,,ODN0004020453,3,right_only
915789DA-FF7D-45FC-8341-FC2148D64853,,,,,,,ODN0004847515,3,right_only
94F90E3C-5B68-422B-9B1E-221CA6D9A7FE,,,,,,,ODN0005146072,3,right_only
FC80EA19-E8FE-450B-B8FD-48173D1E50C1,,,,,,,ODN0005146070,3,right_only
1BAA4241-E509-47F5-A461-9C4DD491276B,,,,,,,ODN0005558915,3,right_only
E5FA477B-60B5-4225-9540-3DEB1D1E0E67,,,,,,,ODN0005287882,3,right_only
67066463-79E9-4C73-A581-CE1C644E15FE,,,,,,,ODN0001587223,3,right_only
F22DB24C-20CE-4435-9AF6-92F5E5BE681F,,,,,,,ODN0004856125,3,right_only
D2BB2B76-6F11-426D-88F5-A6BE35885F89,,,,,,,ODN0001587183,3,right_only
73C627A1-E45C-44C8-8307-40380ED5EA41,,,,,,,ODN0002197785,3,right_only
EE471FBC-240A-4636-8A6B-4CC3B9ADC0D0,,,,,,,ODN0001587310,3,right_only
FD5EA967-DABD-4E0D-9677-BCDD2D97ECB0,,,,,,,ODN0000092750,3,right_only
CEC724DD-9424-492D-9D56-497E17E6C6A3,,,,,,,ODN0000092751,3,right_only
8FE14D09-A5D6-4AF9-8414-E106F40575BD,,,,,,,ODN0000111824,3,right_only
F61781B2-BD95-477A-A90D-A7A93AD00FB9,,,,,,,ODN0000111825,3,right_only
C338FD4A-EA3E-4B3D-9F8E-E9E6513B935C,,,,,,,ODN0000111829,3,right_only
DFE1C98A-8A2D-45C2-904A-0118F5BEFE8A,,,,,,,ODN0000110833,3,right_only
9099ECF7-84C0-439A-9296-274C57B84DD4,,,,,,,ODN0000084756,3,right_only
42E4B6CB-66BB-4C63-A053-8DD993DC48EF,,,,,,,ODN0000084235,3,right_only
FB07A9D7-0AD9-402E-BB2B-DB3B592D5154,,,,,,,ODN0000084255,3,right_only
DEC82BE4-D49A-430A-A336-FACCCD7D1CE7,,,,,,,ODN0000084256,3,right_only
FD4D90FF-ED38-42B8-A38E-9EABCA3E8C34,,,,,,,ODN0000084257,3,right_only
CF4FD6AA-459D-4E80-ACE0-789DF102FD52,,,,,,,ODN0000084258,3,right_only
AB50549F-136C-417F-B794-918147EFBE3A,,,,,,,ODN0000084259,3,right_only
52BCDCD7-3479-4274-A211-18080D7EEE11,,,,,,,ODN0000084260,3,right_only
53CD83E2-4E5B-40F5-8F61-9C93A899E14A,,,,,,,ODN0000084270,3,right_only
6D85E920-7DB8-4BB1-AD05-B5E751580427,,,,,,,ODN0000084592,3,right_only
8D003044-6AF4-4BE2-AB38-D79CD0C1676D,,,,,,,ODN0000084613,3,right_only
19EB6AFC-4E52-429A-B680-F2B769463B86,,,,,,,ODN0000084635,3,right_only
C8F6BF2B-2FF3-465F-9EA8-681B5DCAFD13,,,,,,,ODN0000084637,3,right_only
1B21C99F-5824-473B-A8D7-8CE57EB187ED,,,,,,,ODN0000084639,3,right_only
5E65A8A0-E8F5-43E3-AB72-FAC02A725454,,,,,,,ODN0000084641,3,right_only
8C9359E2-3DEE-42E9-821E-799B2CB1A7C5,,,,,,,ODN0000084643,3,right_only
70FF1EDC-BFF8-4C13-AFF7-8C93DCBDC0F3,,,,,,,ODN0000084645,3,right_only
82A6D6F0-CC88-45E5-822F-53979F5E9B56,,,,,,,ODN0000084647,3,right_only
5EAF0328-F92C-4EA3-943F-84998464C5AD,,,,,,,ODN0000084649,3,right_only
819CD516-E9B9-4B66-AFA0-D352007AC435,,,,,,,ODN0000084651,3,right_only
878EBBAB-017F-4FD0-BBB1-1A6777EB7715,,,,,,,ODN0000084653,3,right_only
CEF4D4B2-FE46-4B12-B44C-264C061BFA33,,,,,,,ODN0000084873,3,right_only
37B412C3-3AFE-4C4F-ABA4-2C6C370B762A,,,,,,,ODN0000084878,3,right_only
599B265C-DFE3-4B99-8369-F331A29C9102,,,,,,,ODN0000084865,3,right_only
3D0EDBE8-335D-44FA-9CE5-4EA0637545AD,,,,,,,ODN0000084019,3,right_only
8E4DC884-737F-4498-BDCE-6714D93B1A87,,,,,,,ODN0000084152,3,right_only
F8A1CCF0-F4F7-47B1-A41C-343740B119BA,,,,,,,ODN0000084749,3,right_only
39AC64DA-6606-41A5-948A-21D76DDE099F,,,,,,,ODN0000084751,3,right_only
A04EBDBE-B9C0-4048-B56E-D0AA13757D28,,,,,,,ODN0000083977,3,right_only
93BE57D1-B3BC-4490-BCB7-E822814915AE,,,,,,,ODN0000083987,3,right_only
8760DA41-8ACD-4796-B707-525CE8A76CFA,,,,,,,ODN0000083990,3,right_only
8ECD7B88-C729-46D3-A665-9F80E9740069,,,,,,,ODN0000084009,3,right_only
339FDFD7-179E-4B53-8BBB-14AE31768EA2,,,,,,,ODN0000084049,3,right_only
EEB841E8-1EEA-485A-BD56-9640147FAE4F,,,,,,,ODN0000084059,3,right_only
610123E4-52D9-42CC-83F2-DBCA6FB8AA36,,,,,,,ODN0000084130,3,right_only
71353C6F-A5AF-4247-8E86-31EC0ADACE0F,,,,,,,ODN0000084132,3,right_only
6D1B05E1-8F5F-4E8A-B686-FE78F3AC2698,,,,,,,ODN0000084158,3,right_only
9FC867A6-B1F4-4E9D-A082-17D00ECE7009,,,,,,,ODN0000084238,3,right_only
61267596-B95F-4626-8E22-502730D99076,,,,,,,ODN0000084247,3,right_only
F1A43D0C-00D4-4BDF-8F05-1CFB8656297C,,,,,,,ODN0000084774,3,right_only
F5A20F9E-BA6D-407C-B749-3854E5480A1D,,,,,,,ODN0000084372,3,right_only
5A4C6421-E892-4F28-B8CC-B4FADFDB03C3,,,,,,,ODN0000084377,3,right_only
77AAC96F-6078-418E-97DE-BE8BD647CD08,,,,,,,ODN0000083965,3,right_only
F72E47F5-919A-4D24-A733-C2D03A5BFECF,,,,,,,ODN0000084868,3,right_only
7A13D9C3-C4C2-49EA-9BD6-7B5EC146F142,,,,,,,ODN0000083921,3,right_only
A43BAB96-6622-49CA-9200-628AF1F8AA6D,,,,,,,ODN0000083978,3,right_only
3178DCFD-2151-4C62-9D83-0445E5BCCEB3,,,,,,,ODN0000083998,3,right_only
244A3F70-6577-4C7A-AEC2-5098129923DB,,,,,,,ODN0000084021,3,right_only
8D4B823F-C623-499E-99CA-CC67811B40FD,,,,,,,ODN0000084035,3,right_only
4744C894-1ABA-4B64-9FF4-CB496FD2E5A8,,,,,,,ODN0000084043,3,right_only
453DA090-AE3F-4E4B-BE22-A8405FEBE6C8,,,,,,,ODN0000084047,3,right_only
1E54C906-4380-408F-8688-20C5021D3E30,,,,,,,ODN0000084055,3,right_only
CEEB615C-55F4-4872-B39C-A03FEC9A0707,,,,,,,ODN0000084060,3,right_only
C44B7BA7-F102-4355-B32C-0DD2AF99E2EE,,,,,,,ODN0000084084,3,right_only
C2D219DC-2A32-456B-AA07-3D2AD2D2862E,,,,,,,ODN0000084099,3,right_only
C53F79DE-A54B-49A7-816D-F658D4C688B8,,,,,,,ODN0000084717,3,right_only
5AAFCAEE-97C3-4EF5-A757-58E9FC3E70F8,,,,,,,ODN0000084105,3,right_only
29EC5198-E39E-4C84-A942-DA1723CF1D28,,,,,,,ODN0000084112,3,right_only
9DB12FD6-76E7-4DB7-B9E8-7DE3AEEFE234,,,,,,,ODN0000084148,3,right_only
FC2F8C25-FBD9-4F97-9F54-6922B947D2B3,,,,,,,ODN0000084153,3,right_only
F304B2E5-8DC3-45F1-992E-926890E33C08,,,,,,,ODN0000084174,3,right_only
4143EF45-1DAF-4E8C-B060-FBF2D333A8FA,,,,,,,ODN0000084190,3,right_only
0CEE1C6B-E0B6-47F2-978A-4D3AFAEA254A,,,,,,,ODN0000084199,3,right_only
1CE4AF7D-DF48-42EF-8716-36495755F1D9,,,,,,,ODN0000084202,3,right_only
580E3817-4903-4ED5-A943-622873825A25,,,,,,,ODN0000084248,3,right_only
71045AF5-BB6B-4758-8D05-224597D04C6E,,,,,,,ODN0000084252,3,right_only
90683656-B276-4D8D-A2D7-E1EE08CAE4DB,,,,,,,ODN0000084275,3,right_only
E58A8010-7D36-45E9-8F1A-FA4B7B29ADDB,,,,,,,ODN0000084298,3,right_only
CBA14601-9A64-42A9-B88A-96CD66E5F24B,,,,,,,ODN0000084299,3,right_only
B2661C49-B289-4DAE-9E2B-EBBED8CA9597,,,,,,,ODN0000083931,3,right_only
E9756EBA-24C5-4E04-A464-C8628D22250A,,,,,,,ODN0000084784,3,right_only
6105607C-C219-4AFD-B10C-2F8E23486783,,,,,,,ODN0000084785,3,right_only
25CC8CBA-2B62-4CB7-8118-F2161C9BFA57,,,,,,,ODN0000084401,3,right_only
46F95BE4-E5BA-4D7F-B9F5-D11C7A1220F8,,,,,,,ODN0000084411,3,right_only
70A75A4D-1CF6-4D3A-94D4-764CA5EF7570,,,,,,,ODN0000084791,3,right_only
6BCB9642-3F0A-44D3-8F00-E305F0055DE2,,,,,,,ODN0000084442,3,right_only
18D21521-DB25-4439-BBEC-F37ED990B07A,,,,,,,ODN0000084453,3,right_only
FBB065EB-2FDB-4AE7-A71E-E8FD7D993904,,,,,,,ODN0000084460,3,right_only
61727E9E-EDA1-4D45-84C2-B46EE6F9B1CF,,,,,,,ODN0000084461,3,right_only
DDC9ED7D-05A0-4438-8EB4-96EB8AB82603,,,,,,,ODN0000084462,3,right_only
C3CD8BD8-0CB1-49E0-8A53-3E5436D06C1D,,,,,,,ODN0000084506,3,right_only
EC22C290-3C19-4D06-BEBF-43BA842431AD,,,,,,,ODN0000084804,3,right_only
C45124A1-3ED5-4CA8-A545-A0F96A41BFA2,,,,,,,ODN0000084524,3,right_only
6B9A3993-72EE-436C-9499-582003E173E8,,,,,,,ODN0000084571,3,right_only
F5974D00-C02A-4B35-90B1-CD0B6B739990,,,,,,,ODN0000084660,3,right_only
DCED78C5-ABF8-4238-AE99-B12F2CA56067,,,,,,,ODN0000084892,3,right_only
14185DA3-3895-49BB-938F-79AC6ECE771F,,,,,,,ODN0000084908,3,right_only
FC4E6C0E-FD82-4CE8-9EDB-7A028C62F125,,,,,,,ODN0000084916,3,right_only
2689A861-6DD0-4D8F-8431-9A6663D89D90,,,,,,,ODN0000084918,3,right_only
8150CAFE-886A-486E-94A5-9800DB9CA339,,,,,,,ODN0000084929,3,right_only
16FC9BD9-DBBF-4005-9786-2581C79146C2,,,,,,,ODN0000084930,3,right_only
3D2E53D1-A27E-4CAD-9056-94604C779F5B,,,,,,,ODN0000084932,3,right_only
E45E6442-6F78-4B66-8420-B644F5CD5BBE,,,,,,,ODN0000084933,3,right_only
F125D727-401D-4EA5-ABAC-FD861DA9A995,,,,,,,ODN0000084934,3,right_only
00EB1642-04EA-4474-8824-F1B9D5C0A3FF,,,,,,,ODN0000084935,3,right_only
919DB03E-0EF9-404B-B7C5-8BABA5978AC3,,,,,,,ODN0000084949,3,right_only
20BD32C8-BDE7-4EAE-A27E-2992B76C601C,,,,,,,ODN0000083996,3,right_only
3CE8BCE1-E79F-4427-8481-F69B30770C5F,,,,,,,ODN0000084025,3,right_only
AA35C967-8B72-4092-AB0D-D4AF9F3E811F,,,,,,,ODN0000084026,3,right_only
ED23B517-0AAF-4774-BB9A-AD23BECB5589,,,,,,,ODN0000084196,3,right_only
394DE3F4-5DF6-49C8-A04F-16828452F501,,,,,,,ODN0000084512,3,right_only
8FC406C0-36EE-4BAF-A74F-E318FF0ADE9A,,,,,,,ODN0000084527,3,right_only
ACDE3662-44E2-4DE6-97EF-5341FB8B0594,,,,,,,ODN0000084528,3,right_only
A885B73C-7338-49C5-AE54-90B5D78010A8,,,,,,,ODN0000084529,3,right_only
5E81AB0F-DF81-41B9-A27F-1CFBF9368D0B,,,,,,,ODN0000084563,3,right_only
FDA1BABF-DDC2-4B0E-891C-C5BF58A78754,,,,,,,ODN0000084599,3,right_only
D3C5CA6E-242F-4BBF-8337-4F4AAECAB52E,,,,,,,ODN0000083992,3,right_only
2F695EA6-1857-4FE1-B83D-A27CFFBA8EA1,,,,,,,ODN0000084008,3,right_only
270793D7-D989-485C-BE1D-A465A2C61723,,,,,,,ODN0000084018,3,right_only
744416EE-B29D-47D9-8B02-7339E9B08383,,,,,,,ODN0000084706,3,right_only
79A2C8A9-88FC-4B17-93CF-EB7DB8C22805,,,,,,,ODN0000084708,3,right_only
F539F873-432B-4B1B-B7BA-B2BE7AEFACE7,,,,,,,ODN0000084061,3,right_only
68B1124C-273D-42BE-8A7E-F81F774AF54E,,,,,,,ODN0000084062,3,right_only
34B34BC1-C44B-48AA-ADF1-9D788E537DE8,,,,,,,ODN0000084138,3,right_only
07D37F23-D324-425B-A262-E01122EAD47C,,,,,,,ODN0000084139,3,right_only
486CD962-B7DA-4273-A648-C1107C4D7922,,,,,,,ODN0000084168,3,right_only
D0A7F91A-8AE2-448E-8EDA-C4184EA5F705,,,,,,,ODN0000084741,3,right_only
DB65F578-865C-41A1-9BED-A87642EBF55D,,,,,,,ODN0000084742,3,right_only
A86A8DDE-DC34-4028-9910-84DFF6892BB6,,,,,,,ODN0000084743,3,right_only
01013852-774A-478A-9052-EA5705943D25,,,,,,,ODN0000084198,3,right_only
5C184FDB-3FA7-43D6-B950-522CDA2F4271,,,,,,,ODN0000084750,3,right_only
B9915179-72DC-469D-A9C2-D51FE44E46BF,,,,,,,ODN0000084754,3,right_only
E429BE41-7B84-4ED9-8C8C-C063258C343B,,,,,,,ODN0000084757,3,right_only
B4023646-DAD0-467B-9CFF-7597C84BD4CE,,,,,,,ODN0000084205,3,right_only
0D9BB5CF-5275-4A6D-832F-9F6F5292925C,,,,,,,ODN0000084758,3,right_only
F6295E6A-806E-4EF0-BB57-C2131937752A,,,,,,,ODN0000084303,3,right_only
AC5ECFC7-D3F8-4A6C-AE4A-5FC83A5A097E,,,,,,,ODN0000084304,3,right_only
8D0C5B69-3A99-4C23-90C4-2E420EE58277,,,,,,,ODN0000084352,3,right_only
889B82F8-3F2D-4975-836D-D805B5CFB660,,,,,,,ODN0000084359,3,right_only
BED2D92C-0AAF-487E-B7FB-4B222F3106B5,,,,,,,ODN0000084360,3,right_only
D5832591-4BC7-45F1-A8DB-8F56C6A819A6,,,,,,,ODN0000084361,3,right_only
37AD4817-126C-4755-8EC3-FC910BBB06C6,,,,,,,ODN0000084362,3,right_only
77192C9A-8F6C-45B9-9DF8-1989650F2E65,,,,,,,ODN0000084369,3,right_only
599484AF-99D8-4DAB-BE4B-A0B0E9BA63D6,,,,,,,ODN0000084371,3,right_only
F69B740B-AFBF-4F42-8DD3-440C52D87316,,,,,,,ODN0000084781,3,right_only
E70E9FA7-B96C-476C-94FF-BF30D2C75E71,,,,,,,ODN0000084783,3,right_only
F0E66466-15F8-42E1-A390-93DE89CA2171,,,,,,,ODN0000084794,3,right_only
88C0C91C-B582-47F1-89D5-DBC157FB2FFA,,,,,,,ODN0000084446,3,right_only
9D47DDC6-D77F-40FF-ADEB-DE846435C007,,,,,,,ODN0000084447,3,right_only
69559039-55BB-4656-B28F-D9F045138AA0,,,,,,,ODN0000084448,3,right_only
7CFF2C60-12C5-44D5-842A-3A49D4FB1CC3,,,,,,,ODN0000084799,3,right_only
B0BBE762-45F4-480B-94EC-A25A5E7E7A3A,,,,,,,ODN0000084489,3,right_only
AD192DBA-F17B-4FB7-85AA-8FD45A1FC4AD,,,,,,,ODN0000084508,3,right_only
C580407F-61AB-497B-9FE3-759498081A60,,,,,,,ODN0000084513,3,right_only
45FA656F-C9B7-4C78-B33E-3541EB3813CB,,,,,,,ODN0000084514,3,right_only
C6510E03-1921-4037-ACEB-3ACAC5D56EE3,,,,,,,ODN0000084515,3,right_only
313D05E7-E5E9-4B5F-915B-BC94DE237EBC,,,,,,,ODN0000084535,3,right_only
B23C2595-4027-49C5-AB33-91E4C8FEE690,,,,,,,ODN0000084555,3,right_only
291BFF81-18A1-49FF-9696-1322F7A74250,,,,,,,ODN0000084565,3,right_only
27CDF9C0-845E-4FDF-91D1-8C388D83AA7C,,,,,,,ODN0000084575,3,right_only
EAFF09BB-8725-45FE-82D7-3BB318F9053A,,,,,,,ODN0000084834,3,right_only
299D56FF-73AF-4DC9-93FC-E0C734C6B6A3,,,,,,,ODN0000084627,3,right_only
0A215A3F-4B8F-494F-8471-8E11A5F27403,,,,,,,ODN0000084837,3,right_only
93FA8551-6FEF-4C90-8F2E-FB26DA771DA5,,,,,,,ODN0000084630,3,right_only
81635E66-743A-4653-85EA-4DF4B2B6BACE,,,,,,,ODN0000084842,3,right_only
8D7A28F4-6DCD-47A0-B48E-A7AB30A63294,,,,,,,ODN0000084843,3,right_only
99F0391B-3F19-415C-AB9D-9E5DF87E7DCC,,,,,,,ODN0000084846,3,right_only
4C911CBD-F50F-4F6B-9559-F660027C72B0,,,,,,,ODN0000084874,3,right_only
0AAE0281-AA87-43CE-A56B-0EB861C5F88C,,,,,,,ODN0000084847,3,right_only
CF3CA011-DDC3-4647-ABF1-D02B1AE402BD,,,,,,,ODN0000084853,3,right_only
F3B1E9C4-6FBC-4C15-8A4E-DE39689367FE,,,,,,,ODN0000084856,3,right_only
C5A9ACA9-78F4-4EA3-A368-E5A316B2F60E,,,,,,,ODN0000084861,3,right_only
B161C724-4457-4F4E-A88B-01D8B1EFA637,,,,,,,ODN0002257749,3,right_only
701E820E-8063-4DA3-8591-A4C7D0EA07D9,,,,,,,ODN0002257754,3,right_only
627F7006-1EE8-414F-8BB1-AC5D9CEC4557,,,,,,,ODN0001486372,3,right_only
AF92124E-822B-4418-A27D-4BDF8BA4CECD,,,,,,,ODN0002481727,3,right_only
5ECAF7CE-BF46-42CE-B7CB-1572DA6DDE0E,,,,,,,ODN0002481730,3,right_only
F21FC029-5CC5-4FFB-B2D1-D8211ED17FCF,,,,,,,ODN0002481733,3,right_only
A15DC0BB-68BE-4405-9C69-A59F71ED5D3D,,,,,,,ODN0002481734,3,right_only
4327BB30-2679-4B93-8F5B-1B7855718B20,,,,,,,ODN0002481738,3,right_only
92D2AC9D-90A6-4F79-9C19-0F77C8A5FC31,,,,,,,ODN0001486375,3,right_only
F33E9418-AB89-426E-8FDD-0FB0D2E21750,,,,,,,ODN0002481742,3,right_only
9975DC27-1149-4744-B026-EA572A81B4AF,,,,,,,ODN0001486378,3,right_only
992AE736-6584-4AC2-A892-5E6CE9C56699,,,,,,,ODN0001486379,3,right_only
61DACE46-CDE2-4C78-B018-9DB8BE5E3C89,,,,,,,ODN0002482925,3,right_only
2B5F480B-EB2E-451F-A834-3BFFAEC052F5,,,,,,,ODN0002481743,3,right_only
144666F3-1F16-4D4B-AFDE-F75F58EF48F6,,,,,,,ODN0001486381,3,right_only
18EDE4B2-2E43-4F27-B60A-E8064947B206,,,,,,,ODN0002481748,3,right_only
F80521C8-ED6E-4976-A68E-A0A462E7B24F,,,,,,,ODN0002481751,3,right_only
CDDAC85F-BDAF-4146-88A0-59B48B84EE3A,,,,,,,ODN0001486383,3,right_only
7F9CD7E8-AAFD-4D5B-B17F-C16F0FC2CFB1,,,,,,,ODN0002481757,3,right_only
3AE8A247-5943-402D-9491-E75D3AF1D35B,,,,,,,ODN0002481761,3,right_only
8899F4BB-ACB8-4EEB-8B64-F2C81F23E50F,,,,,,,ODN0002481762,3,right_only
C892B6B1-1259-4704-B443-D972F2FD159B,,,,,,,ODN0002481766,3,right_only
6B536660-07ED-4E47-92CC-E5BBE61E2EFC,,,,,,,ODN0001486386,3,right_only
CED4649A-A5BC-4524-B93C-61C454F2F255,,,,,,,ODN0002481768,3,right_only
E6BFD563-D5F5-44AE-9095-949E44597B1E,,,,,,,ODN0002481769,3,right_only
DB05C145-7B52-44AD-800A-630E4E049DD6,,,,,,,ODN0001486389,3,right_only
5207478E-8961-4707-9F33-4E6BE7EEC2C7,,,,,,,ODN0002481771,3,right_only
8F339E00-8686-45FA-ABB4-E9676DFCC921,,,,,,,ODN0002482370,3,right_only
BEB65E95-31F9-465D-AC68-E9AD7FC5E8BD,,,,,,,ODN0002481773,3,right_only
8A958FED-7A79-4AB6-A0FE-FB53EBDEA660,,,,,,,ODN0001486392,3,right_only
526B93C5-A4DC-4EC3-98EE-87CD4EDC5454,,,,,,,ODN0002481783,3,right_only
F894EA32-963B-46CC-B1E2-C57943CAB3E1,,,,,,,ODN0002481785,3,right_only
815EBBC5-3E37-444D-84C1-E13B33048898,,,,,,,ODN0002481787,3,right_only
02BF8140-E67D-49C5-8AE2-8ECBED3833A6,,,,,,,ODN0002481789,3,right_only
F4C84260-E78B-4340-A94F-31EC4CC22166,,,,,,,ODN0001531026,3,right_only
A05AADD5-B578-4023-8895-520421DBE6C9,,,,,,,ODN0001486399,3,right_only
32B47360-728B-4794-A80B-38B906904189,,,,,,,ODN0001486400,3,right_only
81485376-2FA9-4E79-AC5B-B651D9E297D9,,,,,,,ODN0002481797,3,right_only
4FF23BA3-A7A8-4EA5-BF20-9BF6C4599397,,,,,,,ODN0002481799,3,right_only
0CF86296-2496-4007-AF30-A67E354730C2,,,,,,,ODN0002481801,3,right_only
885CFCAC-7D48-42C8-B14C-EE408308D9BB,,,,,,,ODN0002481803,3,right_only
7CED75C1-F7A4-4668-A67C-5E6BFF15A4FE,,,,,,,ODN0002481804,3,right_only
CEC2CD16-B1BB-41B0-B647-2A3B01D99C5E,,,,,,,ODN0002481810,3,right_only
4E7DF96C-EFC1-46C1-8AED-E0092F084FC1,,,,,,,ODN0001486409,3,right_only
8BCEDD68-9192-488E-9701-17CEC44E38AE,,,,,,,ODN0001486410,3,right_only
8E6FA7BA-FB39-422B-B690-807C58BEDD3D,,,,,,,ODN0002481815,3,right_only
D67305E0-41B8-4260-A8CC-BF35E83933EC,,,,,,,ODN0002481816,3,right_only
5125F3A9-3760-47C3-9D8B-58FBF64942EB,,,,,,,ODN0001486412,3,right_only
BBCB5187-226F-4E79-92DB-1D8DA68A5DCF,,,,,,,ODN0002481822,3,right_only
0C30E038-0251-40ED-B1BE-736C7EA3B646,,,,,,,ODN0002481824,3,right_only
9A351713-9348-422C-BF82-DDC4C786E085,,,,,,,ODN0002481825,3,right_only
8696665A-A54A-4DA6-98CA-1A8B70238E4D,,,,,,,ODN0002481828,3,right_only
18A72EBB-C79C-47DD-9F34-94FCC92ECB06,,,,,,,ODN0002481830,3,right_only
1B25971D-9F3C-4635-9534-6BC23D71776E,,,,,,,ODN0002481721,3,right_only
762E85EC-24C8-46CF-BCED-7094862EAEC3,,,,,,,ODN0002481833,3,right_only
4FEDFE34-FD83-4AA6-95FA-67CA8F6BA994,,,,,,,ODN0002482376,3,right_only
6B7CC578-846B-428A-BF91-E68A7A2F98FC,,,,,,,ODN0002482377,3,right_only
0DDC8B53-F2E8-4EC9-91D6-EBD485DC6BEF,,,,,,,ODN0001531029,3,right_only
19A46745-E9B9-4B8A-B918-02920F123721,,,,,,,ODN0002482378,3,right_only
355D6C2A-9036-4DAB-82C4-468A8FE3CC81,,,,,,,ODN0002481834,3,right_only
93B40BA9-F3C7-431E-8541-76E55617005F,,,,,,,ODN0002481836,3,right_only
EC17959F-25B8-4E50-A9C4-6D07B509E32E,,,,,,,ODN0001486415,3,right_only
1D2C4E63-F4AA-4C0B-AF89-B7E201F87704,,,,,,,ODN0002481839,3,right_only
A931E1B8-860B-4379-9A24-B222AEE550F9,,,,,,,ODN0001486416,3,right_only
C9E1B3FE-7966-4897-A56F-A5888543A44C,,,,,,,ODN0002482326,3,right_only
5EDBA177-585B-49DA-AF84-6D083A4CF087,,,,,,,ODN0002482327,3,right_only
749E571E-899A-4F4F-A52E-5701B9F226C4,,,,,,,ODN0002482329,3,right_only
5D97D490-19CB-402D-BEA7-AB78F987AF10,,,,,,,ODN0002482379,3,right_only
FE7BCA05-14CD-42BD-9FCE-07BA1F0003CA,,,,,,,ODN0002482331,3,right_only
2A4C2F0A-1D92-40FB-BD5B-6CB8623A6724,,,,,,,ODN0001486421,3,right_only
95BB5BA7-48FD-47D8-867F-064B577155C4,,,,,,,ODN0002482333,3,right_only
55BBE8F3-28CF-4D65-A269-72BCC995FA40,,,,,,,ODN0001486422,3,right_only
860C44F4-E554-4168-A413-EFD53CD32917,,,,,,,ODN0002482381,3,right_only
44D64511-ED7C-4469-9839-1C834ABC1D18,,,,,,,ODN0001486423,3,right_only
7E44D30A-8898-46BA-BF5D-E529072F9CAA,,,,,,,ODN0001486443,3,right_only
27644896-A312-4393-AE8C-EA57F5FAA5A0,,,,,,,ODN0002482339,3,right_only
A0C7242A-8A1A-432A-B44D-C1B499604D67,,,,,,,ODN0002482340,3,right_only
B833D08B-32F6-4B88-B26E-81974779DFA0,,,,,,,ODN0002482341,3,right_only
4A8A538C-AE84-4DE5-858D-B1636B1A1CD2,,,,,,,ODN0002482382,3,right_only
319B720B-AD57-43A2-8F4F-C855C4D10E9F,,,,,,,ODN0002482342,3,right_only
98B3CE95-62AA-4513-9119-7D267440B431,,,,,,,ODN0001486445,3,right_only
24189A01-3B8F-4ACF-9E32-17C365180A79,,,,,,,ODN0002482384,3,right_only
5DE3CEF2-7BEE-43E7-A66F-B74BD7FA8635,,,,,,,ODN0002482348,3,right_only
E92F45AE-8D41-430D-B371-4687182016B9,,,,,,,ODN0001486430,3,right_only
2ABA19A7-52B2-406B-BFE3-58C677B87F4B,,,,,,,ODN0002482349,3,right_only
11514AC7-F4DA-468E-95B5-DB2CACF19888,,,,,,,ODN0001531019,3,right_only
D0818DA2-3C04-47E5-91AF-9EA37DE5CDC3,,,,,,,ODN0002482352,3,right_only
EA4D7FE4-58DF-4836-909B-B6EABA9D0B65,,,,,,,ODN0001486432,3,right_only
7DCC4C1C-00A5-4C3F-9E61-F2CE0EF5528B,,,,,,,ODN0002482353,3,right_only
DDC59BA9-73A1-4BF9-AFD1-B4276E6DCF02,,,,,,,ODN0002481724,3,right_only
14E37D6B-8251-423E-ADBC-C4BEC8AE1B1A,,,,,,,ODN0002482356,3,right_only
04F41AD3-142E-415B-8F5E-72BF9750AA71,,,,,,,ODN0002482357,3,right_only
DEDD2C54-031D-46DC-9436-F7C19ED351C5,,,,,,,ODN0001486435,3,right_only
C950E712-6E3B-4B4A-83F8-5D22DE30FA4E,,,,,,,ODN0000096251,3,right_only
7A5C1FD4-B655-4ABD-8600-DDEBDC90D0BB,,,,,,,ODN0001486455,3,right_only
0C9FE97C-ECD1-462F-953E-9EA2D24B0139,,,,,,,ODN0001486456,3,right_only
B2CA2B48-64F2-400E-9502-0C90DAFD5009,,,,,,,ODN0002482389,3,right_only
885FAC16-DCC7-4220-A688-37D304EBBDF9,,,,,,,ODN0002482390,3,right_only
AD0A7A40-C28B-44AE-856C-BF737634A1D6,,,,,,,ODN0002482393,3,right_only
93EC537B-0207-432E-9173-21D5F5D7F391,,,,,,,ODN0001531038,3,right_only
ADECE4E6-8736-404B-8A7C-0B34F6A91493,,,,,,,ODN0002482397,3,right_only
0BE5B5EC-4385-4ADF-9E19-076BE8A1D754,,,,,,,ODN0001486462,3,right_only
B163E042-C427-467E-BF4F-D36E96F55EF4,,,,,,,ODN0001486466,3,right_only
3F13B661-933D-4513-903D-1797FC13E603,,,,,,,ODN0001336694,3,right_only
FD1A1778-058C-4C9A-8033-09AD7FF05639,,,,,,,ODN0001336696,3,right_only
86E812FF-6C42-47FC-8866-6FE9A5D78C80,,,,,,,ODN0001346589,3,right_only
B47B01C3-C55B-40AF-96B3-2D292D84BA9D,,,,,,,ODN0001336698,3,right_only
14EAD444-4F0C-47AA-941A-D56C851755CC,,,,,,,ODN0000096240,3,right_only
B6174AED-7F2B-4C91-9500-2297C626AA5A,,,,,,,ODN0000097313,3,right_only
CD278B04-379C-4E6B-BE6A-6B8A8BA3DCF8,,,,,,,ODN0000096241,3,right_only
DD5B2241-BF4E-488D-8C38-78042648063C,,,,,,,ODN0000096242,3,right_only
5205E3EA-81A8-4E7B-AEA4-67D7C018E92E,,,,,,,ODN0000096243,3,right_only
9F149AB4-67BE-4509-88BA-466F71FFFAB6,,,,,,,ODN0000096244,3,right_only
EF1B67C6-DD45-4B24-802E-12D8B0AF5BA2,,,,,,,ODN0000096245,3,right_only
5279723F-7072-43C6-9E13-248903CFB159,,,,,,,ODN0000186448,3,right_only
244F1141-7272-4394-BBCA-92D66281E2EA,,,,,,,ODN0000186426,3,right_only
662F6A15-BCA1-469E-BD4F-2DBD31A413F3,,,,,,,ODN0000186497,3,right_only
607F73D5-352B-4087-85AA-0846B8F8F45A,,,,,,,ODN0000186430,3,right_only
BC2B25B8-403C-4CBF-BC78-A1B6CD7EF812,,,,,,,ODN0000096246,3,right_only
E5989231-B4A7-491B-8D6A-1B3389B30588,,,,,,,ODN0000186431,3,right_only
3A6FE97C-55BC-4058-B60A-080B3B7FFFCC,,,,,,,ODN0000186515,3,right_only
58C7CAC7-EF5B-45B7-B6A2-4BBB490EF9D5,,,,,,,ODN0000096247,3,right_only
C22020F5-B02C-4116-99F2-A5C2CF159F55,,,,,,,ODN0000186506,3,right_only
0133DC2A-B5D6-43CC-B0ED-273EFEC756F4,,,,,,,ODN0000096248,3,right_only
46CC1DF1-F9AD-4AA1-9373-B15A243B9148,,,,,,,ODN0000096249,3,right_only
A03BCE3E-E403-481A-961C-C32BB0889AE1,,,,,,,ODN0000096250,3,right_only
A034C234-1BBA-4140-84A0-822B0794CAC0,,,,,,,ODN0000186474,3,right_only
C7F1116D-9853-45AB-A8E4-B2D55CD82381,,,,,,,ODN0000096061,3,right_only
A91E3AA4-FF23-4D24-9F28-FCE0D17561E5,,,,,,,ODN0000096072,3,right_only
C896347F-AFC3-42E8-A068-3154EED356B4,,,,,,,ODN0000096062,3,right_only
F92EB5E1-E64F-4018-B7B1-0A4A69F93E42,,,,,,,ODN0000096063,3,right_only
8B2A6C96-ADBE-495C-B697-0FCAF7376DFA,,,,,,,ODN0000096065,3,right_only
3DCC6943-8398-4268-8993-DF2D1C830BF7,,,,,,,ODN0000096073,3,right_only
3E703604-E766-424C-B906-F167C24C2FE6,,,,,,,ODN0000096074,3,right_only
5F8F3001-CF88-48EE-9A27-B627BA65D1D1,,,,,,,ODN0000096066,3,right_only
8AA43AF1-C660-49CE-A4F8-B51F6DAEE541,,,,,,,ODN0000096067,3,right_only
29A00093-086B-4405-A643-FDD53D3F528D,,,,,,,ODN0000096068,3,right_only
90374813-43FB-461A-96BA-4211F9DDF75E,,,,,,,ODN0000096069,3,right_only
8CA46E69-A5BA-451C-B801-214A6CEEEB21,,,,,,,ODN0000096070,3,right_only
8F311232-708C-4C3D-9469-51302B12DCC6,,,,,,,ODN0000096071,3,right_only
BEB666DC-76BB-41D5-8CD0-F819BDF5306E,,,,,,,ODN0000096075,3,right_only
A9156759-BBCB-418F-A072-34E92007652F,,,,,,,ODN0000096076,3,right_only
0EDEE288-B3D1-49D1-88C0-B683AFF1949E,,,,,,,ODN0001479212,3,right_only
55204F8C-6ECF-470E-9CA0-3CF82E5C1350,,,,,,,ODN0000180436,3,right_only
2A589205-01ED-4E04-A4A1-1E6A9B6F64D6,,,,,,,ODN0000104178,3,right_only
41B3C382-1486-4E78-87F1-EB74A9E492FD,,,,,,,ODN0000104180,3,right_only
F232D8F5-C121-451B-BE21-64EED2D35F1F,,,,,,,ODN0000104181,3,right_only
D07E1C67-897A-42FF-94AE-DA13162C39B1,,,,,,,ODN0000104185,3,right_only
7DDEE40C-DFD5-4B30-9DE1-355D0FFCE660,,,,,,,ODN0000104186,3,right_only
3653C5F6-BB50-49A9-BCC9-EA695F798480,,,,,,,ODN0000104187,3,right_only
21F3C3D5-A5CB-4E38-AA4F-76848A3BD155,,,,,,,ODN0000104189,3,right_only
E95CC48E-F153-43D0-983F-BEE1AAD723B3,,,,,,,ODN0000104190,3,right_only
F3662C39-3AAE-4E6F-B41E-470E95678F5C,,,,,,,ODN0000125578,3,right_only
B04C109B-8D07-4E81-A58F-5FB85095E8EA,,,,,,,ODN0000104192,3,right_only
56AC72FB-5787-47C7-AEED-DF09205C8BB6,,,,,,,ODN0000103934,3,right_only
A58D9CDA-9BD7-453E-8973-13FCAAA10932,,,,,,,ODN0000104198,3,right_only
AD0DA584-B229-4A9A-A9D3-05EF44749251,,,,,,,ODN0000104201,3,right_only
92044B9D-7D56-415C-9FD6-C0551DB114EC,,,,,,,ODN0000104202,3,right_only
C9DED928-9186-4F3E-815F-998F71439AB0,,,,,,,ODN0000104206,3,right_only
9D11FE42-F1F7-41EC-BE4C-F02EDF04ED83,,,,,,,ODN0000103936,3,right_only
B9AEBE33-9C8E-48CE-A474-67E9F07E1B10,,,,,,,ODN0000104207,3,right_only
B7ECE3A1-B10B-46C5-B7F7-7B02BE35B34D,,,,,,,ODN0000104209,3,right_only
2C636C28-49E1-4DFF-A251-8023254EBA3B,,,,,,,ODN0000104213,3,right_only
C4B2A90F-4BE3-443B-8C51-B2190396CAC9,,,,,,,ODN0000103935,3,right_only
EEECB5C4-5975-46B7-8078-0BB3A5EE3FA4,,,,,,,ODN0000104214,3,right_only
52FF9A4A-1F21-419B-9B1B-6D41DF2EC514,,,,,,,ODN0000104215,3,right_only
A77538A0-9126-4A90-B0A4-8E563276334B,,,,,,,ODN0000104217,3,right_only
4D719B8A-2428-4E92-9859-80F9C722F980,,,,,,,ODN0000132757,3,right_only
60A145DB-ACC6-426B-81A1-292712D5982C,,,,,,,ODN0000105859,3,right_only
91D1DA29-8519-4BA0-A68F-98E05463FD7B,,,,,,,ODN0000107806,3,right_only
C7B09C72-752A-42B4-98DA-CDDF6D6A039D,,,,,,,ODN0000105868,3,right_only
884C6279-BCF5-46BD-8D89-B803B4E0D942,,,,,,,ODN0000132763,3,right_only
A949A56D-E5F5-48B5-99CC-4C8F2F2508A1,,,,,,,ODN0000105876,3,right_only
E7E06C8F-F8E0-4B10-BB27-637B22B1833C,,,,,,,ODN0000108687,3,right_only
C064AEEF-E899-4D6E-A4A5-E26C1B2AF5BC,,,,,,,ODN0000138171,3,right_only
B8429698-CD93-46AC-9A10-181A0325D9DD,,,,,,,ODN0000119331,3,right_only
6D353E2D-EAF7-48B3-A5E6-FADFE4B1E220,,,,,,,ODN0000113175,3,right_only
B88FCCAC-2710-48FA-95B2-0F17986E358A,,,,,,,ODN0000115252,3,right_only
D6D863E8-8A9B-4B2F-977A-243C2D7D2639,,,,,,,ODN0000113179,3,right_only
F04EEC32-17F9-4895-987E-7BF409B03BD2,,,,,,,ODN0000111249,3,right_only
7F10E6C6-553F-49B7-A77D-5DB93609F160,,,,,,,ODN0000111845,3,right_only
0684AFA5-722F-4241-BE88-F2B8546D71B4,,,,,,,ODN0000113313,3,right_only
85F88DDD-F483-44DA-9CBD-0934E753A711,,,,,,,ODN0000113184,3,right_only
826FEC45-73AF-4E08-BE34-259A0D0A9387,,,,,,,ODN0000114802,3,right_only
78BACDD4-88CC-4BFB-A3A0-124CDCCA7695,,,,,,,ODN0000111846,3,right_only
EFFEF9CB-B555-4B48-B4DD-F6A937FDA160,,,,,,,ODN0000111902,3,right_only
AB567D10-C83B-4385-9582-FB020F6CD872,,,,,,,ODN0000113187,3,right_only
B65A8A88-EF72-4B24-AA6F-31379A38A954,,,,,,,ODN0000113189,3,right_only
53EC7E73-E8FD-4D7A-B0D2-063CE94A6525,,,,,,,ODN0000113194,3,right_only
9691A453-0AB1-4778-86B0-AA143DCD299D,,,,,,,ODN0000113195,3,right_only
D49702ED-5997-4331-8478-4577D0CA5135,,,,,,,ODN0000115323,3,right_only
2CCA0B8B-71F7-45EC-B0DE-4D108C5A1514,,,,,,,ODN0000115324,3,right_only
B947D8BF-A1A3-484F-BC48-6DB9F01F306A,,,,,,,ODN0000113196,3,right_only
D73D4895-5431-4C49-B16C-16FE4B9BCFAD,,,,,,,ODN0000114030,3,right_only
52671746-B7AF-4B44-A223-F4A0E1734B4D,,,,,,,ODN0000114031,3,right_only
7DBDAEA6-D61B-48AA-8B73-7FEB0CB933DD,,,,,,,ODN0000114032,3,right_only
FF000C13-74D3-4013-B55E-34E21DFD91F2,,,,,,,ODN0000111287,3,right_only
BAE3CC57-BA4A-499E-967D-439E93D4896F,,,,,,,ODN0000115254,3,right_only
DF4508BB-0BE4-41A1-A1AB-54201F3A9619,,,,,,,ODN0000111250,3,right_only
B3D31DCC-4DCE-4A24-98E7-AE3ACDF76C50,,,,,,,ODN0000111850,3,right_only
53B2699A-EBAA-416B-AA61-F4145590D617,,,,,,,ODN0000113197,3,right_only
85092128-A384-46A5-9495-E2F4482FAC65,,,,,,,ODN0000115255,3,right_only
0D57FC12-615A-406F-9F8A-35A6E46509B1,,,,,,,ODN0000113198,3,right_only
D1DB61D9-ED13-484D-8C5B-575B1A11DE59,,,,,,,ODN0000113314,3,right_only
3DCB27A7-155B-4112-A1CC-8568DBFEA25F,,,,,,,ODN0000115325,3,right_only
2A41CAC6-B3D2-4641-B10B-7FCC771897CF,,,,,,,ODN0000111903,3,right_only
ECCBC4A4-D51E-4082-BFA6-C575773B2CB7,,,,,,,ODN0000113315,3,right_only
DDD94CD7-9DFA-4FC9-96D6-A98510E69087,,,,,,,ODN0000115256,3,right_only
F18A36C5-E5D2-4FBE-B697-BBCCDD5B8CA2,,,,,,,ODN0000115257,3,right_only
E4549126-88D7-4AA8-9E88-3761B980EBD8,,,,,,,ODN0000111251,3,right_only
A6D38077-A366-4AA8-966E-2A3EAB204A49,,,,,,,ODN0000115258,3,right_only
3327ADD6-5DB9-4F8B-8034-56711FF58507,,,,,,,ODN0000111852,3,right_only
C96ED7BD-D508-4C6C-9372-4556DC92A70A,,,,,,,ODN0000115259,3,right_only
167961AD-248D-4EB2-9820-029A2184154C,,,,,,,ODN0000113203,3,right_only
1D34CA07-569B-42E5-9C64-AA003F0DAF5D,,,,,,,ODN0000115261,3,right_only
E2AA5B72-347E-4855-800A-3F49DDF077CD,,,,,,,ODN0000113205,3,right_only
023BA5D3-E390-4F31-8BFF-2E3A2AAA83E0,,,,,,,ODN0000113165,3,right_only
2B10875E-DBEA-40BA-BEC4-4A6949AF006E,,,,,,,ODN0000113207,3,right_only
28DEF6BA-995B-4420-9261-CE25607A87ED,,,,,,,ODN0000113209,3,right_only
CF163F4B-8394-46B7-926A-D8711B6C2488,,,,,,,ODN0000113210,3,right_only
65ABD4FC-5239-4E95-860E-4EFC84F02E3D,,,,,,,ODN0000111256,3,right_only
7D6F55C4-A67E-4548-BCDD-C2F3A6B160F5,,,,,,,ODN0000111855,3,right_only
0F0695D3-5D94-45BD-BBE0-7CC24CB69D29,,,,,,,ODN0000111857,3,right_only
5F001044-95D0-47DA-9C81-03B26037C423,,,,,,,ODN0000113212,3,right_only
B617755F-9F88-4CD7-B204-EFB39E01E86B,,,,,,,ODN0000113214,3,right_only
1FEFE6A4-0413-452D-A297-2C4B049530E3,,,,,,,ODN0000115326,3,right_only
A3A48D0D-DDBE-4A92-A955-574C47F682A9,,,,,,,ODN0000111288,3,right_only
B884E284-D191-4734-AF47-BF46603FB90A,,,,,,,ODN0000113319,3,right_only
DD9324A6-F517-4AF4-BB95-A9827750DF14,,,,,,,ODN0000115263,3,right_only
747A1F10-C3DD-496E-B8AB-C41CEC8BEF9B,,,,,,,ODN0000111861,3,right_only
83A850B1-BC10-4457-ACB1-8F8D47892C40,,,,,,,ODN0000114807,3,right_only
3EEDBEDA-5AE8-463B-B33F-D41DB445EDF6,,,,,,,ODN0000113320,3,right_only
3D9A8559-8D0A-4BAD-B053-C58A481407CA,,,,,,,ODN0000115265,3,right_only
4949E14A-E09B-4195-AC81-EA93E4ADA16C,,,,,,,ODN0000113216,3,right_only
BA2387ED-C747-4C6D-A832-5E4694EE008D,,,,,,,ODN0000113217,3,right_only
6D3D484C-F482-4C0D-AB56-F7E25D1E2A97,,,,,,,ODN0000115266,3,right_only
156446C6-7DC4-41DB-9899-E490AA529A34,,,,,,,ODN0000115267,3,right_only
A653F909-767C-4D52-B697-3E49E1D65579,,,,,,,ODN0000115327,3,right_only
58C1825E-3D7C-411A-A9BC-289871251DB6,,,,,,,ODN0000114809,3,right_only
0074DF15-31A5-4B9A-B465-097751417028,,,,,,,ODN0000119454,3,right_only
AC62A602-FC88-474F-AF54-B15BC112BE99,,,,,,,ODN0000113218,3,right_only
BD3FE5FF-F564-404E-AB55-13325058C974,,,,,,,ODN0000115268,3,right_only
B9110F5B-232C-4BFE-8E15-8DF615CE66AD,,,,,,,ODN0000119324,3,right_only
A2206ED4-6796-408B-9803-1EAB96EC86E8,,,,,,,ODN0000113220,3,right_only
BDCBC377-3F17-42E2-A8BE-0A0B3EC1B10E,,,,,,,ODN0000114810,3,right_only
A192CFE3-919A-4852-BA06-F67EA6888C17,,,,,,,ODN0000113222,3,right_only
10E852D8-4223-4135-9445-D76E23E5E0FC,,,,,,,ODN0000119464,3,right_only
C3F3EAC9-5CCC-435E-A075-24E2312E3A5B,,,,,,,ODN0000119842,3,right_only
0377501A-0E33-4188-AA1B-14B95582C14A,,,,,,,ODN0000115330,3,right_only
9ED6C9AF-A88E-43E3-B4D7-4894104BC9A1,,,,,,,ODN0000113224,3,right_only
059483E5-3A1E-4BF6-BB09-F6ACCB194AC5,,,,,,,ODN0000113225,3,right_only
F78D467F-0A0A-46D4-86B8-8EC7FE1A237B,,,,,,,ODN0000114811,3,right_only
43467B86-9EB5-4A20-A6B6-52DC5C3F406E,,,,,,,ODN0000113226,3,right_only
18373279-70F1-4C13-9623-40ADD9D21F1C,,,,,,,ODN0000113228,3,right_only
CCFAEAF1-1905-4EF9-A2EF-043E0CD068B1,,,,,,,ODN0000113233,3,right_only
98EF52A3-48E0-4CB1-B022-EBA3D1C5A888,,,,,,,ODN0000113326,3,right_only
AD8E5F35-19F3-48EF-BADE-5303F32D6B9E,,,,,,,ODN0000113327,3,right_only
EF4AE242-E56A-4115-A4F1-1DE4A6B295B5,,,,,,,ODN0000119491,3,right_only
DB20E8ED-CC06-4C32-B4C4-108812CC0520,,,,,,,ODN0000115272,3,right_only
0C8A7F41-6825-4FD1-929A-3B652D3020EC,,,,,,,ODN0000113237,3,right_only
16C5D63F-E4B4-4658-876D-0C0E222F0C8A,,,,,,,ODN0000114815,3,right_only
19160F19-46B3-41FF-8287-09738E250076,,,,,,,ODN0000115275,3,right_only
378401B9-6289-4AAA-88E0-2AD562AF7316,,,,,,,ODN0000119501,3,right_only
4B611484-263C-441D-B6DE-083EC43BBD7B,,,,,,,ODN0000113239,3,right_only
1CCD8459-783E-4726-9947-8F2738CC77DD,,,,,,,ODN0000113240,3,right_only
57A5112F-ED95-4DFF-874E-E3350EFACAA1,,,,,,,ODN0000111290,3,right_only
909CD572-36B2-4EFF-ACF2-9E10CC7D0A23,,,,,,,ODN0000113241,3,right_only
E483791D-2995-4721-8B8E-E0F542003767,,,,,,,ODN0000113242,3,right_only
F89388E0-19CC-4058-B06A-10EE6A628257,,,,,,,ODN0000113243,3,right_only
F9BC1012-6EBE-4E9C-879C-1EA1FC688A52,,,,,,,ODN0000113244,3,right_only
0BA2CDD7-4101-475D-9DB0-A0E2B7276FDB,,,,,,,ODN0000113245,3,right_only
852D7ABB-E3C5-4384-A837-F9C1355CCBAB,,,,,,,ODN0000113247,3,right_only
061AAF74-4A25-4309-81FA-BC9AE5C6657F,,,,,,,ODN0000111262,3,right_only
52DB8059-9761-4906-8964-A7D2A5ACA9A9,,,,,,,ODN0000113248,3,right_only
D5854C4D-0D68-4A35-B815-F0753713C982,,,,,,,ODN0000111263,3,right_only
2973318C-648D-4F0E-9112-F45A77F2F17E,,,,,,,ODN0000113252,3,right_only
EDDC8C4C-CACF-4729-93B5-4B6936A2408B,,,,,,,ODN0000115286,3,right_only
E007C1C3-0599-4CA7-A94C-429A55B0D10A,,,,,,,ODN0000114819,3,right_only
3FD407B2-0B33-4021-9ED5-CEE7C8B35FAF,,,,,,,ODN0000111916,3,right_only
EB7D359C-E5B4-4EBF-97AE-B6AD04F4484F,,,,,,,ODN0000113332,3,right_only
D4330124-94CE-4638-8138-972849D8F20F,,,,,,,ODN0000112876,3,right_only
D0A51E8E-0FA1-47C1-AFBE-DC8DFC770D3B,,,,,,,ODN0000113258,3,right_only
DDCFE6C8-ECCA-4A36-90CE-007253A6D8DE,,,,,,,ODN0000111294,3,right_only
9A0700BB-C03A-4A86-ADD9-ECD5A54BEAAB,,,,,,,ODN0000111295,3,right_only
F4455629-2608-47FD-9C16-F299B31FA80E,,,,,,,ODN0000113261,3,right_only
5649AEEF-EF89-416B-91AF-56403DB19294,,,,,,,ODN0000111268,3,right_only
91CB0B2E-8A3A-4AF8-9466-5906DD0B8626,,,,,,,ODN0000114820,3,right_only
5C5335BA-DFA9-4437-887C-4FF5F471FF60,,,,,,,ODN0000119895,3,right_only
07B6C676-5E4F-4947-A039-A2404EE7D957,,,,,,,ODN0000114821,3,right_only
2E2EF823-1C71-4942-A779-AAD859A0A7FD,,,,,,,ODN0000113265,3,right_only
28D7F826-15A7-4457-9D3D-37C21A2C375D,,,,,,,ODN0000115334,3,right_only
2C46794B-ACA9-4F1B-A17C-6ED54A13EC61,,,,,,,ODN0000113266,3,right_only
B01D282F-7EC9-4EE7-8504-CCA07A91E2E4,,,,,,,ODN0000113338,3,right_only
D6B0A653-FCFC-48E3-A95E-6E966264B8B1,,,,,,,ODN0000111883,3,right_only
B3409028-ACE4-4C89-AE7D-CBA89370330A,,,,,,,ODN0000111886,3,right_only
D2F7CE5A-A932-45D8-A191-1F1E2FC5F568,,,,,,,ODN0000119601,3,right_only
9DE7032A-13E0-40E5-BD00-144C6EBA7700,,,,,,,ODN0000119603,3,right_only
DB5E7BC7-13D1-4B72-A03B-1EF063E26D5B,,,,,,,ODN0000113273,3,right_only
054F5F15-1A59-42E8-BDD5-F6261C0BF7E7,,,,,,,ODN0000113275,3,right_only
3C95723D-92E6-44C7-9B83-39183C0E606D,,,,,,,ODN0000114822,3,right_only
8D79744A-FBF8-4864-9CD3-2C7658F3880B,,,,,,,ODN0000111925,3,right_only
7FB897B2-3F09-4170-B679-11F8CD2CABA0,,,,,,,ODN0000114840,3,right_only
0630D8B2-4153-4665-B75C-FEF5E159B7EF,,,,,,,ODN0000114824,3,right_only
76A28BC4-D533-4707-9961-D0C1EB15D5FF,,,,,,,ODN0000113340,3,right_only
3DBD3C6B-20DB-48E2-B0A1-6B84FAFFD699,,,,,,,ODN0000114825,3,right_only
8BEC2221-425F-421D-84D2-EFBA249818CF,,,,,,,ODN0000111273,3,right_only
7D2751E6-C6EE-47D7-AC00-96EEA59B88BC,,,,,,,ODN0000114074,3,right_only
274DD8CC-F458-4095-B12D-0E1D65E8D148,,,,,,,ODN0000111274,3,right_only
1C4440E2-6502-48BE-81EE-1D36DD3D7380,,,,,,,ODN0000115310,3,right_only
6DFE4D56-DE5C-4BE0-B780-6CEA041DDE28,,,,,,,ODN0000114062,3,right_only
41D423C0-4048-4C4F-AEEE-04DFC9ACF20B,,,,,,,ODN0000111280,3,right_only
FD495187-7417-44F2-A4F1-100B4A0280C4,,,,,,,ODN0000111842,3,right_only
AC20B3DB-DDB3-4D22-A2FF-C98F9049A0EA,,,,,,,ODN0000114063,3,right_only
E05D8E5C-1F90-458C-8600-A1593E2ED308,,,,,,,ODN0000119678,3,right_only
D17A45F4-C7AA-4E8B-8B5F-D4E1F45FEF95,,,,,,,ODN0000119941,3,right_only
A6E0E25E-EA5C-425F-8931-AFE6AED513D9,,,,,,,ODN0000119942,3,right_only
75352F81-4D70-466A-A5B6-5068CCD00F46,,,,,,,ODN0000113345,3,right_only
838BD756-F885-41D0-9479-D5153A46278F,,,,,,,ODN0000114076,3,right_only
31BCAF5F-C786-467B-AB37-22F3BF945EA6,,,,,,,ODN0000113309,3,right_only
03BEED27-2BD6-4BB7-B332-E88A5043F3E8,,,,,,,ODN0000113173,3,right_only
F0361681-5801-46B4-B42B-8A536DEAEA54,,,,,,,ODN0000111282,3,right_only
519FE1D3-3CFB-41AC-B93C-5710A5190027,,,,,,,ODN0000119705,3,right_only
95820171-8FC0-48F9-AA3F-314731C21879,,,,,,,ODN0000113353,3,right_only
AA369823-FFBD-4397-ABC6-4BF84C97E99F,,,,,,,ODN0000113355,3,right_only
1397A3BB-946A-49CD-8C17-229CA2FF457B,,,,,,,ODN0000111303,3,right_only
7C40A1E2-F1FA-4539-8E40-A26857BF5B0C,,,,,,,ODN0000119949,3,right_only
A54098F5-F884-4969-9A48-3FA6A531B9E0,,,,,,,ODN0000113351,3,right_only
DA5BCFDB-9727-4360-860E-C4CC7094C28D,,,,,,,ODN0000114846,3,right_only
0500B1A9-7063-4236-85D8-571DF7C266CF,,,,,,,ODN0000114847,3,right_only
8AE0F822-1253-4A55-A13C-4086346987D0,,,,,,,ODN0000113359,3,right_only
232E9BB0-AD7A-4D24-87C1-BC05413097DE,,,,,,,ODN0000114842,3,right_only
ADBFA59E-C863-48C2-8720-93CECBF95A75,,,,,,,ODN0000116000,3,right_only
588DEC81-3D23-4653-863D-790A3CBE0D0C,,,,,,,ODN0000116006,3,right_only
5C304316-AD67-47A4-94F7-CD4045ADB5F4,,,,,,,ODN0000116021,3,right_only
6265D878-DD7D-4C2A-9FF0-A3C796133E84,,,,,,,ODN0000116140,3,right_only
2DC6BC8E-088F-4DC1-90EA-A861354A1EEC,,,,,,,ODN0000116022,3,right_only
4E0D49F7-646F-492C-AA6D-E6642FAF93A1,,,,,,,ODN0000116023,3,right_only
958EF2A5-6307-42EB-B578-6151E11DE436,,,,,,,ODN0000116028,3,right_only
D7162B72-B59E-40A0-8F17-F9A3A6593B88,,,,,,,ODN0000116029,3,right_only
ADDA206A-63C6-4790-B4A0-9832694C5CE1,,,,,,,ODN0000116031,3,right_only
6E61DFAE-52DD-41D4-97A5-94B74C13BCAA,,,,,,,ODN0000116032,3,right_only
2E64568E-85F6-41CB-94A9-BEA1C38C3B17,,,,,,,ODN0000116033,3,right_only
949C0F9B-C541-43BF-901B-7877544A6F96,,,,,,,ODN0000116034,3,right_only
8D516FC6-D253-4BE8-8425-7527F64D3759,,,,,,,ODN0000116037,3,right_only
1DBC4ED8-B954-4030-817B-5FF3A6BC2925,,,,,,,ODN0000116141,3,right_only
A9B5E388-93CF-457E-A2AE-4768867FD6E0,,,,,,,ODN0000116096,3,right_only
B5B12CF2-417E-4449-8914-3DD6E2F0BEE3,,,,,,,ODN0000116097,3,right_only
1CD8EEE9-FDDE-470F-AA28-C42A41501370,,,,,,,ODN0000115994,3,right_only
19171479-4377-4B2A-8CCD-EC0A484AE82D,,,,,,,ODN0000122442,3,right_only
FC08F696-46FC-4EFB-9041-A61391951B6C,,,,,,,ODN0000137361,3,right_only
4D4E61B0-4AC1-4D85-BD9C-F473FE2EBA17,,,,,,,ODN0000122439,3,right_only
3A3733AA-1257-476A-AA35-ADE16A081453,,,,,,,ODN0000122440,3,right_only
8A0A24D3-9AC3-43F3-B055-86C9C3D5460B,,,,,,,ODN0000122441,3,right_only
5626AE4B-4FD0-45D5-BA56-09685A370826,,,,,,,ODN0000122452,3,right_only
716978ED-B424-4934-94A0-056F6872764D,,,,,,,ODN0000122453,3,right_only
36939A0A-1078-4F90-8302-2C4235CE500A,,,,,,,ODN0000122443,3,right_only
C39F10A8-D3CA-4E18-953B-62A83E92E6FF,,,,,,,ODN0000122454,3,right_only
3F69E37A-6814-49AE-B79F-3BB893568CAB,,,,,,,ODN0000123016,3,right_only
3EACF48F-3FCA-4D93-BB6E-1471EEF64310,,,,,,,ODN0000123017,3,right_only
0A10EF5B-F27F-40A7-B259-26818BAEE662,,,,,,,ODN0000124727,3,right_only
CE654673-7A02-48C7-BA2C-CD562565E3B3,,,,,,,ODN0000122444,3,right_only
9F57CE11-2081-4E1A-85B2-AA8031D0F259,,,,,,,ODN0000126109,3,right_only
5D43A106-2391-4D00-A62C-C0F445BCCD5E,,,,,,,ODN0000122445,3,right_only
E9196498-BA61-46F5-A7A1-BAE5F736106A,,,,,,,ODN0000123019,3,right_only
0B32507E-69FA-4A87-9A46-472F9AA6772C,,,,,,,ODN0000122446,3,right_only
E489086B-21FF-4E82-BB9F-53D571074888,,,,,,,ODN0000123018,3,right_only
A760D8D5-4C3B-4AA2-832F-F0AE22B8204F,,,,,,,ODN0000124730,3,right_only
07F72C08-1EFA-482B-B1D9-00C458683C02,,,,,,,ODN0000124731,3,right_only
34A56760-0145-448F-8CB9-8AE91DB16D14,,,,,,,ODN0000124734,3,right_only
DD7E0D1C-A96D-4628-858E-A7F0D4878D0A,,,,,,,ODN0000124732,3,right_only
F4FE3459-C068-4CB6-ADBD-E4270167F3BE,,,,,,,ODN0000124733,3,right_only
FE797684-EC8A-4EB7-93F7-0055904E589C,,,,,,,ODN0000122449,3,right_only
09DE306C-A33B-42A2-995B-47C2B1750356,,,,,,,ODN0000123023,3,right_only
4D804DFF-A034-411D-A880-EF8159435104,,,,,,,ODN0000123022,3,right_only
5D8A61BD-2CF2-4254-97DE-69C50878901A,,,,,,,ODN0000122450,3,right_only
603889AD-F757-427F-8E7C-A6EE8789E6C3,,,,,,,ODN0000122451,3,right_only
3B734C21-A4AF-4632-A62A-A76E0D4FF084,,,,,,,ODN0000122456,3,right_only
9165F6FF-8138-4168-9892-423E68FBB51C,,,,,,,ODN0000122457,3,right_only
49E98849-2CC7-4F23-9D50-3613EBFD52A7,,,,,,,ODN0000122458,3,right_only
29029960-0E67-4186-9217-0AB8D1B933AA,,,,,,,ODN0000122461,3,right_only
A41D9B70-B79A-4FB3-A490-276396CA90FC,,,,,,,ODN0000122459,3,right_only
5B38F0E2-CB03-4C54-9912-64C711117763,,,,,,,ODN0000122462,3,right_only
B63FA607-C152-48CE-99FB-C80A5BBD71AF,,,,,,,ODN0000122460,3,right_only
891E7014-5B64-453C-B207-C59B9E854CC7,,,,,,,ODN0000115891,3,right_only
84F5EAAA-B93B-4441-8171-89E150609DD8,,,,,,,ODN0000115892,3,right_only
1AB75E03-336F-4B3D-A163-9EFCAA97C6E3,,,,,,,ODN0000115936,3,right_only
C1229739-8515-49FD-964D-F1A2240B299A,,,,,,,ODN0000121880,3,right_only
B6D50039-D803-413D-852A-84780E9DB088,,,,,,,ODN0000115893,3,right_only
DEFD7F41-5A8D-4EA1-BEEE-31D476B0414A,,,,,,,ODN0000115894,3,right_only
3E769113-D0D2-4D10-91F3-F0A5F0112407,,,,,,,ODN0000115895,3,right_only
6C24C1EB-8F3C-478B-BC37-9982678F1499,,,,,,,ODN0000115904,3,right_only
647984BA-80E0-4AFF-B96C-9B1782BE1D87,,,,,,,ODN0000115896,3,right_only
EA60F893-864D-47A4-B4EE-451FD5FFD463,,,,,,,ODN0000115905,3,right_only
F1E7D00E-6097-4E32-B16C-DFF9DBBA81D5,,,,,,,ODN0000115897,3,right_only
7102896F-76A8-41A3-B88F-FB4E31C61E01,,,,,,,ODN0000121881,3,right_only
50257093-DADD-4809-9B8D-FE5FA5B5D4ED,,,,,,,ODN0000115898,3,right_only
A0E08776-7FB3-4A50-84C0-922CC2C1FD39,,,,,,,ODN0000115899,3,right_only
4877E5DC-DF28-4DC4-94D5-76DB91286CA5,,,,,,,ODN0000115900,3,right_only
795BD6AE-6427-4D3E-8AE9-B6219D7F8635,,,,,,,ODN0000115901,3,right_only
8CE10E20-737E-4902-8AC9-91F8BEC67BA0,,,,,,,ODN0000115902,3,right_only
B80964DE-6998-460D-899C-5D3E348AE96B,,,,,,,ODN0000121882,3,right_only
AD2F53B6-CF8C-4389-8084-71251B16BCD3,,,,,,,ODN0000115903,3,right_only
3DEDDC7A-29BF-44E4-BF07-FB1D950B4275,,,,,,,ODN0000121883,3,right_only
29175FD7-E398-4F4D-993A-B41BA8FA32A7,,,,,,,ODN0000121884,3,right_only
78BD3722-773C-47A9-AAB3-262749CE9FEB,,,,,,,ODN0000121885,3,right_only
A41A5DFE-05D5-4410-BA2C-792B1B82A83E,,,,,,,ODN0000121886,3,right_only
D2DEF685-1A9B-4C5B-8FF2-631AC39E5BBE,,,,,,,ODN0000121887,3,right_only
4D8E25D5-947C-4D47-8BE0-DB7D3B8FFB57,,,,,,,ODN0000131633,3,right_only
7E443A4B-FBA4-4024-869D-01A3F0664116,,,,,,,ODN0000115913,3,right_only
7E12C82F-B473-4730-9981-EF3D916C76D0,,,,,,,ODN0000115906,3,right_only
FA945426-F9FA-4C7C-AD06-E3EB850B1207,,,,,,,ODN0000131634,3,right_only
13E1D161-030E-4DB4-AC5D-C423E983510A,,,,,,,ODN0000115939,3,right_only
95A7E36B-7D53-435D-8CB5-3F6F6770C7C2,,,,,,,ODN0000121888,3,right_only
4CDDCF3D-1256-49CB-963E-98F94C718A26,,,,,,,ODN0000121889,3,right_only
45476417-2A17-4B65-95CC-935B166A0A86,,,,,,,ODN0000121890,3,right_only
0C721D48-0DE9-4441-BF7D-F671154C10B2,,,,,,,ODN0000121891,3,right_only
644D5597-7EC6-4AB9-81EE-CD247C879A1A,,,,,,,ODN0000121892,3,right_only
6A66C812-E379-4140-9604-8F4AD604D4D0,,,,,,,ODN0000131635,3,right_only
CC11B6C8-5642-41BD-A060-1D2BD71CFDCC,,,,,,,ODN0000115914,3,right_only
5140AEF7-A935-40D1-A214-6E20416759B5,,,,,,,ODN0000131636,3,right_only
C49BF2FA-450A-40DD-AA48-48BDDEAF5E51,,,,,,,ODN0000131637,3,right_only
E5716B51-87F8-4746-BCB4-84B3AB225230,,,,,,,ODN0000131638,3,right_only
DB5CCCA7-49D4-4712-B59F-E8C97EFE4806,,,,,,,ODN0000115915,3,right_only
81D8AF9F-EF76-496C-8B07-4F77AD012D78,,,,,,,ODN0000115916,3,right_only
19FCD04E-0A1A-4EC4-982E-F28AFEDA072A,,,,,,,ODN0000115907,3,right_only
7EF5A322-6178-4E4C-BBB8-8FFF1D959EBF,,,,,,,ODN0000115917,3,right_only
C20BB63F-4B17-4619-BE3A-576196332E8C,,,,,,,ODN0000121903,3,right_only
C66B111E-3997-4E30-997B-7D881F5CB54F,,,,,,,ODN0000121893,3,right_only
CCD18408-780A-423A-A052-C1AEBE30D40F,,,,,,,ODN0000115908,3,right_only
F5FCF619-3BD9-44CC-9CF3-8AE3F53373E0,,,,,,,ODN0000131640,3,right_only
BA3A15CA-B252-4D0C-92A6-7DAE767AE0DE,,,,,,,ODN0000121894,3,right_only
C333897F-8DB9-48F8-81A5-049BA596CDC2,,,,,,,ODN0000115921,3,right_only
CA3CFBD7-8646-4770-9F2A-E4B0CFE943EA,,,,,,,ODN0000121895,3,right_only
C30BFFD6-447A-4080-8002-E05EF9FC7FAF,,,,,,,ODN0000131641,3,right_only
2A449DD8-4733-429D-9A85-FB3C8C94D476,,,,,,,ODN0000115923,3,right_only
339E7873-9432-4D75-8384-F72C8A6154C3,,,,,,,ODN0000121896,3,right_only
E522A8F2-9F19-4BD3-A1EA-225DC89D7776,,,,,,,ODN0000131642,3,right_only
A4C2EF32-A624-494D-B848-D6700541F874,,,,,,,ODN0000115924,3,right_only
A12627A8-D2B0-4D48-B6C4-AAEBB058A3E8,,,,,,,ODN0000121897,3,right_only
580F1EB1-FE0D-4AFA-9E6B-823569A6002F,,,,,,,ODN0000131643,3,right_only
302B11E5-8682-4EBF-868C-D36D14599263,,,,,,,ODN0000115925,3,right_only
E865CA58-2E2F-494D-B844-CF539651DFE3,,,,,,,ODN0000115926,3,right_only
DABE8770-B1F8-4017-8DDB-DBC6D07533C4,,,,,,,ODN0000131644,3,right_only
D7EC2763-2045-4F86-BC88-9A477293B5B3,,,,,,,ODN0000131645,3,right_only
19161073-42C6-4B0D-BC13-8D820D57A43A,,,,,,,ODN0000131646,3,right_only
1176155F-CA56-4E52-B60E-52AC99152AD6,,,,,,,ODN0000131632,3,right_only
33CC98F0-2C87-40E8-9387-BEBADA526782,,,,,,,ODN0000121898,3,right_only
FEFD1837-4008-49A3-95EF-7811F8CE7F64,,,,,,,ODN0000131647,3,right_only
ABABB92E-8E2C-49ED-9A3C-CCE516845713,,,,,,,ODN0000115927,3,right_only
9329F5E9-D888-47F1-A4F1-68A56C2CD60E,,,,,,,ODN0000115940,3,right_only
0D47C3B2-2055-4D57-B8B9-D4C7877E506A,,,,,,,ODN0000121899,3,right_only
1A2E46F4-E6B2-4040-B038-A496D064FDD8,,,,,,,ODN0000131648,3,right_only
7825AA3A-E16F-4F90-9F03-4CD38665ED05,,,,,,,ODN0000131649,3,right_only
04EFA39D-D961-4A73-B3B3-295CAC675153,,,,,,,ODN0000115928,3,right_only
BF1C53B5-2B33-4855-89BA-FDB76EB67824,,,,,,,ODN0000131650,3,right_only
A4135FE2-A1A3-4036-A440-51F0D97193B3,,,,,,,ODN0000115929,3,right_only
B7354DED-7241-4A72-9F5D-73F87EB1F30C,,,,,,,ODN0000115909,3,right_only
1B379811-D0FC-46D6-884F-A98544EA5834,,,,,,,ODN0000131651,3,right_only
3498824A-96A1-44DB-846E-F3E12957E202,,,,,,,ODN0000115930,3,right_only
1BD40FDC-69BA-4FD4-89A2-E777128B5600,,,,,,,ODN0000115931,3,right_only
B3C0190C-4023-4F82-9076-BCA32BF9A790,,,,,,,ODN0000115918,3,right_only
075C014E-8192-41F6-8FEB-059FDFDAE376,,,,,,,ODN0000115910,3,right_only
59B13F7F-B3A9-423D-AEE7-5C6F03AC83B2,,,,,,,ODN0000115937,3,right_only
26A8F8D4-B0AA-4439-A7C6-966649690054,,,,,,,ODN0000115932,3,right_only
DEE65C6A-3218-4044-B339-5EC653F3089F,,,,,,,ODN0000131652,3,right_only
97428C5F-1C51-4743-BF2B-0BAC1E6BDC97,,,,,,,ODN0000115933,3,right_only
C770A3DC-AD54-47DF-9271-F9D9842138EF,,,,,,,ODN0000131653,3,right_only
6A18D62E-7C3D-43A5-8AE6-83AE4A0EAF12,,,,,,,ODN0000131654,3,right_only
4213D3DF-D66C-404E-86FF-C2A8315BB2B7,,,,,,,ODN0000115911,3,right_only
CC7CBC94-0DCD-4559-8B52-4304A873E0DD,,,,,,,ODN0000131639,3,right_only
FAB8484D-8D12-488C-8103-662DCD7DE0D1,,,,,,,ODN0000121900,3,right_only
71C29769-17DB-4C64-B01B-9B5571162F58,,,,,,,ODN0000121901,3,right_only
DBD272E1-9423-4D07-AD1D-4F8CE38A490C,,,,,,,ODN0000121902,3,right_only
763EFD28-0612-4C0B-B442-3CE3EDDA3395,,,,,,,ODN0000115934,3,right_only
F3B6712E-97AF-45FC-A424-63760DF917C3,,,,,,,ODN0000115935,3,right_only
3F68B0F5-CD97-4BF2-9651-87D906C0B744,,,,,,,ODN0000115919,3,right_only
E4749515-62AC-4D42-8C69-326CF1E084DC,,,,,,,ODN0000115922,3,right_only
3A0B14EE-90AE-4A77-B8D9-B6769B19EA99,,,,,,,ODN0000131655,3,right_only
0D902DD9-2BFE-431C-A40B-92ED54990B84,,,,,,,ODN0000115912,3,right_only
3EFDCCD9-BC69-42AE-9D56-278917AAD812,,,,,,,ODN0000115920,3,right_only
7B522313-50CD-4F31-AC96-F3CF9A764051,,,,,,,ODN0000121904,3,right_only
036C3C7A-F0D2-46EA-BB13-BDB925A97CD3,,,,,,,ODN0000115938,3,right_only
1D2691C1-6FAA-4C8A-B917-4CF4CD3B4D52,,,,,,,ODN0000121952,3,right_only
6BA2263F-E42C-4895-B055-1619583BB7CA,,,,,,,ODN0000121953,3,right_only
E4831CAB-A1B0-4897-8A9C-0D76A4F0239F,,,,,,,ODN0000122024,3,right_only
D733D7EB-9FC3-410F-9923-D114F4F44AD3,,,,,,,ODN0000121954,3,right_only
11556526-34D6-4D0B-B06C-4E95CDBDBDAD,,,,,,,ODN0000121949,3,right_only
694CD54C-8A49-4BA8-8670-DB2E78D0B2FD,,,,,,,ODN0000121955,3,right_only
A7AD456D-DA16-4FFD-B519-3CB7F5E4B880,,,,,,,ODN0000121956,3,right_only
8BD5527F-1B34-48C9-98AD-262A2215F5D9,,,,,,,ODN0000121957,3,right_only
8CBA82B0-8E2F-4DFD-8A43-1AA62C5ADA72,,,,,,,ODN0000121958,3,right_only
BA1BA4A1-B1FF-4D9A-BE19-44AF6CA0188C,,,,,,,ODN0000121959,3,right_only
58E51D6E-C2BF-4289-81B3-5A5805E7495E,,,,,,,ODN0000121960,3,right_only
638A8DE6-3D08-4394-B6B8-D74385B55BF4,,,,,,,ODN0000122025,3,right_only
B6873DC3-0F44-4533-9561-61A1FF37233D,,,,,,,ODN0000121961,3,right_only
6168FA12-C8B4-4102-9168-2D9000380BBB,,,,,,,ODN0000122023,3,right_only
23144196-C02D-4016-B2F7-A6F30C457C83,,,,,,,ODN0000121962,3,right_only
FCE686E7-1CDD-48B2-9A6D-1BBC0FE4DCD6,,,,,,,ODN0000121963,3,right_only
5BE49257-AA26-4BC7-9EE3-4CF9E14FD9A7,,,,,,,ODN0000121964,3,right_only
1582C81D-9B8D-4F44-9DB1-43A8FCAF0D82,,,,,,,ODN0000121965,3,right_only
20754131-A351-498A-81C6-BE1E2412ED08,,,,,,,ODN0000121966,3,right_only
05BDDDD2-A28E-44B1-9022-BCF746D7D1D8,,,,,,,ODN0000121967,3,right_only
C6528882-AC12-4AA3-8404-99E6D89EC1BA,,,,,,,ODN0000121968,3,right_only
30EEDADA-A41A-48E4-A78A-D92FE42B5A0F,,,,,,,ODN0000121969,3,right_only
36A266CC-8600-4BC6-8192-623B5D1A5432,,,,,,,ODN0000121970,3,right_only
8DA243A1-83E3-42F3-9BEC-C3906BAE4958,,,,,,,ODN0000121950,3,right_only
0D8B4945-89ED-478B-815D-1EC89EC6538E,,,,,,,ODN0000121971,3,right_only
9D1EDCA5-45BC-48A4-91BD-7DE62C381E59,,,,,,,ODN0000121972,3,right_only
916BF590-5609-45FC-96F6-0C7EFCA0A784,,,,,,,ODN0000121973,3,right_only
3454A7E8-FDF0-4C45-946E-9F7833A667A3,,,,,,,ODN0000121974,3,right_only
9078D740-7A16-40CC-AC5A-D261EDB98105,,,,,,,ODN0000121975,3,right_only
9D66C26D-CB59-48D3-9707-48389B667CEA,,,,,,,ODN0000121976,3,right_only
0F7DE700-A53C-41AB-8737-0C836026F298,,,,,,,ODN0000121977,3,right_only
A0FB5729-5835-4EF8-ABEF-E5D0B6B25C58,,,,,,,ODN0000121978,3,right_only
F4D55768-A9EE-4DE1-B05A-3415AE362A0E,,,,,,,ODN0000121979,3,right_only
96357205-43D0-4A98-9867-6DAE977B2225,,,,,,,ODN0000121980,3,right_only
8C1635A8-F0F2-47D5-9DD2-90893D99AFCE,,,,,,,ODN0000121981,3,right_only
6751214F-B451-4FB5-8DC0-8713FD6506B3,,,,,,,ODN0000121982,3,right_only
C5349EA0-4D7B-414F-BD90-6069A0ACFD17,,,,,,,ODN0000121983,3,right_only
38BDF301-4A6A-4BB6-9EE9-98B1EE0B0D67,,,,,,,ODN0000121985,3,right_only
3937974B-DE4E-4154-A806-1DAC82270E6D,,,,,,,ODN0000121986,3,right_only
6CFD6EF0-44B6-4970-B6C7-C2DF6A7CB8B3,,,,,,,ODN0000121987,3,right_only
4C45B52F-7AA3-4629-971A-844AA34ED828,,,,,,,ODN0000121988,3,right_only
2845BECE-3F74-4A29-BD00-4FA80D69A682,,,,,,,ODN0000121989,3,right_only
5C13E965-41E1-4AED-895D-12EA9A1E63E2,,,,,,,ODN0000121990,3,right_only
184F6ACA-61FC-470F-9038-E12660EAD664,,,,,,,ODN0000121991,3,right_only
51CE2DD9-314E-4DD3-915A-7E7B01D33428,,,,,,,ODN0000122026,3,right_only
6C13A9FC-C865-4223-BB23-77C7E41959E6,,,,,,,ODN0000121992,3,right_only
46F61211-B8A8-449C-B0B1-12FE8982F0AF,,,,,,,ODN0000121993,3,right_only
D36001E9-C84F-4626-856D-3DA0966B5D00,,,,,,,ODN0000122027,3,right_only
6C8C4B64-44F2-4C74-94C2-7B9357FB949E,,,,,,,ODN0000121994,3,right_only
D819F0ED-9A4E-47B2-85F7-B35C001984DD,,,,,,,ODN0000121995,3,right_only
38ECB3A6-F28F-4DE8-83CC-461A17C6FF84,,,,,,,ODN0000121996,3,right_only
70896C3F-6194-4A03-A384-B18335027ACA,,,,,,,ODN0000121997,3,right_only
97E0FB5E-AB34-4BDE-AC00-8E7A840FCA03,,,,,,,ODN0000121998,3,right_only
0447A242-F84A-4E4E-AE21-7E06FB610A8F,,,,,,,ODN0000121999,3,right_only
A6143F7F-FE92-4334-9690-0C85A8BAFE77,,,,,,,ODN0000121948,3,right_only
7504C12F-C377-4DD4-98A0-2EDF3FF632C7,,,,,,,ODN0000122000,3,right_only
A0CD7892-8BFD-49E8-9129-9E651CBC71E9,,,,,,,ODN0000122001,3,right_only
27F3291E-5858-4744-852B-A37B69381FD4,,,,,,,ODN0000122002,3,right_only
BF95133A-BD20-4FD3-9B94-AD578A535E2C,,,,,,,ODN0000122028,3,right_only
7FD56A22-9339-48E5-91DF-C80DC62D87E2,,,,,,,ODN0000122004,3,right_only
7487DABD-C119-401D-B501-8AA7338EBEB5,,,,,,,ODN0000122005,3,right_only
477E1540-C2B8-43FD-A03F-6C1869C820E3,,,,,,,ODN0000122006,3,right_only
B30F6198-FE80-4586-B868-7180F6D99E53,,,,,,,ODN0000122007,3,right_only
AA76BF8D-3824-46EB-B063-B4707DA6AFE2,,,,,,,ODN0000122008,3,right_only
286471E6-DB91-4CA8-95F1-BFFB22F68F8F,,,,,,,ODN0000122029,3,right_only
4E78A222-596B-4553-B50D-ABB46D093A3D,,,,,,,ODN0000122009,3,right_only
CB8E5D33-8FEC-4808-B00F-F52FFBB7E1FF,,,,,,,ODN0000122010,3,right_only
C6FC29E2-DE82-4F37-821F-240CD990BC93,,,,,,,ODN0000122011,3,right_only
F285A4CB-AF62-41A2-9A36-2F3412BF7B92,,,,,,,ODN0000122012,3,right_only
4FB807F5-0F67-4B68-9870-2AB3F90C8EDC,,,,,,,ODN0000122013,3,right_only
28A274CA-FAE4-4C11-AD04-26533C666101,,,,,,,ODN0000122014,3,right_only
BA1D2284-93D6-4F33-908B-D5A660774760,,,,,,,ODN0000122015,3,right_only
D02341ED-63F8-44BA-9900-059EE53F0E5B,,,,,,,ODN0000122016,3,right_only
72F4B1C3-D754-4C70-8505-82990679AA2E,,,,,,,ODN0000122017,3,right_only
8C64DFF9-ED91-4DA6-A7A7-21B5EB2989D6,,,,,,,ODN0000122030,3,right_only
C943FAA2-2E4A-4B93-9FA9-23CC753F23E0,,,,,,,ODN0000122020,3,right_only
306384AB-114E-4EF5-99D0-7C9F0DA9B313,,,,,,,ODN0000122021,3,right_only
A66856DB-4118-4066-80FA-AFC07F34796A,,,,,,,ODN0000122022,3,right_only
A072C655-FD7C-46E8-B151-79E0C7BC5EDE,,,,,,,ODN0000122031,3,right_only
51C95B58-FF95-485B-9ECD-6C75FBAE2860,,,,,,,ODN0000122032,3,right_only
A4CA40D6-B0FD-44AD-9E54-A3479F72F2AD,,,,,,,ODN0000122033,3,right_only
2A6EA4BA-1AE9-4F79-8A90-2E72D2309A48,,,,,,,ODN0000122034,3,right_only
E5F92707-9482-4030-BCA0-8C16970246E0,,,,,,,ODN0000122035,3,right_only
B3DA3A4B-C112-4D5E-8FC5-951D627B376F,,,,,,,ODN0000122036,3,right_only
0DE1682F-9A28-40CF-9050-C86C9F23DF8D,,,,,,,ODN0000122038,3,right_only
9F2E80DF-C946-41E9-9B5A-1DDE5B54C9D8,,,,,,,ODN0000122039,3,right_only
D45DA5E6-ECD1-4DA3-85DD-D3FC01D55E8D,,,,,,,ODN0000122040,3,right_only
9D929C92-A4BB-4969-A0FD-88BB3036466B,,,,,,,ODN0000121951,3,right_only
CED08CAF-DC73-4DDF-840A-8ED304C5F561,,,,,,,ODN0000122041,3,right_only
CBEBBC70-5B84-4BD0-80C3-C0F21C9EF0CF,,,,,,,ODN0000122042,3,right_only
FFB377E2-A7AD-4270-AD88-A0205EC64DC4,,,,,,,ODN0000122043,3,right_only
B450F852-E0B8-4876-AB3A-FC5C68242767,,,,,,,ODN0000122044,3,right_only
42F0D263-F51C-49EA-997B-543FBFA305EB,,,,,,,ODN0000122045,3,right_only
CB4E019F-DA26-4C96-9FF6-425295668D0C,,,,,,,ODN0000122046,3,right_only
ECA97E36-F0B8-4194-84A3-D26D38074D44,,,,,,,ODN0000122047,3,right_only
9C060C76-8FA8-4843-8B21-CE7F2DE06BC0,,,,,,,ODN0002332439,3,right_only
1D8CFC48-C448-4DAE-8772-0FCE1DC2085F,,,,,,,ODN0002143609,3,right_only
E34597BF-583B-450B-8D90-A5F50EB6C0F5,,,,,,,ODN0002332452,3,right_only
D48050CA-D801-40B7-A1A4-1CA26D617DF6,,,,,,,ODN0002143611,3,right_only
7234B8A2-84C0-4637-AD54-874829BBC5C1,,,,,,,ODN0002143614,3,right_only
16B464EA-5858-4FC6-B3FF-EC24A2A25532,,,,,,,ODN0001931296,3,right_only
993D0C13-DB99-49C4-ABD3-70E71196AB07,,,,,,,ODN0001931300,3,right_only
61712511-518B-43EB-8BAC-A9FCFC21FE33,,,,,,,ODN0002332468,3,right_only
70E6F2DA-F170-4468-8CB2-47F32B1DBA45,,,,,,,ODN0002143617,3,right_only
7566A018-15BE-4A4D-B180-4AA23C6D3D39,,,,,,,ODN0002500663,3,right_only
EB8CE9DB-EE23-40B0-AE7D-1FAD0D528E68,,,,,,,ODN0002829854,3,right_only
C3820491-1588-440F-8554-87DF1E2DBC82,,,,,,,ODN0002143618,3,right_only
300D5A1A-60E0-4EA1-AFBA-F90CB0787226,,,,,,,ODN0001931316,3,right_only
881FB1D7-7BF4-4F4A-9AE3-0057B033B633,,,,,,,ODN0002143619,3,right_only
F4D7D0DB-D548-4527-BE5E-E5FA57AF8624,,,,,,,ODN0002198802,3,right_only
7AF8A932-A3DF-4A51-A997-5B9872C5347C,,,,,,,ODN0002332445,3,right_only
A45335E9-0052-4EE5-8C72-FC7C6E9854A5,,,,,,,ODN0002500672,3,right_only
5D3A5CA4-F698-4800-A521-321CD3496009,,,,,,,ODN0001931321,3,right_only
4BB1A649-2119-4965-A97C-8AA4EAB05FFF,,,,,,,ODN0003578437,3,right_only
FE7A05A3-D8B0-4CB0-9CAF-25C5659689F6,,,,,,,ODN0001931322,3,right_only
3BECDCD1-05F1-440D-B350-7F301A028FC5,,,,,,,ODN0002143622,3,right_only
EB58CEF1-F0C3-4F2D-94CE-59F048BCF64B,,,,,,,ODN0002143624,3,right_only
B0988AF7-D75F-40FB-9BEF-B6766B068900,,,,,,,ODN0002829832,3,right_only
6696F3E4-6DE7-40E0-B48B-10F2A5BD48BD,,,,,,,ODN0001931328,3,right_only
C3B1D19A-7273-470A-8E76-81CDE098E861,,,,,,,ODN0002143628,3,right_only
A0A8C91B-6A5D-4898-BB0D-D63C0D41C4BF,,,,,,,ODN0002829836,3,right_only
9906DC05-F46E-49C0-9ABE-AC2796739476,,,,,,,ODN0001931339,3,right_only
BB96C124-404E-4190-B341-5C4B311C150A,,,,,,,ODN0002332449,3,right_only
B160C800-AC06-47E7-8136-8D054D47087B,,,,,,,ODN0005239855,3,right_only
B2699E29-8D61-449E-8AC6-A02AA3F69EA3,,,,,,,ODN0004439179,3,right_only
26970E62-8259-47A5-B7CB-D89CF83EED73,,,,,,,ODN0002829844,3,right_only
F4F068C5-0013-4371-B9D9-245CB06DDBC0,,,,,,,ODN0002332450,3,right_only
5E2447F7-E27F-40D3-B294-B8558FD476E4,,,,,,,ODN0002143640,3,right_only
0C0810CD-D965-4149-B38D-FD7C0B406239,,,,,,,ODN0004952060,3,right_only
28BE7A1F-5C09-4D15-90FC-43AE2901EBAE,,,,,,,ODN0000140891,3,right_only
4F2A58DA-7A6D-449D-BA00-834F09321BC9,,,,,,,ODN0000140892,3,right_only
2DBC55F5-7C5C-438A-9267-12B66F0AAD9D,,,,,,,ODN0000140893,3,right_only
BF36511C-B1B4-40B0-B105-D4DD5CEA2B49,,,,,,,ODN0000140896,3,right_only
FA301BC2-FCC5-44B3-8969-2DC6EDFB90E9,,,,,,,ODN0000140897,3,right_only
3EA66AB2-3DA1-448E-A78A-18598CE121C9,,,,,,,ODN0000140902,3,right_only
F11D4146-D677-440B-A97F-504D523B3388,,,,,,,ODN0000140965,3,right_only
E7BDD47E-0450-47F8-BE55-2029E3E3464C,,,,,,,ODN0000140903,3,right_only
F2C6C772-D6BD-4EAF-B486-C15A92EA73A1,,,,,,,ODN0000140905,3,right_only
86834EEC-A946-4E9C-9725-84E3E078DB6A,,,,,,,ODN0000140906,3,right_only
B247B75E-CF63-47D8-9A13-CC41E0EBC870,,,,,,,ODN0000140907,3,right_only
40BC1CA4-2B2E-410D-8259-A354260DE2E4,,,,,,,ODN0000140909,3,right_only
43E56287-0647-4F8A-A18E-77958D7273AF,,,,,,,ODN0000140910,3,right_only
54E6102F-D35A-4628-A58A-3AEAF78A1691,,,,,,,ODN0000140912,3,right_only
FF0B8C61-072D-468A-B103-E293DD4A5DE3,,,,,,,ODN0000140913,3,right_only
BD6C76B6-F625-4099-BF99-BF30B175F00A,,,,,,,ODN0000140915,3,right_only
53AFE9F2-F349-4376-A0AD-A9781DC4263E,,,,,,,ODN0000140918,3,right_only
84FE1235-DA7E-428E-BBD2-1099815B9791,,,,,,,ODN0000140919,3,right_only
3815E9F9-433B-48A1-82CD-B0B668F50CD7,,,,,,,ODN0000141036,3,right_only
63BDA553-AB64-4E9D-BA45-5A2F6ADD36B6,,,,,,,ODN0000140920,3,right_only
106011C4-DD09-42C8-843F-8645FD5BEFF6,,,,,,,ODN0000140923,3,right_only
50CC1423-962F-462E-B954-5E36BBF0CE24,,,,,,,ODN0000140924,3,right_only
7ECE2E34-4D58-48E9-9F15-6302B6312CDE,,,,,,,ODN0000141137,3,right_only
2F91604B-C51B-4D15-A596-7FCE564ED0BE,,,,,,,ODN0000140927,3,right_only
49DD0056-7BD0-4ADF-BAAE-662743AE7787,,,,,,,ODN0000140929,3,right_only
0B129216-B3CC-4EDF-A7AD-B1595C47EE12,,,,,,,ODN0000140931,3,right_only
551418A8-87A7-4D99-A32E-2193D2F8DF0B,,,,,,,ODN0000140932,3,right_only
D4081015-718E-4170-880E-B152E74D8BE4,,,,,,,ODN0000140934,3,right_only
5E613781-1A37-46F6-AA83-75A8611DB151,,,,,,,ODN0000140935,3,right_only
0F2AE67A-C026-4D89-A888-F281015D89CE,,,,,,,ODN0000140936,3,right_only
7B091A66-4377-4458-AFB3-1C4E0F492E9F,,,,,,,ODN0000140937,3,right_only
4C24946D-9858-430A-B453-A92F7784C7BD,,,,,,,ODN0000140938,3,right_only
558EAEC8-706F-45A5-850A-080EDA529E33,,,,,,,ODN0000140939,3,right_only
A66303A2-6EB3-42D5-8089-DBFF0EEB652A,,,,,,,ODN0000140941,3,right_only
D9829318-3B41-4F03-912C-D2F03BE8515E,,,,,,,ODN0000141139,3,right_only
CFA8B2A3-2C8F-487D-8C5F-7BF439783694,,,,,,,ODN0000140942,3,right_only
DD53B4AD-F112-4A6F-B6A2-84FAFF24118D,,,,,,,ODN0000140966,3,right_only
43AEF6ED-A8A5-49AA-8F9E-D366A6CF2A6C,,,,,,,ODN0000140944,3,right_only
9AB17987-20FD-4461-9943-9B856C32FE25,,,,,,,ODN0000140945,3,right_only
90401104-199F-446B-B121-40A8AE0EF8CE,,,,,,,ODN0000140946,3,right_only
58C0B66E-05A0-42D3-A63C-438F172141E3,,,,,,,ODN0000141045,3,right_only
F6653DBD-FB31-42B0-9ED0-247E203642AD,,,,,,,ODN0000140947,3,right_only
E29C8FE7-7FE6-4E82-9B8E-ACB29BA13FB3,,,,,,,ODN0000141025,3,right_only
7A0C6F30-17CE-4102-B227-F3326C3F89F7,,,,,,,ODN0000141026,3,right_only
049FFBC2-E4EB-4D0A-92EC-3AD7D3D55080,,,,,,,ODN0000141027,3,right_only
B32E27D0-C31A-4E0E-80A9-F126D3E066A5,,,,,,,ODN0000141140,3,right_only
9366AD42-486A-4B17-84F1-7440B806C469,,,,,,,ODN0000140948,3,right_only
201BAA80-1A47-4D4B-9EA0-F2885CE68D78,,,,,,,ODN0000140949,3,right_only
BDD7D7D5-8F17-4C3B-89CF-4A384FEEC660,,,,,,,ODN0000140950,3,right_only
54A5A8AA-BABB-4751-8F2C-47837071D7F4,,,,,,,ODN0000141141,3,right_only
6D2012C5-2C90-4F20-9F82-DC872FA2622B,,,,,,,ODN0000141046,3,right_only
481298E9-7F27-4F02-966D-86CFED3DDD2D,,,,,,,ODN0000140953,3,right_only
7078426E-3701-4CC3-971A-99EC7A9946C5,,,,,,,ODN0000140954,3,right_only
338A5B25-BF91-4C4A-BA55-3AA08CB4788F,,,,,,,ODN0000141159,3,right_only
598EDDDD-0C44-48C5-8282-9987DC2771C6,,,,,,,ODN0000141142,3,right_only
8F4E7B70-CE0A-40ED-AD04-528B746F0857,,,,,,,ODN0000140960,3,right_only
5948DD95-5CB7-495C-BE16-4AE66954E8C8,,,,,,,ODN0000140962,3,right_only
FD76C134-97E8-43FF-836B-A84D77DF10D7,,,,,,,ODN0000140963,3,right_only
A0C4EC1F-42D5-4ED6-94AC-A8AAF7CCB523,,,,,,,ODN0000140972,3,right_only
0DD34135-9171-4983-ABB4-DADB9832F9BE,,,,,,,ODN0000140973,3,right_only
1B285826-9420-4F17-A9B6-DC168D7390C0,,,,,,,ODN0000140975,3,right_only
67F5443A-9774-447F-82B8-5D870285EFA3,,,,,,,ODN0000141144,3,right_only
F587B34E-2DBD-4CBA-AE35-66F6838DAF8B,,,,,,,ODN0000140981,3,right_only
0905BBD7-788A-4827-A65A-8AD0C5DFCFC2,,,,,,,ODN0000140982,3,right_only
05DD0014-7624-4A1E-93B5-EAC0006C9A6B,,,,,,,ODN0000140984,3,right_only
A3F7C3A4-75E8-4801-9ADD-DDE8970342A6,,,,,,,ODN0000140898,3,right_only
142141B2-944C-4060-B992-3F4169542975,,,,,,,ODN0000140991,3,right_only
46BEFA24-CE1A-4CCA-AB78-0C9CEE248C1A,,,,,,,ODN0000140995,3,right_only
E4913DCB-382C-4CBC-939C-1B8A7E14BFE4,,,,,,,ODN0000141002,3,right_only
236FF3C3-6506-433F-A312-993CAF411FD0,,,,,,,ODN0000141028,3,right_only
5A2C146B-F2F7-433B-86EF-F39D44EC9890,,,,,,,ODN0000141146,3,right_only
236DD02B-57E1-48EA-A756-BCF12DD1579A,,,,,,,ODN0000141011,3,right_only
4A93451A-7C2E-4CA7-9045-41654EB55C00,,,,,,,ODN0000141017,3,right_only
5AC381BF-FB21-4E63-82AA-FD77A1BFE724,,,,,,,ODN0000141018,3,right_only
93289CC2-46FA-4DFC-AFF4-5F08BFE11CCE,,,,,,,ODN0000141148,3,right_only
019CD868-3E67-4BE2-BBAD-9EE895EBE5C2,,,,,,,ODN0000141040,3,right_only
387640D0-AAFA-4C72-B43C-DB612F68D174,,,,,,,ODN0000141042,3,right_only
D2293173-6B75-4876-A8D8-C33266815F8E,,,,,,,ODN0000141050,3,right_only
C27C56E5-73D4-4831-9917-F775929CE1BD,,,,,,,ODN0000140899,3,right_only
DAD5AB63-93E9-439D-87ED-FCB35F3C7D17,,,,,,,ODN0000141052,3,right_only
39D8F2BC-6266-4EF9-BC3D-7840083EDC74,,,,,,,ODN0000140967,3,right_only
79BF0399-0D6B-4BF2-BD90-6D06F390A0DB,,,,,,,ODN0000141056,3,right_only
07E4552C-99F4-4341-A9AC-1056C24C6C4B,,,,,,,ODN0000141057,3,right_only
65FAF9FF-83DB-4B93-BE0B-E2C55D1A1EBF,,,,,,,ODN0000141059,3,right_only
1CB28D0C-520F-484B-BA9E-70DF5DF0BC1D,,,,,,,ODN0000141060,3,right_only
61DD06C6-1B67-4D03-91A4-5B3E0FDAD542,,,,,,,ODN0000141061,3,right_only
3B8CFBF5-3FC0-477E-813B-B759DBB578B8,,,,,,,ODN0000141064,3,right_only
0400F541-36A7-43F4-A42E-1EB4E194570F,,,,,,,ODN0000141065,3,right_only
10FF4B6D-A973-44F1-AB4A-C406CCA8BB2A,,,,,,,ODN0000141067,3,right_only
978CB980-03B4-4B38-AFCF-B13326E2D4AA,,,,,,,ODN0000141047,3,right_only
5946AA4F-B0C5-489E-940C-E07538D3DA21,,,,,,,ODN0000141073,3,right_only
E32F6670-F589-4946-96D0-7C8FB2C099A1,,,,,,,ODN0000141079,3,right_only
106F434D-0EAA-432E-A701-FCDE5C9811D1,,,,,,,ODN0000141029,3,right_only
451E4224-28C0-4DE1-9316-D53CF795B455,,,,,,,ODN0000141030,3,right_only
3208A23E-EC2D-417D-837D-C26279734DBD,,,,,,,ODN0000141088,3,right_only
2D79C7A5-D1BB-4273-B2EC-AB760970E3FE,,,,,,,ODN0000141092,3,right_only
3B1FB597-2827-46ED-8D85-689F402E2919,,,,,,,ODN0000141048,3,right_only
70E74C44-75DB-4700-B564-5350AFE59B2A,,,,,,,ODN0000141031,3,right_only
4802C088-E558-4781-8C38-70C0D946BF7E,,,,,,,ODN0000141096,3,right_only
16F91238-2409-4145-B3AF-2D81A5EBCEC2,,,,,,,ODN0000141097,3,right_only
6525905B-E690-43C7-B986-474AD1693E33,,,,,,,ODN0000140970,3,right_only
5C14225C-5102-452F-BF57-C5E23DB6BF43,,,,,,,ODN0000141033,3,right_only
79991A61-2B63-4BAF-8BD8-3E9A7DAA9608,,,,,,,ODN0000141104,3,right_only
10D60A4B-8230-4964-85C6-FDB9D8BC86BD,,,,,,,ODN0000141111,3,right_only
61BF71E0-E885-4C8E-873A-B12B474C0F9A,,,,,,,ODN0000141113,3,right_only
8FDC47B7-737E-4F35-8693-49844CBF1566,,,,,,,ODN0000141115,3,right_only
B3652696-3448-4800-ADF4-6120236F401A,,,,,,,ODN0000141116,3,right_only
D3C1E3E7-EB65-4E7F-A0BC-A488DC423193,,,,,,,ODN0000141118,3,right_only
B45517DA-9BE5-4005-815F-856897C785D8,,,,,,,ODN0000141121,3,right_only
F1EF3DAA-F1A8-49A9-99C6-BE6BFE45671A,,,,,,,ODN0000141034,3,right_only
36945FC4-FB3D-41F8-AC3C-4986A378DA08,,,,,,,ODN0000141135,3,right_only
710F051C-EB9B-42DD-9EA8-7164718208D6,,,,,,,ODN0000141136,3,right_only
205444E7-0D16-4678-9BEA-CEABDE5423ED,,,,,,,ODN0000141160,3,right_only
03E6E39F-9940-4DDF-9199-4A5C2FA14D5D,,,,,,,ODN0000141158,3,right_only
FFE7C630-BD03-46E1-A432-3142B69B3D1E,,,,,,,ODN0000141049,3,right_only
D193ECD8-C3F7-450C-A5B9-DE7B98BC6614,,,,,,,ODN0000141162,3,right_only
F8ADA36F-3EE5-4B1E-8F6F-BCC848CD1983,,,,,,,ODN0000141163,3,right_only
C336A137-DCCC-497E-A7D7-A8FC66433296,,,,,,,ODN0000141153,3,right_only
CE119B64-4743-4B61-A582-0B52EF3858DC,,,,,,,ODN0000141170,3,right_only
A07EDEBB-E850-4F74-B20C-3EF02BBDE6B7,,,,,,,ODN0000141171,3,right_only
0BF4DD80-D9D5-48FC-BF70-271A0058B8C8,,,,,,,ODN0000141172,3,right_only
5EB1B9C8-0133-47F5-B479-2B91CC23B590,,,,,,,ODN0000141177,3,right_only
56404A75-A861-4BAB-9980-7AFF828F504C,,,,,,,ODN0000141182,3,right_only
F7B1F35A-9050-4658-8506-AF2CBEE40033,,,,,,,ODN0000141183,3,right_only
0E85D3C3-944D-475F-8522-2DC5F868946E,,,,,,,ODN0000141184,3,right_only
B2AA40AC-23E0-4764-866B-5CF744D90E1F,,,,,,,ODN0000141185,3,right_only
D06C91B2-2CD8-44B7-8ADD-CAD3E3E93CDC,,,,,,,ODN0000141186,3,right_only
61E04C17-5D5E-4C9E-8498-72C331BF1BFF,,,,,,,ODN0000141154,3,right_only
3ADE918C-54CE-4353-AA55-E29119DE59AE,,,,,,,ODN0000149899,3,right_only
345EDA19-CC01-4B40-B5C4-7A5FAE7B7D8C,,,,,,,ODN0000241687,3,right_only
58BCD8E3-E70E-4CFB-BE81-66046FD9DB87,,,,,,,ODN0000149908,3,right_only
F91B5CEB-E5BA-4682-ADE6-3D7F48F32653,,,,,,,ODN0000225942,3,right_only
59576A84-14B2-4DD8-864C-6D8E50D7E1B9,,,,,,,ODN0000149941,3,right_only
026606CF-33BA-4E35-8210-BC36650AF188,,,,,,,ODN0000149966,3,right_only
49F99A07-55B1-4747-8242-3412317AF687,,,,,,,ODN0000149981,3,right_only
6AD34F98-C01B-42E6-9351-536A8981EAEE,,,,,,,ODN0001244630,3,right_only
6579A0DB-1612-4DAD-ABC7-2867E06295F9,,,,,,,ODN0001244631,3,right_only
681318FD-2FAB-4083-B23D-7A37F5629671,,,,,,,ODN0000148905,3,right_only
D1E22DC9-9984-469B-ADA7-C432D6B96584,,,,,,,ODN0000148914,3,right_only
EA399606-DB7F-4DC3-BF12-1B50A8AB70C3,,,,,,,ODN0000148916,3,right_only
F2A2B81E-F7BB-47D3-B975-302B7A0D9F33,,,,,,,ODN0000148924,3,right_only
0446F129-465C-49C0-885B-557D6E08DA0E,,,,,,,ODN0000148925,3,right_only
0025C407-5E83-47C4-A922-0C9C6E5F3D50,,,,,,,ODN0000148935,3,right_only
0E9C1539-ED36-42B7-AF43-4FC787DFDDEA,,,,,,,ODN0000148945,3,right_only
76225BB9-7DB6-4C30-AB8F-103DB05682CA,,,,,,,ODN0000148949,3,right_only
43E3C532-EAEB-44D4-B6C7-864173E7A7EF,,,,,,,ODN0000148950,3,right_only
6BB0272B-31A2-4F29-8EAE-FA24AD975A14,,,,,,,ODN0000148952,3,right_only
05D28953-F8D7-4823-A9AE-4E235768BC08,,,,,,,ODN0000148953,3,right_only
6F025A84-798D-4582-9E5D-0F024CA4D6EA,,,,,,,ODN0000148954,3,right_only
EC682024-B3E0-4408-8D91-AA00938DF6A6,,,,,,,ODN0000148955,3,right_only
75C9195A-23F7-4D4E-B4FD-306D32C74719,,,,,,,ODN0000148977,3,right_only
E469BC44-AD70-4A61-8982-418133EF63BB,,,,,,,ODN0000148978,3,right_only
84839951-8D8D-4176-B157-F88560E681B1,,,,,,,ODN0000148995,3,right_only
8FEF2524-DC9B-4FD6-82A8-35A4A0AA7DFF,,,,,,,ODN0000149474,3,right_only
0B9B6199-7683-4BC1-BC8D-6E42A3A1A66D,,,,,,,ODN0000149012,3,right_only
4BE96774-60A5-42FE-97D2-DC920F9D67FF,,,,,,,ODN0000149013,3,right_only
EFDF7ABD-2B67-48C0-9CD3-D6C5087C7B6C,,,,,,,ODN0000149017,3,right_only
0E90D7A5-30B8-4D07-9D13-DF0E02EA631E,,,,,,,ODN0000082587,n,right_only
C1569218-3297-4DA7-AD53-9F28D88665AD,,,,,,,ODN0000082684,n,right_only
A1897806-741D-45EA-8181-AF493658151E,,,,,,,ODN0000082685,n,right_only
6B6966F9-B6AF-4F16-9E05-694F37ECFE1D,,,,,,,ODN0000082686,n,right_only
20F28379-4072-4363-9DF7-D3E266D2D3B3,,,,,,,ODN0000082658,n,right_only
42131876-1BCE-47E2-8545-4AD91A987BBA,,,,,,,ODN0000082659,n,right_only
ECC7EEAA-4677-4FB1-A048-C5CC8777AD58,,,,,,,ODN0000082660,n,right_only
AA814BC5-7BB4-4B0C-8FF2-35B88AF72944,,,,,,,ODN0000082588,n,right_only
65A4B267-2061-4C05-B6A6-C909B11B0EDB,,,,,,,ODN0000082661,n,right_only
DC97F94E-F325-4761-8D38-B17FE4BF74F0,,,,,,,ODN0000082662,n,right_only
C449DE3C-A683-412A-8997-F0551A5DC576,,,,,,,ODN0000082663,n,right_only
F5D86015-97AF-435C-BA0C-72838FA8A474,,,,,,,ODN0000082664,n,right_only
38141C2E-FBA0-4EC4-81E2-D2D5D8594308,,,,,,,ODN0000082687,n,right_only
0530924C-8591-46EB-A551-5224BC7758C2,,,,,,,ODN0000082666,n,right_only
2EE82152-E2E3-487F-A92B-725D27723E40,,,,,,,ODN0000082688,n,right_only
4B75C7AC-F23E-4013-9645-53C810A58164,,,,,,,ODN0000082689,n,right_only
8DB5F744-4E64-4F18-9B52-9584C8C8365D,,,,,,,ODN0000082668,n,right_only
95FF8E28-C8B3-43A7-A36E-C3A3A6B6056B,,,,,,,ODN0000082669,n,right_only
652F71C7-772A-4DCA-AD66-786B337A59D4,,,,,,,ODN0000082670,n,right_only
58C748BB-1608-43E2-8D83-54F711AABBCF,,,,,,,ODN0000082671,n,right_only
3963701E-9045-4619-BAF4-0CD9CD602964,,,,,,,ODN0000082690,n,right_only
A25CBDE5-9E85-4428-99BC-0B034929A1CC,,,,,,,ODN0000082672,n,right_only
ACC301FF-5865-448A-8F02-6130BFAFE24C,,,,,,,ODN0000082673,n,right_only
05CBB63D-2D9F-4340-A596-0D8ECE72630F,,,,,,,ODN0000082691,n,right_only
C97500DB-3A4D-4B77-9953-120E6C3059D0,,,,,,,ODN0000082674,n,right_only
9E2E1A3F-115C-44D8-BC41-1A6067D61EA3,,,,,,,ODN0000082693,n,right_only
4487F6EB-2016-4583-AF8B-3A5B6D42B1F8,,,,,,,ODN0000082694,n,right_only
4674B81B-2D87-4612-A583-2CE10EB1167A,,,,,,,ODN0000082676,n,right_only
0957DA4E-DD2F-469E-BDFF-B9B1A9422C21,,,,,,,ODN0000082590,n,right_only
E572EC2C-09F7-462D-8153-7C8A7493586F,,,,,,,ODN0000082591,n,right_only
F6C88B7C-85D3-4CD8-936A-12607F796910,,,,,,,ODN0000082695,n,right_only
64F42E1D-C88B-4CBA-BA65-C323BADB1067,,,,,,,ODN0000082678,n,right_only
5932E050-177F-4678-AC0A-084AD5075E0B,,,,,,,ODN0000082696,n,right_only
23FF06E0-219C-4D57-9F76-455A9ABE8A4B,,,,,,,ODN0000082679,n,right_only
BDB66864-6BE5-4583-A668-D3FF194A55C6,,,,,,,ODN0000082680,n,right_only
9EA6AC8B-4F64-4301-A129-CE428A28AC23,,,,,,,ODN0000082697,n,right_only
3AD38C22-8002-4145-A064-E22C0B14F0FC,,,,,,,ODN0000082698,n,right_only
B170D29E-4918-41CC-BE75-B7E5123EEADD,,,,,,,ODN0000082681,n,right_only
AAD894D6-DEF8-4BFE-8115-92824D26F26C,,,,,,,ODN0000082593,n,right_only
50941A64-82C9-452B-8340-02C511E65DC2,,,,,,,ODN0000082682,n,right_only
85B82B30-C2E3-408B-9C51-E03D37296B5D,,,,,,,ODN0000082683,n,right_only
9A95DCEA-64F9-42F4-B27F-25B744827CF2,,,,,,,ODN0000082703,n,right_only
BF74BBBC-0F03-42BC-889A-50DF2879084B,,,,,,,ODN0000082705,n,right_only
ACDE0071-0929-4C0D-BCBF-F96C49D50058,,,,,,,ODN0000082701,n,right_only
919B9982-88B3-44EB-AE93-01D0D8D0C15E,,,,,,,ODN0000082706,n,right_only
B623B97D-BABC-4005-B65A-A87813E6AD93,,,,,,,ODN0000082707,n,right_only
5421F096-625A-42D0-8A54-3EB7514A788E,,,,,,,ODN0000082708,n,right_only
DB30D33B-26AF-470A-B1AE-DA4C9463A3F6,,,,,,,ODN0000082709,n,right_only
7B4F956D-3F85-43DC-8CC8-C7BAE471B197,,,,,,,ODN0000082702,n,right_only
D5B4E0B1-6D2C-4435-BA9B-0870996E33FD,,,,,,,ODN0000082710,n,right_only
2C7E1AC1-937F-48EF-8570-7DB782397281,,,,,,,ODN0000082711,n,right_only
C204E5B1-841E-471E-875B-3C3693B2188E,,,,,,,ODN0000073216,n,right_only
432BF7F6-D4E8-4F6E-83BB-6BB27795EE9C,,,,,,,ODN0000073217,n,right_only
973C1C87-A9E8-432B-9B54-B4EF65082746,,,,,,,ODN0000073797,n,right_only
6821AE2C-9C52-4235-9D60-4B3F4E75CC47,,,,,,,ODN0000073142,n,right_only
EFA8494C-7439-461C-BD52-8219FD6C0DC2,,,,,,,ODN0000073246,n,right_only
3CEF09AA-1B0A-495D-B0A3-7EEA3F5530D4,,,,,,,ODN0000073219,n,right_only
AD18BE07-AEBA-4183-BFB0-E7196D108B07,,,,,,,ODN0000073856,n,right_only
7BE26A65-738B-4B73-B8F3-66903668F8CD,,,,,,,ODN0000073059,n,right_only
658C131A-BCB5-47B9-BCC4-26352A7E9063,,,,,,,ODN0000072913,n,right_only
2E8CB54F-44D0-4BBC-8BCC-778A8E70676A,,,,,,,ODN0000073950,n,right_only
64BA27D8-DD82-496E-B9BC-4DE9813B6D92,,,,,,,ODN0000073162,n,right_only
3542F5D2-D4B0-493F-AD38-720279B4C159,,,,,,,ODN0000072928,n,right_only
B04352F8-B6FE-44AC-8F72-CCE816165B85,,,,,,,ODN0000072918,n,right_only
F2CD58EB-20CE-4ABC-9ECF-9D6DAB2B7FAA,,,,,,,ODN0000072926,n,right_only
FDA3A83B-98C4-48F0-8904-DF70CC354358,,,,,,,ODN0000073007,n,right_only
F6D56063-CDBB-4715-A5EC-8DE82C318ECE,,,,,,,ODN0000073438,n,right_only
95F74927-4B30-4E3D-BF79-BD65DCB78822,,,,,,,ODN0000073951,n,right_only
CDBABCAB-4760-47E0-A7AD-EE44412EB512,,,,,,,ODN0000073706,n,right_only
54946305-C7F5-4490-8930-86F7ED2AE6FE,,,,,,,ODN0000073707,n,right_only
5901E469-742D-49DB-95FF-FE8D0BB66D3E,,,,,,,ODN0000073234,n,right_only
5B217625-F9C9-464C-87CD-A8C6CB9A2F01,,,,,,,ODN0000073708,n,right_only
2E559D65-41BC-4076-9715-B441EB785ED0,,,,,,,ODN0000072915,n,right_only
87D064B0-AF88-40DA-8BA2-2A6AF8A7D706,,,,,,,ODN0000073857,n,right_only
585C9050-F9CF-41D8-9C80-C8E78C409887,,,,,,,ODN0000073689,n,right_only
59A01459-D595-4D88-B0B5-7F7495AADB56,,,,,,,ODN0000073310,n,right_only
4D36A0ED-AA8F-44B9-BA91-23D09C07B980,,,,,,,ODN0000073311,n,right_only
7B454D9B-07BB-42F5-9094-1F060AF6F38E,,,,,,,ODN0000073139,n,right_only
32DAC9E3-3245-46E6-8943-EF16A6B8B1D7,,,,,,,ODN0000073709,n,right_only
4839169C-FFA7-48F9-9649-4B938A1EEC98,,,,,,,ODN0000073005,n,right_only
FDCF70BA-14CB-4E0A-A999-FE5B9FB48773,,,,,,,ODN0000073228,n,right_only
0762F775-E2DD-4B08-8EF5-15437E1E9FDB,,,,,,,ODN0000073008,n,right_only
C72D7AF5-8999-461B-9716-24F6FFB202E8,,,,,,,ODN0000073243,n,right_only
F3EE02E1-CABF-4B6B-A849-1ECE877E6E41,,,,,,,ODN0000073690,n,right_only
72B2A869-91BB-4750-9802-D5FE5B62B751,,,,,,,ODN0000073325,n,right_only
D026D830-9B98-457E-AC63-50B3C0B6C92C,,,,,,,ODN0000073726,n,right_only
C4BC0C5F-CA6E-4D05-A867-B9EFD2214F04,,,,,,,ODN0000073829,n,right_only
69BD562A-38B3-4EDE-8177-3BB5DFCBE956,,,,,,,ODN0000073631,n,right_only
AFEBA2C9-CADB-4342-917F-24D6A7B984D4,,,,,,,ODN0000073727,n,right_only
227806CA-E0C7-4EC1-90CA-F56CF91F7140,,,,,,,ODN0000072916,n,right_only
67D71293-EE40-4559-ACAB-6DF265AF4246,,,,,,,ODN0000073691,n,right_only
9E13EE21-572D-4BB9-B550-86B1E18AE13D,,,,,,,ODN0000073843,n,right_only
31BA6ED1-01F9-486E-9442-18AB6EDE7E47,,,,,,,ODN0000073632,n,right_only
B0DB122B-9419-488A-8740-E0CF8A3580A7,,,,,,,ODN0000073627,n,right_only
035F2C2F-4526-4C3E-974B-60CB5E4E6532,,,,,,,ODN0000073351,n,right_only
FD416E93-3CD3-4328-9895-FD09CE773A7B,,,,,,,ODN0000073439,n,right_only
97CE1D06-D7BB-4109-93E5-E6661E99F516,,,,,,,ODN0000073833,n,right_only
615BDC72-D1F2-44C8-AC0E-0297CAE79E1E,,,,,,,ODN0000074012,n,right_only
4A3605E2-8187-4569-BFA0-9D61DF0BBD4B,,,,,,,ODN0000073415,n,right_only
7AE6EB71-746D-48A1-8315-98954077D865,,,,,,,ODN0000073352,n,right_only
F0DE84E8-5411-47B9-9D4F-E139D9372C70,,,,,,,ODN0000073952,n,right_only
11D3C3F2-75BA-4BE4-80AC-C31956CAC22B,,,,,,,ODN0000073032,n,right_only
C4F9CC20-F470-4B4E-BB91-D15188D18D9B,,,,,,,ODN0000073033,n,right_only
740FF5EC-F120-418A-95A0-53A27311F63E,,,,,,,ODN0000073034,n,right_only
6D5E5163-EBAB-42EA-873B-44B0BE568985,,,,,,,ODN0000073035,n,right_only
041EC719-F60C-4007-83DB-59FF21ADC9CE,,,,,,,ODN0000073036,n,right_only
C7422B20-9420-4202-80B9-016635B9021C,,,,,,,ODN0000073037,n,right_only
F5649215-9B70-486D-BD2E-E0578B28D0B4,,,,,,,ODN0000073038,n,right_only
9AD1303D-D791-40EE-B0C4-65BF0E3AF8C2,,,,,,,ODN0000073039,n,right_only
9EB974BB-B7AC-4B62-8697-62308147DA69,,,,,,,ODN0000073040,n,right_only
90C5A20B-CB35-402A-9FC5-93BAB0FA95D0,,,,,,,ODN0000073220,n,right_only
97782698-07CD-4EC3-8EFA-133743926BC7,,,,,,,ODN0000073188,n,right_only
BF8A40C8-646F-496A-9760-B709B8781357,,,,,,,ODN0000073817,n,right_only
D2359438-4374-40C4-A56A-A2D653DF4C16,,,,,,,ODN0000073353,n,right_only
FC0A40DE-61B9-45BD-B2D3-263346B8A286,,,,,,,ODN0000073295,n,right_only
609E5F5B-584D-4F3F-9492-E6037C77576C,,,,,,,ODN0000073247,n,right_only
6AF3F076-D018-40EF-A4D4-8E640271A261,,,,,,,ODN0000073248,n,right_only
01225B51-CCB0-4612-B131-250387FEF89C,,,,,,,ODN0000073249,n,right_only
B9B28124-846C-4BF7-9985-2DD4422A49D1,,,,,,,ODN0000073250,n,right_only
F883A5C9-1089-402F-B430-C04C5AD2DCF5,,,,,,,ODN0000073296,n,right_only
7631294E-1667-43D5-9A19-320FB956B690,,,,,,,ODN0000073251,n,right_only
D35584D4-63C4-4C66-9076-006063626335,,,,,,,ODN0000073252,n,right_only
9B3014A6-9031-4C8B-ACE2-E264D3D33D9F,,,,,,,ODN0000073253,n,right_only
29EB493E-F9CF-4E19-929A-5CB512EE0EBB,,,,,,,ODN0000073254,n,right_only
599B1685-76D1-4706-A230-9ED298A2F8DE,,,,,,,ODN0000073255,n,right_only
A6793036-7A8F-4016-B369-0830DCE81C60,,,,,,,ODN0000073256,n,right_only
E30107CF-A106-46A2-A544-B993AB4A9D0C,,,,,,,ODN0000073257,n,right_only
B32D357F-C866-4065-8FFE-0EDCB19B3E47,,,,,,,ODN0000073297,n,right_only
4AD9F260-6A91-4D55-9C84-9270A077C32D,,,,,,,ODN0000073258,n,right_only
2E5F03DC-9DE1-43E9-AB84-5BC128F61D61,,,,,,,ODN0000073259,n,right_only
68465832-1CA3-4958-BF34-E8FC8AEB1E3B,,,,,,,ODN0000073260,n,right_only
85CED0BB-736E-4336-B955-0D669C39D156,,,,,,,ODN0000073298,n,right_only
F218DCC9-81B1-4EE7-8C73-8E953212BBB1,,,,,,,ODN0000073299,n,right_only
E282D060-DE05-4371-BA45-49DA90404A5B,,,,,,,ODN0000073261,n,right_only
AB97AE2C-B0B6-4471-BFD7-C46E8B7AE5C7,,,,,,,ODN0000073300,n,right_only
55ABCCF1-84C8-4E46-BFAE-87D007ED127C,,,,,,,ODN0000073262,n,right_only
F4C005E6-5D04-4790-8773-566004203A5E,,,,,,,ODN0000073263,n,right_only
61E3454A-67AA-4FA8-8668-ED15E3FD6718,,,,,,,ODN0000073264,n,right_only
5225AB36-82CF-4FC5-970E-45AE94CEACF8,,,,,,,ODN0000074013,n,right_only
DEB98840-8966-44A4-8661-4F2E446A5126,,,,,,,ODN0000073301,n,right_only
0216EF76-8326-4543-A022-9A87875C6022,,,,,,,ODN0000073265,n,right_only
44907109-4070-4D0B-916F-9C7A07BFB8F0,,,,,,,ODN0000073266,n,right_only
2BF3C2B9-460C-4DA9-9516-D1263418E757,,,,,,,ODN0000073267,n,right_only
E04DB0CF-C8AB-4CC3-8DA5-009BC9C74DC0,,,,,,,ODN0000073268,n,right_only
15FA32DA-7D2A-447E-8756-95A015FC506C,,,,,,,ODN0000073269,n,right_only
37D2D1BF-F5C4-48AF-A6FB-8ED3ACE23733,,,,,,,ODN0000073270,n,right_only
08A02D6A-D007-4601-AEC2-770B005E8130,,,,,,,ODN0000073302,n,right_only
04BEDF9C-97F6-4911-BB00-1D09DE0B3F3E,,,,,,,ODN0000073271,n,right_only
AD530340-6616-42E6-9949-8AB8A845728F,,,,,,,ODN0000073303,n,right_only
E4C79C68-91C4-46C3-9F99-0EA27363052A,,,,,,,ODN0000073304,n,right_only
08A7906E-A33A-449D-A0E3-C0F15FE25AEC,,,,,,,ODN0000073753,n,right_only
5349453F-F03A-4D22-952B-79280AEE4A98,,,,,,,ODN0000073272,n,right_only
95FC2E40-C2CF-43AF-8AEB-8FB4BFF7C7EE,,,,,,,ODN0000073273,n,right_only
CCD5FBB4-BB42-42E6-B85C-506EFE1BBBBE,,,,,,,ODN0000073274,n,right_only
7AD0201F-F1C3-4F6F-B171-B66EA4A1A22B,,,,,,,ODN0000073275,n,right_only
CA51428D-2285-427B-B73E-3F73DAE1FEA6,,,,,,,ODN0000073276,n,right_only
48112AEE-9CC2-4AEB-98A8-63DEE0F42246,,,,,,,ODN0000073277,n,right_only
544D8EE2-00D0-4FE7-94C9-F29C84CF6B94,,,,,,,ODN0000073278,n,right_only
C1E78A4B-580D-49D2-B592-4E9A136979D8,,,,,,,ODN0000073279,n,right_only
9180549D-0992-4B8C-9368-9E76098918A3,,,,,,,ODN0000073280,n,right_only
470D373B-D750-44DB-8BDE-242B0A23EEAF,,,,,,,ODN0000073281,n,right_only
938A298A-3618-49D1-84D7-E1F80E36501B,,,,,,,ODN0000073282,n,right_only
A41CAAC0-E528-4688-8698-54DC5A9F4835,,,,,,,ODN0000073283,n,right_only
C9C0DD50-DA72-4506-A280-FBEC0FA2D9D6,,,,,,,ODN0000073284,n,right_only
94FC4767-A27C-4BEC-9C9F-05DA547F30FE,,,,,,,ODN0000073305,n,right_only
802429A6-288D-426F-8BE9-D819D0F2D515,,,,,,,ODN0000073306,n,right_only
07E4C417-3B36-4FAC-B43D-5BCECA988503,,,,,,,ODN0000073285,n,right_only
F1C4F024-E4CE-421B-A66E-76D39B462851,,,,,,,ODN0000073286,n,right_only
D406CB17-1C4A-40B7-A8B6-C26956317278,,,,,,,ODN0000074067,n,right_only
91E5E38A-1A60-458B-A5EF-43EB50F77C53,,,,,,,ODN0000072416,n,right_only
4058003A-6FA4-4D8E-9B83-BFED0FB304EC,,,,,,,ODN0000073307,n,right_only
07F730FB-0163-412D-8D0C-E7150EECAA9A,,,,,,,ODN0000073287,n,right_only
559379FA-D9DB-43E0-8610-E73F24D5C01F,,,,,,,ODN0000073288,n,right_only
6EC30E72-C2C3-4F6A-948B-9CC1A773112A,,,,,,,ODN0000073308,n,right_only
3DD933CC-3F58-4AD8-B818-AF7CAB39575F,,,,,,,ODN0000073289,n,right_only
2684383C-7789-4C3D-B65C-AA543F5FFA94,,,,,,,ODN0000073290,n,right_only
05A5CAB1-1D30-46DC-A9EE-2A8542F70B40,,,,,,,ODN0000073291,n,right_only
AAEC6D43-629C-4288-9086-B4B803CF4F5C,,,,,,,ODN0000073292,n,right_only
94483F1B-577A-40F6-B43F-604223351941,,,,,,,ODN0000073309,n,right_only
D52C357C-AA6C-449A-B642-E538149A54C6,,,,,,,ODN0000073293,n,right_only
1501A350-9849-49F1-9322-9868EA0AA42B,,,,,,,ODN0000073294,n,right_only
099C15A9-558C-4551-BD72-D04FEF62DBF8,,,,,,,ODN0000073440,n,right_only
B2749AAF-7050-409B-96A6-C809A982BCD2,,,,,,,ODN0000073489,n,right_only
FA41411F-27D0-4DEE-94E5-93F470E2E951,,,,,,,ODN0000073498,n,right_only
6796270E-3B30-4105-AF7F-60C1BC36FA54,,,,,,,ODN0000073901,n,right_only
F3B88F1F-8FC9-42E5-93E5-050E3A0C0749,,,,,,,ODN0000072214,n,right_only
8517416E-7349-4FB8-BFFA-45839B5B9794,,,,,,,ODN0000073132,n,right_only
D8BB24F3-86AB-42D2-B80D-A4FD6C191EA4,,,,,,,ODN0000073163,n,right_only
61E0C714-B536-4C4E-A8E8-A4D3D8DFA977,,,,,,,ODN0000073312,n,right_only
1F509DF7-21C1-4281-AB86-E93DC0783D83,,,,,,,ODN0000073164,n,right_only
1991A38D-FF05-446F-9B5B-1D0206D2E1F2,,,,,,,ODN0000073858,n,right_only
2FA71136-6A9B-488C-B243-F0D09271B613,,,,,,,ODN0000073441,n,right_only
E148FE22-8C70-40B0-837E-8948D8425414,,,,,,,ODN0000073953,n,right_only
CD30EA12-3BF2-4528-9A34-5A6BE202D849,,,,,,,ODN0000072929,n,right_only
ADFE4634-9584-46B5-AAF7-8212118918C8,,,,,,,ODN0000073813,n,right_only
6A725FCD-9342-4E3B-A90A-14B5A570CC16,,,,,,,ODN0000073060,n,right_only
4A2D606F-7BD4-4542-BB0B-C1810B8B0CC5,,,,,,,ODN0000073954,n,right_only
21BEAD3C-E415-4E75-9D8A-62E9F0AF8CF1,,,,,,,ODN0000073655,n,right_only
4F765727-9213-4FEA-95A3-CE5F92F10506,,,,,,,ODN0000073902,n,right_only
38B9C2DD-A898-4E48-94DA-6C7B957CED23,,,,,,,ODN0000073955,n,right_only
CFEBAC53-F0EB-4A2E-8266-CDC985D767FC,,,,,,,ODN0000073189,n,right_only
0B637875-9857-4FC4-9898-748C972A0D57,,,,,,,ODN0000073956,n,right_only
918A96E9-6911-4D66-93C2-36DEA67A37AE,,,,,,,ODN0000073442,n,right_only
6EED1158-6BAF-4110-BBCA-9B1D03AE8A5D,,,,,,,ODN0000072930,n,right_only
9BF6C33E-5EA0-4544-A3E1-EA882F9256CB,,,,,,,ODN0000072917,n,right_only
C144030B-D061-460C-BBBD-1F4E0DAF54FF,,,,,,,ODN0000073187,n,right_only
6F7AEEDA-4680-46AC-8910-266B163492AF,,,,,,,ODN0000073186,n,right_only
E25B6333-BE09-4099-91C0-82F226C619F2,,,,,,,ODN0000073009,n,right_only
EC943A17-134E-4C87-A9DC-9E98B753F25C,,,,,,,ODN0000073903,n,right_only
DF575C5C-F0F5-416D-9E95-ACF733D9DA33,,,,,,,ODN0000073957,n,right_only
3C01871C-EF7B-4A7A-9F7E-ABB02980E163,,,,,,,ODN0000073958,n,right_only
5F98BA97-F099-426F-8923-E7FF1293FA4C,,,,,,,ODN0000073959,n,right_only
4C839B30-0ABE-498D-A999-57DB4B118DD4,,,,,,,ODN0000072950,n,right_only
C841C664-36E7-4B6C-B8EA-E16BEAE17A7D,,,,,,,ODN0000073412,n,right_only
2966C226-D6E1-4C20-9CB2-29CBA6D8BA79,,,,,,,ODN0000073960,n,right_only
69CC62EE-DD55-42E4-A5DE-DFDCDED6439C,,,,,,,ODN0000073710,n,right_only
1F1CFBC8-B616-4A39-ABEE-2D5702944488,,,,,,,ODN0000073324,n,right_only
5F70E32E-9769-4F69-960C-11E861B54AE1,,,,,,,ODN0000073156,n,right_only
C2363167-4332-42AB-BA26-DD49A07187B0,,,,,,,ODN0000073533,n,right_only
22EBA8B8-8FC4-421F-A804-254566FDC443,,,,,,,ODN0000073814,n,right_only
6C668436-54B6-4272-981B-E162C92022A6,,,,,,,ODN0000073844,n,right_only
EA0F1F0A-FF80-4880-8547-DFE34CD93A3C,,,,,,,ODN0000073776,n,right_only
0E63FD5B-E7DB-4D60-8C69-5910829081F7,,,,,,,ODN0000073484,n,right_only
3CC88313-2223-4E33-8A85-C43667302A7D,,,,,,,ODN0000073961,n,right_only
B5CC8EA7-4DAD-4EF6-81F0-B06ECA321C91,,,,,,,ODN0000072941,n,right_only
1A26B2E7-619D-4731-B153-4154EBB73472,,,,,,,ODN0000073859,n,right_only
4763C4DC-80EA-4A73-98A5-805A0DBDF836,,,,,,,ODN0000073711,n,right_only
BA355598-F482-423E-AF04-2589563C802B,,,,,,,ODN0000073443,n,right_only
8EA60FA4-AC8C-4DA0-AC32-041FACF397F4,,,,,,,ODN0000073190,n,right_only
78D5EA1D-50A1-4415-84C6-18AD37F3BAEC,,,,,,,ODN0000073413,n,right_only
FE2A7B66-EE33-4CA5-924A-FE5C173056BB,,,,,,,ODN0000073742,n,right_only
125EA553-5B9A-4487-BE54-03A36F856AFA,,,,,,,ODN0000073845,n,right_only
581F5F98-4388-460E-BB75-16E66D4571C6,,,,,,,ODN0000073743,n,right_only
9A4B30FE-1EB7-4288-A85B-8F65C6419D1C,,,,,,,ODN0000073744,n,right_only
3A3A888D-B0A5-4F4F-A1B1-E596A3323786,,,,,,,ODN0000073754,n,right_only
8DBE007F-1DC3-4E63-AFFF-B19AD38C593E,,,,,,,ODN0000073904,n,right_only
5473A194-66C9-428F-9FC2-B12594D5C63F,,,,,,,ODN0000074046,n,right_only
26A4BEEE-0B18-48C6-A99A-4597449ECC77,,,,,,,ODN0000073444,n,right_only
B42372D0-3147-4A46-8273-BEEFEB4443B0,,,,,,,ODN0000073777,n,right_only
ACD7B7E4-ACDB-45B7-8E48-01F042AFF590,,,,,,,ODN0000073860,n,right_only
AA5CF655-3BCE-47D2-93E7-6A559A066B14,,,,,,,ODN0000073656,n,right_only
D415A493-B50B-42BD-BF09-066A8D379C7B,,,,,,,ODN0000073445,n,right_only
7B5DFE31-E1F3-4972-A55A-8A8143184CF3,,,,,,,ODN0000073815,n,right_only
A237E312-1259-465A-B13C-8C436ACA7D97,,,,,,,ODN0000073238,n,right_only
FB097DDD-ECC0-4CE2-AE5D-CC8565F66856,,,,,,,ODN0000072931,n,right_only
4FF89DF3-0EC1-4BCD-89B4-9DE888F9966C,,,,,,,ODN0000073446,n,right_only
84C96C6F-1DBD-4E9B-8082-6B526D751B6A,,,,,,,ODN0000073633,n,right_only
14C51232-799E-46F8-BCF3-C4262FBE69DA,,,,,,,ODN0000073052,n,right_only
DB79050F-84E7-42FB-ABC0-0B36323F6157,,,,,,,ODN0000073313,n,right_only
CBA24E91-C76C-4FA6-9034-545951254DC9,,,,,,,ODN0000073191,n,right_only
3A90373D-4602-4931-B389-2E356A66BDA6,,,,,,,ODN0000073192,n,right_only
B1A5671C-C02E-47E6-98A6-9C0E813E09B5,,,,,,,ODN0000073193,n,right_only
D1B4AB9E-33C0-4E41-9395-ACD9A752326C,,,,,,,ODN0000073534,n,right_only
CE9DF084-F91C-4AA7-8114-9F3120A708FC,,,,,,,ODN0000073354,n,right_only
2762B1D0-8E0F-41E9-A662-92BADD39FED5,,,,,,,ODN0000073905,n,right_only
16343E8F-BA4B-489C-A850-07D3D0D790AC,,,,,,,ODN0000073447,n,right_only
6381F854-078D-4A42-ADAB-37336B15E0B8,,,,,,,ODN0000073235,n,right_only
EFE9F45B-D498-4371-B355-5AB0CE75C151,,,,,,,ODN0000073906,n,right_only
C8302940-87FF-460E-9414-103E7BFF99A5,,,,,,,ODN0000073962,n,right_only
27DA2EE8-046A-4958-A50C-75210AB98B8D,,,,,,,ODN0000073355,n,right_only
2B13FABF-5791-4BB6-9C9C-32AC54374216,,,,,,,ODN0000073161,n,right_only
84AC82A7-82FF-4644-932B-08E011D245BC,,,,,,,ODN0000073535,n,right_only
8A3BC3EE-D583-4B48-AC99-7C2AFE5CD89C,,,,,,,ODN0000073536,n,right_only
FB513A43-05C3-4C55-9EBE-3EA4AE07F98D,,,,,,,ODN0000073448,n,right_only
1C149EEB-6158-4C78-8495-24E993E3238D,,,,,,,ODN0000073907,n,right_only
C01F8B96-D3B2-481A-A8CA-53CCE171AAD7,,,,,,,ODN0000073799,n,right_only
0BFADAF5-B19B-4BF9-8F44-A84FF9DF59F5,,,,,,,ODN0000073356,n,right_only
8771C4EE-D6A2-458B-A72B-38A1399F9E24,,,,,,,ODN0000073357,n,right_only
81F09268-90BD-4ECC-975C-85F0CB32D3C0,,,,,,,ODN0000074014,n,right_only
6D5AB08A-786D-41C8-9752-113FB2EF3720,,,,,,,ODN0000073358,n,right_only
1559B7EB-A652-433B-8538-F31BD6D4C6E3,,,,,,,ODN0000074015,n,right_only
B282EE12-234D-4012-B9AD-3706E9FB0637,,,,,,,ODN0000073692,n,right_only
A3658A93-8307-405C-B53F-6FFB1E5D4643,,,,,,,ODN0000073518,n,right_only
43A4FE32-91D1-40D7-A081-E4B34E5400C6,,,,,,,ODN0000073490,n,right_only
DE817D29-09B1-498F-A76B-A05B21CD1274,,,,,,,ODN0000072399,n,right_only
8BD880D0-2594-48D0-8572-471F64D8E9C9,,,,,,,ODN0000073861,n,right_only
03F66C4D-2558-4818-8396-909CEB5E45E7,,,,,,,ODN0000073634,n,right_only
FBDFBD0A-92CF-4A2A-AC77-F0C2FE759AF5,,,,,,,ODN0000073778,n,right_only
0045FF46-FCF4-4898-94B0-9AF351F340AC,,,,,,,ODN0000073963,n,right_only
6BD129D0-75C2-4208-B0C2-BF6890CB182E,,,,,,,ODN0000073964,n,right_only
0EA9FD9F-984F-4E92-A236-FDF6CBFB8575,,,,,,,ODN0000073519,n,right_only
2A6D900F-DA43-405A-9461-6B2232DA01DA,,,,,,,ODN0000073143,n,right_only
7E78B627-82EF-4A6E-AEBC-90E120EF0F57,,,,,,,ODN0000073852,n,right_only
2F2274B8-58C7-4A6E-9668-3C720EEC87A7,,,,,,,ODN0000073499,n,right_only
1774C364-412D-450D-8E3D-622A39C4E173,,,,,,,ODN0000073735,n,right_only
BAB9B105-706C-48A1-9B12-3AD4F4F85A1E,,,,,,,ODN0000073840,n,right_only
AE00C654-5A65-4FA3-A019-5E82FDC10B16,,,,,,,ODN0000073449,n,right_only
A12FB87E-304C-49EA-A486-709AC0F93E00,,,,,,,ODN0000073359,n,right_only
4F6B19EB-83CD-41BC-B62F-68EB9899F5ED,,,,,,,ODN0000073908,n,right_only
77539F7A-6B87-4F0C-A7A6-107AC6A94821,,,,,,,ODN0000073758,n,right_only
6B87EF37-BCFC-45CB-98F6-EEF29EED917A,,,,,,,ODN0000073520,n,right_only
E0BF1C62-E69D-4B1F-81D1-552C319B3AC7,,,,,,,ODN0000072932,n,right_only
508010FF-D010-4456-B163-52CADECCA306,,,,,,,ODN0000072942,n,right_only
4131B53A-B44D-4671-B035-E27E8E921B92,,,,,,,ODN0000073779,n,right_only
C26B5B4C-5649-4166-8A25-D20D33896D52,,,,,,,ODN0000074040,n,right_only
44369EB5-D869-4547-B578-3F83B5DBA5C4,,,,,,,ODN0000073909,n,right_only
9F711A75-41F8-4371-9F1B-6ABE8034023C,,,,,,,ODN0000073910,n,right_only
94729961-A88E-42A9-835C-759DC08EA405,,,,,,,ODN0000073911,n,right_only
C960C459-0E25-453B-850B-F0D7C0D9986A,,,,,,,ODN0000073450,n,right_only
26A62085-B4E3-49A0-9965-EF59FA5F95EC,,,,,,,ODN0000073345,n,right_only
F7BB4785-BA66-46E7-9186-402938525BC5,,,,,,,ODN0000073010,n,right_only
2B9FD680-1B0F-4DC2-BEA7-49ABAB922F8D,,,,,,,ODN0000073807,n,right_only
248D0D58-EE1A-4F18-B4D8-7C527F214081,,,,,,,ODN0000073761,n,right_only
69F45F84-7BC4-4277-B449-1673440C3F94,,,,,,,ODN0000073965,n,right_only
4B813BA9-0473-4240-8BAF-5E12ABF076D7,,,,,,,ODN0000073755,n,right_only
239BBC4D-FE5A-42F5-A696-09531E19399C,,,,,,,ODN0000073966,n,right_only
61464355-8671-44D9-9113-9163DC50F36D,,,,,,,ODN0000073314,n,right_only
D73E5BCB-351E-4582-A9FB-32BB7CFA6583,,,,,,,ODN0000072910,n,right_only
7B21FBD9-FB30-45E6-BD05-59B9F4ED2428,,,,,,,ODN0000072417,n,right_only
9C6B5BDF-86DF-4B62-BDC4-57693D6E0D36,,,,,,,ODN0000073011,n,right_only
97948943-C6A3-46EA-A37A-0D2B46552423,,,,,,,ODN0000073798,n,right_only
47DD4FD9-6DD9-4954-96B6-E8163DE3BAF9,,,,,,,ODN0000073521,n,right_only
304FB566-D25A-4045-A8B5-2FBBF5C8A120,,,,,,,ODN0000073500,n,right_only
CBB54224-8583-4631-B9A3-B1FAD77C1559,,,,,,,ODN0000073495,n,right_only
9CB0B38A-88FE-4E66-9181-DCD7D13B6471,,,,,,,ODN0000073862,n,right_only
C70CF55C-06CD-42E5-A271-210D45B29216,,,,,,,ODN0000073751,n,right_only
5A3FBAA9-82DE-47FC-B673-18A26BA4BDE9,,,,,,,ODN0000073501,n,right_only
281F02F9-5C74-49C3-A286-F20AEF7E1553,,,,,,,ODN0000073863,n,right_only
D178D084-7841-4CF7-829B-B11EDA5F56D4,,,,,,,ODN0000073967,n,right_only
650C0839-6FA3-4AB8-9F71-662880561847,,,,,,,ODN0000073502,n,right_only
F8878879-7A98-4E2C-94BA-129CA36A8DEE,,,,,,,ODN0000073864,n,right_only
9CE9EAED-45D1-4B3A-A70B-90394B1D6128,,,,,,,ODN0000073912,n,right_only
1DCFABC2-D71A-404C-A3C3-87F04B869F6D,,,,,,,ODN0000073865,n,right_only
EF66BD54-5C6E-41D6-A72B-A07CE1AE319F,,,,,,,ODN0000073968,n,right_only
8CD64416-2475-4EBE-87D2-3D34A3C0C2EF,,,,,,,ODN0000073503,n,right_only
916CB807-8F40-4BF2-B210-8137967013EB,,,,,,,ODN0000073866,n,right_only
878DAE0B-D26E-497E-AFAC-C3D03BDC1565,,,,,,,ODN0000073504,n,right_only
69A9C38D-DD1A-4E94-ACCF-C3644EB4D8AB,,,,,,,ODN0000073867,n,right_only
100599ED-5A63-44EB-9569-7C59429B7A89,,,,,,,ODN0000073049,n,right_only
2349673F-447D-4F6A-AB5B-4CE2987D3FDE,,,,,,,ODN0000073657,n,right_only
681E3F0D-9B36-4E2D-9947-953A1C5310C8,,,,,,,ODN0000073868,n,right_only
98686A4F-A2DE-4A40-A1E7-6957B06F094F,,,,,,,ODN0000073869,n,right_only
0FA3D835-860D-4E7C-ABE5-905C1753F0F9,,,,,,,ODN0000073870,n,right_only
5BA4DED9-7E30-49C6-BBF0-C9D7ABBF5EA6,,,,,,,ODN0000073913,n,right_only
BE0CC616-D725-4852-AAA0-C68ABD7AB3B9,,,,,,,ODN0000073505,n,right_only
DF99F93F-759C-43C4-9ACA-69EAB8E0342C,,,,,,,ODN0000074055,n,right_only
BDE44495-30F9-4FF1-B944-A15DDAC203B9,,,,,,,ODN0000073537,n,right_only
3EFB57FF-5359-4C75-9A68-2AB4355A5622,,,,,,,ODN0000073969,n,right_only
D60D8B9D-C673-451E-A6C5-F00541B4564F,,,,,,,ODN0000073970,n,right_only
B0448318-7284-4597-BE37-D2B8E309336A,,,,,,,ODN0000074047,n,right_only
25C6C783-1311-4E7F-8DF1-7F82A21FAF34,,,,,,,ODN0000073971,n,right_only
BBA0E499-8B57-4B66-B703-9B72F4362BA4,,,,,,,ODN0000074071,n,right_only
B02FA06A-0BC3-4C59-8AB0-6106338302DB,,,,,,,ODN0000073538,n,right_only
1B2A7EDE-533A-4B99-AA94-CBB773746EAC,,,,,,,ODN0000073972,n,right_only
E56AD865-EB09-42F4-8228-456ACAD58886,,,,,,,ODN0000073140,n,right_only
A6E4A9E4-E2E0-41A1-9975-81CD8387710F,,,,,,,ODN0000073973,n,right_only
BEC6B402-4340-42D1-BC3C-1E1BDD7F79CC,,,,,,,ODN0000073416,n,right_only
5636CC05-D200-4663-AE42-AB0E6F061977,,,,,,,ODN0000072400,n,right_only
7F44C00A-896E-4B94-A38E-6DB99402FDAE,,,,,,,ODN0000073506,n,right_only
D8955A5C-D21B-4439-9366-3448913A6FE5,,,,,,,ODN0000073914,n,right_only
6A8A02AD-4BD7-407C-A770-548DEAB7C342,,,,,,,ODN0000073693,n,right_only
5B857DC2-04AE-45C9-BF5C-73EDB05190E5,,,,,,,ODN0000072919,n,right_only
51A8C10F-0DDC-40EA-8C90-28AD35460620,,,,,,,ODN0000073225,n,right_only
A5C5F006-2747-4E1B-AE08-0E2C62D98344,,,,,,,ODN0000073756,n,right_only
75519FC7-1F9A-43CB-ABEE-04957AD8A59E,,,,,,,ODN0000073762,n,right_only
89A53240-4140-46CD-B6D8-E0471B142335,,,,,,,ODN0000073133,n,right_only
D4941CEC-9361-47E0-A742-0F240E05AF23,,,,,,,ODN0000073712,n,right_only
D987BC18-E2C0-4BFF-B536-A34A466D8E44,,,,,,,ODN0000073360,n,right_only
7E5CF6FE-4ED1-4C49-BBFD-206AED051A86,,,,,,,ODN0000073451,n,right_only
8F7C1489-3013-4F97-9CCE-97FFCC2368A5,,,,,,,ODN0000073452,n,right_only
233E7D74-3FD7-4A46-AEBE-C7479CA7C483,,,,,,,ODN0000073453,n,right_only
A54E459C-5EEA-4A31-897E-F90BEBAB5094,,,,,,,ODN0000073194,n,right_only
942940B2-0954-40C8-BE34-69394FD49B7E,,,,,,,ODN0000073195,n,right_only
272447BB-DC4C-427A-BC98-16C4D6A827C3,,,,,,,ODN0000073196,n,right_only
AC05D615-8664-450F-A6A7-2A89A51D633A,,,,,,,ODN0000073012,n,right_only
50C78A03-D93D-4EB8-9DE9-6F4803B22333,,,,,,,ODN0000073871,n,right_only
89C55D30-A803-479E-91E6-1D8DF14B7AAF,,,,,,,ODN0000074056,n,right_only
E28F263E-DD12-4703-8C86-FEA8E8D32E7F,,,,,,,ODN0000073974,n,right_only
85F01CDE-5F52-4380-BE89-09BF67B33735,,,,,,,ODN0000073763,n,right_only
5BFC3D43-4768-4824-8DE4-6E585D4113F3,,,,,,,ODN0000073197,n,right_only
8E15CA3A-827C-45BA-BFC8-4E20040C7274,,,,,,,ODN0000073236,n,right_only
B195A4CC-DF2B-4766-AADC-70208EAD805F,,,,,,,ODN0000074048,n,right_only
47BFDD81-0F90-468C-8573-9A1D3F3CBB57,,,,,,,ODN0000073694,n,right_only
F9A2002F-6767-4664-A193-F7316EF619B0,,,,,,,ODN0000073315,n,right_only
8FE7DDAA-0077-4806-BB58-3CBB940E1EB6,,,,,,,ODN0000073491,n,right_only
C0F1143A-7EBC-4F4E-B085-3BC7FF796B57,,,,,,,ODN0000073841,n,right_only
58698FF6-2940-4BB1-9284-56BD39C26B19,,,,,,,ODN0000072933,n,right_only
88B6105B-4590-4866-AC68-B175C105A709,,,,,,,ODN0000073316,n,right_only
0742F371-EDEB-4517-8F91-D1007CF41731,,,,,,,ODN0000073713,n,right_only
16A5AF32-C271-41B1-BAB0-891BB65FDC9D,,,,,,,ODN0000073361,n,right_only
32D9124A-50CC-4900-89D4-DE8B062A85C8,,,,,,,ODN0000073362,n,right_only
F453B789-7C44-4C6D-B24C-679BC2BA81A6,,,,,,,ODN0000074057,n,right_only
597F99AC-E99A-401E-8675-0CF1A424E2F6,,,,,,,ODN0000073736,n,right_only
30E94821-7B9E-42C8-9C4C-C51E5AFFEEE4,,,,,,,ODN0000073745,n,right_only
24269062-8D56-4FA7-BF9D-858C261E7D34,,,,,,,ODN0000073144,n,right_only
81099766-D6DD-48D5-B6A2-273238D14D5A,,,,,,,ODN0000073198,n,right_only
5CF35C97-1E8D-481B-AF3F-3576B3740FB3,,,,,,,ODN0000073522,n,right_only
599E565F-0567-47B3-A6FD-CED88C5F5F05,,,,,,,ODN0000073199,n,right_only
165C2A96-D2DA-4955-B773-99FE181BB71C,,,,,,,ODN0000073975,n,right_only
A7C0F86A-01C9-4622-8D2A-800E940FFC20,,,,,,,ODN0000073363,n,right_only
3DBE4E9E-F837-4E36-AB9E-7CADF1DD4AE6,,,,,,,ODN0000073614,n,right_only
3495CC31-3B37-4ADD-A329-2657B35A0872,,,,,,,ODN0000073976,n,right_only
87A0823B-D9D4-4C84-B928-D48B37F6BF3F,,,,,,,ODN0000073650,n,right_only
C31EE10D-391B-4E1F-9D2C-C5EAE53694DB,,,,,,,ODN0000073872,n,right_only
585534D7-9A23-4C07-AC06-31E102549C02,,,,,,,ODN0000073042,n,right_only
DE5FE027-F564-4B02-A5E2-0ED02DD1B355,,,,,,,ODN0000073539,n,right_only
F5F958DB-B88F-4AB6-ADB1-717D1539A9A1,,,,,,,ODN0000073165,n,right_only
1E93EC3B-E6E1-4124-A79C-CDA606B26DEC,,,,,,,ODN0000073658,n,right_only
3399BAB6-0BB3-41EF-B0B1-03449FBCE34E,,,,,,,ODN0000074049,n,right_only
3427EB8B-3261-40B0-B149-A3925868D91A,,,,,,,ODN0000073705,n,right_only
902D03B3-B3E6-430D-A2BD-EC1E50459062,,,,,,,ODN0000072920,n,right_only
EF5A814B-C51B-40D2-AC5A-381A39DE767F,,,,,,,ODN0000073659,n,right_only
97933BFC-4650-4E05-AF8C-951F4E823B98,,,,,,,ODN0000073977,n,right_only
0710B6D3-A9AA-40B0-A241-F03792259756,,,,,,,ODN0000073053,n,right_only
AA97ABC8-7C0F-417B-92AE-967C73BE4FB9,,,,,,,ODN0000073978,n,right_only
8C225E6E-CFDB-4AB0-B6FB-A0CA7BE24FEA,,,,,,,ODN0000073054,n,right_only
8A16FE4D-79EC-4A12-9BD2-EFEAB1FC4C8F,,,,,,,ODN0000073635,n,right_only
E5A215FD-FE3A-48BF-A1A1-0E7211FEEC15,,,,,,,ODN0000073507,n,right_only
CD497EEB-FA20-4A92-9782-68277DF0CED0,,,,,,,ODN0000073540,n,right_only
F9325B71-DE09-40FE-B309-22142E7DB4F9,,,,,,,ODN0000073364,n,right_only
6D3C7CCB-B874-4547-B480-A86776C65F37,,,,,,,ODN0000073365,n,right_only
8E870E87-9DE2-4259-9553-BCFE17F7672F,,,,,,,ODN0000073366,n,right_only
BBFE8E71-4CE3-41CC-8B0B-AFD9A86E6530,,,,,,,ODN0000073367,n,right_only
8AE295DC-267A-4DAD-8D34-CCBCAEDDB449,,,,,,,ODN0000073417,n,right_only
99652FAE-93D0-4D91-B0B3-70CE5FA3E8CF,,,,,,,ODN0000073368,n,right_only
EF77B1B3-7CE0-457D-9C90-3D3E64BE92B4,,,,,,,ODN0000073369,n,right_only
BC1316E3-037D-42E1-BDCF-C44AF9D4E997,,,,,,,ODN0000073370,n,right_only
4954A57B-8C03-4A57-8565-E8178C2B7A64,,,,,,,ODN0000073371,n,right_only
1749FF93-5D1B-47A7-B6D9-C8A1FD165515,,,,,,,ODN0000073372,n,right_only
D876C8B7-674E-428A-9DAD-95460CCBF8EF,,,,,,,ODN0000073373,n,right_only
02E14DAD-C1DE-41EC-BB31-2F1B54265778,,,,,,,ODN0000073374,n,right_only
8F7C85DA-D83C-4EA0-8956-3CEEDBE6C5F6,,,,,,,ODN0000073134,n,right_only
D0973202-EFF3-4658-8243-C898C0B8540B,,,,,,,ODN0000073226,n,right_only
56CA2A98-0EB2-461B-9FAD-D5E0FE462F91,,,,,,,ODN0000073979,n,right_only
20430251-A456-4DC6-8F46-AEE45DA594D2,,,,,,,ODN0000073980,n,right_only
D4BA155E-24A6-4AD4-A668-9F08358CB06A,,,,,,,ODN0000073375,n,right_only
550AACEF-C214-43D3-A5D6-4F40B78355F5,,,,,,,ODN0000073915,n,right_only
DA24BAA8-80B0-4544-8329-ED67012342C5,,,,,,,ODN0000073916,n,right_only
25C3FBCC-A0B1-4855-A90F-796BC61FD101,,,,,,,ODN0000073061,n,right_only
9F2A6B9E-EFF1-4F9F-87C9-5FAFF5C537EA,,,,,,,ODN0000073541,n,right_only
EEA8679F-EB3E-41D7-8F78-4B87631C19F0,,,,,,,ODN0000073376,n,right_only
C33727C8-ABC0-40C2-A003-D4C2BE3FF7BC,,,,,,,ODN0000073636,n,right_only
426A5944-6007-4646-8448-876EE0ACDC0B,,,,,,,ODN0000073714,n,right_only
E53AC52F-476A-4C32-90C3-2F2A364A1DC5,,,,,,,ODN0000073179,n,right_only
A9259B44-DB5F-4801-AE2A-9B37B45B50AE,,,,,,,ODN0000073377,n,right_only
0169EC6B-1B5B-4591-A90E-B3C22060325F,,,,,,,ODN0000073695,n,right_only
7BD86F1F-C3A1-445F-A2F8-9D266DD31D63,,,,,,,ODN0000073981,n,right_only
1A60B8CC-5DB2-4860-A57E-2E5F73FB982F,,,,,,,ODN0000073873,n,right_only
379DCE32-C122-4A0F-BA03-D9CF6BDAD22F,,,,,,,ODN0000072921,n,right_only
582D2825-D15C-4425-ADDD-63EC8D2D0E55,,,,,,,ODN0000073166,n,right_only
ADF07EF0-6B1E-4403-8862-0544F382FD5C,,,,,,,ODN0000072414,n,right_only
C7C33609-0D2F-4F29-82B3-B04BB54FC3B7,,,,,,,ODN0000072911,n,right_only
889E5836-899A-4E51-9A1F-CDC91433C95C,,,,,,,ODN0000073746,n,right_only
0423FFE7-D192-4214-9DDA-193B54033173,,,,,,,ODN0000074042,n,right_only
D71F7E3D-1FBB-4E25-8122-17D894B79351,,,,,,,ODN0000073818,n,right_only
1C630E16-5C8E-4870-8EC3-917A9B3FBB9B,,,,,,,ODN0000073542,n,right_only
65F2826A-82B1-4B74-A39A-80A64E977184,,,,,,,ODN0000073062,n,right_only
2B548F6D-64C5-438D-AF80-F2F8BEE0F229,,,,,,,ODN0000073543,n,right_only
F86A04A9-2734-43FF-AE45-DC309648D51F,,,,,,,ODN0000073544,n,right_only
F2E75102-5CE9-4E95-B942-6212ECB0D4D6,,,,,,,ODN0000073545,n,right_only
86764C6E-AF9B-45CC-934A-DB40CB38627C,,,,,,,ODN0000073043,n,right_only
0550C4B1-EC04-4645-8173-90823D9D20FA,,,,,,,ODN0000073874,n,right_only
73560B4C-81F3-4159-B8A3-13EA7A9718FC,,,,,,,ODN0000073200,n,right_only
A34A890E-91BE-4088-90FF-54D2D9BDCCBA,,,,,,,ODN0000073982,n,right_only
5C7167BB-C277-47AA-8178-312590AF97C3,,,,,,,ODN0000073454,n,right_only
7A1F6D0E-E5C2-4E6E-802A-E0C6D31EC1E5,,,,,,,ODN0000073145,n,right_only
9E2784A6-C99B-4262-9DF2-042800665034,,,,,,,ODN0000073146,n,right_only
712E0913-5DFD-4825-85D7-104CBC189115,,,,,,,ODN0000073780,n,right_only
6AD25024-D929-4D51-97C7-A7BF05BA0276,,,,,,,ODN0000073875,n,right_only
2DE7D523-10FC-4BCE-BFF7-D20D9746069E,,,,,,,ODN0000073523,n,right_only
CDCBDD5C-9610-4617-A6E9-69BFE7CF29E1,,,,,,,ODN0000073876,n,right_only
F006E921-7E39-4B4A-BEEE-3156E3FD6454,,,,,,,ODN0000074041,n,right_only
6D2D1903-9FA1-494B-998E-6A9145B9242E,,,,,,,ODN0000073917,n,right_only
A046FA59-E6EF-4982-B004-94CE2D97A7D1,,,,,,,ODN0000073877,n,right_only
2F35D236-6D08-4E00-BD8D-AB16CAC36B12,,,,,,,ODN0000073918,n,right_only
EE86A082-31DC-4ABB-92A7-995569FF3C82,,,,,,,ODN0000073816,n,right_only
CDF91958-8F17-4F5F-96D3-4BE41A9FF943,,,,,,,ODN0000073378,n,right_only
3F558BCB-B58F-48DC-A812-C277DD2558FE,,,,,,,ODN0000073379,n,right_only
673EA468-3AE2-4385-9286-106CBC4E4BA9,,,,,,,ODN0000073380,n,right_only
2B3C51EF-7928-4E99-A9EC-3686CFD254F9,,,,,,,ODN0000073418,n,right_only
3935A1ED-923F-47C3-B8C0-6EA4B6153502,,,,,,,ODN0000073419,n,right_only
1096DED8-CA4A-42D5-AB96-8C97555576DE,,,,,,,ODN0000073381,n,right_only
560A1DD5-016D-4601-9AB7-D8824C45C83B,,,,,,,ODN0000073420,n,right_only
24266605-46F1-4560-8C61-B79728B645CC,,,,,,,ODN0000073421,n,right_only
3782BA9C-B035-4B6F-8BBA-F60D4363208B,,,,,,,ODN0000073830,n,right_only
053DA287-9150-48F1-8DFF-502EFD96201B,,,,,,,ODN0000073013,n,right_only
08F254EA-9335-4148-AB3A-2F1EA7F327CC,,,,,,,ODN0000073800,n,right_only
4CC81E05-340E-4332-825E-044E2614C385,,,,,,,ODN0000073147,n,right_only
E1E53E53-993F-49E2-A986-51EA9C3CA5C8,,,,,,,ODN0000073546,n,right_only
021E1C95-1EA1-4DAE-9344-DF78DC4D879E,,,,,,,ODN0000073014,n,right_only
93E78471-F0AD-408E-8A79-94A6E8274111,,,,,,,ODN0000073015,n,right_only
169C4A4B-A744-45A9-9CA9-6891E163151D,,,,,,,ODN0000073044,n,right_only
026E6A5E-2B43-4A1D-8652-D026C1441246,,,,,,,ODN0000073148,n,right_only
B6C5ACE2-05BD-4C68-A6D1-69948FC50AFB,,,,,,,ODN0000073149,n,right_only
5597666E-0CC0-4517-BA76-B501D28C6705,,,,,,,ODN0000073150,n,right_only
4E56FF25-2837-4581-A41A-E5B85E641513,,,,,,,ODN0000073151,n,right_only
E49744AC-265A-4D96-A4A2-F3F70626E3A7,,,,,,,ODN0000073167,n,right_only
163681D8-78CF-444C-A11F-A9129533DBFE,,,,,,,ODN0000074058,n,right_only
223B9E36-7661-4AFF-927C-09095065B7D2,,,,,,,ODN0000073168,n,right_only
8807BB21-303D-4E75-93BD-CEED2C7D9E8D,,,,,,,ODN0000073185,n,right_only
2889A0D0-E721-4F85-AAD8-4246993009DE,,,,,,,ODN0000073432,n,right_only
9E44726A-A605-4614-BB73-86DF09056C9D,,,,,,,ODN0000073437,n,right_only
92D1A90A-9D6C-4AD4-803B-568ECAD06FEE,,,,,,,ODN0000073846,n,right_only
79C0C838-D95D-4C76-B767-D0FFF6BA7552,,,,,,,ODN0000073063,n,right_only
A969C031-0AC9-473A-9721-675C2FE57A1A,,,,,,,ODN0000073547,n,right_only
711C8E87-69A3-48DA-AAA0-F35DC541A1BF,,,,,,,ODN0000073064,n,right_only
A33DEC47-9129-42AB-B1C6-09296A60F629,,,,,,,ODN0000073152,n,right_only
EF636541-CA5B-4C87-A1BE-4CA2033477F6,,,,,,,ODN0000073548,n,right_only
46E7324B-4EBD-4A4F-9DC1-BED8B65F85D6,,,,,,,ODN0000073549,n,right_only
C338C33E-46DE-445B-A20A-833CCD4B89B3,,,,,,,ODN0000073065,n,right_only
81C176C7-E5E4-4B3B-AE5E-56780625B1FD,,,,,,,ODN0000073066,n,right_only
72BE373F-2499-4D1F-8DAC-58C96C4CB427,,,,,,,ODN0000073067,n,right_only
AD687683-7348-4238-90F8-0577262AAD0E,,,,,,,ODN0000073550,n,right_only
479F0F5A-A688-473A-8C29-6F576ED80F7F,,,,,,,ODN0000073068,n,right_only
C2175FDA-3FC5-4421-8CE6-B7BD33B05E21,,,,,,,ODN0000073405,n,right_only
73956408-E0C5-4CC6-8008-CAAB4F6626BA,,,,,,,ODN0000073069,n,right_only
6CD4FE4A-3997-4625-A620-ABB8572A40BC,,,,,,,ODN0000073070,n,right_only
8E8C29FF-BB68-4A18-9559-24A4C04895CD,,,,,,,ODN0000073551,n,right_only
FAFE4B87-854C-4D12-9EE9-B138B29B6140,,,,,,,ODN0000073326,n,right_only
7CDBD1BA-747D-42EE-BB20-F090A317EF5A,,,,,,,ODN0000073552,n,right_only
19966D44-3F81-494F-A8DE-24E818886DEC,,,,,,,ODN0000073327,n,right_only
968BF7B5-97B5-4607-93D6-4105CC051180,,,,,,,ODN0000073202,n,right_only
9604C508-F0D5-4E49-B3D3-917707794C4D,,,,,,,ODN0000073071,n,right_only
09B57212-24F1-434D-886C-CF2E9C170BA4,,,,,,,ODN0000073317,n,right_only
AD2229A3-859C-4A42-97F3-22A3DF597667,,,,,,,ODN0000073072,n,right_only
D25D9CE8-E083-4B47-8BB2-D1B103844F96,,,,,,,ODN0000073057,n,right_only
1F547074-124C-4315-A6F8-F46B3A380A12,,,,,,,ODN0000073073,n,right_only
25682E46-A5E0-4F0D-A9CA-C3715967E667,,,,,,,ODN0000073074,n,right_only
09EA3CF8-BA78-430E-93F9-F350211FD38D,,,,,,,ODN0000073553,n,right_only
78E2F242-CCAC-4EB9-B204-3AD4DAC791C0,,,,,,,ODN0000073554,n,right_only
3C6C61EF-0917-4C9C-BB23-CB919A384EDF,,,,,,,ODN0000073075,n,right_only
B1C8D406-DF50-454C-9FDD-82FD1A63DA6A,,,,,,,ODN0000073076,n,right_only
9E7F4B6F-2682-42F1-86D0-D5146389F3BB,,,,,,,ODN0000073203,n,right_only
E0D9EB78-9304-40F2-9213-D68411BAABEA,,,,,,,ODN0000073077,n,right_only
08F754F7-29E0-45F6-9327-82DC092302BB,,,,,,,ODN0000073555,n,right_only
90DCFBC9-8890-4F74-9F96-3BF2EE7A1155,,,,,,,ODN0000073328,n,right_only
B5C5300D-26AE-408F-864E-1107CA1CF7A5,,,,,,,ODN0000073556,n,right_only
B5878254-6572-4D88-934E-D5C7A008CB1F,,,,,,,ODN0000073557,n,right_only
25A76D82-DAEF-4E2F-807D-C1601CDC43B6,,,,,,,ODN0000073078,n,right_only
705C9CC7-D59B-4102-8326-F4526A4F3AB0,,,,,,,ODN0000073079,n,right_only
33384D76-C9E2-4477-9DFB-19D26B9AA2F3,,,,,,,ODN0000073080,n,right_only
3974934B-99FA-4177-808D-110CBF2EAD89,,,,,,,ODN0000073558,n,right_only
F05C2F6D-8E28-4EF6-82DE-0631AED05E3B,,,,,,,ODN0000073081,n,right_only
5539FD63-D17E-4D96-ACD0-1D87A65ACCE6,,,,,,,ODN0000073559,n,right_only
39907207-D63C-469B-AA6D-449A4012B8CC,,,,,,,ODN0000073560,n,right_only
AD200F88-F556-4629-B64F-AB76683EE9B7,,,,,,,ODN0000073082,n,right_only
CC079214-74EB-4C99-9651-70E37868594A,,,,,,,ODN0000073083,n,right_only
29D25909-591F-43CD-9277-6E280A6A5952,,,,,,,ODN0000073084,n,right_only
AC2B3958-69AA-4B08-A3B7-17F45C2E3117,,,,,,,ODN0000073406,n,right_only
DA656EBA-D8C1-42E2-AA6B-9CBBF8674536,,,,,,,ODN0000073085,n,right_only
7E1B11BA-C988-48EC-B46A-1CEF9D67D930,,,,,,,ODN0000073329,n,right_only
2D7F74EA-3C71-4883-9021-9B1F888B1F56,,,,,,,ODN0000073086,n,right_only
29066AF1-B708-4851-BC1E-28C1799FA7D8,,,,,,,ODN0000073204,n,right_only
772E2033-7F4B-4225-8E1C-EC36907439B5,,,,,,,ODN0000073205,n,right_only
9FC8B7A9-F688-4539-823F-C44A40824949,,,,,,,ODN0000073087,n,right_only
51DF2AEE-067F-4B1E-AFD4-26F59BFFD316,,,,,,,ODN0000073088,n,right_only
B59F9F9F-0670-4133-AA57-AF500E10D840,,,,,,,ODN0000073089,n,right_only
E0CAE2BD-5555-4399-914E-9541CE03074E,,,,,,,ODN0000073090,n,right_only
04D68C3B-D855-4D18-B6F0-60C47801A681,,,,,,,ODN0000073091,n,right_only
B9AC7316-9E0B-4A8F-8794-42B061704D7E,,,,,,,ODN0000073330,n,right_only
ADEA9A99-DE64-49F0-9F80-C7E2CA50EA17,,,,,,,ODN0000073561,n,right_only
FA568601-CC74-4254-8A26-DA85C9F4B9A2,,,,,,,ODN0000073153,n,right_only
232FFF71-5D7B-4A1E-8C59-53BE26994218,,,,,,,ODN0000073154,n,right_only
6315C965-43E1-4CA7-A079-CD9FB9EBE815,,,,,,,ODN0000073092,n,right_only
6E3FBBB0-D58B-4CA5-89F0-B2A6EED2B894,,,,,,,ODN0000073407,n,right_only
6579795E-8105-43ED-B2BC-57C44E6C75CE,,,,,,,ODN0000073093,n,right_only
CB917D00-1A10-46CD-A73A-DC6C328AFFA4,,,,,,,ODN0000073094,n,right_only
84B29F66-33DB-4C8D-B539-C903384CD847,,,,,,,ODN0000073562,n,right_only
47432281-C31C-4F25-B31F-E9342DED46FB,,,,,,,ODN0000073095,n,right_only
4FF7D438-6E6C-497C-B740-7A006A5AFE69,,,,,,,ODN0000073096,n,right_only
75DC50B4-8537-4B06-93B1-8123F9D40D92,,,,,,,ODN0000073563,n,right_only
EA41B03F-0B40-473B-8EF0-F19ED90CA86D,,,,,,,ODN0000073097,n,right_only
A3AFA7CA-8D7F-4107-9614-D0D30775B0CB,,,,,,,ODN0000073331,n,right_only
324BFBF1-964E-411C-952F-42FCFBD36B42,,,,,,,ODN0000073564,n,right_only
8AA0F9D5-AD45-4314-B733-57FDDA4D412A,,,,,,,ODN0000073332,n,right_only
CA8075A1-AADF-46CE-980C-A29E5D1F33D7,,,,,,,ODN0000073333,n,right_only
767A9ED8-37B6-47FD-84ED-35978A28A4F6,,,,,,,ODN0000073334,n,right_only
A7023A97-809A-42A3-BBB0-3B9A6E49AA73,,,,,,,ODN0000073335,n,right_only
4A74564C-6FB9-4BB6-B27B-008F748CB514,,,,,,,ODN0000073098,n,right_only
647C17DB-D1D8-466D-9EF8-B1E4DD33864C,,,,,,,ODN0000073099,n,right_only
CEC81A4B-CBBE-4BCE-85BA-8F829DB1D90A,,,,,,,ODN0000073100,n,right_only
5C0CA018-144E-48B4-A8FB-413E8A6C42CE,,,,,,,ODN0000073101,n,right_only
D42FA02F-6883-46E2-AD74-173C2ADBC642,,,,,,,ODN0000073565,n,right_only
8B409D91-36B8-4BBF-9E29-223631125B66,,,,,,,ODN0000073206,n,right_only
4CEFE627-E42E-4425-832F-612DFD3C9995,,,,,,,ODN0000073102,n,right_only
4EFB5DA3-251C-47CF-A248-DBF0A05FBB50,,,,,,,ODN0000073103,n,right_only
9588AB04-B1C5-4A34-8446-633427C51557,,,,,,,ODN0000073104,n,right_only
04538463-2332-4EDF-845C-4711AB4BFE04,,,,,,,ODN0000073566,n,right_only
FEF60FA5-BA7F-4EB4-AEEE-3B7223709A99,,,,,,,ODN0000073105,n,right_only
E3461E7C-900A-4C0A-85D1-047CB20E69E2,,,,,,,ODN0000073106,n,right_only
2DF20289-2A13-4ED9-B3E5-DA753D27C30C,,,,,,,ODN0000073107,n,right_only
79DAFDFE-0B80-44FE-8753-F95443D8A96A,,,,,,,ODN0000073567,n,right_only
BAFF747C-7544-498A-BA7D-73D0AA8712D6,,,,,,,ODN0000073108,n,right_only
BF3A1DF2-1F57-4151-AB12-0D91378046B5,,,,,,,ODN0000073336,n,right_only
3C1AFE07-5B68-4615-86DA-0E2D17ECEDDB,,,,,,,ODN0000073568,n,right_only
8776CC9A-1805-40E7-AA0F-4312E6B06AD7,,,,,,,ODN0000073109,n,right_only
420B7EE1-E4B3-43B8-9840-5EB432946E57,,,,,,,ODN0000073318,n,right_only
804BA014-4FD9-4975-85A1-E4D73BF03B98,,,,,,,ODN0000073337,n,right_only
C36247BE-656C-434D-AB91-F512CFB5E3D5,,,,,,,ODN0000073569,n,right_only
1BD4B783-DC38-419C-B92E-8F8033E31AED,,,,,,,ODN0000073110,n,right_only
A8F2D80F-EFF0-4B82-AB57-800B9DA0D5F9,,,,,,,ODN0000073408,n,right_only
DC0C8A27-7234-4441-81E8-A0FA9F02F89D,,,,,,,ODN0000073570,n,right_only
30AE101D-8E71-4C52-86E4-18E5D17B59DE,,,,,,,ODN0000073111,n,right_only
FB334AF6-39F0-4637-8108-B520C8BC8F60,,,,,,,ODN0000073155,n,right_only
2CF55AD0-65CB-4595-9E00-3C1C8A5AAE30,,,,,,,ODN0000073571,n,right_only
28B6F4F5-A020-42D3-A155-4C4E52F9B13E,,,,,,,ODN0000073112,n,right_only
506D3DE0-AA53-41F1-98E4-6DBF24406B09,,,,,,,ODN0000073113,n,right_only
4D969590-5303-4D77-968A-752EC3F53132,,,,,,,ODN0000073338,n,right_only
4AFA49C0-0251-4229-A7CB-55F97C20860C,,,,,,,ODN0000073207,n,right_only
A488C589-54A7-4130-B3AD-EE51B38E3AD0,,,,,,,ODN0000073339,n,right_only
30B783DE-BF43-4A01-A508-301821B94EC1,,,,,,,ODN0000073058,n,right_only
93B855F1-FCA0-46E5-B63C-BFFE7CCD261C,,,,,,,ODN0000073340,n,right_only
BADA290B-F071-40F3-B576-46078622ACC5,,,,,,,ODN0000073572,n,right_only
F25D8C87-567A-4052-98CB-DADFCABCAB0B,,,,,,,ODN0000073114,n,right_only
06A23EEA-C3BF-48E0-B872-BF32C3DC487B,,,,,,,ODN0000073115,n,right_only
959A883E-D88E-41E8-BF9E-6A2789C7595B,,,,,,,ODN0000073341,n,right_only
277C8DC1-6AAA-4D5A-8CB5-97816BF236C1,,,,,,,ODN0000073201,n,right_only
EB76A79E-47C7-4B41-8767-4093554F5F13,,,,,,,ODN0000073208,n,right_only
28F61241-1BE5-49B9-BF9B-62877DC07BA0,,,,,,,ODN0000073116,n,right_only
61C5F932-3431-4F50-80AD-2F86740CC52D,,,,,,,ODN0000073117,n,right_only
EB91B4D3-A8DA-41A9-AE36-42D90D9FE774,,,,,,,ODN0000073118,n,right_only
D49C147E-C3A2-4897-AC04-FC3FC7750FAE,,,,,,,ODN0000073825,n,right_only
C126AA23-B828-4FEB-9608-E2DC91F2165F,,,,,,,ODN0000073812,n,right_only
5CEE238F-B1FA-4677-929C-46FDC7888A1B,,,,,,,ODN0000072401,n,right_only
840F4DD3-9BA8-4F46-90A3-B0BEC2429303,,,,,,,ODN0000073342,n,right_only
CD9B51A9-72A6-4553-B918-0120DE199E87,,,,,,,ODN0000073119,n,right_only
8CFA4E16-52E7-4B51-89D5-F881FBF336F0,,,,,,,ODN0000073120,n,right_only
BBD8A4DC-21AE-44D9-81B0-7D8C5C03C14E,,,,,,,ODN0000073121,n,right_only
DAEF95DD-510D-4364-B224-6400CC1B0CB5,,,,,,,ODN0000073122,n,right_only
2C3DA5CC-3216-4B37-A80E-095AA0727DA8,,,,,,,ODN0000073343,n,right_only
4BC9798B-16F2-4CD0-B4F2-34B5EF54796B,,,,,,,ODN0000073573,n,right_only
4FFF4DB0-FBB5-42F2-800A-BD0875FD48F9,,,,,,,ODN0000073574,n,right_only
8301A0BD-7867-43D3-9655-ECA68A6EF5BB,,,,,,,ODN0000073787,n,right_only
3792E225-AB23-4953-8DBA-669BCE7BCE52,,,,,,,ODN0000073788,n,right_only
5FD0E305-BF9E-4C63-8CA1-08383E619325,,,,,,,ODN0000073123,n,right_only
81DE5302-FCCE-4B18-A08F-E4A65B7065C5,,,,,,,ODN0000073344,n,right_only
8754811F-6881-43EE-85A1-468DE654B358,,,,,,,ODN0000073124,n,right_only
7B23F4CD-CDA2-474C-B545-96854AB2FC06,,,,,,,ODN0000073319,n,right_only
23001293-71DF-44AE-8814-B23B4839D0D6,,,,,,,ODN0000073789,n,right_only
7E7599C9-24A0-4929-BDB2-3DECD50EE8B0,,,,,,,ODN0000073125,n,right_only
594CA574-0F1D-4B42-90C1-4B280B752D1C,,,,,,,ODN0000073126,n,right_only
7E1059CE-A981-4837-BD8D-12E9789E79AE,,,,,,,ODN0000073127,n,right_only
1A0706B1-4EC3-4817-A4B7-ED5D80F565CF,,,,,,,ODN0000073790,n,right_only
8D797B38-250F-4CC7-AA83-C3CD2528259E,,,,,,,ODN0000073128,n,right_only
833B8462-DF53-42C6-8E5E-68B0BE1D5856,,,,,,,ODN0000073983,n,right_only
B9155E33-72E8-4D1F-AEC2-8910AFC34CA2,,,,,,,ODN0000073455,n,right_only
5B873508-B3F7-4131-9AF2-104C5158EB76,,,,,,,ODN0000073456,n,right_only
B357C54D-33FE-49FC-A67D-73331B849954,,,,,,,ODN0000073320,n,right_only
7BB28C6D-DAEB-4244-9910-91F68A821099,,,,,,,ODN0000073791,n,right_only
037D7F35-7B72-41C9-B217-655AB90530B5,,,,,,,ODN0000073382,n,right_only
96C0676C-181D-4867-9CF4-4E8B7140E22A,,,,,,,ODN0000073575,n,right_only
9F173A61-5CF1-4172-A93F-E93BB0349C35,,,,,,,ODN0000073984,n,right_only
4D060052-0C36-4CFC-82C2-FA9BB274BF21,,,,,,,ODN0000073660,n,right_only
5C628694-A891-481D-96CE-ED16E317726A,,,,,,,ODN0000074064,n,right_only
E49329C8-2E37-4D56-947E-F63FAD67DB4A,,,,,,,ODN0000073433,n,right_only
A38FE040-CDAA-4615-8EDA-31810D50A810,,,,,,,ODN0000073661,n,right_only
B1E6BA32-011F-498E-B852-EC4057C90D3F,,,,,,,ODN0000073836,n,right_only
6BF5AF19-B642-4B2D-8006-E19EF77BC42D,,,,,,,ODN0000073662,n,right_only
7BD85FB4-EE1B-4E6A-8174-CD4CAE0F567B,,,,,,,ODN0000073715,n,right_only
5B44BEA8-EAC4-42A1-B270-7E286C361F3F,,,,,,,ODN0000073947,n,right_only
83ED8D70-28E5-4FF9-A605-8F85C9896F34,,,,,,,ODN0000072943,n,right_only
3DB2AB7B-4CB9-4C89-9DF0-B364EF23B819,,,,,,,ODN0000072944,n,right_only
0BC8AD9A-30B0-4591-AFA2-C45DA7C75ABD,,,,,,,ODN0000074016,n,right_only
BB870B1B-EB46-4DF4-B507-C60B4F0194AE,,,,,,,ODN0000073169,n,right_only
68DD1C62-ED51-4C16-9DBE-926E299DEB50,,,,,,,ODN0000073209,n,right_only
497324B1-2D26-42AE-807B-3A35CD418BE5,,,,,,,ODN0000073781,n,right_only
67E21F9E-7A19-4FE4-B274-3848551CDF39,,,,,,,ODN0000073838,n,right_only
E4F980DB-8F9E-4290-85F2-D851F24EF8BC,,,,,,,ODN0000073985,n,right_only
A26C844F-9E4F-4CA4-A078-6C40EE4FDEE4,,,,,,,ODN0000073986,n,right_only
E3E2C99E-C869-4455-A5EE-1717869F9A54,,,,,,,ODN0000073016,n,right_only
22709531-56E3-400F-BB8F-396FB2B2DD04,,,,,,,ODN0000073457,n,right_only
08F43809-24FE-4B13-8392-655867B9388D,,,,,,,ODN0000073006,n,right_only
A23A12ED-27E7-4935-AFB0-DD8E64281426,,,,,,,ODN0000073492,n,right_only
6F85D888-4E86-4384-B9CF-5191F3B78652,,,,,,,ODN0000072945,n,right_only
30247CAD-DCCF-4DFC-8FD4-BF4ED6D569FF,,,,,,,ODN0000073496,n,right_only
253945F4-EE35-4E5D-9A9B-5A888EEEA795,,,,,,,ODN0000073774,n,right_only
1F362135-8CE3-41F8-8A92-72588107B7D4,,,,,,,ODN0000072922,n,right_only
8ED92AC1-C618-4211-AF20-8ADDC040BECF,,,,,,,ODN0000074050,n,right_only
5D2FCA7E-E49C-402A-A212-907210A5C371,,,,,,,ODN0000073878,n,right_only
D0CB657F-6361-45A9-8EAF-BFD694522211,,,,,,,ODN0000073752,n,right_only
64E28D21-03C3-493B-ADB0-B7B0D0C5ACE4,,,,,,,ODN0000073576,n,right_only
C1A3ECD1-8939-40DA-BFB5-75C4B0C58079,,,,,,,ODN0000073919,n,right_only
72109DD8-C2E3-49D5-9927-C29C2CF71478,,,,,,,ODN0000073383,n,right_only
0C567018-D1EF-42FC-BEC7-E961C1F9A71F,,,,,,,ODN0000073577,n,right_only
5DE578D8-1DBA-4F29-8FE1-250081E9E319,,,,,,,ODN0000073508,n,right_only
28E942C3-4ACE-4C28-9343-27B3690CBB9D,,,,,,,ODN0000073768,n,right_only
006BEDF5-A82D-42EE-BA73-51252AFEB97E,,,,,,,ODN0000073663,n,right_only
7F02D220-5A5E-4AF9-B23B-D81EBC295D46,,,,,,,ODN0000073637,n,right_only
B19CCFBF-4E76-42DD-AB43-5696BFA82F76,,,,,,,ODN0000073987,n,right_only
10F6BAC8-287B-41C5-9958-58D42A9FCEE1,,,,,,,ODN0000073458,n,right_only
56FAA848-0C7C-4F31-82DC-B113327AD2D0,,,,,,,ODN0000072914,n,right_only
035A7120-67AC-4511-92D0-3FAE1BF3211D,,,,,,,ODN0000073045,n,right_only
F1916F39-82AB-4A68-B2F2-E0998A21C2E2,,,,,,,ODN0000073384,n,right_only
967273D6-5BE9-4B72-AF06-20288B131483,,,,,,,ODN0000073017,n,right_only
34E7176B-0C04-4BB2-B253-CE716028E957,,,,,,,ODN0000074017,n,right_only
D255F55D-F96A-4872-B99D-F26E117CC645,,,,,,,ODN0000073493,n,right_only
EE6013B5-6D9F-4A0B-B017-344204FD7368,,,,,,,ODN0000073764,n,right_only
5A8CEC18-4C33-4F3B-8C23-81CF84C41208,,,,,,,ODN0000073664,n,right_only
EECADD82-04CC-4F05-AA8A-DD03DC92E37E,,,,,,,ODN0000073716,n,right_only
4F0C2BFD-9B66-405C-B52B-A4514BD3C3F7,,,,,,,ODN0000073717,n,right_only
0630E1B2-E575-4449-9294-6E60DCE9A9F6,,,,,,,ODN0000073578,n,right_only
C7A46A0D-6E44-4FF3-A693-1ADAADA15430,,,,,,,ODN0000073579,n,right_only
90FC3342-2896-4C8D-8180-59D38762A7E0,,,,,,,ODN0000073580,n,right_only
8A67966A-B6B2-48BB-A2CC-DDB7DD5874FB,,,,,,,ODN0000073581,n,right_only
114A87EF-1607-4EFB-BF46-EDD70802D7BA,,,,,,,ODN0000073582,n,right_only
BBD4DB36-79EC-4034-AF86-B22C4C0BF95C,,,,,,,ODN0000073583,n,right_only
EB7F9B71-11BD-4D62-9A6B-8FEC96E25F86,,,,,,,ODN0000073584,n,right_only
268B23C1-CA0B-4DE2-9EC2-13237F474C4B,,,,,,,ODN0000073585,n,right_only
12C2397C-A3F4-49BF-A976-EFDA6F6F45A1,,,,,,,ODN0000073586,n,right_only
7B9C01A6-CB29-4555-9092-B2AEA7B97FF7,,,,,,,ODN0000073587,n,right_only
77899C0E-996A-481F-8E6B-2F5124C612FD,,,,,,,ODN0000073588,n,right_only
22319C87-058C-481F-AD56-F41957EBFF35,,,,,,,ODN0000073589,n,right_only
55CEF592-5C13-4C4E-8606-C832F7039C98,,,,,,,ODN0000073590,n,right_only
64CF32B9-9496-4463-8DD1-40075BE05C24,,,,,,,ODN0000073591,n,right_only
849BF71F-502F-4C9E-88BF-CDCC1172FD87,,,,,,,ODN0000073592,n,right_only
402D6104-26DB-4BD6-9F75-24E791AFA7B1,,,,,,,ODN0000073593,n,right_only
5615EBF6-BBEE-41B4-8037-0CA306EF7B07,,,,,,,ODN0000073594,n,right_only
3DB20B2B-9953-484A-BFEE-F1CBFEE8F9F5,,,,,,,ODN0000073595,n,right_only
D49BB15F-654A-4E3C-AF2E-93ACBF9A5EF2,,,,,,,ODN0000073596,n,right_only
E269379E-D4B0-48B3-A1FE-4942DB11D714,,,,,,,ODN0000073597,n,right_only
C357EC17-1907-4C9F-A63D-167B7A1F9252,,,,,,,ODN0000073598,n,right_only
9639CA8A-C67A-4B3A-81CB-4B6E7969595F,,,,,,,ODN0000073599,n,right_only
1920795E-731F-4C08-9C67-D8143E8DDC1F,,,,,,,ODN0000073600,n,right_only
C3D0230D-4BA6-4BB8-8200-1DFF3C30A872,,,,,,,ODN0000073988,n,right_only
01E2A0BC-CC48-4426-AD07-1CF30C341F1D,,,,,,,ODN0000073459,n,right_only
F60FAF12-08BA-4296-A92C-334BB4796128,,,,,,,ODN0000073409,n,right_only
B039AF29-9EE6-442B-A3D4-67332C8D7134,,,,,,,ODN0000074068,n,right_only
1C102942-3656-495F-91EA-FF5CA839E45F,,,,,,,ODN0000073210,n,right_only
F7999EA4-38D5-49B5-8233-20C6B9A13024,,,,,,,ODN0000073718,n,right_only
0AC8676E-EEF4-4DC9-AE5D-B9E8F671D2C0,,,,,,,ODN0000073460,n,right_only
E33FA180-F9E8-4E11-910D-C010F4E9BD5D,,,,,,,ODN0000073601,n,right_only
68F47E2D-FB5B-4798-98A4-CA4E9AF678DE,,,,,,,ODN0000073602,n,right_only
AC7647CD-BAE3-4BEC-A9C1-CE8CE9CE441B,,,,,,,ODN0000074069,n,right_only
A59066A2-A8C8-40BE-952E-9CF48CE809B5,,,,,,,ODN0000073879,n,right_only
F7DC4B8F-270D-439B-88D8-222C004FE4CB,,,,,,,ODN0000073831,n,right_only
F6A51D76-FC35-46C3-AF2A-BA1162CC2F59,,,,,,,ODN0000073046,n,right_only
3F616499-810B-4C3D-AF05-698FDDD21524,,,,,,,ODN0000073047,n,right_only
69794E83-7F37-4033-94DF-0392DF28CA80,,,,,,,ODN0000073422,n,right_only
2DCEDBE2-A2A3-442D-94A5-80C53C021440,,,,,,,ODN0000073628,n,right_only
0F7C8E63-2468-44DE-AEF6-F4E28FD99AF2,,,,,,,ODN0000073733,n,right_only
9FCCB9F6-1A4D-4B64-9FA2-76B7494C208E,,,,,,,ODN0000072909,n,right_only
3B8FD5F7-E9CF-4838-9D4E-17CE51711327,,,,,,,ODN0000073801,n,right_only
93E19A8B-5DCF-4704-8289-EF6816BA2C9E,,,,,,,ODN0000073802,n,right_only
0E64C4F7-5E68-4EB5-B439-A9D5262C1942,,,,,,,ODN0000073638,n,right_only
36EFCE03-8944-47FB-91B6-51357751F437,,,,,,,ODN0000073018,n,right_only
15001C86-6C1E-4209-974F-7E0C3DC4FC00,,,,,,,ODN0000073603,n,right_only
34835024-8128-4069-8359-6B2CD6C2935E,,,,,,,ODN0000073665,n,right_only
366105B4-0314-4A87-A7E8-9829BE5EF967,,,,,,,ODN0000073385,n,right_only
C4B46CC4-A563-4F6E-AC7F-4C358B4CECB0,,,,,,,ODN0000073989,n,right_only
CD9F3D64-526A-4247-9D90-5C3BE445A343,,,,,,,ODN0000073461,n,right_only
652723EE-56A1-4A53-B4CE-04B6BFD869DA,,,,,,,ODN0000073462,n,right_only
99949D7C-A733-4F79-8A53-79ED3A7F8346,,,,,,,ODN0000073666,n,right_only
8D6D924B-1C16-4726-8EAE-71BF31FEE9E1,,,,,,,ODN0000073990,n,right_only
CE667DB7-3D92-4D78-948F-C8D6FCB97F32,,,,,,,ODN0000073170,n,right_only
4BAB46E2-0C52-430B-A834-106964E6203B,,,,,,,ODN0000073991,n,right_only
AE06569B-6394-4AF4-8C8C-77A21A024C21,,,,,,,ODN0000073992,n,right_only
8948761F-49E1-49AE-94AA-DE50346566CA,,,,,,,ODN0000073509,n,right_only
553F6C84-D9AE-4D04-9DB2-BC0459A7AC34,,,,,,,ODN0000073211,n,right_only
94B642A0-3A42-427E-BED1-075E53AEA9B6,,,,,,,ODN0000073524,n,right_only
416D0D8D-AF58-4650-880F-95F0591F1235,,,,,,,ODN0000072934,n,right_only
371F1DCB-ACDA-47A4-9151-ED73AEE9126A,,,,,,,ODN0000073639,n,right_only
EA4BBDC3-6FB8-4425-BE31-307DE8ADF3F9,,,,,,,ODN0000072935,n,right_only
00051759-D495-4600-9B4C-DF9894DE080F,,,,,,,ODN0000073728,n,right_only
C550DB6A-70B6-4541-93BE-57D36AE81647,,,,,,,ODN0000073423,n,right_only
364661DB-B6C3-41F5-8C98-65668E6BF6ED,,,,,,,ODN0000073920,n,right_only
279F86B9-C50E-42B6-A00B-2E1DF029451A,,,,,,,ODN0000073729,n,right_only
19815584-169F-4A2D-8E64-54DA7D6447D6,,,,,,,ODN0000073463,n,right_only
82A0EC48-CAB8-4661-B7F8-C0C18E552FB6,,,,,,,ODN0000073993,n,right_only
72D76F26-2F10-40CC-A56B-5E835795CF42,,,,,,,ODN0000073130,n,right_only
D9397525-0E5C-48DA-8E37-BC9B23674438,,,,,,,ODN0000073827,n,right_only
6ACBFEC8-4FC0-4EFF-AF47-9D765EA0CEF5,,,,,,,ODN0000073464,n,right_only
165F9E01-FBC4-4334-BCC2-A2E9DDF2BCD3,,,,,,,ODN0000073808,n,right_only
B75C24A9-83E4-4AD0-9C8C-9E3C66604CB8,,,,,,,ODN0000073834,n,right_only
C89CAE21-4778-41A6-8C00-9659F01E8AE5,,,,,,,ODN0000073921,n,right_only
775F22CA-2FAD-4E11-B1AA-38BC981F14B0,,,,,,,ODN0000073667,n,right_only
2D8CD1DF-C832-4B23-BE23-AE838B84A889,,,,,,,ODN0000073668,n,right_only
FC69C5AF-4378-4B95-9356-2D62550B2DBE,,,,,,,ODN0000074018,n,right_only
EA45DC8C-09BB-428C-A786-6FE4A41768B0,,,,,,,ODN0000073347,n,right_only
A70B1560-1353-4EC7-AE2E-E4385A842512,,,,,,,ODN0000073922,n,right_only
511587A3-7E04-4D75-AFA0-13540057F882,,,,,,,ODN0000073229,n,right_only
BEF46899-4535-4DFF-B062-01C4F2343190,,,,,,,ODN0000073765,n,right_only
7406E02C-F9BD-46AE-92A3-3115494D4780,,,,,,,ODN0000073669,n,right_only
54B71472-6E36-4AEB-B9DB-50EF6133B174,,,,,,,ODN0000073050,n,right_only
5601C3F2-AE10-47A8-9EC9-DCA39B49A977,,,,,,,ODN0000073604,n,right_only
DAA1DDD8-C833-455F-A01F-98E9A1C3FC35,,,,,,,ODN0000073157,n,right_only
636D737C-6AD2-4884-ADB0-163DB74445BD,,,,,,,ODN0000073239,n,right_only
3FE5808C-AD99-4682-9BF0-37EBB0B9837B,,,,,,,ODN0000073994,n,right_only
F1C236A7-57D5-4AB2-B057-30B2C5EA99C5,,,,,,,ODN0000073653,n,right_only
518B5EEE-E5CB-462B-B2D6-F4BC1F6057E5,,,,,,,ODN0000073654,n,right_only
90B91F4F-48E9-4870-8B46-FD26F0CF7D85,,,,,,,ODN0000073704,n,right_only
18D89557-C74F-4385-A11A-A8A419E7D094,,,,,,,ODN0000073465,n,right_only
69870714-9D68-4768-ADB4-4259611B60B9,,,,,,,ODN0000073819,n,right_only
E1B667E2-7EA7-4869-BD3F-73F798BD0DEE,,,,,,,ODN0000073525,n,right_only
36CB8825-F137-4D9D-86C2-1C7EB022604D,,,,,,,ODN0000073466,n,right_only
81016ECB-DB2B-4CDE-8925-F86AD9DE902C,,,,,,,ODN0000073995,n,right_only
779EA7D1-8EED-4B60-BC00-EA60DBFCB06B,,,,,,,ODN0000073670,n,right_only
52DFDDFF-8A8A-475D-AB07-C1C3FB7FBF01,,,,,,,ODN0000073996,n,right_only
2CFF9736-84F8-4C4D-AEDB-9D1787F856E3,,,,,,,ODN0000073997,n,right_only
09C833A0-F318-49B7-A65A-DBB0C65077A4,,,,,,,ODN0000073769,n,right_only
7ECB1BDE-E9B9-4801-898E-BCF521D319AA,,,,,,,ODN0000073526,n,right_only
85455005-1687-4F22-AB1E-AC381B234758,,,,,,,ODN0000073747,n,right_only
6CC6E0CC-DE9A-4DA7-8B25-A5F2CFFDF994,,,,,,,ODN0000073923,n,right_only
B78ADEEE-FB72-4A1A-BF19-ECDD0C48BBA0,,,,,,,ODN0000073467,n,right_only
18906B2D-1F05-480D-97B8-0D72956891AF,,,,,,,ODN0000073880,n,right_only
EE48D66D-85DC-4D9D-BEB3-1089353E718F,,,,,,,ODN0000074059,n,right_only
7DAB8E38-509F-400B-B7C4-ACDD26C06424,,,,,,,ODN0000073424,n,right_only
5940ABCD-80F7-4AA2-A8A2-A70384CDC45B,,,,,,,ODN0000073468,n,right_only
0B41B0EC-AAFB-47A7-9F6A-A80E45C32C64,,,,,,,ODN0000073782,n,right_only
FDF9A823-ED09-43EC-B8A1-01EA871EA509,,,,,,,ODN0000073469,n,right_only
210D3E4F-BC6F-45F0-977F-3C85D9A47AC0,,,,,,,ODN0000073847,n,right_only
A99EF216-099E-4810-98C1-EE47E56791BF,,,,,,,ODN0000073605,n,right_only
984AAE17-9214-4D75-B977-6F835454939D,,,,,,,ODN0000074019,n,right_only
15042522-8D53-4C46-8253-3352C9A934DC,,,,,,,ODN0000073470,n,right_only
D325AB9E-5912-46D4-8440-083EEF358D7C,,,,,,,ODN0000073471,n,right_only
0DFFF067-0618-47A5-AC33-6933987D778B,,,,,,,ODN0000073212,n,right_only
B868C066-D99B-4669-A781-A4FD48074D39,,,,,,,ODN0000073606,n,right_only
2B798B8E-D38D-4DB1-A605-12AD9910F109,,,,,,,ODN0000073425,n,right_only
3195732D-3E2E-41F9-97A0-E05C367B80C9,,,,,,,ODN0000073386,n,right_only
B525238F-B217-4130-9D99-CF0D63DC92D5,,,,,,,ODN0000073387,n,right_only
D592F2D0-394F-4E6D-84BA-22D2ADA620E1,,,,,,,ODN0000073426,n,right_only
AE08E296-85A0-4C6F-A400-E07940A39B4C,,,,,,,ODN0000073719,n,right_only
928F8662-946F-4694-88AF-5D2F7E6B7B82,,,,,,,ODN0000073019,n,right_only
EB93881E-95D9-49A7-9758-C4A576992982,,,,,,,ODN0000073998,n,right_only
8E8D18A2-B5CC-4A31-B67B-2E008F39C36C,,,,,,,ODN0000073629,n,right_only
76DD5350-A174-44B1-BF9A-52A6A319D31B,,,,,,,ODN0000073527,n,right_only
75CAA110-3F09-4ADA-9845-B19E090D91B4,,,,,,,ODN0000073748,n,right_only
03A7707A-D976-4197-A3D5-6893AA082241,,,,,,,ODN0000073388,n,right_only
5F1DA361-A0BE-42FD-9D8A-E8C61B581DC3,,,,,,,ODN0000073881,n,right_only
F1E2B014-DE61-48D3-8F83-CED333D66078,,,,,,,ODN0000073671,n,right_only
812789AE-8244-470E-83F5-93C304F0520F,,,,,,,ODN0000073213,n,right_only
C4D61E55-E215-4D3E-B594-952F3B629C04,,,,,,,ODN0000074070,n,right_only
6DD2D6D7-155F-4ED6-B20D-0A90C6BCE888,,,,,,,ODN0000073349,n,right_only
354256CB-58A3-4587-B262-EE6433B3C1BF,,,,,,,ODN0000073020,n,right_only
02DE6C54-8E26-46C8-8B1D-4E1C8CEC25C6,,,,,,,ODN0000073720,n,right_only
2E67F84D-E2BF-4015-9B50-B0F5BD043CBD,,,,,,,ODN0000073721,n,right_only
AF5B9E07-867C-4223-98C4-181D213052C6,,,,,,,ODN0000073672,n,right_only
8A601B6E-DE4B-4FFE-A8DA-AA65E5664CED,,,,,,,ODN0000073999,n,right_only
C7B59FBE-57DE-4F4D-B261-92A4017AD42E,,,,,,,ODN0000073783,n,right_only
C34B0F09-0986-4ECD-9099-7A5D5E36AE7D,,,,,,,ODN0000073784,n,right_only
DAC8ED36-ACF6-4FAB-B74C-93ABC455D4B6,,,,,,,ODN0000074043,n,right_only
B03B15FF-ECAD-443D-8C73-6F2FAA1A9678,,,,,,,ODN0000073135,n,right_only
8ED2F932-68B7-49D2-968A-77E84A4FB2B6,,,,,,,ODN0000072923,n,right_only
945EAB96-C803-499E-BC36-4D493B5EC5F2,,,,,,,ODN0000073734,n,right_only
2AB9B2B5-D958-49F4-8D4B-90EBE81133E2,,,,,,,ODN0000073410,n,right_only
BCCF4033-208E-4C43-831C-3C10149EE0A2,,,,,,,ODN0000073389,n,right_only
D4E471C7-B798-49D6-8FAE-6AAF58B9651F,,,,,,,ODN0000073390,n,right_only
E7327132-F0EC-43C6-A5CE-597FC69704D5,,,,,,,ODN0000073021,n,right_only
7E04D70F-38E3-4B86-A4E9-2A1887860055,,,,,,,ODN0000073673,n,right_only
FB1338A3-8F11-448D-88D3-1EDA6AD96602,,,,,,,ODN0000073048,n,right_only
A2795EB6-5E6C-4B73-8E22-4B4192260723,,,,,,,ODN0000073321,n,right_only
D112C20A-8A07-4F1C-B284-4F3EF773A040,,,,,,,ODN0000073640,n,right_only
F0E25458-5488-465F-87DB-E354ECE00387,,,,,,,ODN0000072946,n,right_only
AAC2DE8A-0136-4238-A587-5555DB41B627,,,,,,,ODN0000073703,n,right_only
BF1C3934-D1EF-4182-AA39-E5F08059E0DC,,,,,,,ODN0000073674,n,right_only
F9E46421-B24C-40E6-ABE6-8CD19EB45F20,,,,,,,ODN0000073750,n,right_only
4D3F9869-FF0A-4490-A420-6E477CBADC9C,,,,,,,ODN0000073749,n,right_only
24F8281C-050B-41DF-BA92-6AC9576DF1A5,,,,,,,ODN0000073882,n,right_only
9381985A-1663-41CF-8AC0-D5C162B3AC41,,,,,,,ODN0000074000,n,right_only
140BB2E9-263D-4EEF-8F41-C6E0C83FA7D0,,,,,,,ODN0000073510,n,right_only
BD256A9D-CF93-40CF-8F6C-FC5BB78EB331,,,,,,,ODN0000073883,n,right_only
C758F294-EE1B-477E-92CA-CC681F130F62,,,,,,,ODN0000073171,n,right_only
7E87D768-5D5D-44DA-93EB-7292DD8738D0,,,,,,,ODN0000074001,n,right_only
71780E28-3363-445F-8C7F-5DAE8D6AD74F,,,,,,,ODN0000073770,n,right_only
5FB6D3D5-BF14-4E2D-9B92-98C9AC61079C,,,,,,,ODN0000073884,n,right_only
D6F2D636-C6D8-46DA-BE7E-79AB879251D1,,,,,,,ODN0000073675,n,right_only
A3AECF7F-32A9-44F1-BA95-742F4F25E879,,,,,,,ODN0000073051,n,right_only
27C24D0C-EA2A-48BD-B5A4-10653E6C2E06,,,,,,,ODN0000073885,n,right_only
D1A6B4AE-77AD-44A6-BAA0-DAB3E4008CA1,,,,,,,ODN0000074002,n,right_only
E82B749C-DA9D-42D5-8920-4FD9E4CD6E8D,,,,,,,ODN0000073771,n,right_only
964C07CD-232F-4065-9C75-1E2820B3DEC7,,,,,,,ODN0000074003,n,right_only
73FD5E65-C346-465F-AB8E-152886528098,,,,,,,ODN0000073848,n,right_only
D25B570C-541A-406E-B00C-8E34A2862394,,,,,,,ODN0000073511,n,right_only
3A8748CA-F1B4-43B0-8612-C3D62295E766,,,,,,,ODN0000073512,n,right_only
8055A764-50F8-4B61-BDC1-762958F28718,,,,,,,ODN0000073886,n,right_only
04B62E18-CCE4-4FF3-8850-2B2752E6786B,,,,,,,ODN0000073136,n,right_only
5C9E0BD3-131D-4E0B-8C74-54ED2B79C1C2,,,,,,,ODN0000073887,n,right_only
6ABC82EA-70ED-47C5-8AFE-51B1FAC75D79,,,,,,,ODN0000073888,n,right_only
DF604E2E-A1B5-4BFE-BBD1-7AA68993CAC7,,,,,,,ODN0000073513,n,right_only
79F34595-1473-4C42-9FA1-E41147E68472,,,,,,,ODN0000073775,n,right_only
C0E7B20F-8EE3-4D8E-B7E8-7F6F6E997C28,,,,,,,ODN0000073322,n,right_only
12AD5E62-8BC3-4931-A42C-CB6977575359,,,,,,,ODN0000074051,n,right_only
DEC1D8BC-4539-4C92-92D2-83F6EE154244,,,,,,,ODN0000073183,n,right_only
1A204C99-826B-4A90-98C2-F0CD92E5A953,,,,,,,ODN0000073184,n,right_only
6EC474A4-6F94-4BD6-9610-D8C8420B75A0,,,,,,,ODN0000074065,n,right_only
B97EFEFA-5EFB-41ED-90E1-E45264504CC2,,,,,,,ODN0000073676,n,right_only
5D64C868-2CC3-4135-867F-D9E1AA9AF29D,,,,,,,ODN0000073230,n,right_only
75C45ADA-0E31-474F-BA2B-5CFC73E44FB4,,,,,,,ODN0000073677,n,right_only
829E9C2C-18D2-4D3D-A1BA-AC5978674207,,,,,,,ODN0000073472,n,right_only
7A9B9609-3575-441B-8CE2-13ECA90A24DA,,,,,,,ODN0000073129,n,right_only
98EDD3D5-3D48-4088-BF66-F84C8A788BA9,,,,,,,ODN0000073641,n,right_only
9A8DAB83-A227-41AC-A50C-C302F7933505,,,,,,,ODN0000073022,n,right_only
DC174D30-3268-428C-A688-C656EBDD3C00,,,,,,,ODN0000074020,n,right_only
27FEB72F-3382-4722-9F5F-73678CAF6936,,,,,,,ODN0000073427,n,right_only
5BA75E1B-CDDE-4D9B-A00E-6B91536C0B7F,,,,,,,ODN0000073180,n,right_only
28BCC83D-E0BB-4701-85CC-E02114029682,,,,,,,ODN0000073607,n,right_only
7A74D124-66D1-4D7F-9007-AB9F4BD1A2A4,,,,,,,ODN0000073889,n,right_only
A12E77D5-D5EB-4E95-8B29-3F94AAE8FBD5,,,,,,,ODN0000074060,n,right_only
2F67C683-BAAC-47F6-A74F-98E1BD4F55C5,,,,,,,ODN0000073237,n,right_only
93D16C43-A900-4764-963D-853119CB4D0D,,,,,,,ODN0000073240,n,right_only
392E8E2F-A9CF-4CB1-8DD7-7499799BF874,,,,,,,ODN0000073772,n,right_only
D16FCF12-80EE-4867-93D7-EE4CF334A4D5,,,,,,,ODN0000073514,n,right_only
F8979D8B-A3CE-43AC-8FEE-2C96E92D80E8,,,,,,,ODN0000073785,n,right_only
1AAD2D57-6249-4A28-BA57-56A048FCEAA7,,,,,,,ODN0000073890,n,right_only
91B0D482-83CF-4C90-90A1-759685B1CD4C,,,,,,,ODN0000073391,n,right_only
11A147D2-F059-44FB-82E4-ED304399DF4C,,,,,,,ODN0000073473,n,right_only
3606D89C-F342-4BF0-8281-643A898A2DC0,,,,,,,ODN0000073474,n,right_only
90C4419E-CE79-4BAD-9ED4-6477D75F57AD,,,,,,,ODN0000073475,n,right_only
FF6FB0E5-52AF-4139-808A-76A6AE9444F0,,,,,,,ODN0000073323,n,right_only
BA44F79C-7447-40C5-89C1-37907E5055E6,,,,,,,ODN0000073891,n,right_only
268AEDBE-2795-4D12-936D-9871EFF56CF5,,,,,,,ODN0000073892,n,right_only
1A1D83B2-29AF-4E00-BA53-D19E682FAB74,,,,,,,ODN0000073678,n,right_only
C327CBDB-D670-4725-9E2C-EE0C6584A0D4,,,,,,,ODN0000074021,n,right_only
2E13E62E-9DE9-434A-8DEE-BA258AC1EE85,,,,,,,ODN0000072940,n,right_only
9A58DCE6-5AA5-46BE-9D68-9558D14B3409,,,,,,,ODN0000073214,n,right_only
479190EE-3D69-4F87-86A2-9B10E85A23C5,,,,,,,ODN0000073244,n,right_only
B0586C8B-4212-401D-B7D0-1737593A5F1A,,,,,,,ODN0000073241,n,right_only
7254D0B5-4170-4CA3-9DA1-0C1E9BA8C7DD,,,,,,,ODN0000073476,n,right_only
34AE3EEF-AD40-4B4F-B36A-AD1912C74FF9,,,,,,,ODN0000073218,n,right_only
DFC677A2-5F54-4798-BA5B-2456322A8A16,,,,,,,ODN0000073477,n,right_only
6326E424-E4EB-456F-9401-715D67E9E0C8,,,,,,,ODN0000073948,n,right_only
108F2125-8A87-4466-BB1C-F9095925BC14,,,,,,,ODN0000073820,n,right_only
E9A26544-57DD-4A1D-B46E-ED674E35A2E3,,,,,,,ODN0000074004,n,right_only
6B712566-8C89-4DAF-AB49-A78989B524A9,,,,,,,ODN0000073141,n,right_only
D426A891-466F-414B-B087-8DBD1511A8E8,,,,,,,ODN0000073821,n,right_only
73BBC3D1-7697-4F5D-83F8-EE46321DF7D4,,,,,,,ODN0000073392,n,right_only
63254131-BC51-4693-990F-9B368AD0353A,,,,,,,ODN0000073924,n,right_only
E93F1570-1966-44FB-ABA5-4B5848102B6B,,,,,,,ODN0000073925,n,right_only
14FBD421-AA33-4904-95F0-4C479A0B58E2,,,,,,,ODN0000073926,n,right_only
1E7AB899-9205-4895-B3BC-F15FB2AC8BD8,,,,,,,ODN0000073608,n,right_only
EA1D22CC-8366-4F7E-8A93-6B76E3CED478,,,,,,,ODN0000073172,n,right_only
E0F296C6-B61C-4FE8-825D-D041DD761066,,,,,,,ODN0000073478,n,right_only
91972199-9CAE-4C70-801B-8120770DB897,,,,,,,ODN0000073479,n,right_only
9902EF05-F8EA-4574-9399-3DC8A8A25BBE,,,,,,,ODN0000073428,n,right_only
499295B2-80C5-4A3A-AC13-359EFA235FDF,,,,,,,ODN0000073393,n,right_only
3DEF8F38-CC06-425C-91A0-BA6641B7C594,,,,,,,ODN0000073173,n,right_only
D36E7351-DAC9-4C0B-A89D-44205473385C,,,,,,,ODN0000073041,n,right_only
B04C62E4-382D-472D-BF1D-D89A48F515E0,,,,,,,ODN0000073927,n,right_only
05707DE6-2ABE-4D82-B2B7-DFCC32B5C093,,,,,,,ODN0000073928,n,right_only
CC3CB866-93AE-49A6-AFF6-4BE5D3DC3C23,,,,,,,ODN0000073679,n,right_only
A131EBD9-F89B-4FBF-854E-E47523D981AD,,,,,,,ODN0000074005,n,right_only
00463147-7598-4FAB-B6BE-4E85747C8401,,,,,,,ODN0000073893,n,right_only
0B398094-BEAD-45E0-9697-4FA0F5676E71,,,,,,,ODN0000073894,n,right_only
79B4AB6A-ABEF-4788-BC50-DFB2301E3BE5,,,,,,,ODN0000073757,n,right_only
F1FC09ED-C20A-4941-8088-00AED081D461,,,,,,,ODN0000073792,n,right_only
2689372A-20D5-42A2-A834-EE96B1E44322,,,,,,,ODN0000073895,n,right_only
C16174C7-CEB2-4E09-8758-5E2E304AE36A,,,,,,,ODN0000073722,n,right_only
51D3A72B-E43D-4C72-AF18-CE2D878B4542,,,,,,,ODN0000074061,n,right_only
4A088D57-B512-4875-A792-0399175520BE,,,,,,,ODN0000073055,n,right_only
1AD52EE1-CD8D-4E90-9E10-CE5010336821,,,,,,,ODN0000072936,n,right_only
13218526-3AD7-43A1-B046-640CEE5B8D54,,,,,,,ODN0000073766,n,right_only
AE0372E8-166E-4ED9-8FF6-C56766665415,,,,,,,ODN0000073680,n,right_only
59853351-B139-4438-B77B-A58184891D0D,,,,,,,ODN0000073394,n,right_only
E6E47D78-165F-4B38-AB9E-2EEB35FD7C96,,,,,,,ODN0000073023,n,right_only
CBDA50F5-A149-4298-B697-4732E0596930,,,,,,,ODN0000072924,n,right_only
5F3A6A33-B044-4B8E-9BB0-9750FA791085,,,,,,,ODN0000072947,n,right_only
EE29DD6E-C139-413B-A39E-A7BBC3F32472,,,,,,,ODN0000073497,n,right_only
C8C89DC5-82B1-45BF-81D9-F79742D06EEB,,,,,,,ODN0000073849,n,right_only
417B6741-D3EF-4D58-A098-A7E7677AE742,,,,,,,ODN0000073832,n,right_only
22D97FE8-7B53-4EFD-AB31-27C9092BA546,,,,,,,ODN0000073652,n,right_only
356B6E76-443D-4415-BBA4-00E16D2746C0,,,,,,,ODN0000073803,n,right_only
46E5E01D-5CA5-4739-9954-AFC2708D21B2,,,,,,,ODN0000073804,n,right_only
3D5A9EDB-B6F7-4DE3-BCB0-D25FF5DD08B8,,,,,,,ODN0000073723,n,right_only
A100360F-10D1-4737-A207-39C828728FB4,,,,,,,ODN0000073805,n,right_only
933E9B6A-788A-46E7-AC56-E019193060A8,,,,,,,ODN0000073403,n,right_only
D2414AF1-156A-47ED-B20B-3D10C99B8377,,,,,,,ODN0000073896,n,right_only
8E8FB0D4-E300-4EEA-B029-76ECAB6976DD,,,,,,,ODN0000073395,n,right_only
C5F8557B-580D-4587-8B23-126C8E5804B2,,,,,,,ODN0000073024,n,right_only
F11B729A-F546-4C86-92E6-132C1417D29E,,,,,,,ODN0000074006,n,right_only
6B052104-F32D-4580-B4AD-F5D748A69FE7,,,,,,,ODN0000073822,n,right_only
DDAFA4B9-ECC7-4171-96D4-BBD21C801FC3,,,,,,,ODN0000073696,n,right_only
8F35F20D-346F-400C-80BA-8939653FE150,,,,,,,ODN0000073681,n,right_only
0414D8D0-0EFD-4F60-B5C9-618A67A5BBBB,,,,,,,ODN0000073221,n,right_only
BD3BC67C-4D8C-4AEC-BD53-6C3830560D1D,,,,,,,ODN0000073642,n,right_only
EE5E0FF4-ECCD-4114-950A-C9DFEC51EAA7,,,,,,,ODN0000073643,n,right_only
9338BA2F-9C2C-467B-BF35-075F2AA03728,,,,,,,ODN0000073644,n,right_only
65F73D88-966B-4999-982D-804F1F1173D5,,,,,,,ODN0000073645,n,right_only
C0891CDB-818A-4746-80F6-28974A8014EA,,,,,,,ODN0000073646,n,right_only
F558B2DC-7A15-4D8E-B79F-9BEF47235B99,,,,,,,ODN0000073647,n,right_only
96DEE9F1-27EB-456F-9853-2715619BC5E0,,,,,,,ODN0000073929,n,right_only
2EEAC9B2-378B-4693-ACDB-CF6F46A58071,,,,,,,ODN0000073396,n,right_only
7AF68EEB-3EEC-490A-BD51-8B16301626CA,,,,,,,ODN0000073346,n,right_only
B665C7BF-0B78-45F2-B189-6D995AD9AA42,,,,,,,ODN0000073215,n,right_only
00F8C723-B92A-49C7-A0D7-EB9A136620CF,,,,,,,ODN0000073131,n,right_only
157012D1-BB0A-4829-A591-A64DC5615A46,,,,,,,ODN0000073609,n,right_only
06653C9F-51BA-4A37-9A49-D319F193803E,,,,,,,ODN0000073138,n,right_only
37F37EAD-557C-475A-BB22-730403ABE0F2,,,,,,,ODN0000073610,n,right_only
1B96816E-44A6-4C4F-BEB5-796B9E2C4436,,,,,,,ODN0000073242,n,right_only
DF03FA9F-1B3D-4039-9CC5-2026E769C82E,,,,,,,ODN0000073949,n,right_only
D1C62011-BEB8-4B10-9F9A-F3ED4352F32C,,,,,,,ODN0000072925,n,right_only
11EFFE03-2A70-4471-AA40-C797FB44F0A2,,,,,,,ODN0000073850,n,right_only
B9078AFD-9B60-4C77-BF2C-F5387883B6A2,,,,,,,ODN0000073682,n,right_only
D622C8B5-ED70-4D26-94C6-2F10E05EA361,,,,,,,ODN0000073737,n,right_only
618CF25E-09D8-4C44-94BB-67E1609BBED6,,,,,,,ODN0000073738,n,right_only
DA41E61A-8EAD-43E1-91C7-96984448256F,,,,,,,ODN0000073739,n,right_only
3B4606F2-5692-4379-8018-EE7C65ACC715,,,,,,,ODN0000073740,n,right_only
3236A5A2-96E7-4512-93C5-D0F0DE7B5CA6,,,,,,,ODN0000073930,n,right_only
59FB03AC-9701-4B3D-9205-42ED306E4D7A,,,,,,,ODN0000073158,n,right_only
979AAFF9-613C-4B2F-AEA0-37F25EA7D1EC,,,,,,,ODN0000073174,n,right_only
738025E3-597F-4E48-8367-47729115664B,,,,,,,ODN0000074062,n,right_only
F0AB9802-1538-4FB1-8599-99D604A4CC00,,,,,,,ODN0000073231,n,right_only
097DB212-F795-4159-B39A-FEFCB435FBE4,,,,,,,ODN0000073175,n,right_only
C56D1B2E-8E25-4656-8FD9-8F821F11CA23,,,,,,,ODN0000073897,n,right_only
FA1325A8-F85A-4013-82DE-32A45500E847,,,,,,,ODN0000073842,n,right_only
659E9F67-B845-41DE-921F-672E1FCE52F9,,,,,,,ODN0000072948,n,right_only
2167629F-B8DE-47DD-B83A-A953B367C2DF,,,,,,,ODN0000073683,n,right_only
669D1780-90AF-4F10-AA4A-3448AD67A014,,,,,,,ODN0000073348,n,right_only
2BC31F77-B128-4BD8-8BC5-94C675E964C2,,,,,,,ODN0000073697,n,right_only
65A46841-146D-4029-A223-C8D9EA8988B3,,,,,,,ODN0000074007,n,right_only
42465723-2BFE-4ABF-B1AB-5B12AF0A0694,,,,,,,ODN0000073823,n,right_only
D538C733-7996-4D61-8853-E0D3FA4A4549,,,,,,,ODN0000073429,n,right_only
8A30BE0D-0F5C-4CE5-81C4-3B0AAB971660,,,,,,,ODN0000073176,n,right_only
C412F62A-044E-497D-9357-4F686D310C28,,,,,,,ODN0000073177,n,right_only
91CDE9A3-9BA9-4201-943B-3F5C546EF9F7,,,,,,,ODN0000074008,n,right_only
9A455AC0-1565-4C77-80ED-42A29DA24714,,,,,,,ODN0000073931,n,right_only
C35246C1-4E07-4D40-BB45-215614EC402A,,,,,,,ODN0000072912,n,right_only
76279897-6EED-41F8-A4BE-C122B2B7ED54,,,,,,,ODN0000073515,n,right_only
246F7B3E-3A1B-40D1-B518-9D5F28D56453,,,,,,,ODN0000073932,n,right_only
3DAE36DF-306E-460E-BE0A-63C1A65F8071,,,,,,,ODN0000073933,n,right_only
57E3E08E-A305-4553-AACC-53CA63A07725,,,,,,,ODN0000073480,n,right_only
AC586B3E-17DB-4597-AEC4-FF06B60E70AB,,,,,,,ODN0000073724,n,right_only
85F924CB-5AE9-4893-B458-4E19A651F73C,,,,,,,ODN0000073056,n,right_only
F0350F7C-C469-4BDB-BF18-6FB3F4DDDDE5,,,,,,,ODN0000073806,n,right_only
811A525F-E939-454A-95BF-9E68B757826F,,,,,,,ODN0000073350,n,right_only
0D49C07F-D0C3-45AC-8A2B-4FBE4EC1E6C1,,,,,,,ODN0000073698,n,right_only
4832A0A0-1CBA-4AF8-94A6-203776E0F383,,,,,,,ODN0000073528,n,right_only
98994F90-F841-46BA-B596-29ACBB939307,,,,,,,ODN0000073839,n,right_only
2E4442CD-C556-4235-9109-AF32F0AE9452,,,,,,,ODN0000073137,n,right_only
E9A224C4-B928-4AF2-9359-44E75AE71B92,,,,,,,ODN0000073611,n,right_only
1E3EB850-C6AE-4B55-8978-4BA555208B05,,,,,,,ODN0000074009,n,right_only
28D2CB3D-8681-430E-9904-9A49CDDEB0CE,,,,,,,ODN0000073430,n,right_only
0067E010-8862-4D75-BA8D-188744FD362A,,,,,,,ODN0000073025,n,right_only
5CD75133-8893-4966-8AD9-0E3FDC4BEC6D,,,,,,,ODN0000073026,n,right_only
1DBACB8C-D599-42A8-BA23-809E2EEDB8C3,,,,,,,ODN0000073630,n,right_only
96CC589F-DA7D-4AB1-B944-FF598A13EB53,,,,,,,ODN0000073612,n,right_only
3BF50A41-365F-45FB-9417-82E23EF96C60,,,,,,,ODN0000073934,n,right_only
8247239F-6FB0-426E-BD9B-D4B3D78432E8,,,,,,,ODN0000073232,n,right_only
69FCF6F7-1400-4732-939A-D0CE27CC6920,,,,,,,ODN0000073851,n,right_only
709DF9B9-9B3C-46D3-8FB8-C23D17B90590,,,,,,,ODN0000073613,n,right_only
2CCE680C-8891-46A5-8362-D2197155E5C2,,,,,,,ODN0000073178,n,right_only
571B320D-84A2-40AF-9037-FFD63681251B,,,,,,,ODN0000073684,n,right_only
E18271E0-CC77-44FA-BFFD-6698547B3399,,,,,,,ODN0000074010,n,right_only
04BE0771-C1DE-47DD-8D2A-27B64261D063,,,,,,,ODN0000073725,n,right_only
0183C908-15A8-4BDC-8C71-D37F9552749E,,,,,,,ODN0000073685,n,right_only
03D3CC92-1F9F-4F97-A316-769EDA75FDAD,,,,,,,ODN0000073898,n,right_only
300ABAA5-B36F-4D32-87DF-328A04C81B33,,,,,,,ODN0000073481,n,right_only
A2AA5AEB-90A3-42E3-943D-BDC7CACAED28,,,,,,,ODN0000073828,n,right_only
D7593F62-5327-4C56-A3C7-6035E03384BF,,,,,,,ODN0000073899,n,right_only
BB7B9B38-3146-4032-B297-31964E9AF07B,,,,,,,ODN0000073482,n,right_only
AC0D042A-34E1-4C3C-9371-F95A95B62814,,,,,,,ODN0000074072,n,right_only
8DF833E5-B1B0-4DF3-9C11-86D786FA4A79,,,,,,,ODN0000074073,n,right_only
7B0EEA2B-91D5-4FFF-AFE1-79ECEF2C55D4,,,,,,,ODN0000074074,n,right_only
8280D5D4-1832-41DA-9608-1D542E7BC8F0,,,,,,,ODN0000074075,n,right_only
A86814C4-C8CC-4E79-B901-F7B15520C248,,,,,,,ODN0000074076,n,right_only
6800AFF7-340E-4E65-8959-57AE18739838,,,,,,,ODN0000073686,n,right_only
BA0167AD-98DE-4465-B6D5-C27D3808EC70,,,,,,,ODN0000073648,n,right_only
D64D613F-53EB-4DF2-99CE-5C766D749A85,,,,,,,ODN0000073935,n,right_only
12F7E8E0-D5CF-49A4-AAC2-89E7F52FEA89,,,,,,,ODN0000073411,n,right_only
80B6DDB2-94C0-4E9D-BD4A-F9B15EF3F7B9,,,,,,,ODN0000074022,n,right_only
FD2E4554-9848-4323-BA1F-54B0503B9E2D,,,,,,,ODN0000073730,n,right_only
1C0BF98E-D7A8-4CB3-93A0-DD6A07851C20,,,,,,,ODN0000073786,n,right_only
C37BD038-4015-46CE-9DA6-E2F482353763,,,,,,,ODN0000073431,n,right_only
3A968B88-0D82-4A8A-8880-07643B8F91DE,,,,,,,ODN0000073687,n,right_only
448475CE-FE0D-4319-BA0B-769A7C63A071,,,,,,,ODN0000072927,n,right_only
B6956B70-FA97-42E4-A8F9-53D7F4909D60,,,,,,,ODN0000072937,n,right_only
29E0E2B2-95BB-451C-84E3-3A638F7CDEE5,,,,,,,ODN0000074044,n,right_only
4721143C-25F5-4322-8F55-472ED318311C,,,,,,,ODN0000073688,n,right_only
783ADEBF-3A43-4A9B-80FC-D4938EB67043,,,,,,,ODN0000073483,n,right_only
B87A1F39-517B-4F19-A763-5E0589A059E0,,,,,,,ODN0000073702,n,right_only
0AC8D002-2E3B-4374-B411-2C70A7ADA576,,,,,,,ODN0000073159,n,right_only
7FE49CE0-DD86-4126-BD7B-B74D07A85D87,,,,,,,ODN0000074023,n,right_only
BC825202-BE0C-4B37-A41C-DACDE7443F36,,,,,,,ODN0000074011,n,right_only
2B996682-E65B-404D-A286-ECD664D51E96,,,,,,,ODN0000074063,n,right_only
468DF349-686B-4B04-8C68-AEF706E2FC97,,,,,,,ODN0000072949,n,right_only
E81239D4-068B-4B91-A0CB-3313DA7417DC,,,,,,,ODN0000073649,n,right_only
72A127D9-D121-47E2-90DE-7ABDDF11DB13,,,,,,,ODN0000072415,n,right_only
B0DE50CA-F5DA-4C8D-8046-DC816E2AFC43,,,,,,,ODN0000073936,n,right_only
9D802553-59D2-4F05-9BF6-858F94776512,,,,,,,ODN0000073853,n,right_only
307280D7-7464-4BF1-9DC8-CF1F4EDECE76,,,,,,,ODN0000073516,n,right_only
393AAEBB-0AC7-4EEA-AE53-90233EA2F381,,,,,,,ODN0000074045,n,right_only
3A6BC237-C3F0-4FA1-9D60-F220243A8B23,,,,,,,ODN0000073900,n,right_only
6D27E4CB-56C0-4648-A507-31BA59918880,,,,,,,ODN0000073517,n,right_only
CEEDD25F-13B3-4D70-BEAA-86652AB40A0D,,,,,,,ODN0000073494,n,right_only
13CC59E5-538E-4AFE-B66D-E43374D7D9EF,,,,,,,ODN0000073700,n,right_only
2245C121-D847-499F-B791-5143CBE51988,,,,,,,ODN0000073793,n,right_only
4D79EC19-A801-42D6-AA03-2A64E107CDA0,,,,,,,ODN0000073485,n,right_only
FC97688E-2F1E-42F4-9C9B-8DE9B2176877,,,,,,,ODN0000073760,n,right_only
9DB68090-5111-4686-9F7D-66F35D964271,,,,,,,ODN0000074026,n,right_only
7E147DDE-83F0-48BE-9911-E7B56F590D29,,,,,,,ODN0000074027,n,right_only
4DC742CB-19C9-41E9-86C7-43E31FB5574C,,,,,,,ODN0000073529,n,right_only
2FCC33BB-E6B5-4BF6-9378-5B53019265A2,,,,,,,ODN0000074028,n,right_only
2F8E4823-003A-46D1-A1B5-5F1A040C559B,,,,,,,ODN0000073939,n,right_only
5DCF1215-419E-4F03-96C6-4A2F586915BC,,,,,,,ODN0000073027,n,right_only
603EFBC2-6C31-48ED-A5E0-3ED903BAADF8,,,,,,,ODN0000073397,n,right_only
95B4FA47-1825-4DDB-8F5C-16CAF9F4C6E2,,,,,,,ODN0000073182,n,right_only
3F0017BA-7526-4BA7-B40B-A510D8657149,,,,,,,ODN0000073940,n,right_only
B5CAC9A1-4211-4D2A-B1ED-FAECA84B9BF0,,,,,,,ODN0000073809,n,right_only
68D55CD1-B071-44A5-B711-7E15E2E7881B,,,,,,,ODN0000074078,n,right_only
7D86B767-0CBE-4BFE-B770-349E68001A6E,,,,,,,ODN0000073227,n,right_only
93D9AC1F-BD83-44F5-B149-0FB6FDDABB53,,,,,,,ODN0000074029,n,right_only
86E1F0C4-D0A5-446A-AF79-70659B86A87C,,,,,,,ODN0000073615,n,right_only
3B9EBE88-0F20-4785-B257-43C0302C76F4,,,,,,,ODN0000073616,n,right_only
FCFF31A4-8FF2-4FC0-84FC-319A12039044,,,,,,,ODN0000074030,n,right_only
253A47EF-7E1B-45D2-B823-438B6433AF29,,,,,,,ODN0000073617,n,right_only
812AD612-D9D9-4AE0-9020-3620740AB987,,,,,,,ODN0000073618,n,right_only
10AF4A7C-F288-4518-A87D-F67ED4205DA6,,,,,,,ODN0000073028,n,right_only
102EC45C-234E-4E13-B561-9C0D7D845C68,,,,,,,ODN0000074031,n,right_only
C795015B-68EF-44D4-81EF-171739B8D050,,,,,,,ODN0000073414,n,right_only
45E6E8CD-9868-4300-ABAD-AB594975A370,,,,,,,ODN0000073398,n,right_only
14905769-FBC3-4739-A47A-46545BE6C605,,,,,,,ODN0000073486,n,right_only
75EE92E8-5AA1-458F-86E6-1DC4D4FA038F,,,,,,,ODN0000073399,n,right_only
0371230F-0AF3-4FB2-AF2D-7497FE08B918,,,,,,,ODN0000073619,n,right_only
8ABAB886-2A4C-446A-9743-FA31858A9285,,,,,,,ODN0000073434,n,right_only
C7CDCC4C-3D0D-4A26-93EE-26A08F67D132,,,,,,,ODN0000073400,n,right_only
DB0DBF51-AB15-4A86-8DC9-AC6C8123806B,,,,,,,ODN0000073029,n,right_only
46974076-FC2A-47F9-BDA2-492CA5C76C3F,,,,,,,ODN0000073855,n,right_only
EAC7B7DA-E20F-4B08-B900-C4FA87EA0E1C,,,,,,,ODN0000073810,n,right_only
DB01A730-A00E-4603-92CB-D5B4B4FC83C1,,,,,,,ODN0000074032,n,right_only
538764A3-AB69-4CA7-9219-623FE06783A5,,,,,,,ODN0000073941,n,right_only
74743311-D73E-4125-9FC6-439D03D1D3D5,,,,,,,ODN0000073435,n,right_only
60FCFE26-F1A7-45C1-8B27-7E261CDDBDF6,,,,,,,ODN0000073811,n,right_only
DC4D800C-4691-4831-BE5A-4168022BF272,,,,,,,ODN0000074033,n,right_only
D7D9EA59-711E-4960-9108-01916F6DB6CA,,,,,,,ODN0000073759,n,right_only
1217DA70-29CE-49AC-A464-7699D7A61165,,,,,,,ODN0000073620,n,right_only
9AE0BFD3-3487-4FA5-80CE-7FFD35C2A304,,,,,,,ODN0000073401,n,right_only
A9564962-0EA2-4225-9C1A-4ECF7C77D6D3,,,,,,,ODN0000072398,n,right_only
8EF7AA31-20EC-4E0C-98BA-A62266EFAC99,,,,,,,ODN0000073701,n,right_only
6516E0FE-BD4F-423E-8209-DFF2AAAB4EBF,,,,,,,ODN0000072938,n,right_only
B51E84FC-9F5D-425E-A465-959C7CF2BA7C,,,,,,,ODN0000074052,n,right_only
C28679D2-D19D-42F8-A260-3E98A05D3C04,,,,,,,ODN0000073621,n,right_only
7EB44FAA-2354-49DF-9169-9B25C2A5AB90,,,,,,,ODN0000073622,n,right_only
701747DC-88C9-4A4B-9081-E8E34E548453,,,,,,,ODN0000074079,n,right_only
BEB1A749-4695-457D-954C-D779E396AEED,,,,,,,ODN0000074077,n,right_only
661F26C4-A0DE-4070-A585-6CB39288ED62,,,,,,,ODN0000073532,n,right_only
84C11B15-42D7-40E3-8455-151170C11C44,,,,,,,ODN0000073030,n,right_only
7D60C7C9-AB88-4154-ACA8-30C4D213F8D1,,,,,,,ODN0000073436,n,right_only
66A75AC6-8FA2-426F-A875-B43399ECADAE,,,,,,,ODN0000073937,n,right_only
B26A08CD-6E28-4306-BDBA-B24CC6C6DB39,,,,,,,ODN0000074066,n,right_only
FDFB7B4D-3E4B-4CE0-960E-79D1650B6FBB,,,,,,,ODN0000073938,n,right_only
BFA53F20-9C0D-40BA-BE7D-943DBFE14300,,,,,,,ODN0000073530,n,right_only
4D5BB027-D552-4136-BD25-EC191D9D9A01,,,,,,,ODN0000073942,n,right_only
1C49A636-3F14-4C34-892B-36F139A0177B,,,,,,,ODN0000074024,n,right_only
D12F6239-9B3B-4413-8393-D24215453DD1,,,,,,,ODN0000073222,n,right_only
6BC79CDA-29DE-4BC7-BADF-36C5623A7FF5,,,,,,,ODN0000072445,n,right_only
CABE0144-2435-435F-8007-B3BECE34F960,,,,,,,ODN0000074034,n,right_only
9AD224AF-8DB0-4453-897D-CFF0C6A26B6F,,,,,,,ODN0000073651,n,right_only
D3B008C8-9CF4-45A0-92D0-81C409E4C767,,,,,,,ODN0000073487,n,right_only
B9D16BF5-D028-4D02-8AF2-52224FFB5AA5,,,,,,,ODN0000074053,n,right_only
4E28B72F-589B-418F-B3E1-A10DA00A317C,,,,,,,ODN0000073854,n,right_only
BB901540-15DA-404D-87DC-372B7CEBB38A,,,,,,,ODN0000073741,n,right_only
08C15F4B-9053-4F50-B47A-C242A060EF2F,,,,,,,ODN0000072939,n,right_only
A14EA5B8-B19F-4F81-BD97-29470FE7493F,,,,,,,ODN0000073233,n,right_only
470F322E-B9A0-4CCD-965C-5F89A628626C,,,,,,,ODN0000073623,n,right_only
50491179-EA1D-400C-B44D-52F27B1DA725,,,,,,,ODN0000073796,n,right_only
A1CB7C9A-99EA-42C2-AF54-C9F9EEE0FE1C,,,,,,,ODN0000074035,n,right_only
A860D29B-EB24-4ED5-BAE1-CC5A5AF0A6F7,,,,,,,ODN0000074036,n,right_only
37BD9FCE-A49F-493E-935F-2D09968DEB0D,,,,,,,ODN0000073824,n,right_only
A4D8D986-1AD6-47F5-91C3-30A863D3A2FB,,,,,,,ODN0000073943,n,right_only
20A5D52C-3552-4E10-AF41-7A9FCE5F632B,,,,,,,ODN0000073944,n,right_only
27517BC0-4744-4E37-AA44-44218590F4D1,,,,,,,ODN0000073732,n,right_only
0DB6C221-1476-48D2-8DA2-3185353ADC58,,,,,,,ODN0000073160,n,right_only
7AE1CB97-F155-4340-A6CC-782B652AE519,,,,,,,ODN0000073624,n,right_only
D026D44E-BD01-4257-846D-C52E88455911,,,,,,,ODN0000074054,n,right_only
366DF490-34CF-430B-BA17-DB26FA7CFFF8,,,,,,,ODN0000074037,n,right_only
0D39C2A0-CF66-4895-A96A-7A4F0557590E,,,,,,,ODN0000073402,n,right_only
F12C20A8-9D21-44FB-8A0C-00411D0B2287,,,,,,,ODN0000074038,n,right_only
AEF87D31-BFCE-4584-AF4D-2F9EE07F43AC,,,,,,,ODN0000074025,n,right_only
AEB74056-9E08-4FA5-8619-3842F83D7F1C,,,,,,,ODN0000073731,n,right_only
B8135111-0291-4747-B95B-8BEAF7AAAB53,,,,,,,ODN0000073245,n,right_only
F770B86D-8726-4112-B790-7AD8C04A1801,,,,,,,ODN0000073181,n,right_only
38C575C7-960D-4523-B15A-AC5775D8E2B4,,,,,,,ODN0000073699,n,right_only
28275474-9D8B-4002-89E9-6F646FECDFB4,,,,,,,ODN0000073488,n,right_only
690DEA62-5E4F-4EA7-BEF8-B59C1522B544,,,,,,,ODN0000074039,n,right_only
3293F56A-F845-4081-BECD-1C9247ED28CE,,,,,,,ODN0000073835,n,right_only
1D3A4A6C-E456-4CEF-9CB3-C4E48BED40D1,,,,,,,ODN0000073837,n,right_only
183B0F8E-2FA9-4523-A5BC-39096CA6BCA3,,,,,,,ODN0000073531,n,right_only
FCC2599A-C039-4BFC-9602-86675E8C6410,,,,,,,ODN0000073625,n,right_only
15E59505-2DB4-48E9-92C1-5E37268A2804,,,,,,,ODN0000073626,n,right_only
8EF17D0D-F4C0-43CC-BE7C-2EF0D0905B70,,,,,,,ODN0000073773,n,right_only
8C0BBE40-658F-41F7-B285-3ED5C14757CF,,,,,,,ODN0000083754,n,right_only
7EB4F34C-5B0E-4A06-B188-B1523F082920,,,,,,,ODN0000083755,n,right_only
7D61229B-1A93-4E36-AA60-8C8CD6E97125,,,,,,,ODN0000083786,n,right_only
E4A270D9-12ED-4DDA-9B3E-CB66357848C5,,,,,,,ODN0000083758,n,right_only
1BE45560-B12D-4A5A-ADCF-44428F72CDE0,,,,,,,ODN0000083781,n,right_only
31F94009-BA5A-4CEA-B536-D15EC1E32997,,,,,,,ODN0000083765,n,right_only
1CF3A382-3BA3-4D6B-8791-C8A9357EB14D,,,,,,,ODN0000249814,n,right_only
3ABE0C20-87E6-4BF6-A813-0FDAF1DEC174,,,,,,,ODN0000083767,n,right_only
F04EC4C0-522C-46BB-AE30-F5BCFA8C8BE7,,,,,,,ODN0000083777,n,right_only
C5EA8D6E-11B4-4A2D-8708-EDDE8286682A,,,,,,,ODN0000083779,n,right_only
45D9379D-6042-4627-8EAA-6403545C1C80,,,,,,,ODN0000083773,n,right_only
7FC6787D-878A-44E2-BBE9-3D3A8A35BEAE,,,,,,,ODN0000083802,n,right_only
3A208E4E-4565-4D13-8EB1-948C5541022A,,,,,,,ODN0000083803,n,right_only
DE431CDF-4B0C-4FDF-84E9-19FA67709300,,,,,,,ODN0000083775,n,right_only
E2172B3A-6AC6-4EC0-9776-1A66DC55A793,,,,,,,ODN0000083829,n,right_only
4A381436-F15E-4581-8669-F5CFFCD6A04E,,,,,,,ODN0000083839,n,right_only
21468D21-0FE0-42F6-985A-270097046ACF,,,,,,,ODN0000083843,n,right_only
32C1E2AF-EF23-48B5-9A76-CD952F0C29DC,,,,,,,ODN0000083844,n,right_only
6C84AA15-31AB-46C8-86FC-0C31871A9A10,,,,,,,ODN0000083847,n,right_only
37303098-4D60-4515-B989-9C1C7DC603FE,,,,,,,ODN0000083848,n,right_only
419A230F-65D4-4A21-874F-464189367EEF,,,,,,,ODN0000083846,n,right_only
FEE19D85-9531-47CE-A5A7-873A34A3BFC5,,,,,,,ODN0000083782,n,right_only
6C451A2F-2123-45C3-A3D5-6241813ECA95,,,,,,,ODN0000083780,n,right_only
36C2469F-D676-422B-9E79-89CD30C76C92,,,,,,,ODN0000083883,n,right_only
FECC5F73-457C-4119-AADA-3E7C518910C7,,,,,,,ODN0000083897,n,right_only
A692FBDE-5441-4F1C-8BE2-E04D1D11E85F,,,,,,,ODN0000083900,n,right_only
B96E1B51-EFB9-4E40-A5EF-832A48F21F41,,,,,,,ODN0000083774,n,right_only
CA456046-A698-4B97-8A81-A23F840CE5CF,,,,,,,ODN0000083778,n,right_only
2687BFF2-C6D4-4DB2-BDD9-4824B036F90B,,,,,,,ODN0000083734,n,right_only
68C6A9DB-56F7-4CA0-A918-A45CD2D49E58,,,,,,,ODN0000083904,n,right_only
51AFEBD1-2371-45B9-B04F-F3EAB55D65EE,,,,,,,ODN0000083785,n,right_only
1760410C-7D32-4CB8-96C4-71744AFDEAB8,,,,,,,ODN0000083783,n,right_only
56570981-18E9-4B7D-9670-EB6FA9620FB0,,,,,,,ODN0000083772,n,right_only
82CD0736-BFB9-4FA4-A715-BC22818E7CD2,,,,,,,ODN0000083784,n,right_only
9E3C986F-C733-47EE-84CB-A8BB297BDC6C,,,,,,,ODN0000083906,n,right_only
8DF195F3-7A95-4EB5-82EE-E71D00EDB61A,,,,,,,ODN0000196639,n,right_only
D620D98E-5209-4990-ACA3-66CCE15EF4E8,,,,,,,ODN0000083736,n,right_only
AB3301E5-00B3-4A22-A371-698029D7A36B,,,,,,,ODN0000083909,n,right_only
3487FE04-3F47-47E4-9C85-011A65A950B5,,,,,,,ODN0000083733,n,right_only
024B425A-2AA5-4917-9A80-D2DC86313510,,,,,,,ODN0000083737,n,right_only
45115E37-0595-44C9-B5BF-3B6194263719,,,,,,,ODN0000083738,n,right_only
A840D817-5A0D-48BA-8C79-847FBB070D6C,,,,,,,ODN0000083739,n,right_only
8F3051D5-76B9-4933-8F3E-2BCE098A2392,,,,,,,ODN0000083742,n,right_only
4D5A78CA-2C94-4B5E-989B-95CCFB2A4DAC,,,,,,,ODN0000083744,n,right_only
C0C7929A-F4E4-4AC5-905B-EE665BD2C6EB,,,,,,,ODN0000083748,n,right_only
51B41A0A-F654-41AB-9439-D1F89B592793,,,,,,,ODN0000083749,n,right_only
E17E7B3F-FB31-4C1B-8B5F-E6502B4FC2C0,,,,,,,ODN0000083750,n,right_only
207A5545-FB7B-455E-A2B3-05A4EB26C735,,,,,,,ODN0000083761,n,right_only
974716B6-1A64-40D7-A64B-E8BAD572B6FC,,,,,,,ODN0000083762,n,right_only
243E358A-F465-4108-B21C-569E4BCC591F,,,,,,,ODN0000083763,n,right_only
3BCD7357-ACA0-4BD2-99CD-BC9A3E3958F0,,,,,,,ODN0000083764,n,right_only
09095FDD-E610-45D9-AA2E-C6882C1E5DE8,,,,,,,ODN0000083740,n,right_only
8F11C38A-93FE-4E82-8BD7-C293A12F0E2E,,,,,,,ODN0000083768,n,right_only
87B67ED5-798E-45BF-908D-9B6961CE245C,,,,,,,ODN0000083769,n,right_only
F7653A42-E18E-43AD-9243-6433BEED1E05,,,,,,,ODN0000083770,n,right_only
7D46A66D-A551-43BC-8B4E-3ED060BAA996,,,,,,,ODN0000083771,n,right_only
C8FFB134-FA83-4E3C-8C01-C02CBBAA5C77,,,,,,,ODN0000083776,n,right_only
CA5E5034-3582-4537-BB62-C48C04A8EBBC,,,,,,,ODN0000083910,n,right_only
E9EDBF6B-057A-4214-826F-718A7F1B705C,,,,,,,ODN0000083790,n,right_only
D1D415F6-7816-4595-AFB8-C22F70F83320,,,,,,,ODN0000083807,n,right_only
D10EB7C6-431F-4CCE-8D02-F813E2564D51,,,,,,,ODN0000083808,n,right_only
DDC20ED9-DB54-4EA8-ADD1-96DADB05385F,,,,,,,ODN0000083810,n,right_only
6DF945A1-802C-4E98-B043-8DE518B37B5F,,,,,,,ODN0000083811,n,right_only
C8894941-D517-41D9-B48E-B121B5F8EBF6,,,,,,,ODN0000083812,n,right_only
CE4584D4-24DA-40E7-A2EC-8F48F4B59FE7,,,,,,,ODN0000083813,n,right_only
5158229B-0794-45A2-8E6D-3783BAACC7B0,,,,,,,ODN0000083814,n,right_only
DE76910F-C5BD-4644-9D33-49732CA67C1B,,,,,,,ODN0000083815,n,right_only
9B3123E1-4597-4AF9-86D0-91634965FE27,,,,,,,ODN0000083816,n,right_only
C5FD4E58-D50C-45D5-822A-C3C7567666E1,,,,,,,ODN0000083817,n,right_only
E5247A85-D7D0-412A-B76B-74EFBBDEE4E4,,,,,,,ODN0000083809,n,right_only
DCAB08A1-9253-4399-9948-BF0EE1C662BC,,,,,,,ODN0000083788,n,right_only
F9C9BD66-9C0F-4319-90C9-371661A0065D,,,,,,,ODN0000083825,n,right_only
2359F724-47FA-465F-9F64-82009529F486,,,,,,,ODN0000083826,n,right_only
55EC10D6-E6D8-4FF7-AD43-D4AFBAC1CCCE,,,,,,,ODN0000083828,n,right_only
BB476411-64FE-4FCA-AA6E-2C4F7D0FF7CE,,,,,,,ODN0000083827,n,right_only
A159E927-82AC-4577-BF1A-FD33E47D95C4,,,,,,,ODN0000083830,n,right_only
74B624E3-9180-4C40-A9EB-607655CB62B7,,,,,,,ODN0000083831,n,right_only
D50B2962-D84B-48A4-BDB2-720AC9F1C643,,,,,,,ODN0000083836,n,right_only
AC226A00-AE85-4279-8889-3057D6AA7581,,,,,,,ODN0000562055,n,right_only
48156A5E-1A48-4A39-BCD9-F1B3079D4C2D,,,,,,,ODN0000083840,n,right_only
2473F8E5-9CFB-4DC4-9EC3-7C9E4B150695,,,,,,,ODN0000083841,n,right_only
CE738938-0420-4E37-99B9-62253458B85E,,,,,,,ODN0000083838,n,right_only
8D562055-6448-4B05-B6C6-159725372104,,,,,,,ODN0000083849,n,right_only
FE564B6D-5360-4237-B7E6-7B17A9793308,,,,,,,ODN0000083856,n,right_only
0B292AAA-039A-4AF7-A9B1-32B5CE22D15F,,,,,,,ODN0000083858,n,right_only
EE18A167-A211-412B-856C-3912E73D9493,,,,,,,ODN0000139455,n,right_only
752E5420-F501-4435-BA97-4118141096DD,,,,,,,ODN0000083866,n,right_only
8782A803-16AA-479B-ABCA-5BDBD7504A05,,,,,,,ODN0000083867,n,right_only
F42E65F2-7F4D-42D9-B022-4C41FD3B9143,,,,,,,ODN0000083876,n,right_only
3B887539-3993-4C9E-864E-E2420D1CB05B,,,,,,,ODN0000083878,n,right_only
F2B83FA1-4C07-43A2-91E7-9745C840F40B,,,,,,,ODN0000083880,n,right_only
C542DFD5-695E-4E90-A753-FBB0DCA36FA7,,,,,,,ODN0000083879,n,right_only
7D664E96-2B10-4875-9214-F3664C12CFB0,,,,,,,ODN0000083882,n,right_only
A079DE00-9732-4258-B3A1-18216621643B,,,,,,,ODN0000083857,n,right_only
7A307D56-9752-487E-BFD4-CC02197A9A28,,,,,,,ODN0000083885,n,right_only
5F61842C-304F-4984-8E90-DFCA2046AB04,,,,,,,ODN0000083889,n,right_only
C6761845-D7DB-4CA4-9B00-D7BFAA315EE5,,,,,,,ODN0000083890,n,right_only
36A1BF35-02F0-452A-8065-3BE2DE70E118,,,,,,,ODN0000083891,n,right_only
451B400A-40D8-4BB7-B333-0E5BBCB6A9FD,,,,,,,ODN0000083899,n,right_only
F725589D-1B18-45B6-9DB2-8D58149B1018,,,,,,,ODN0000150140,n,right_only
AD143010-5954-4FD8-BEDD-9A4E0C6A740C,,,,,,,ODN0000150139,n,right_only
D3BD1DD3-8BC5-4672-AC0A-6969C75D9800,,,,,,,ODN0000083806,n,right_only
7E722DBD-C022-4D48-9B44-CC04FA2E317F,,,,,,,ODN0000083903,n,right_only
4F007804-DFDB-402C-9D5E-152A3DB54056,,,,,,,ODN0000129508,n,right_only
2BBAC166-461D-455C-95EC-5A69ED5C28BD,,,,,,,ODN0000083911,n,right_only
A48AE559-6489-46AB-B87E-663C1E54B9FD,,,,,,,ODN0000083914,n,right_only
74139C8F-CFF8-4320-B108-EC20B6BA0BAE,,,,,,,ODN0000796349,n,right_only
EE12CBB4-0889-4C8B-B0D0-576AE68FDBDC,,,,,,,ODN0000083915,n,right_only
B206CB17-5687-4109-9132-3229B1E2A544,,,,,,,ODN0000083916,n,right_only
AD9F9FE8-7849-47A7-BCCE-7994FD8E3248,,,,,,,ODN0005102471,n,right_only
D455F373-B057-423F-A939-71BFA7E3C8D3,,,,,,,ODN0005340882,n,right_only
7F80DF8D-BD56-4B51-9E19-18D06C50BA84,,,,,,,ODN0005285003,n,right_only
CFA71AD3-1C60-49EC-BB7F-86473448E98B,,,,,,,ODN0000076493,n,right_only
2ED3D737-A1B5-4F2B-8C5E-854E6B4C5051,,,,,,,ODN0001297991,n,right_only
047F047B-A9BB-4972-89A5-76C30745923C,,,,,,,ODN0000097351,n,right_only
221EFD69-59D5-4CBF-ACD9-BE4BCAAF086D,,,,,,,ODN0000353730,n,right_only
509AD01D-DECA-49E5-A242-98496AD1BFDE,,,,,,,ODN0001321427,n,right_only
3EC7A3DA-88CA-4716-82E8-92BE71BA5190,,,,,,,ODN0000077106,n,right_only
2D06810B-E324-43C6-989A-0A5E20FEA5C1,,,,,,,ODN0004896369,n,right_only
1F647E12-3298-4E8D-8EBC-E2245E6A6EA2,,,,,,,ODN0005295952,n,right_only
49BFDFC6-972D-46BE-8006-5AD0F600CDFE,,,,,,,ODN0005295955,n,right_only
5A47B6FF-3600-4736-B785-62C8E19BFDCE,,,,,,,ODN0005295958,n,right_only
CE98DDEF-6B0A-4FB5-9ADE-E91572E39A9C,,,,,,,ODN0000077166,n,right_only
070D1F34-C158-4EA2-912B-48C457DC82BD,,,,,,,ODN0000077128,n,right_only
8F5B0123-06FB-474F-8D72-B37EBD88B851,,,,,,,ODN0000077135,n,right_only
01D449F1-4C28-4FB8-B671-3E96F8238E16,,,,,,,ODN0000077102,n,right_only
ACC6260E-9717-45AB-A418-C9477499C487,,,,,,,ODN0000077145,n,right_only
3A89C643-752B-40F2-8FDD-2B15A2D85C63,,,,,,,ODN0000077153,n,right_only
D699E1D8-30A2-4DE1-8D79-FCF8B1932132,,,,,,,ODN0000077169,n,right_only
D09B18DC-AD46-4115-86F5-86228BC54F79,,,,,,,ODN0000077171,n,right_only
74C4D4C2-00A4-4723-9CE9-29C66A749A66,,,,,,,ODN0000250405,n,right_only
2D878EF7-0553-411E-8911-199F87673498,,,,,,,ODN0005217586,n,right_only
B26FCC57-DB80-41FD-84D5-1E87D3E85504,,,,,,,ODN0000076527,n,right_only
0A376C5B-0E38-43BE-A1C4-FB3BB3CD4615,,,,,,,ODN0001050011,n,right_only
8C283742-6277-4CB9-8F68-0EE0095F2B73,,,,,,,ODN0000237483,n,right_only
FD041EEC-2625-4FE8-9C7B-54A6DA44C498,,,,,,,ODN0000453478,n,right_only
582A4B8D-1368-4156-A0A3-7EF52B0A11FD,,,,,,,ODN0003746795,n,right_only
37041A35-D7E4-4DE9-A5B5-4B7A39219894,,,,,,,ODN0005465037,n,right_only
89C19E53-47B7-434D-9DCA-B127258C1BB4,,,,,,,ODN0005431629,n,right_only
85049BE8-2A7D-42CE-9553-15053840176E,,,,,,,ODN0005431633,n,right_only
33D649EB-A615-4FD5-B18E-AC07293EC042,,,,,,,ODN0005431634,n,right_only
C3FA7E2A-C62F-4044-A551-2110752BF931,,,,,,,ODN0003746792,n,right_only
AE5951A3-B1BB-47CF-9F56-CBBE422AFC69,,,,,,,ODN0005431642,n,right_only
8264F30D-7E4F-44BA-AFFF-D42EC78A5A61,,,,,,,ODN0005431670,n,right_only
82D22349-99B6-45A0-934A-45F89DC1BBF8,,,,,,,ODN0005431651,n,right_only
BDC7E6FF-FB05-4F9C-AB9F-B5F5315A057B,,,,,,,ODN0003746798,n,right_only
38170EDB-BEB8-48E4-891E-871AAD852D91,,,,,,,ODN0005431653,n,right_only
06E060D9-AB31-4A09-A01C-8C79DF1D5262,,,,,,,ODN0002386283,n,right_only
99DB8ECB-0B2E-4659-BD06-43701C9F28A2,,,,,,,ODN0003746794,n,right_only
CB6B6F87-92C4-47FE-9E13-39B56911BC9E,,,,,,,ODN0005522816,n,right_only
4214D8E7-2AF8-4D71-AECF-42A64D491498,,,,,,,ODN0005492279,n,right_only
05F22D23-40B8-4FC0-A290-304F3E01BFE0,,,,,,,ODN0003746799,n,right_only
61F1B155-6457-4025-A8A3-DE9AE1DE9121,,,,,,,ODN0000077023,n,right_only
A6EFEE4A-EEB2-407E-811A-B06538CBC529,,,,,,,ODN0000504489,n,right_only
9DF79F3D-C9A1-4741-8E8F-8ECE8FD7BDD3,,,,,,,ODN0001289540,n,right_only
9FC72864-18E4-4D17-88F0-DEF5706823B4,,,,,,,ODN0000076421,n,right_only
E6C88A70-A627-4915-8EE9-8C2814DDD581,,,,,,,ODN0000077104,n,right_only
A705195E-860F-4607-B23A-F3BB6EB7D65E,,,,,,,ODN0000077024,n,right_only
7C27EB0C-5912-4DC5-88ED-F48C7296DB49,,,,,,,ODN0000095899,n,right_only
C51E4DBC-4B37-4135-A6AA-E29D658CB2DD,,,,,,,ODN0000504493,n,right_only
4882A9C0-1456-447A-9587-06178423C971,,,,,,,ODN0000546206,n,right_only
B3328EBC-A707-46EF-AD0A-C4D0494AC970,,,,,,,ODN0000076177,n,right_only
BFA015BA-97A2-4BF1-A700-AD112083411E,,,,,,,ODN0001241714,n,right_only
7784E219-15DE-49B3-9965-B870E6959FFB,,,,,,,ODN0000075931,n,right_only
6E14091B-48CA-4F00-A3C3-6850D514446E,,,,,,,ODN0000588543,n,right_only
BE080EB5-B1DA-4B78-8B37-FF0400B3D5F7,,,,,,,ODN0000076105,n,right_only
41C0F463-B0FE-4A53-8638-5E7AEF80DC50,,,,,,,ODN0000096774,n,right_only
99B1F61B-9981-4393-8552-A91286939733,,,,,,,ODN0001126587,n,right_only
EFC10DA6-2BBC-4F00-9214-FCE596C41B11,,,,,,,ODN0000083324,n,right_only
69454484-3269-49D8-9D6D-88529BAB46B8,,,,,,,ODN0001289541,n,right_only
83642434-BE62-451A-B7F2-9DDB3FF6F5EE,,,,,,,ODN0000076179,n,right_only
5D02FF2B-1557-48F1-9EB9-CEB09C67EE98,,,,,,,ODN0005057316,n,right_only
DB064A18-5D04-40D6-8063-8CFC178CD26A,,,,,,,ODN0000504519,n,right_only
4B71218D-B981-4FDA-96B8-8B9310C19A7D,,,,,,,ODN0000332534,n,right_only
505CFC0E-9478-4758-ADF0-E7938F33632C,,,,,,,ODN0000075933,n,right_only
B4E81999-997A-4BAE-A567-C24ADDB96507,,,,,,,ODN0000076211,n,right_only
F28E7BE8-74AD-4D36-A2BE-A723DE1C14FB,,,,,,,ODN0000095900,n,right_only
EA0AAAA1-E82C-41D0-8F4C-7B22AABF87E6,,,,,,,ODN0000076136,n,right_only
EE5E2866-BA53-4483-9496-D3BC35388A81,,,,,,,ODN0000076430,n,right_only
A770D1AB-253B-47AA-A069-1179F4215F8F,,,,,,,ODN0005253284,n,right_only
578883E8-B425-4524-90B1-2CFE3FB09383,,,,,,,ODN0000076431,n,right_only
BD70C355-E20C-4781-8210-847CDB9C2B9A,,,,,,,ODN0000076432,n,right_only
F0B3C87B-B286-4912-969B-F006426D43B4,,,,,,,ODN0000077107,n,right_only
64EE51DF-AA4C-4130-A148-D09B84558BF8,,,,,,,ODN0000546263,n,right_only
15F76D86-319C-4D72-B7F3-BEB58B52AAA5,,,,,,,ODN0005195483,n,right_only
FB08E5E7-5201-4029-88A2-C49ECF1209C0,,,,,,,ODN0000095901,n,right_only
A4B029D4-EC6E-42DE-AA84-A72F1AAE2F98,,,,,,,ODN0005116395,n,right_only
21E8979C-DD23-4C4A-9BAB-BF44E1658F5C,,,,,,,ODN0000077156,n,right_only
57D2788B-C039-4AF6-B84B-861EE3E807B9,,,,,,,ODN0000504494,n,right_only
2A4A3A29-DFB0-4DA0-9305-863793986762,,,,,,,ODN0000077157,n,right_only
7B99282E-4640-4196-AA6F-782B2B99CE3E,,,,,,,ODN0000095902,n,right_only
721CD0E1-9F0D-4D1A-A1FB-17A755F9E04A,,,,,,,ODN0000139788,n,right_only
B9D262D3-6B2B-4438-8EB3-4A4922391FF6,,,,,,,ODN0000095924,n,right_only
B9B54CE4-8AB1-43EF-9F86-427CCFC0EA10,,,,,,,ODN0000504495,n,right_only
5305B8C8-5EC8-4088-A360-7FCC51525226,,,,,,,ODN0000170658,n,right_only
C2812C07-B3EC-459B-845F-6F8364D03895,,,,,,,ODN0000077190,n,right_only
46ACFEF0-FE4E-4B1E-8536-438E5033E9A2,,,,,,,ODN0000076109,n,right_only
7E9E56AE-99F7-4C29-9C35-B47E6C863071,,,,,,,ODN0000347904,n,right_only
684B00D0-90D8-4B60-9EF3-B4CA8B5C452C,,,,,,,ODN0005243398,n,right_only
7AFE949F-1623-42CE-9B98-83614B01CC99,,,,,,,ODN0000095903,n,right_only
E0418752-5637-4C47-805E-37A62A37023D,,,,,,,ODN0000077025,n,right_only
9868C3F3-E3C8-4F32-9CCE-7B5E0D907E55,,,,,,,ODN0000077179,n,right_only
FC6AD47C-7D8E-4119-9057-F13FCD9CD950,,,,,,,ODN0000095933,n,right_only
41562978-C16D-433A-BC64-BA4F0EA75DA2,,,,,,,ODN0000076923,n,right_only
07BBB539-8C77-4626-B1B1-5789CD8D78AC,,,,,,,ODN0000504498,n,right_only
04A74551-71BC-4658-8C39-C0E4760B41A6,,,,,,,ODN0004883733,n,right_only
7F5AE298-CDE2-44F3-BFAE-940734FEFEBB,,,,,,,ODN0001241715,n,right_only
203BFD47-4348-48BC-A149-0281C62C3723,,,,,,,ODN0002017269,n,right_only
40339A1C-2BD5-4439-90CC-7AFD492276DE,,,,,,,ODN0000075945,n,right_only
DCD97FA7-774D-4AC1-9F0D-1D2A34534020,,,,,,,ODN0000103309,n,right_only
D78011BD-3378-4219-A36A-AF782C6EE3F8,,,,,,,ODN0000095904,n,right_only
E57D71A4-3BA8-4EED-AA07-85E314348B9E,,,,,,,ODN0000076137,n,right_only
C0D88BE0-4EAB-4A5B-ACC3-99FE69C5AE80,,,,,,,ODN0001379982,n,right_only
A55A005F-E7B6-4A81-8035-6758B63A5EBA,,,,,,,ODN0005208887,n,right_only
60401191-8F62-48E8-9CC0-16395EF1868D,,,,,,,ODN0000161644,n,right_only
231690F5-64E9-4CD6-A16D-9945EB441CAB,,,,,,,ODN0000076408,n,right_only
62CC9401-80FA-47E5-B23B-25FC79EBC664,,,,,,,ODN0000095905,n,right_only
7D5B474D-1CC2-41AD-A8E7-7A25C340DDD0,,,,,,,ODN0000076449,n,right_only
11924C7B-1D87-4C4B-AF35-D21CAA02B9A0,,,,,,,ODN0000095937,n,right_only
B65341FF-39CA-43FF-8385-C12F31941C3C,,,,,,,ODN0000076924,n,right_only
F8E556A3-CC8B-4038-84BC-80CED5F838C5,,,,,,,ODN0000076925,n,right_only
C5A24E1F-8542-4712-BE97-111188DD3620,,,,,,,ODN0001332324,n,right_only
F8C953A8-A106-45DB-B1F5-65FC9CB8E076,,,,,,,ODN0000077112,n,right_only
8BC62DDE-F05B-4F8D-A0A9-D1E77580FD8F,,,,,,,ODN0000076112,n,right_only
CEF05355-927D-419F-AB12-69BAF41F25EF,,,,,,,ODN0001186549,n,right_only
15277042-BA13-4AE5-BE56-093FC7970560,,,,,,,ODN0000076323,n,right_only
F2689A67-BC1F-4E17-B4ED-2E15B91901C3,,,,,,,ODN0000845344,n,right_only
8E98EB80-7BC8-47D0-8B8A-BFB108892AC5,,,,,,,ODN0005131475,n,right_only
DFCEC591-C77D-491F-A08F-6A4E14432E81,,,,,,,ODN0001537304,n,right_only
72F93E21-0C7C-47E1-9693-26540D5488DA,,,,,,,ODN0001321418,n,right_only
12C8A18D-7A5E-477E-B751-E45F8B6DBF4C,,,,,,,ODN0000095882,n,right_only
EC7EAF0E-9DC9-497A-82D4-0DA443274270,,,,,,,ODN0000076213,n,right_only
09BFB9D7-487F-4EC6-A9F7-87684C71EDE6,,,,,,,ODN0000095906,n,right_only
38936D5A-2CEB-4379-9753-BDE77235ECEA,,,,,,,ODN0000788074,n,right_only
6C899F44-23FD-4D67-8E6A-5F8ED2EF2039,,,,,,,ODN0000465450,n,right_only
AE299867-409D-41B9-91F3-F64F24B44C4C,,,,,,,ODN0000095935,n,right_only
BD337B68-61D2-401D-A0C0-A5470193B139,,,,,,,ODN0000276799,n,right_only
E1A3EAB4-B865-4F4A-94C0-D9376C66A21F,,,,,,,ODN0000095907,n,right_only
27616F5C-8784-45AD-9BEE-3E7A9583246B,,,,,,,ODN0000076422,n,right_only
80A82BD0-17B5-4B8C-A63F-A7F60E6411A2,,,,,,,ODN0000471971,n,right_only
59B1F67B-B00F-46F4-89B8-1EB12AC95951,,,,,,,ODN0005208866,n,right_only
8722FEB3-8A92-4411-AEFB-73DB5C7C142F,,,,,,,ODN0001289544,n,right_only
6235E25C-3CAE-4428-8CBF-20D3E7F24F64,,,,,,,ODN0000681054,n,right_only
81C07E3E-102C-41F7-9D93-242830279BA0,,,,,,,ODN0005057323,n,right_only
2F78C612-E67E-4126-BE91-46A51F263A96,,,,,,,ODN0005651105,n,right_only
266C7C96-8DD1-4021-9AD4-453D723BC5BA,,,,,,,ODN0000076942,n,right_only
E3D648BA-E567-4EEF-AF0E-AE22CB3E4053,,,,,,,ODN0000097349,n,right_only
7FFB91DE-AD6B-44E0-8080-6CB6D93115E7,,,,,,,ODN0000645091,n,right_only
3A6B6048-4BC2-47E6-8D4B-D4928926EE98,,,,,,,ODN0000076461,n,right_only
1A290A8F-A042-44C9-9E30-962588A637B0,,,,,,,ODN0000076620,n,right_only
F4AEC537-1318-4F7E-AA3B-89BB692534C9,,,,,,,ODN0000076944,n,right_only
B4174C55-FE86-4455-9770-59747BD03A06,,,,,,,ODN0000076462,n,right_only
086CB426-FFF5-4E6A-8888-95C5B8CC3050,,,,,,,ODN0000076267,n,right_only
14AFBBE4-4EFA-4FE7-923E-3BEAA59C87B8,,,,,,,ODN0000076621,n,right_only
611DBF40-DFF9-4B18-B642-B4B1E1E5D42E,,,,,,,ODN0000095883,n,right_only
991B3DD5-6427-4D24-AACB-CB10DB17BEC0,,,,,,,ODN0001529327,n,right_only
9ACA3CA8-1128-45C5-A947-2E39AA27B710,,,,,,,ODN0000095909,n,right_only
295011E8-C3CE-4FCF-9DED-41587DAE1D92,,,,,,,ODN0004773122,n,right_only
5B6858C4-2F13-4129-9DE0-27A1C86CBEAC,,,,,,,ODN0000076464,n,right_only
E55834C2-181A-4768-A5BD-359B3B163542,,,,,,,ODN0000077119,n,right_only
AC2970D5-9995-40BC-8088-198B0D6C1463,,,,,,,ODN0000546312,n,right_only
3E951DA1-46CF-4FEC-86C0-64F979BDCC64,,,,,,,ODN0000151418,n,right_only
D5945858-2C94-4F5C-8BA3-4B57C176CD1A,,,,,,,ODN0000076138,n,right_only
A5A2D357-AC75-437B-B287-A88F5868E26D,,,,,,,ODN0005286307,n,right_only
E8A0FFF5-83F9-4268-923D-F4D282ECEC1C,,,,,,,ODN0000095910,n,right_only
A2170CE6-F578-474B-B1EE-3D6F2326C89C,,,,,,,ODN0005057328,n,right_only
13088520-F9E9-4774-B233-E3893736D6C1,,,,,,,ODN0000077036,n,right_only
DFCED2F7-8DC8-434C-AEC3-0C542656EF9E,,,,,,,ODN0004849440,n,right_only
0A1A4452-D7C4-4B29-8D97-A9B387B65ECD,,,,,,,ODN0000077120,n,right_only
35CC5E48-9734-4B63-BCB9-3EDF17F83DCD,,,,,,,ODN0000077165,n,right_only
CE384C45-3321-457A-B18E-DC46AAD11B1E,,,,,,,ODN0005195487,n,right_only
E3022F42-0A45-41AA-9FDC-643573F4B176,,,,,,,ODN0000645092,n,right_only
A2864C88-D8E1-47D3-A0C2-075C2BC039F6,,,,,,,ODN0001755600,n,right_only
39F9C774-42FD-4C47-BD85-FAEAB6CE4868,,,,,,,ODN0000096776,n,right_only
ACA967B0-EC6F-4381-B670-48D31399CE47,,,,,,,ODN0001586110,n,right_only
E7CD8425-72B2-48D5-A3EB-2B6A7DA8E06B,,,,,,,ODN0000568988,n,right_only
D0626B8E-98B5-4095-A2D0-C551976EB7B9,,,,,,,ODN0000453469,n,right_only
F6CFB208-85F1-4D02-8F90-DE421848A6FC,,,,,,,ODN0000507364,n,right_only
E08E754D-9A18-4457-AAEA-1C28EF8D2A98,,,,,,,ODN0005275187,n,right_only
056983B1-E7B9-4DA7-90E5-19679EC27B7C,,,,,,,ODN0001008598,n,right_only
874B7E77-8CC8-4048-8201-FE87E132A3D6,,,,,,,ODN0000504521,n,right_only
629719FC-B3E1-4A65-8366-C44E87B66405,,,,,,,ODN0000097350,n,right_only
562596DC-9066-412E-B4B0-802EC00353E3,,,,,,,ODN0005154886,n,right_only
A60A674A-2AA9-4947-A0A6-AE8BF2FAD549,,,,,,,ODN0000095884,n,right_only
D567083F-038F-406B-BD38-4E728FF84317,,,,,,,ODN0004362564,n,right_only
AB3826CB-E08E-44ED-A213-2ED2DEB7DBDC,,,,,,,ODN0002017255,n,right_only
38658E24-5C1F-4489-829D-EE709620A5EA,,,,,,,ODN0000076273,n,right_only
11F31424-7441-4E63-B753-761A5F6A45A7,,,,,,,ODN0001383309,n,right_only
331CA74F-4A41-48EE-BF06-AA6FF805EECE,,,,,,,ODN0000546363,n,right_only
AF03720E-2E36-4565-8BDA-6CB8DDC52115,,,,,,,ODN0002854785,n,right_only
0E82D36F-FD19-451A-9F3F-3A34A2E9EEED,,,,,,,ODN0000077122,n,right_only
F59307CA-72FA-404C-999E-AFE8CDBC3EB2,,,,,,,ODN0000076954,n,right_only
C317B7F9-2743-40E0-80C4-9E073EF303FE,,,,,,,ODN0000845345,n,right_only
D78392BA-3F76-47A7-9691-A39EE83C595F,,,,,,,ODN0003326403,n,right_only
BDAD9FA5-D944-4147-B8FC-8A231DE0CDE5,,,,,,,ODN0004839742,n,right_only
AEAA6C90-6254-4AE3-A9A1-37DD1B8ABAAD,,,,,,,ODN0000096777,n,right_only
8EBC1F35-68CA-4D5E-B24C-5577F944858F,,,,,,,ODN0003309389,n,right_only
9C8C9E33-C810-40AB-996E-51045396401D,,,,,,,ODN0000076483,n,right_only
CE22B7E9-197D-41CE-B02F-9994C2F55EA2,,,,,,,ODN0000095925,n,right_only
F5A97B33-0802-4ACE-82ED-DCCAF26CA4D0,,,,,,,ODN0000076487,n,right_only
04045293-E7F9-4590-B584-739CA583A70C,,,,,,,ODN0000391652,n,right_only
90790574-0E5C-460E-B593-D7FA2F9F7EF0,,,,,,,ODN0005217595,n,right_only
070F4BC5-7DDF-438D-A896-059D111FB646,,,,,,,ODN0005243402,n,right_only
003DF587-FDC7-4EDF-BFA9-38220E4B7716,,,,,,,ODN0000097353,n,right_only
4833A407-CF0D-483A-B0A8-7F86FF12FC51,,,,,,,ODN0001973423,n,right_only
57A925CE-3ED0-4690-B60D-8FEC065CD47D,,,,,,,ODN0000076329,n,right_only
BAF121B8-6E2E-40A3-A058-BBC80DFC7326,,,,,,,ODN0005208872,n,right_only
1B91B8A3-1809-48F9-B461-9B8514CFC5B4,,,,,,,ODN0001643125,n,right_only
7FFF0530-9DD8-4767-97FB-78ACD877FC6B,,,,,,,ODN0002017256,n,right_only
9AF1208F-F7C8-4E01-9C76-127A316BC10F,,,,,,,ODN0000077044,n,right_only
6FFC31EE-E49C-4FAA-A799-107D1FCA3C8E,,,,,,,ODN0000076241,n,right_only
AFBD2AA0-5CEA-46C8-96D5-6701F52057F6,,,,,,,ODN0000095885,n,right_only
C8B0FCF2-B7DC-4754-900F-77C0B820A39A,,,,,,,ODN0000076961,n,right_only
EDFDB39E-274F-48A2-8A6B-BB8F3CD65D5D,,,,,,,ODN0005168210,n,right_only
0CC80700-E0FA-42EE-A765-92D408BBF74B,,,,,,,ODN0005168212,n,right_only
3DC743E6-5C1B-4D63-A6EF-C5E85E3655BC,,,,,,,ODN0003682394,n,right_only
0F3CC4DC-91A5-4660-B932-D668F10631DA,,,,,,,ODN0005168213,n,right_only
189DF5C5-60F0-48B8-8958-7DDFFCA2F749,,,,,,,ODN0000546412,n,right_only
6DA1063B-14AA-4DB6-801B-FC5D06F6590C,,,,,,,ODN0004789242,n,right_only
62878D54-0A51-41BF-AE5E-6D132CCE50A3,,,,,,,ODN0001586117,n,right_only
365887F7-5F69-4CC0-8E5F-BEA4627D404A,,,,,,,ODN0000076218,n,right_only
10EDD9D2-86B7-41B7-8206-FFB1AC3FC0DE,,,,,,,ODN0000076503,n,right_only
A1E1CE91-7E61-43B2-84FC-3BEB3DD2C797,,,,,,,ODN0005195489,n,right_only
FB0712AF-793B-49A2-9192-449050D34E49,,,,,,,ODN0000873987,n,right_only
7DE9762C-C823-40D0-B72A-984AB2D243F7,,,,,,,ODN0000095887,n,right_only
BB66C4B2-E4D7-4F2B-8372-093B4011383B,,,,,,,ODN0000095888,n,right_only
93F1A043-2262-4F3E-A524-AF76956D7699,,,,,,,ODN0000076506,n,right_only
A202D576-377D-48A3-A099-D0B7458D0BBB,,,,,,,ODN0000076507,n,right_only
2C2993FC-6EC6-4694-B49D-EC85E45466AD,,,,,,,ODN0004789245,n,right_only
091253C0-340A-4C9C-8ECD-713E57355416,,,,,,,ODN0000076971,n,right_only
274EDD04-4660-40BF-9523-118D054E6457,,,,,,,ODN0000114028,n,right_only
770704E3-A0F1-4A8B-88BA-779C7F61493B,,,,,,,ODN0000095912,n,right_only
087DA42D-6350-4DE9-B694-CD5ADC98388E,,,,,,,ODN0001550312,n,right_only
F56802FD-A162-4BF9-AE8A-A7876133236D,,,,,,,ODN0000985156,n,right_only
6117783D-8AC2-47C5-A594-393E6E859E55,,,,,,,ODN0000077192,n,right_only
95DB40E4-1211-4303-81CA-CD11BF0C1EE8,,,,,,,ODN0000076196,n,right_only
66C94775-2BCD-4BB3-8BC1-19C9FA2CFB7C,,,,,,,ODN0000137069,n,right_only
89258A36-E198-44FB-B412-338BE6ECBED1,,,,,,,ODN0000076122,n,right_only
36152F84-8FB5-476A-9FCF-4AAB708227F5,,,,,,,ODN0005077450,n,right_only
93FEC97D-2D71-4F9C-8748-2C786485D0B2,,,,,,,ODN0001186553,n,right_only
A6E38ECF-DA7B-45C5-B209-A3AAE03BE3EF,,,,,,,ODN0005243405,n,right_only
C74BC008-44C0-4239-ABF8-47B06553CC44,,,,,,,ODN0000504490,n,right_only
98062784-E0DE-4328-8A52-F4CFB3CAF794,,,,,,,ODN0000095913,n,right_only
635EE3D7-0B25-4523-A253-81B009EE5D80,,,,,,,ODN0005005421,n,right_only
69E449FC-B1C4-4572-B44D-D93368854D8E,,,,,,,ODN0000076219,n,right_only
DE582D0F-5398-4B85-A661-CFBC32033DEB,,,,,,,ODN0000077129,n,right_only
11AA42B7-4B91-4F17-B19C-0192275FCC06,,,,,,,ODN0000095914,n,right_only
5E1BF661-09AA-4884-97CA-5B280EFD23D1,,,,,,,ODN0000717683,n,right_only
AA57DA41-7991-46CE-97EB-87BFB574EE6A,,,,,,,ODN0000317081,n,right_only
91B423C0-78C1-4E20-92B0-7D8B29FDB250,,,,,,,ODN0000076332,n,right_only
0DAB3395-B25E-42E0-9300-C6BF2A705697,,,,,,,ODN0001126626,n,right_only
03B262E8-FC46-4D1F-B952-A21EBC06D2F0,,,,,,,ODN0000095893,n,right_only
225C0F07-AB92-449D-BD7D-06176898B00D,,,,,,,ODN0000077050,n,right_only
205A529B-0B20-4A19-9410-B0D1FA0E1060,,,,,,,ODN0000076285,n,right_only
F41E4411-09D3-4DFF-8F37-090E7DD82828,,,,,,,ODN0000894405,n,right_only
72471C98-79AF-42F1-9750-90AC8D3CF758,,,,,,,ODN0000077132,n,right_only
5C4EBB6A-1993-44E8-9277-23F130756743,,,,,,,ODN0005057351,n,right_only
8DE0BBE3-4667-4019-AE9B-68FCDA5C8FED,,,,,,,ODN0000095894,n,right_only
C93B31E0-F262-434E-AD87-038677BADB4C,,,,,,,ODN0001336709,n,right_only
A71772AC-0FA0-430B-AEDB-96278D12033D,,,,,,,ODN0000076516,n,right_only
24ADEF82-839F-4D44-9BD5-ECC9F3144017,,,,,,,ODN0001297992,n,right_only
5B23E884-8016-4155-AB46-9E6B050BA47A,,,,,,,ODN0005208882,n,right_only
021D9FBB-E830-426B-B1FB-9EB6938CACA7,,,,,,,ODN0000077167,n,right_only
8ECA5453-46D5-4D78-9837-CEE0CB023EEF,,,,,,,ODN0000077193,n,right_only
B3ED39B7-05AC-4312-9B28-050A4EC90AB0,,,,,,,ODN0000095927,n,right_only
6AC1EC32-2645-4290-9859-4F39E678F2CB,,,,,,,ODN0004883714,n,right_only
614FC911-C27E-446E-B603-4247E8A45F36,,,,,,,ODN0000538047,n,right_only
28121020-EC26-42E7-985B-C88516DF7936,,,,,,,ODN0000096780,n,right_only
0EE920EC-CE30-44B1-8129-F038BB06B4E5,,,,,,,ODN0000076147,n,right_only
CCFD7A28-03FE-478D-8134-C91BE1F0A359,,,,,,,ODN0005286323,n,right_only
CB5E7F8D-131A-4F84-ABA3-F0A3E913B9DD,,,,,,,ODN0000095915,n,right_only
A7555311-93CC-4F3F-A744-40081EBD4862,,,,,,,ODN0000095962,n,right_only
8C60C093-020C-4F41-9FE8-EBA0803185EB,,,,,,,ODN0005195492,n,right_only
B9AA7722-35E8-4603-9889-D9FEB9013CA4,,,,,,,ODN0004982858,n,right_only
3AC9FAC4-C8C2-469A-B700-82A8DC65546F,,,,,,,ODN0000076293,n,right_only
29A6CF72-1101-4D95-A7D8-2930E7E61A6B,,,,,,,ODN0000471973,n,right_only
4CB704A8-38B9-41F9-88F7-E20D7E1EC676,,,,,,,ODN0005208877,n,right_only
CDB3B3D5-8B49-4FE1-93A0-9A0048F6A46B,,,,,,,ODN0005217614,n,right_only
58C5FABE-FC25-4738-92A0-8783031C4987,,,,,,,ODN0005057398,n,right_only
851B0636-3E04-46AF-99DA-FA2E4CAEE40C,,,,,,,ODN0000095916,n,right_only
64B09D9E-B4A1-4447-A485-43CB4267813B,,,,,,,ODN0001332327,n,right_only
EF19156E-7D83-4ED7-8135-8D008819955A,,,,,,,ODN0000103311,n,right_only
525B79EE-36DF-4D0F-BE69-C71CA06554E9,,,,,,,ODN0004875751,n,right_only
92CC711B-6E29-4C65-B13E-AC15060AC1B7,,,,,,,ODN0000076298,n,right_only
1C1FA7D8-419F-4B87-A656-1DD6AD965265,,,,,,,ODN0000076149,n,right_only
E532F511-669E-4D54-8AF2-BBEF34E573C0,,,,,,,ODN0000095928,n,right_only
17DB5414-EA69-450E-BBE4-46DACD7FB772,,,,,,,ODN0000504509,n,right_only
EF7CC6AE-813F-4983-AC19-A84C1576EE56,,,,,,,ODN0002017259,n,right_only
0F1DFFAE-F672-44DB-B28A-5DF5E6C680C9,,,,,,,ODN0000116582,n,right_only
5910C9AC-201E-4125-8CCF-F83E3E988BC7,,,,,,,ODN0000095932,n,right_only
CDEC02FF-1B47-4FAA-AF40-B53D658C31D1,,,,,,,ODN0001186554,n,right_only
F055452A-9BB9-440C-B4EE-40F6267AD412,,,,,,,ODN0005253293,n,right_only
2E8EDBD1-9F23-4AF2-B05A-87BAD31E07C3,,,,,,,ODN0000076642,n,right_only
A13B42D2-533C-4394-89A9-16B7D513EED6,,,,,,,ODN0005243388,n,right_only
7FEC0594-4FAD-4CBC-83B3-7DAEBCC5B900,,,,,,,ODN0000095918,n,right_only
F083873E-49DB-4976-BBA2-93CF0BF51DAC,,,,,,,ODN0001186580,n,right_only
78BBB7D2-6752-4C53-AB68-CC9088B782E2,,,,,,,ODN0000076560,n,right_only
6786D1D7-5694-4130-8D35-CAF8122602A3,,,,,,,ODN0000077057,n,right_only
8EB3318F-1B8C-414B-85F1-E07AB5518AB1,,,,,,,ODN0000465460,n,right_only
4B8D261F-0343-4221-92CF-36BEAF183A3E,,,,,,,ODN0000465461,n,right_only
50D94998-EFF6-4158-AF50-B600374E5471,,,,,,,ODN0000095929,n,right_only
BADFAACE-DA78-454D-832D-C7D681179717,,,,,,,ODN0000095891,n,right_only
9FA29087-391B-4C85-9EC8-B1B6E33DC3ED,,,,,,,ODN0005217616,n,right_only
561A5560-C89E-40A6-A3E0-AA5798467172,,,,,,,ODN0005286333,n,right_only
5B0E2D36-3626-47DF-ADD2-BAC852123538,,,,,,,ODN0000077194,n,right_only
CB681871-EECD-4F8F-AAE4-B96508618EA9,,,,,,,ODN0000569005,n,right_only
DCF8F342-7CBB-42CB-8C61-37EB1715608D,,,,,,,ODN0000095957,n,right_only
8C887A63-3361-435C-9801-3140633E5E97,,,,,,,ODN0000077061,n,right_only
722D34D7-EF5E-444C-AF72-AD53B2743326,,,,,,,ODN0000504491,n,right_only
3F405EB6-0A39-44C6-85B3-18FCB95DF759,,,,,,,ODN0001896930,n,right_only
A16EB65B-E6CC-40FB-8080-E690E0C1354A,,,,,,,ODN0000095960,n,right_only
802D4166-1FA3-4CC2-BEA1-8931CC38DCC2,,,,,,,ODN0001241719,n,right_only
F8137671-0356-4E73-8F29-7BE3B95DEA7B,,,,,,,ODN0000170665,n,right_only
42A00C9E-602E-425E-A5B1-9FBD3EFD22A0,,,,,,,ODN0000095934,n,right_only
F53DB48D-73D9-4954-92B2-50AE08931C59,,,,,,,ODN0001241722,n,right_only
E48AB648-DE90-4D64-99E4-D6D1794C921D,,,,,,,ODN0000095930,n,right_only
1C7EEE1D-43E4-4043-A15F-59C0848ECA12,,,,,,,ODN0000076307,n,right_only
761C5026-581F-4E33-9604-3B6FF0D3C495,,,,,,,ODN0000076649,n,right_only
C5EE3180-73E7-4E3F-8E89-6CDC614EC89C,,,,,,,ODN0005573887,n,right_only
8708A12C-91E4-49F2-AA40-1B0313D40A05,,,,,,,ODN0005019916,n,right_only
125DA6B8-358E-4585-96CC-9BE937B9889A,,,,,,,ODN0005208878,n,right_only
0FCA0A0E-DA2B-450A-9B86-F6DADE327F24,,,,,,,ODN0000096781,n,right_only
2B516CF8-4EA7-4678-A87B-071DA6A49C43,,,,,,,ODN0000096778,n,right_only
27A31737-B5A6-4FE6-A9DE-6A4CEFDC53E4,,,,,,,ODN0000161654,n,right_only
89EDE4E6-F51D-4452-84BB-A5537A0EE62D,,,,,,,ODN0000075994,n,right_only
38CA243A-7E9F-4423-8B84-690E689102C2,,,,,,,ODN0000095919,n,right_only
3925765E-80BC-4559-BE33-80EA9285B78A,,,,,,,ODN0000154979,n,right_only
86D8D00B-D240-4975-B864-9869E2EFAC8E,,,,,,,ODN0000076010,n,right_only
2DE7F9CA-E4F0-4996-85FD-05CEE9DA2759,,,,,,,ODN0000455841,n,right_only
96518289-1AFA-4449-91D1-C0EF20923AEB,,,,,,,ODN0000465463,n,right_only
AC0C9617-8D6D-4A79-ABEA-C84DF6B95C8A,,,,,,,ODN0004789248,n,right_only
2638B6AA-9B12-423B-AAC7-ECE3A5F9B8F9,,,,,,,ODN0000076153,n,right_only
4DF707B5-D735-4BB4-A59C-0C21CD1188B5,,,,,,,ODN0001126632,n,right_only
FEA12897-7112-422A-B2B5-902064FE6653,,,,,,,ODN0000095920,n,right_only
B6D6339F-4628-43A5-B009-F6D021CF2937,,,,,,,ODN0000077064,n,right_only
1AA22062-EDC3-43AB-9E42-95BA06F8366D,,,,,,,ODN0005233424,n,right_only
BAA44591-1A2A-4139-B895-5E93F8F8F15B,,,,,,,ODN0000453473,n,right_only
6318BAEB-C892-40D0-8802-502445ABDF0B,,,,,,,ODN0000317075,n,right_only
2948C015-C2D9-4507-AD9B-3BB4EC180C8C,,,,,,,ODN0000095921,n,right_only
98C31F83-44B8-49FF-B2E5-F28E3FAE8F87,,,,,,,ODN0004866825,n,right_only
FBB6AC3A-2BDE-4148-A278-5266FDF52EBD,,,,,,,ODN0000504513,n,right_only
795B3A35-6784-4E3B-BA9E-7CAAD878E3C2,,,,,,,ODN0000143441,n,right_only
535E832C-A1DC-4261-84FE-D5A28F733640,,,,,,,ODN0000076343,n,right_only
E38FBA87-2297-474B-98AA-80621FEC1735,,,,,,,ODN0000471989,n,right_only
05E1F496-F18A-439B-8D1B-8567FF2ADB72,,,,,,,ODN0000096782,n,right_only
8D153181-8422-4A17-8030-86EF46463504,,,,,,,ODN0000077069,n,right_only
B4F79398-F0DF-49B5-9F3F-1CC674E9EB2D,,,,,,,ODN0005217606,n,right_only
F1C85A46-5468-4F90-95A7-E30258A328B7,,,,,,,ODN0000103313,n,right_only
4BA40F21-2F7C-4BF1-8CA8-D32B22373A72,,,,,,,ODN0000076549,n,right_only
D1D69E87-0C5A-46B6-95F7-F1686C3F7E06,,,,,,,ODN0000077014,n,right_only
1D7F091F-15E9-4A20-AC43-D934B6B7E088,,,,,,,ODN0001321426,n,right_only
93CD2981-EE66-406B-9F2A-68412318827E,,,,,,,ODN0000076658,n,right_only
7A04303F-1D73-4BCC-81FE-7741BAD80AF9,,,,,,,ODN0005168255,n,right_only
DC12814B-C736-42C4-A583-97012B7DE393,,,,,,,ODN0005340975,n,right_only
82EBB139-7964-4726-9B76-73000413AD2D,,,,,,,ODN0000077015,n,right_only
059CCA66-6A12-4F36-A16D-06E4FEE3ADC8,,,,,,,ODN0000155301,n,right_only
B130FED8-02DF-4A30-9669-6C9EDA590764,,,,,,,ODN0000076561,n,right_only
382A27DE-1DC2-4D6B-A906-EFE78EFB0770,,,,,,,ODN0005068642,n,right_only
DA42D8DA-175C-4BA5-8537-213AC050340C,,,,,,,ODN0001354468,n,right_only
EDEAE7E2-64CD-4028-88D8-448D824A4958,,,,,,,ODN0000076129,n,right_only
05573A84-A9F2-4336-B60A-B9FFF7E68B2F,,,,,,,ODN0001332330,n,right_only
E0F3A1F6-9782-41AE-BC81-E61411F56A5D,,,,,,,ODN0000076155,n,right_only
14CA279B-37CD-4BF1-A370-A35467628CDA,,,,,,,ODN0000077017,n,right_only
D0D49345-12AE-4604-9B97-376B84E82579,,,,,,,ODN0000076553,n,right_only
FA487C75-4C17-4D43-9EF1-8CCBA6080AA5,,,,,,,ODN0000076314,n,right_only
1B88A019-93FD-4BF0-97F9-D8B49BC8D6F2,,,,,,,ODN0001002945,n,right_only
BBCAAC5C-CB1C-4C23-BBC4-A9D7056B54D7,,,,,,,ODN0000076131,n,right_only
EABCEDE2-964F-4F6A-BAB7-32738C425993,,,,,,,ODN0000076225,n,right_only
61C43C26-AA75-4303-9525-CC7AF4BEB191,,,,,,,ODN0001289549,n,right_only
B1F798BC-8CFE-46C9-B63B-5D7B74B443C9,,,,,,,ODN0000570938,n,right_only
8ED5C1C8-D752-4A98-9EB3-B976048550C5,,,,,,,ODN0005573889,n,right_only
97C916C3-37AB-47AD-8E8D-FC9167FD9774,,,,,,,ODN0000095958,n,right_only
C39E8E60-EFC8-4221-9A1A-BEB6644AC2EE,,,,,,,ODN0000095959,n,right_only
E6CE54DA-6E53-46E7-A06B-AD0889C5C1C6,,,,,,,ODN0000095939,n,right_only
5E31C79C-C073-47B2-B9FE-D1AEA54238DA,,,,,,,ODN0000076207,n,right_only
B67AF6F6-0113-4353-8393-CEEC277EF246,,,,,,,ODN0000095936,n,right_only
365BAF6E-640C-4D8A-A30E-95CE67C9C061,,,,,,,ODN0000151417,n,right_only
9A7B1342-4CFE-4BF2-A91A-E0BE8FD19EA8,,,,,,,ODN0000077155,n,right_only
959EDD61-1796-41CC-8BCC-4ED2A3AEEAD9,,,,,,,ODN0000095922,n,right_only
93A496E5-01A5-4E9B-870F-9117A6EC14C9,,,,,,,ODN0000118048,n,right_only
DA44A51A-8956-47BB-B812-54B42F2C189C,,,,,,,ODN0000076558,n,right_only
637A8039-9041-4ADF-894E-389F1417C899,,,,,,,ODN0000076209,n,right_only
EA847DC7-98AD-444B-81FD-3FC50D4BD5B1,,,,,,,ODN0002017260,n,right_only
67570FE9-2EE7-4ECF-ADE8-D3CF3B4CB836,,,,,,,ODN0000076559,n,right_only
8C154DFC-CCA1-4039-9397-73B59952623F,,,,,,,ODN0005217619,n,right_only
D2971632-AA73-4417-852D-7AE8E13F5FE0,,,,,,,ODN0001336825,n,right_only
F5F3A85F-B846-4EA8-9BA4-01CFAF30B485,,,,,,,ODN0000985160,n,right_only
642231D5-B25C-4A86-A4F7-C0905AB405D9,,,,,,,ODN0005154897,n,right_only
C0B9662D-0D89-48F6-B6BF-9D5AB832B700,,,,,,,ODN0000076346,n,right_only
B8D4922D-2A66-4E38-9962-9D7440EAD240,,,,,,,ODN0000317086,n,right_only
6F7B0958-9568-4308-9EB5-7417B5F227CB,,,,,,,ODN0000077082,n,right_only
D937972B-203A-4950-9A70-22B2F55957DD,,,,,,,ODN0003359701,n,right_only
C7F55A06-C579-447D-9270-D8B2455B6BAF,,,,,,,ODN0000083343,n,right_only
D6527F55-58F5-4B2E-8644-DAD4ECCD4DB4,,,,,,,ODN0000569007,n,right_only
206E1E59-FDBB-43CC-9540-1E3AE860E6CD,,,,,,,ODN0005154899,n,right_only
C9598500-B539-4BF7-B36F-DC8FE5508133,,,,,,,ODN0001303077,n,right_only
9B9C5503-6C99-4FF1-AAD0-700635BF5F7A,,,,,,,ODN0000095895,n,right_only
0C7E322A-F011-4C2A-A8E0-FDF94CC4C6E5,,,,,,,ODN0000788076,n,right_only
83402DE5-75A6-41A0-BD9D-7DD8F3401544,,,,,,,ODN0005195503,n,right_only
2118FA32-D87A-47C6-9513-CD46DA541902,,,,,,,ODN0000076160,n,right_only
4F78F5DA-4EB8-47E9-B6EC-A9F380D5CF88,,,,,,,ODN0000077085,n,right_only
D91DA822-C55F-4402-831D-25DCFAEF8016,,,,,,,ODN0005168227,n,right_only
D78B1C95-B548-41C2-A8B1-EF9CD489BC32,,,,,,,ODN0002206226,n,right_only
987DCC00-C695-4F48-8CA1-9E740328FFB5,,,,,,,ODN0000076663,n,right_only
6FFA8003-1731-4BDC-8D1E-FFE67F55294D,,,,,,,ODN0000076161,n,right_only
6D80397A-41E3-42E7-A1DE-E44402E7D330,,,,,,,ODN0000115461,n,right_only
CA2EF972-ADD9-4BBF-9CC3-1E9D87E210AD,,,,,,,ODN0000095938,n,right_only
8D7382FE-DAF5-4DBA-B9C1-F4A4A7948E4B,,,,,,,ODN0000546527,n,right_only
F095E95E-16C4-45D1-A207-A1C95CBB1B50,,,,,,,ODN0003912642,n,right_only
5770755D-30D6-4314-AFCA-B07B70777C9B,,,,,,,ODN0005185596,n,right_only
68F53B43-7632-49D2-9050-347FB80C7465,,,,,,,ODN0000894408,n,right_only
70626C97-1631-4A07-A3D2-42EEB82F37E6,,,,,,,ODN0005233443,n,right_only
507DE6EE-79C4-489D-AA59-D7DC8458C43A,,,,,,,ODN0005462517,n,right_only
AC117D4F-4FCA-44ED-A45C-4C819F056C2D,,,,,,,ODN0000076156,n,right_only
9E2E0440-7433-4182-979F-D47DC2A96E92,,,,,,,ODN0000077090,n,right_only
C984F618-A48A-414A-9699-5BCF4D32C8FD,,,,,,,ODN0005546995,n,right_only
4871E7BB-279D-48D6-85BE-BCD74DB4B0E6,,,,,,,ODN0000095896,n,right_only
46B43891-0E85-4D46-B1DB-D13E4608BCB7,,,,,,,ODN0000077091,n,right_only
C603E398-D84C-4353-96FC-88DA6DB81158,,,,,,,ODN0000076163,n,right_only
E13849AE-65B6-40A4-98DC-BF8F34530ABC,,,,,,,ODN0004896377,n,right_only
A8985AB4-E97F-4D6A-8D5A-6572FD788C17,,,,,,,ODN0000103316,n,right_only
127C0BDC-F28B-4243-9F91-34F4A5583FBE,,,,,,,ODN0000076348,n,right_only
FE9FD399-4893-4D6A-A1F6-35C75A05901B,,,,,,,ODN0002396923,n,right_only
7FDD2C47-7D50-4FDC-83F8-32E85F22D4C7,,,,,,,ODN0000097354,n,right_only
61304302-B8A5-4DAD-9C14-3B01170831F3,,,,,,,ODN0004939959,n,right_only
B31249F1-0DB8-4040-87D9-544C834D72EC,,,,,,,ODN0001303061,n,right_only
EC2F9262-A040-42B4-81C2-BED1114B58F1,,,,,,,ODN0001336848,n,right_only
5C776890-5728-45DF-9E59-4F2E12019FBF,,,,,,,ODN0000095897,n,right_only
2BEB6DA4-E261-4AAE-9F18-C020B074AD59,,,,,,,ODN0000095961,n,right_only
3D868850-202F-4AC5-A7F9-7B1DED99E26A,,,,,,,ODN0000569008,n,right_only
9DF42EC5-08FD-43CC-B408-20AC5BEADAA5,,,,,,,ODN0005116400,n,right_only
3E74C2F6-F8A8-4483-8C11-50C618C06209,,,,,,,ODN0000083346,n,right_only
78A384FF-5AEB-4506-A1B3-73483557F98C,,,,,,,ODN0004866875,n,right_only
808E5AE6-F81F-4B83-BFAC-881F2666B869,,,,,,,ODN0000095898,n,right_only
8B5E9C1C-51C4-40E7-8C13-D17FA58ACC46,,,,,,,ODN0003318378,n,right_only
FFF4646F-A720-43CB-8F5D-5E8D93278F67,,,,,,,ODN0001321429,n,right_only
7C42B0BD-9900-4640-B857-E32553129D0C,,,,,,,ODN0002017262,n,right_only
011D9439-CE38-4AD9-BC9F-E17E645E68E2,,,,,,,ODN0005286363,n,right_only
BEF91B98-8348-459B-8768-2D29D03A2544,,,,,,,ODN0002017288,n,right_only
3472669A-EC2F-49C3-844F-2D4F1BFBB20F,,,,,,,ODN0000095931,n,right_only
CE9F9FFB-AB75-4F59-93E7-20BF458530DB,,,,,,,ODN0000077080,n,right_only
157D38DC-1783-409B-A67B-35AAF06A7AC5,,,,,,,ODN0000076695,n,right_only
1DDAA121-EBE5-4998-B008-AA8740810EC4,,,,,,,ODN0002017289,n,right_only
4D1F764B-21BA-4644-8940-552073854B3C,,,,,,,ODN0000103314,n,right_only
E1E9F3AB-6D11-4F03-8063-FD91B5A4F298,,,,,,,ODN0000352235,n,right_only
6BA8F38A-8A40-471B-9304-65519D6BEFCD,,,,,,,ODN0001429777,n,right_only
D4E69303-E134-4378-A923-8B5204FAA265,,,,,,,ODN0002056914,n,right_only
219BAB8F-11AE-4992-9344-48A6391E7721,,,,,,,ODN0005208885,n,right_only
CD89E6CF-9F9A-46B4-88DE-82BE25DF815A,,,,,,,ODN0000191493,n,right_only
53B73DB2-DE40-45CB-8B45-87E18182A91C,,,,,,,ODN0000077097,n,right_only
1F391E04-EBCA-4EBB-A500-827EC7582754,,,,,,,ODN0005057416,n,right_only
C4DE1269-B849-49F4-A1E4-BCFC9444A212,,,,,,,ODN0002422763,n,right_only
F8D80AD6-E823-4F27-B554-3D86EEDFC5E5,,,,,,,ODN0005168201,n,right_only
837B6A0A-E281-4B70-921C-8763569A29BC,,,,,,,ODN0005168228,n,right_only
0DA1EBB5-FB73-4ECC-BA16-3C2096879F9A,,,,,,,ODN0000076910,n,right_only
9E86E456-C875-4DEF-BB3B-EC6B5F148FDF,,,,,,,ODN0000076318,n,right_only
5974FAB5-3324-4308-AC53-D8ABF7190BEE,,,,,,,ODN0000077294,n,right_only
A79062C9-3935-4A52-A822-7D87529F4CE5,,,,,,,ODN0000788075,n,right_only
3ECD5F74-BDE7-4D7E-B936-237F7EB86F9D,,,,,,,ODN0001332331,n,right_only
39171F0A-39FB-4DC5-A2FE-5AB9AA22F3DC,,,,,,,ODN0001643093,n,right_only
9F2C3DB2-3297-4194-9C05-440677CD2037,,,,,,,ODN0005243379,n,right_only
9509F6F0-02CE-4ED2-872C-54AD2AF826B1,,,,,,,ODN0000656997,n,right_only
57B23AEC-4882-4506-89B4-E4C8CAC5A820,,,,,,,ODN0005243383,n,right_only
CB3DABEF-23F4-4EFD-91E5-0B9023CDEC4F,,,,,,,ODN0000470916,n,right_only
016096EF-46DD-430B-8F23-0A83C0B91866,,,,,,,ODN0000076518,n,right_only
8B01DA5F-6920-4F73-9310-CE51A5EAE331,,,,,,,ODN0001286772,n,right_only
F403C3F3-02F4-4D54-BD6E-337D1A455119,,,,,,,ODN0001332329,n,right_only
229EF85D-039F-48B3-ABCC-1BE137D23784,,,,,,,ODN0005254904,n,right_only
AD94BB7A-4563-46CC-9DF9-0A8BD8B28469,,,,,,,ODN0000859572,n,right_only
30DD58D3-1EB1-4CD5-BFED-D6E4A21DC190,,,,,,,ODN0002083285,n,right_only
98D3C2E9-6593-4F85-9838-F032350F3042,,,,,,,ODN0002401576,n,right_only
9D7B9456-2733-4200-A1F0-3A6275FE5BA9,,,,,,,ODN0005376641,n,right_only
7523EDDA-FBC5-4543-8268-04D017FB4979,,,,,,,ODN0005376644,n,right_only
848C0352-D364-42EF-A1A1-FC8BE5B86C3D,,,,,,,ODN0000177186,n,right_only
E6A65092-537D-4ABA-BA3B-D8D2572B41E0,,,,,,,ODN0000534424,n,right_only
6059F129-83BB-42F4-A628-5F84DB6619B1,,,,,,,ODN0001417607,n,right_only
62F28955-8343-4730-9E64-5776DD248B8A,,,,,,,ODN0000177361,n,right_only
B03E1361-95A1-4682-B446-5579FE6182EF,,,,,,,ODN0005606505,n,right_only
495A905C-9955-45FF-AF81-93B4C044227A,,,,,,,ODN0000090562,n,right_only
C4AFFC42-11AE-4F27-9F6C-E7753424BB75,,,,,,,ODN0000177261,n,right_only
966BDF49-63E0-4E02-B6C7-7F369D7B64E5,,,,,,,ODN0005606506,n,right_only
F947359B-7882-41D5-A6EC-F1F7AC887AF6,,,,,,,ODN0001366775,n,right_only
3AE7712E-8420-459B-8CA6-D85BCA6D16E0,,,,,,,ODN0001771274,n,right_only
510BAF66-ACAE-4044-88DA-08A392927455,,,,,,,ODN0000090305,n,right_only
2BC5B245-16AD-41DE-A7D9-EC2183FAFDFF,,,,,,,ODN0000062425,n,right_only
5BCC2CF9-A3A7-41E4-B90A-C786F0375007,,,,,,,ODN0000629845,n,right_only
7DC10B5F-456A-4FDF-BECA-FFFA42F74E33,,,,,,,ODN0000082718,n,right_only
7B9C97E1-0DC5-49B3-9406-13C7AFBC13D6,,,,,,,ODN0000082719,n,right_only
944E2198-2034-4891-87C7-DE09465EA9AA,,,,,,,ODN0000082746,n,right_only
0B29B99A-E625-4730-B687-5D4D08665809,,,,,,,ODN0000082712,n,right_only
F97EA794-F0E9-412B-985C-D7F645A895C1,,,,,,,ODN0000082747,n,right_only
D8B6C13E-E439-463F-A282-C175C89219CA,,,,,,,ODN0000082753,n,right_only
653646B1-093F-4E91-B856-0965B13BA9DA,,,,,,,ODN0000083202,n,right_only
C8B20B02-47CB-4D95-91C0-C241C920CB6F,,,,,,,ODN0000079085,n,right_only
F93C67DA-DA49-433B-9585-D40AD7AFD806,,,,,,,ODN0000310624,n,right_only
D41313ED-57F9-417A-8FB8-0F3C52726BF9,,,,,,,ODN0000082813,n,right_only
987A4DE3-8A88-4837-92EF-0A23428C668A,,,,,,,ODN0000058348,n,right_only
68F54B8F-593C-411A-A272-54F11CE70833,,,,,,,ODN0000058274,n,right_only
681FF5AF-CB9E-47F5-864E-EAD4C643A9ED,,,,,,,ODN0000158699,n,right_only
131A9677-08DA-4354-9C54-FF8FC91A587A,,,,,,,ODN0000311121,n,right_only
2DBAA8AC-ED6F-4722-B8F6-98AB717AF413,,,,,,,ODN0000239692,n,right_only
1AEDFC21-6C0D-4B58-8E97-4FBCEA272D8E,,,,,,,ODN0000144797,n,right_only
5C8E710E-3639-42E1-8822-EFFB1C217F13,,,,,,,ODN0000144799,n,right_only
73124253-1809-4174-9548-EF4E30CF7480,,,,,,,ODN0000060645,n,right_only
14C35E82-6A1C-47B5-9899-BC9F08AA40E4,,,,,,,ODN0000060646,n,right_only
C810B11E-9A47-42A6-8CF7-156113DCE9AF,,,,,,,ODN0000058349,n,right_only
C0985E24-7C10-4D4A-BE45-C746D2972EDC,,,,,,,ODN0000058350,n,right_only
C40546D8-5F40-41B0-AD11-8E64E8CDBE21,,,,,,,ODN0000478546,n,right_only
09399C8C-88A8-4713-A23C-8CEB2FB50709,,,,,,,ODN0000144802,n,right_only
0DAA7BB7-D3CA-4AE6-8E3B-64F26D4E7A01,,,,,,,ODN0000144803,n,right_only
B00F8F19-6F91-4876-BB6B-B3CCCA957584,,,,,,,ODN0000233578,n,right_only
26152109-9046-4467-A68F-A9FC790F1F13,,,,,,,ODN0000060647,n,right_only
E68E6881-3169-40E4-9A46-5144E296FE0C,,,,,,,ODN0000110303,n,right_only
A809AD72-AF20-4B5A-B385-9D755BA6D1B8,,,,,,,ODN0000110304,n,right_only
C12640DE-F7DD-4AB1-8C3D-3BBC238EFCB6,,,,,,,ODN0000536367,n,right_only
E508E715-CC36-47FD-A1D9-43F155526557,,,,,,,ODN0000517380,n,right_only
D8B82511-4DC4-4BCF-BAAE-4B216D6AA1FB,,,,,,,ODN0000085785,n,right_only
4E185A6E-37B9-4E2F-AD79-F08833AC125C,,,,,,,ODN0000110305,n,right_only
70504A41-DF39-44D6-A0EA-98AD09832FEB,,,,,,,ODN0000060648,n,right_only
72E9F396-7962-45DA-87F8-4A2492208203,,,,,,,ODN0000132268,n,right_only
C772ED5C-F22B-4118-93EE-456FC63FA95F,,,,,,,ODN0000060649,n,right_only
3C69FF8B-F720-440A-BA7C-DE7C3D9015B1,,,,,,,ODN0000058351,n,right_only
8DB3B883-B5CE-4F54-BA81-A395ACD28E1B,,,,,,,ODN0000095747,n,right_only
66B7D93D-3070-4A9D-8F94-4D72E2AC576A,,,,,,,ODN0000139125,n,right_only
8F74C21D-F110-406D-8663-1816CD514E49,,,,,,,ODN0000060651,n,right_only
638D7E42-901B-44CA-897C-B67F36E857AB,,,,,,,ODN0000065606,n,right_only
25F5F77A-1ED8-43A2-821D-E63158D7DD05,,,,,,,ODN0000058352,n,right_only
D40B9E4E-CDC2-4FB1-A699-8B4310144928,,,,,,,ODN0000060652,n,right_only
4DDCC993-6884-48B8-A654-472C85551732,,,,,,,ODN0000063265,n,right_only
3FD12BB5-C1CB-4651-9EE9-4227E340B16D,,,,,,,ODN0000121567,n,right_only
EA76614C-B22A-4D23-81CD-38D29180EB9B,,,,,,,ODN0000274156,n,right_only
B2B1C6C6-337C-47C6-948E-8E2073874871,,,,,,,ODN0000058353,n,right_only
BE71CF22-0D3C-42B4-B3EC-D4F29845714D,,,,,,,ODN0000089813,n,right_only
1E4DEC04-D3F9-43A1-9395-B5313743FBDD,,,,,,,ODN0000162395,n,right_only
8584AF44-00B3-409B-BE4A-1947B49203BC,,,,,,,ODN0000549910,n,right_only
24D93E89-A2A7-4FEE-BC2C-41D9DF2E8B59,,,,,,,ODN0000058354,n,right_only
4D3EAFEC-9822-498F-A69D-005F9EF07A9F,,,,,,,ODN0000060653,n,right_only
8780C3A6-83D9-4887-BED5-3A5FF72B5454,,,,,,,ODN0000245684,n,right_only
0B8DD035-78F8-4E36-B898-C642CD0F57AB,,,,,,,ODN0000065600,n,right_only
171AAB98-5B41-4E88-ACD2-DD394469029D,,,,,,,ODN0000060654,n,right_only
50C29A1B-D678-48DA-9232-6C401F7DA4B4,,,,,,,ODN0000058355,n,right_only
2FA8B135-1EEB-4A92-B1D4-9949C219F554,,,,,,,ODN0000075802,n,right_only
8220283B-D6AB-40FD-BCAA-1128AB86062C,,,,,,,ODN0000058356,n,right_only
7C378384-4293-431F-8833-884383EE51B2,,,,,,,ODN0000095749,n,right_only
578C0624-983E-4B42-846B-632FC1C805AA,,,,,,,ODN0000154868,n,right_only
52AA7328-FA2C-4B45-B248-41E07E5ECB7A,,,,,,,ODN0000058358,n,right_only
13A5F3C3-43BA-449A-9AA3-4BBC43DDD388,,,,,,,ODN0000058359,n,right_only
F5B174A1-1B62-40D9-BF7D-B7471DD7AC05,,,,,,,ODN0000560598,n,right_only
8474AC03-3C3E-48EA-8395-BEBF512AA0E8,,,,,,,ODN0000063239,n,right_only
5D1A096C-2D8D-4747-9396-8F383CE8113E,,,,,,,ODN0000154883,n,right_only
5CB6EF53-E286-4168-A961-68D8E17A2A15,,,,,,,ODN0000505100,n,right_only
F06B5455-BBB7-496A-8435-32B0BB66C0D3,,,,,,,ODN0000060656,n,right_only
370F0FAC-78AC-4DA4-A99B-AE96BE61D130,,,,,,,ODN0000121568,n,right_only
34B62608-B99F-4DC4-8623-9B7D73C7334D,,,,,,,ODN0000144812,n,right_only
00917B15-50BF-46C1-BC30-A77A5D4A5301,,,,,,,ODN0000114293,n,right_only
5231E360-A82F-467B-854E-83BED59E6F76,,,,,,,ODN0000058360,n,right_only
20B3409D-E3E6-4CEA-9E1C-A7EB73E3CB4F,,,,,,,ODN0000060657,n,right_only
0910A33D-C0BC-43D3-8413-EE6EB26A557D,,,,,,,ODN0000060658,n,right_only
1F17944B-BD91-406D-9D5E-0E5EA07BDA53,,,,,,,ODN0000505128,n,right_only
B671B04B-2496-41B7-9351-2C9629B75113,,,,,,,ODN0000058361,n,right_only
649FAC1B-5279-4013-B03E-FD4E8A168BF5,,,,,,,ODN0000239720,n,right_only
ACB86783-0BBE-4059-8692-710FF18DDF7D,,,,,,,ODN0000505101,n,right_only
1F141BEC-62DA-4D43-B06D-D127E6116925,,,,,,,ODN0000060659,n,right_only
066265CB-7584-41E4-A472-BEDE025A7212,,,,,,,ODN0000625042,n,right_only
D56E9C01-5978-402D-88C4-128136C5D177,,,,,,,ODN0000066798,n,right_only
72354FDB-6009-4C1B-8958-FE973C6BEA2C,,,,,,,ODN0000060660,n,right_only
0D3188C3-4245-499F-9F44-0786764E3B63,,,,,,,ODN0000121569,n,right_only
FE9D0D00-B899-41CC-BCE0-C3E489EE640C,,,,,,,ODN0000085786,n,right_only
25DBFD9D-9D6C-4B5B-877B-CC8F100BF8E1,,,,,,,ODN0000164309,n,right_only
68A0E87B-63CA-447E-9B46-3D3C6211B94B,,,,,,,ODN0000058362,n,right_only
531DC954-6B4E-4F1A-8FFD-4330C42A790B,,,,,,,ODN0000150479,n,right_only
F6CF324E-7345-4C87-AD90-C12E314B90C6,,,,,,,ODN0000058363,n,right_only
38CA51DF-784A-4A56-BA28-221668DBC349,,,,,,,ODN0000517381,n,right_only
3758AE39-95A9-475D-A4D1-1D868E418D48,,,,,,,ODN0000144814,n,right_only
5EC51D49-1C5B-4EB8-A69A-6F4F64E76D82,,,,,,,ODN0000075803,n,right_only
72BA3E85-6F02-44ED-84C0-9EFF13379B5F,,,,,,,ODN0000058364,n,right_only
13FCD52A-CE35-4920-8FD9-860AAA275E9A,,,,,,,ODN0000121570,n,right_only
BB314B4D-23A0-4B8B-A8D1-485BAFD498C4,,,,,,,ODN0000060661,n,right_only
E513CB8E-E4D6-4ACF-AD05-9A5C454B6111,,,,,,,ODN0000066770,n,right_only
67E7109C-0816-40A2-932C-B13C16A20217,,,,,,,ODN0000132270,n,right_only
471264F0-4970-4A0B-BA5F-12BB91CF5EEE,,,,,,,ODN0000063249,n,right_only
9EA8D617-4DFF-4D71-A335-D4368613D0E2,,,,,,,ODN0000242954,n,right_only
08226422-7439-4B93-A3CD-AD745D356FE2,,,,,,,ODN0000058365,n,right_only
E9E207C2-0209-4A0C-A13F-641D3A7A055A,,,,,,,ODN0000058366,n,right_only
2EBDB326-1450-4147-87A1-DB60866CB55C,,,,,,,ODN0000058417,n,right_only
DF8089E9-3E1F-4C48-8404-084C039D3C17,,,,,,,ODN0000058367,n,right_only
A91E28B7-C6E3-45C7-84F9-A7F75AFC2319,,,,,,,ODN0000058368,n,right_only
61999DB3-9523-429A-925F-B3F16F508161,,,,,,,ODN0000060662,n,right_only
7C77282E-BEC6-4DD5-8F71-511F11354B54,,,,,,,ODN0000058369,n,right_only
73AA6FD5-DE43-4F71-A627-4A1214E07DC7,,,,,,,ODN0000245685,n,right_only
5D243178-FA04-42D3-84AD-2CFE60E8A612,,,,,,,ODN0000058370,n,right_only
CBE01293-E62C-4D7D-ADF3-D67C9F310E0F,,,,,,,ODN0000058371,n,right_only
B4BEF5E9-C3D8-486C-AD64-851CEE1FA0F7,,,,,,,ODN0000060663,n,right_only
A8112B85-531E-4FD6-B849-599A7CF3E771,,,,,,,ODN0000075804,n,right_only
E176B64A-FA7A-4586-90A8-A7A31BB0AFC1,,,,,,,ODN0000058372,n,right_only
8F94CC14-C975-4C5F-BA4B-C225EEEF2D3D,,,,,,,ODN0000060664,n,right_only
CA2D7448-4E5D-48C2-B9E1-A9A6995B4444,,,,,,,ODN0000058373,n,right_only
B2627839-FC59-411B-9771-FDCC4E104077,,,,,,,ODN0000095753,n,right_only
D43B407F-7AA7-49BE-B31F-940BAAC99D8A,,,,,,,ODN0000058374,n,right_only
AC3652BD-3CFF-4F8A-9C40-F21059B1CA00,,,,,,,ODN0000058375,n,right_only
AD33F68E-334A-43A9-8D7E-742363323A32,,,,,,,ODN0000058376,n,right_only
AE9118E0-A498-457C-94F6-64D96EEA7A88,,,,,,,ODN0000058377,n,right_only
93CB0B0B-EF41-4834-93BC-1B4C567B2726,,,,,,,ODN0000121606,n,right_only
52DB7A74-A714-4323-A302-477789CAC4E3,,,,,,,ODN0000121571,n,right_only
A56AB71A-ED2E-4600-AA0C-3473E2E5E424,,,,,,,ODN0000058378,n,right_only
64DDC138-04C5-44EB-8B65-B3284BDAD64A,,,,,,,ODN0000075805,n,right_only
7C35BEF4-F154-4C34-8A37-218AACAB8288,,,,,,,ODN0000060665,n,right_only
C7B3FF56-8C95-4F69-9BDD-4281783CD2EF,,,,,,,ODN0000058379,n,right_only
517B24CF-C9CD-4DCA-A07A-EE961C24A4C3,,,,,,,ODN0000058380,n,right_only
852C50C5-7D70-4E0B-A46C-2099C2A03041,,,,,,,ODN0000162399,n,right_only
D73AE163-5C43-45EB-9962-58CF6AEF1C6E,,,,,,,ODN0000135450,n,right_only
80AD154B-CF4C-452E-A0AF-FD8FE65ED81A,,,,,,,ODN0000135451,n,right_only
F18861A9-71D7-48D8-92AA-9B8F7A489B42,,,,,,,ODN0000060666,n,right_only
FB87AF98-B662-4D19-A5AB-854CA67B77B9,,,,,,,ODN0000058382,n,right_only
23DF4A0D-9642-4D79-A1B7-D176FC2302F5,,,,,,,ODN0000058383,n,right_only
58763E94-6771-4573-A01F-5E15DB5626EB,,,,,,,ODN0000058384,n,right_only
209486BE-777D-48FE-9CDD-54B8758A3473,,,,,,,ODN0000144819,n,right_only
DC8DBF87-214E-428C-8992-CCA24AE567E9,,,,,,,ODN0000058385,n,right_only
D0FA880E-AE65-488C-97AC-D0644175F034,,,,,,,ODN0000058386,n,right_only
27733E50-0C78-43F5-BB47-E5929A138F89,,,,,,,ODN0000058387,n,right_only
662F59EC-C161-410C-B991-992B7855A766,,,,,,,ODN0000058388,n,right_only
C7409AA9-C696-40CE-81CE-F7094D9049DF,,,,,,,ODN0000110310,n,right_only
5EC066F7-0EA8-4AFA-8AF2-EF3D2FA0EB97,,,,,,,ODN0000095754,n,right_only
C4C870EA-CA6D-4208-8C13-4B6B85F25981,,,,,,,ODN0000089811,n,right_only
B8F0DE31-ED0C-4A8E-A1C0-9A232C79AA10,,,,,,,ODN0000110311,n,right_only
CF72C034-11AE-4E27-BF9E-8D846D343134,,,,,,,ODN0000058389,n,right_only
53EBE905-87EA-49EA-9E2A-E2BC35B2E2FB,,,,,,,ODN0000060668,n,right_only
5F4914D7-C5CB-430F-B7B0-183141E69243,,,,,,,ODN0000110312,n,right_only
B5A08D7E-9D04-45E8-B8F9-E8105DD304A5,,,,,,,ODN0000249387,n,right_only
44A42DAA-5255-4734-8A77-201B0E6F78C7,,,,,,,ODN0000249407,n,right_only
96E570CF-9B16-4AAA-8A13-EC3AF2DFE223,,,,,,,ODN0000060669,n,right_only
F59B49D0-AA2C-4E96-A644-CA8CB51FC6CD,,,,,,,ODN0000066774,n,right_only
00ABC28E-63D0-4BC4-96E9-89F43F1B231E,,,,,,,ODN0000095756,n,right_only
8A612108-8983-4C74-829B-BB2C4A2F62AE,,,,,,,ODN0000058391,n,right_only
42F419D2-3B0C-45B6-A6C6-00D61DFCD659,,,,,,,ODN0000060670,n,right_only
79DBD476-413E-4BAB-A6FB-9333889CF044,,,,,,,ODN0000220185,n,right_only
2BDD0FCD-633B-4602-BBEC-552581D449DE,,,,,,,ODN0000536368,n,right_only
B4629BD8-2E6C-47FD-BA83-EBF7830795D9,,,,,,,ODN0000060671,n,right_only
5FB6984D-902D-429C-8291-FC0FA610D75C,,,,,,,ODN0000060672,n,right_only
33C3FA59-61C9-4382-9A98-70C1D3C9D844,,,,,,,ODN0000060673,n,right_only
D0A8AD6C-0BC4-4C2C-A041-8EA5429C4BC7,,,,,,,ODN0000536343,n,right_only
68C0A35E-D946-4F54-921A-CB603FEFA47B,,,,,,,ODN0000060674,n,right_only
D77B97B5-12D8-4FAE-B2D9-4E2076599462,,,,,,,ODN0000058392,n,right_only
EFFC5791-DEA8-4BC9-86AA-818EA63BF8FD,,,,,,,ODN0000085790,n,right_only
B14865C5-D240-48F9-AAD6-3AF1538BDB30,,,,,,,ODN0000198729,n,right_only
C7193EA7-DE1F-41EF-A7ED-F682A8458799,,,,,,,ODN0000085791,n,right_only
39295D68-46F2-4BB0-85D7-97CDB0364BEA,,,,,,,ODN0000058393,n,right_only
30B4E871-BDF3-40DD-8A5A-86FFFD2A626F,,,,,,,ODN0000060675,n,right_only
43C8A0BC-040E-4E9E-B417-07B1F40F9A6B,,,,,,,ODN0000060676,n,right_only
9AD851C4-4CF2-427A-845B-CF96296A5948,,,,,,,ODN0000063240,n,right_only
5966DD30-D022-4BCB-A88A-293B3B056C84,,,,,,,ODN0000060677,n,right_only
3E494D08-2229-423C-B97C-4BB0DD14684E,,,,,,,ODN0000060678,n,right_only
CF125824-C5EA-40EA-AE73-4977B2F45562,,,,,,,ODN0000060679,n,right_only
6DBBD251-853F-4EBC-8A6F-5B15E816F4FF,,,,,,,ODN0000121573,n,right_only
25E7FBD0-920E-4756-9231-CF0865A75DD7,,,,,,,ODN0000162391,n,right_only
64AF7E4F-8A2B-4254-97E0-82547072C048,,,,,,,ODN0000144824,n,right_only
2AC76006-81C4-4A19-BA1B-A3D9E4C9FA84,,,,,,,ODN0000058394,n,right_only
7DCB57F9-5E3B-48B5-AAEF-295B7877E451,,,,,,,ODN0000095758,n,right_only
E324C1EE-2CE2-44C1-B0D9-C9E481190EDB,,,,,,,ODN0000172254,n,right_only
25C8181D-88FB-44AF-8D34-9ED303986193,,,,,,,ODN0000058395,n,right_only
3AF502CA-0CAE-432B-A244-A5441F868B1A,,,,,,,ODN0000060680,n,right_only
D1893E60-9E6E-4013-B3B7-D633737D12C2,,,,,,,ODN0000517382,n,right_only
8FE6C167-8530-4F8B-9DB6-695445770200,,,,,,,ODN0000150481,n,right_only
954A400E-D706-487A-9CDD-14181D7A613A,,,,,,,ODN0000085792,n,right_only
AAF5CA70-274F-4E15-9A0E-025171D4775A,,,,,,,ODN0000058396,n,right_only
FF8F8466-AA75-433C-BDDC-BA0AB9604DD1,,,,,,,ODN0000060681,n,right_only
FE1B516B-28E0-4357-9A61-E25D7CC69929,,,,,,,ODN0000154477,n,right_only
66318B9F-224B-4762-9BA7-7513C059E40D,,,,,,,ODN0000058397,n,right_only
C94B6CEB-DCAF-4698-BFB6-73EC203098EE,,,,,,,ODN0000060682,n,right_only
7E784C35-3707-4109-A583-8F505AFC4335,,,,,,,ODN0000060683,n,right_only
21755CC8-3B2B-4EC6-9A19-9FBC70131F70,,,,,,,ODN0000058398,n,right_only
DB889D95-D26D-4F9D-AC36-52F83D82D7BD,,,,,,,ODN0000060684,n,right_only
FA2E6C5C-8E44-4EF7-87FC-859620BC8B6B,,,,,,,ODN0000060685,n,right_only
7AE9E1D6-E53E-48F9-950D-5B910E856F65,,,,,,,ODN0000058399,n,right_only
D9E91390-B751-44F8-9F86-986F52A2046E,,,,,,,ODN0000058400,n,right_only
9DB0ADB8-93FC-4DD6-B72D-85523B1F3E36,,,,,,,ODN0000150483,n,right_only
2980560A-5129-4879-948A-6E6F2B0D8349,,,,,,,ODN0000058401,n,right_only
CFC7369D-D1E4-45C6-9760-FBDEE3F7DA2A,,,,,,,ODN0000110314,n,right_only
1AA353CB-2B3D-46BC-8C71-E68541B2CF89,,,,,,,ODN0000066771,n,right_only
B49287FA-1F92-47DC-9A4D-7B3BCC5DF238,,,,,,,ODN0000450822,n,right_only
6D96FF71-44D5-483E-A5CB-5531F19D3690,,,,,,,ODN0000058402,n,right_only
6FF88936-0793-4FB1-AD2E-D2067CC02444,,,,,,,ODN0000110315,n,right_only
E6D79B67-0495-4E75-B830-EC69109052A8,,,,,,,ODN0000060686,n,right_only
9276D6BA-69A3-437E-953B-950A4DDFB91B,,,,,,,ODN0000132272,n,right_only
3BC2B63C-4E19-4962-ACB6-B1FFCAC0C7D4,,,,,,,ODN0000058403,n,right_only
5EACEDBE-6D71-4DDC-A0D8-BCB3A500F9A4,,,,,,,ODN0000110316,n,right_only
4AF0184E-321C-4C30-B939-1856DE16D9F7,,,,,,,ODN0000060687,n,right_only
F75F4009-5DBB-422D-9C9D-53B34D4E46FB,,,,,,,ODN0000260693,n,right_only
419573E6-6BAE-4E77-AD7F-8FD4325730C2,,,,,,,ODN0000095760,n,right_only
1519131D-DF4A-4E81-BC61-BA94B8DC41EC,,,,,,,ODN0000060688,n,right_only
835BCFAF-1871-4A77-B3E8-3CA67992C3F2,,,,,,,ODN0000075806,n,right_only
495C88AA-769A-43AD-9066-001899AC60D0,,,,,,,ODN0000085793,n,right_only
CCC7B3D0-096E-444D-AFB9-A416CD4AAE4D,,,,,,,ODN0000260668,n,right_only
5637894A-FAD0-4993-903E-B063F233592A,,,,,,,ODN0000066772,n,right_only
69EA55BD-E5A7-45D9-B145-ADB13B575706,,,,,,,ODN0000121575,n,right_only
190D224A-790B-4666-824C-4D62A1DD89F7,,,,,,,ODN0000063241,n,right_only
F0661FB9-9DAA-41A5-B89A-B08281738D7E,,,,,,,ODN0000162401,n,right_only
4A437845-1F0B-4340-ACEA-221ACE24850B,,,,,,,ODN0000205018,n,right_only
032D89F1-C021-47A6-9191-B4A4AC6F2DBE,,,,,,,ODN0000085794,n,right_only
05E2F9EB-4814-4582-B98A-A6BAE93E67C7,,,,,,,ODN0000058404,n,right_only
FE23A900-2C06-40B8-AC1C-1B35860820B3,,,,,,,ODN0000095764,n,right_only
D0978D8E-7C2B-4B30-B6AD-B724F585E322,,,,,,,ODN0000060689,n,right_only
06DE6FF1-ADC7-476B-99FC-8AFE3F7299FA,,,,,,,ODN0000058405,n,right_only
E94701AC-FC25-4182-8989-6767162390F7,,,,,,,ODN0000304176,n,right_only
06953244-9FFA-4CD5-9F2F-7CE9F063A5AC,,,,,,,ODN0000058406,n,right_only
3FCAEE98-FB01-4050-90BE-6B4BF4055012,,,,,,,ODN0000065602,n,right_only
75EC2CD7-B5E8-44CD-8527-6358A3E1E564,,,,,,,ODN0000549915,n,right_only
4B0EC21D-C589-48FF-825E-EBDD6BC70F72,,,,,,,ODN0000095765,n,right_only
21581BC7-CCF4-40D6-8601-A6AD26120C3D,,,,,,,ODN0000058407,n,right_only
A1F7387E-21FE-40AA-B06C-7915C2DFC7F7,,,,,,,ODN0000060690,n,right_only
5FD6D981-EE03-4499-A23A-E5DA75AAB829,,,,,,,ODN0000058408,n,right_only
1728AC4B-7CB3-4E04-A367-FC4588D2E480,,,,,,,ODN0000060691,n,right_only
3478AFFB-4BFE-4C2B-B8E8-D183D3CCB01D,,,,,,,ODN0000060692,n,right_only
461BB76F-12D8-448D-8B77-03E7BBF1A01A,,,,,,,ODN0000095766,n,right_only
4A9C73CE-2F8C-471B-AB13-FD6A81F22875,,,,,,,ODN0000058409,n,right_only
D030FF67-809F-45E0-835E-5B5D6D6E16BB,,,,,,,ODN0000185469,n,right_only
CD123B40-3318-444A-A1F3-7412F3A572F6,,,,,,,ODN0000058410,n,right_only
3F642642-2440-4B81-99C0-5C2F9F320B5C,,,,,,,ODN0000260685,n,right_only
E8E7413A-7B35-42FE-8CF4-18BD738BF922,,,,,,,ODN0000085795,n,right_only
E202BA70-3957-488C-BCB0-7C5F02C6CE62,,,,,,,ODN0000063248,n,right_only
121F4EAA-C2F3-4DF8-86E8-ED8673328937,,,,,,,ODN0000060693,n,right_only
AE6AF095-ACB9-4883-A464-F21B23D2030C,,,,,,,ODN0000060694,n,right_only
AAE87A8E-D1F5-47A1-B451-0DC0CCB1DA31,,,,,,,ODN0000167191,n,right_only
C34CA919-6EC5-46C7-BE42-5D4FA100B49C,,,,,,,ODN0000060700,n,right_only
A364F407-A236-4934-BD6E-4882EDB5A6EF,,,,,,,ODN0000085840,n,right_only
62EF49D4-CD28-4A3D-BFD1-030219484C9B,,,,,,,ODN0000144833,n,right_only
94209926-E782-4A42-BD6D-6EB9E0AF914B,,,,,,,ODN0000095769,n,right_only
AAC8752D-4595-47E5-9EF3-7A82F6DCB58D,,,,,,,ODN0000058411,n,right_only
6D95C311-41E0-4013-B764-6DDA57D85192,,,,,,,ODN0000060793,n,right_only
9FFDF9F2-636C-4765-81C0-36279373ABB8,,,,,,,ODN0000249400,n,right_only
A9C5526E-4721-4807-A3C0-71E3C928A003,,,,,,,ODN0000058412,n,right_only
797248C8-27B6-422A-8DA4-D40D6E979559,,,,,,,ODN0000060695,n,right_only
90613ABF-C565-4CD2-BA82-8C0799F80EB9,,,,,,,ODN0000075807,n,right_only
C7C69204-3101-4DD6-BC23-0EF70014C1B0,,,,,,,ODN0000085796,n,right_only
625ABD88-4864-4F70-8CA0-41E1F16DBE4F,,,,,,,ODN0000132273,n,right_only
3B87B4F5-F2BA-4D72-8B0D-C28BB368D178,,,,,,,ODN0000144834,n,right_only
F64E8638-B204-413D-BCBE-7BAAD94633C2,,,,,,,ODN0000110318,n,right_only
EC69DB50-2AA8-4CE8-BF3B-28911796F5AF,,,,,,,ODN0000060696,n,right_only
154C4AB0-4E64-435D-ACFA-555C191CDB36,,,,,,,ODN0000110319,n,right_only
567CFADA-51E6-46BC-BB89-D23C195033B7,,,,,,,ODN0000060697,n,right_only
D3821ECE-09D3-42D9-A4FC-C31C2312DF91,,,,,,,ODN0000060698,n,right_only
3DDF2EFB-2451-4C66-B5F0-A542270B02D0,,,,,,,ODN0000505119,n,right_only
343C4E3D-6647-431E-973C-6D5E5996AC3A,,,,,,,ODN0000198730,n,right_only
AD63CACC-D53B-4BEF-A3AA-0C271002A7D8,,,,,,,ODN0000121578,n,right_only
D5F7F653-53AB-4719-8129-A22A1987B319,,,,,,,ODN0000058413,n,right_only
AD1B9333-B0B5-4ABE-A4C4-F4F1F8D944A2,,,,,,,ODN0000058414,n,right_only
0DAC5574-D77C-4F1D-9710-5D858DAF277C,,,,,,,ODN0000154869,n,right_only
0522B3B4-00ED-4526-BD06-27B5325B7C67,,,,,,,ODN0000060699,n,right_only
794B3640-9FBB-4CE6-8F12-A941428142BB,,,,,,,ODN0000058415,n,right_only
4C43A5DE-7240-46BB-8D8C-2BAEE203CF05,,,,,,,ODN0000549917,n,right_only
CC150BE7-5699-4114-8764-4A67997EEEFC,,,,,,,ODN0000123844,n,right_only
DB53929B-ED6F-4265-BE06-72B4F1AAE9CD,,,,,,,ODN0000058416,n,right_only
40B84A54-0254-436B-B964-C0D8466D8856,,,,,,,ODN0000058418,n,right_only
53033A00-AC57-4F30-ADA2-5F8ED21350C4,,,,,,,ODN0000058419,n,right_only
30EA7039-8996-4939-A2DC-B145B0055A26,,,,,,,ODN0000220201,n,right_only
E48D1ECC-6961-4D85-AACC-1A53A2CB55B8,,,,,,,ODN0000058420,n,right_only
D5D673A0-29E3-49F3-927D-B8BE2EE9BE75,,,,,,,ODN0000060701,n,right_only
985288AC-7220-4296-92E3-69205C2B43A9,,,,,,,ODN0000095773,n,right_only
3A6645C2-3000-4CF5-808B-34303F019FCC,,,,,,,ODN0000095774,n,right_only
D57E9D22-D9C0-4C6F-84AF-98A6A7C23878,,,,,,,ODN0000116275,n,right_only
2AAB193E-49A7-4AE8-8DEB-2D131DABE0AD,,,,,,,ODN0000191110,n,right_only
331A63B5-0978-4B6A-B401-1342BD2836B6,,,,,,,ODN0000060702,n,right_only
80C527C5-4B89-46CF-9FE3-D33942008191,,,,,,,ODN0000058421,n,right_only
8B236565-BCC9-4D74-8738-B54077E70892,,,,,,,ODN0000060703,n,right_only
C3452B2E-BCF4-4E50-AD2A-4C4CBDCCC5C8,,,,,,,ODN0000121580,n,right_only
7C8961E0-00D0-4080-8683-188D5C10FA65,,,,,,,ODN0000154494,n,right_only
4B31797F-DB3B-4D10-9025-C121A6923D71,,,,,,,ODN0000058422,n,right_only
B88FCC84-9EAD-4181-A11B-CB0573DCA045,,,,,,,ODN0000223024,n,right_only
8A9116FE-D4BF-4C04-9056-29929C56C431,,,,,,,ODN0000162423,n,right_only
F1428D7D-5D64-4BE6-9401-5ECC608685B0,,,,,,,ODN0000058423,n,right_only
E3972544-36CD-4FE7-97EF-73C707BA959A,,,,,,,ODN0000144840,n,right_only
BFF24CC3-3BF1-412E-823F-877E126C82DC,,,,,,,ODN0000058424,n,right_only
C07AD741-5993-44DB-999F-8CFDC0EC7701,,,,,,,ODN0000085797,n,right_only
92B657E9-3411-49E5-914B-55C895C5B0DB,,,,,,,ODN0000060704,n,right_only
F9DFD1C3-01C0-4920-89D0-54435DF1D050,,,,,,,ODN0000060883,n,right_only
FC7C2030-C400-4E12-9B92-3ED9CF66B850,,,,,,,ODN0000121581,n,right_only
47858B6D-3D70-4B93-A4DA-0C7A19BED2AF,,,,,,,ODN0000150488,n,right_only
09DA9021-3E25-47EB-803C-C060FBE76678,,,,,,,ODN0000058425,n,right_only
262E90FB-3DBC-4085-93E1-3A7E84DA52C2,,,,,,,ODN0000058426,n,right_only
A9E4C9A3-8EDD-4C34-9084-F7B99008F255,,,,,,,ODN0000121582,n,right_only
52163C92-DA5E-4861-87BB-FF18B19BE8BC,,,,,,,ODN0000242924,n,right_only
5E3AAE17-C613-4E36-BCE3-2DE9F7B87536,,,,,,,ODN0000058427,n,right_only
C3D145A2-3916-4F6B-AEC9-55EA3B013E63,,,,,,,ODN0000123845,n,right_only
6A79D91D-C681-47FD-A98F-F4D0F571758F,,,,,,,ODN0000060706,n,right_only
699AEEDE-AD5C-4357-B64C-CA52DEFCA8B4,,,,,,,ODN0000060707,n,right_only
413B71BE-BA89-4FD0-B967-13834E634C4A,,,,,,,ODN0000058428,n,right_only
C1A7A5AF-CD79-4B86-9CB4-20350FFED3F3,,,,,,,ODN0000060708,n,right_only
B4BB26CB-FC28-461F-895F-6EC93DFAABF4,,,,,,,ODN0000058429,n,right_only
C93A1E8E-F3A7-4D46-8FF5-9FCCFE1681DF,,,,,,,ODN0000242925,n,right_only
2CF095BC-3DF7-44E5-BF8B-CB766E5FCADC,,,,,,,ODN0000060709,n,right_only
977597D6-F366-46BB-B614-F8953E8F3600,,,,,,,ODN0000110320,n,right_only
0E686A12-BD96-4EF9-9A4D-2B4ECEC5F592,,,,,,,ODN0000058430,n,right_only
1253426C-8DB8-41E8-B96E-36DCD0F59A39,,,,,,,ODN0000058431,n,right_only
F61CC9C1-C0AA-4E43-95C1-7A3FBC5A2729,,,,,,,ODN0000058432,n,right_only
5D8168E5-0D1B-46A2-9A35-AF3397644361,,,,,,,ODN0000114299,n,right_only
E8C1F98E-DCEA-4508-BFA4-FBCD88838F45,,,,,,,ODN0000205021,n,right_only
1DF8AD33-C71B-47EC-AB0A-EE8E2C1CC297,,,,,,,ODN0000058434,n,right_only
206A8C83-5DDA-4032-996A-FD659501F9D4,,,,,,,ODN0000058435,n,right_only
627F3FC6-3EFF-48CF-9D68-164240DFA867,,,,,,,ODN0000058436,n,right_only
FD51D96C-A164-41BE-93C8-0C3425D9CADC,,,,,,,ODN0000058437,n,right_only
AE3E9BEB-6085-4E2E-AB24-387FCBA158DC,,,,,,,ODN0000060710,n,right_only
1BB49B73-43E3-43BE-AB14-5364F7023E8A,,,,,,,ODN0000058438,n,right_only
07058C76-54F8-421D-A423-AE3FFF127C41,,,,,,,ODN0000205022,n,right_only
3EE75F25-0537-434F-A057-122101D14ACB,,,,,,,ODN0000154870,n,right_only
209F5872-3E88-4686-BF63-C57C994A3F1C,,,,,,,ODN0000060711,n,right_only
808A0FC4-9DE6-4DD0-A383-2973CA2A626F,,,,,,,ODN0000144843,n,right_only
74DAEC94-D2BE-4C2A-95E1-D40FA42A1360,,,,,,,ODN0000095781,n,right_only
354C2483-DE46-4818-BBFB-E90DC5F64E2E,,,,,,,ODN0000144844,n,right_only
293EE9A5-7198-4504-9D50-EE0D0C0C2C62,,,,,,,ODN0000075808,n,right_only
86A765AA-FE35-4CF7-94DC-4030A4D4B36B,,,,,,,ODN0000058440,n,right_only
64AEDA90-2DD2-4428-94C6-94256ACFB1EB,,,,,,,ODN0000249391,n,right_only
61A15079-B3EB-4D83-BA67-7095897BEDD9,,,,,,,ODN0000058441,n,right_only
B3764669-D3B6-447C-8C28-6EFE27C1AA60,,,,,,,ODN0000536370,n,right_only
CE8F49B7-FCEF-4D3C-A1FF-286B34FF1AB0,,,,,,,ODN0000144845,n,right_only
466C7204-43D1-4EDC-93FC-4C88769AFDAA,,,,,,,ODN0000121584,n,right_only
25BA7315-E3A9-4392-8700-0F95AEFFDC42,,,,,,,ODN0000058442,n,right_only
B170C3B0-AF94-496F-A1C8-03E43F5A920D,,,,,,,ODN0000085798,n,right_only
CA931A64-5D86-4BED-A085-C2ED5A5363C1,,,,,,,ODN0000060763,n,right_only
483E7652-2242-4345-9D35-417E117FF7D8,,,,,,,ODN0000058443,n,right_only
59B2BA90-BE28-44D0-9A0C-BC4521470E02,,,,,,,ODN0000058444,n,right_only
128D30A7-C9E7-4E9E-8EE9-4DFEA3558572,,,,,,,ODN0000158716,n,right_only
B167D175-C05F-468F-B81C-3D1EE680D4F8,,,,,,,ODN0000060712,n,right_only
E46B2A84-AFE6-47DF-B629-30DF0133BAE8,,,,,,,ODN0000058445,n,right_only
F2FD1A5F-7401-4C78-89F7-B0F9522D7EC9,,,,,,,ODN0000165881,n,right_only
EB79BD35-385B-45A2-B612-BCF799100628,,,,,,,ODN0000058446,n,right_only
90B72E42-F627-460A-8F83-5C948FB130F9,,,,,,,ODN0000058447,n,right_only
F643A7E2-E0D3-4C9F-827E-2694D62A3A28,,,,,,,ODN0000058448,n,right_only
D06C5C2E-4BD7-43BD-ABE5-D104A80EFF35,,,,,,,ODN0000075810,n,right_only
F67AA295-EAE1-41A6-9833-90DDE0FD2400,,,,,,,ODN0000060714,n,right_only
6C553B71-1D7C-48B1-BFAC-00DC7C2FA924,,,,,,,ODN0000114300,n,right_only
604FC2BB-5B0B-449C-AA97-297B37263CB3,,,,,,,ODN0000060715,n,right_only
11220E07-BC2D-4170-8804-DF4A9D6B8AB9,,,,,,,ODN0000066800,n,right_only
E384B36A-B655-4885-86F9-0A4BA77305FA,,,,,,,ODN0000063244,n,right_only
3DDA55B2-2530-4A63-8F49-03AB5D653663,,,,,,,ODN0000289383,n,right_only
A56A936C-9A29-4407-8646-0576EBA5722D,,,,,,,ODN0000060716,n,right_only
BBD71598-3833-400E-A262-4C8D2934A766,,,,,,,ODN0000154478,n,right_only
8F412B1D-5DFB-4030-A167-A497C4C48126,,,,,,,ODN0000058449,n,right_only
5C7BF8B1-0669-4B2B-A91B-CCAF29E70363,,,,,,,ODN0000233582,n,right_only
DB3AD7F7-0643-4A12-91AA-48AC91717D69,,,,,,,ODN0000095783,n,right_only
7177631E-F130-4C16-AD34-A12741090F42,,,,,,,ODN0000114301,n,right_only
6F0908C4-50AF-43D3-9C66-519F3C09B137,,,,,,,ODN0000058450,n,right_only
844B8BD0-BC18-45EC-B176-2EE4426276A0,,,,,,,ODN0000181720,n,right_only
2AB37481-6907-4307-AC28-B1B2FEAD543D,,,,,,,ODN0000058451,n,right_only
F6329CEA-F018-47A3-AA65-56A16CFDB9B2,,,,,,,ODN0000154479,n,right_only
3996A4A6-BCA9-4755-8ACF-001860923060,,,,,,,ODN0000060718,n,right_only
432BB548-371E-463C-9141-D748EFD863E9,,,,,,,ODN0000185472,n,right_only
2EF8C876-22FF-43EF-8111-F548892CAC33,,,,,,,ODN0000058452,n,right_only
9C905348-AB08-4D6F-AA1C-982D51DD98B6,,,,,,,ODN0000060719,n,right_only
78B77442-B986-4D7E-B015-471DD0B15F72,,,,,,,ODN0000058453,n,right_only
0EA11822-2024-47DA-BE9D-C78F8475993E,,,,,,,ODN0000063245,n,right_only
B2366EEC-C86B-4EE6-AEEE-9AF7C3CF1357,,,,,,,ODN0000260675,n,right_only
63899767-F55E-434A-B2F2-D31BA4EC0D90,,,,,,,ODN0000144846,n,right_only
CA3C66C5-8B3E-45C7-8A61-8EBB0E7987E8,,,,,,,ODN0000058455,n,right_only
3AEBE375-1C9E-42EF-88AA-5054E9FE1D5E,,,,,,,ODN0000191096,n,right_only
B583EB44-7233-4D80-8D59-0456B9466C33,,,,,,,ODN0000058457,n,right_only
FF0F3777-5D4B-45FF-92F3-D15BDA9BC3C5,,,,,,,ODN0000260696,n,right_only
62E7C1C9-6A0E-4BA5-82FA-7EBA142B5737,,,,,,,ODN0000110321,n,right_only
9B1C957A-D74E-44EC-A508-160ECB3291EF,,,,,,,ODN0000150490,n,right_only
D99940BC-A446-425C-A537-63A91B9A1D1D,,,,,,,ODN0000162407,n,right_only
8A2A4D0E-F380-47EA-9FDD-93A963E0637B,,,,,,,ODN0000058458,n,right_only
455B0D7A-8FCE-42D1-814E-1DB7842AE8D9,,,,,,,ODN0000517385,n,right_only
CB288918-316E-4490-B449-DE11AA6E53BC,,,,,,,ODN0000060720,n,right_only
77903ACF-8118-41EE-9440-127B712C6CD4,,,,,,,ODN0000144848,n,right_only
0DBA2E33-370F-4286-858E-FC1187311028,,,,,,,ODN0000095786,n,right_only
4135CD34-6207-4F04-94AC-AC84F6126ACF,,,,,,,ODN0000060721,n,right_only
DDB4D68A-BF15-4504-B47C-7020364AA2C8,,,,,,,ODN0000450799,n,right_only
C5700163-E76B-4A5D-973A-CCDD94C7B8A7,,,,,,,ODN0000060722,n,right_only
D02F8FE6-0C9E-468B-8A56-C7896F0B257C,,,,,,,ODN0000104004,n,right_only
ADBA24D6-EB13-4658-962C-7CD853391440,,,,,,,ODN0000058459,n,right_only
7243FA09-85FA-4506-9612-207EA629CB66,,,,,,,ODN0000058460,n,right_only
25EEE9D9-2944-4CBE-8C51-E81D92BEB29C,,,,,,,ODN0000158704,n,right_only
A8F23373-8C48-461B-B648-A5333ADA7FFC,,,,,,,ODN0000060723,n,right_only
2F8C20D5-AED8-4A14-849A-68CD70528CB7,,,,,,,ODN0000110323,n,right_only
20ADD7F7-9739-4C47-860E-4ABB6A8CF2B7,,,,,,,ODN0000066802,n,right_only
C8981641-CE4B-4F79-AFC9-1F324468686F,,,,,,,ODN0000060724,n,right_only
57108002-EEF9-4F9D-8948-1960EF519DAB,,,,,,,ODN0000058462,n,right_only
6797B912-F4EE-4E81-947F-724592D2E6C5,,,,,,,ODN0000075811,n,right_only
DA1A714F-5F7B-4301-BFB1-78A8D123315B,,,,,,,ODN0000205025,n,right_only
90EC1303-9ED9-49D6-AF73-5687CB52D4B4,,,,,,,ODN0000121588,n,right_only
EF747946-1536-4EE6-83A5-99FCA91B72F6,,,,,,,ODN0000110324,n,right_only
6EB6A856-B397-4B67-AAC2-5F48C7684014,,,,,,,ODN0000110325,n,right_only
7CB1C44E-1842-4B3D-BD98-5903371FE5D7,,,,,,,ODN0000110326,n,right_only
0E12FE3E-69FD-4527-8D3A-3B95BF3EA5B8,,,,,,,ODN0000058463,n,right_only
7343809B-8EFC-46C1-899C-D14D84D65535,,,,,,,ODN0000060725,n,right_only
6A239069-B09C-4EE8-A714-5E54F59C534A,,,,,,,ODN0000060726,n,right_only
ACEA0BA9-81BE-4290-A2F1-9A047ED08039,,,,,,,ODN0000058464,n,right_only
E28E7277-15F9-4665-AC8C-9BED0683698C,,,,,,,ODN0000095789,n,right_only
C473135D-8C63-4917-9195-B4A434C6AA61,,,,,,,ODN0000060727,n,right_only
81C4E529-ABC0-457E-8FEA-7B109B3C00C6,,,,,,,ODN0000058465,n,right_only
331867BE-BBB9-4A96-8C13-EE7D8A13B0A9,,,,,,,ODN0000058466,n,right_only
21B570F4-0BD6-4B5C-BF0C-153A9FFCF104,,,,,,,ODN0000121590,n,right_only
7AE97C96-522E-4BF8-AD91-CCE6F9FD9A47,,,,,,,ODN0000060728,n,right_only
A57F3A4B-9AB3-4E2D-837D-AD85CD7686A4,,,,,,,ODN0000150494,n,right_only
9D08EFFF-40A9-4CBA-9799-56CDBE6C195D,,,,,,,ODN0000063246,n,right_only
C8329908-B78A-4644-A25C-67F8442474B9,,,,,,,ODN0000154872,n,right_only
1D5AE089-BC20-4F26-8E27-FB5605A070D6,,,,,,,ODN0000197560,n,right_only
9D3DEEBB-960B-4720-8E6B-12DD292D94FA,,,,,,,ODN0000065603,n,right_only
D8C912DB-CC85-4328-A725-265B740962DF,,,,,,,ODN0000085801,n,right_only
8671EDBA-435C-4012-9C1F-10611E2E4FE8,,,,,,,ODN0000255222,n,right_only
2A68AC58-CDAC-4AAD-8F7F-6EB18BFEEBD1,,,,,,,ODN0000478670,n,right_only
32B6BF60-6DF1-4D9B-B0C4-8919587C995B,,,,,,,ODN0000167194,n,right_only
1EAEED5E-5C1A-4364-B4FB-4F8DE92CB7EF,,,,,,,ODN0000058469,n,right_only
07661D52-C475-407D-9F9D-F55210DF2AD2,,,,,,,ODN0000058470,n,right_only
18CBC01F-2C5A-498F-9F53-C32D3C6416E9,,,,,,,ODN0000058471,n,right_only
D333F4E6-5A85-4FD3-8B57-466466E4D5DF,,,,,,,ODN0000095792,n,right_only
086F9618-72B4-408E-89D0-7B9B6F50A211,,,,,,,ODN0000220205,n,right_only
E685B5C7-674A-4FB2-B4B1-E721FE5B23AC,,,,,,,ODN0000060729,n,right_only
E6526BD3-D85B-426E-90F2-B16C1E8873C4,,,,,,,ODN0000167184,n,right_only
7B0ADB28-FC7E-4D09-957A-3BE4D96FAC20,,,,,,,ODN0000060731,n,right_only
1539BF1B-8251-4194-9F19-626603C96527,,,,,,,ODN0000060732,n,right_only
A0C847F7-6D95-426C-8575-E37342C3303B,,,,,,,ODN0000066775,n,right_only
8EBC6D30-99CC-4D06-A73A-267EB1AA8FD0,,,,,,,ODN0000058472,n,right_only
6300289F-3B38-45D8-A968-555644B93D2B,,,,,,,ODN0000060733,n,right_only
EF36EA2C-AC34-4CA6-AEFC-A6E203CE0E26,,,,,,,ODN0000191097,n,right_only
89FBA6FE-501F-4F84-A3FA-4E349F3688B9,,,,,,,ODN0000058473,n,right_only
F5DE8B56-66DC-4856-A718-C026A099DDD5,,,,,,,ODN0000144853,n,right_only
D9910F2D-E6E6-40F5-86B3-CBD6FE7E9EF9,,,,,,,ODN0000239709,n,right_only
2E92080F-BB78-4EE5-AA3B-69907DA46BE0,,,,,,,ODN0000144854,n,right_only
76F428A1-4BBF-4FB7-867E-94309416AF0A,,,,,,,ODN0000095794,n,right_only
A03D396D-49E1-409D-8798-8620F57B1E48,,,,,,,ODN0000536346,n,right_only
3B3CBBAF-F2B2-4A8A-B2BC-660D8CC10138,,,,,,,ODN0000121591,n,right_only
36E71407-4B35-4785-AFB3-6122D356535F,,,,,,,ODN0000095795,n,right_only
0E3212E3-9CA4-4A72-977E-859774AADE43,,,,,,,ODN0000085841,n,right_only
E68123E0-8DC4-4C2E-BE28-36524A458E29,,,,,,,ODN0000121592,n,right_only
C346D135-FB2E-4BE4-B208-C9C028FE0469,,,,,,,ODN0000095796,n,right_only
3595A157-93D4-4A7A-B558-2D1CEBED2804,,,,,,,ODN0000060736,n,right_only
02E0731A-DE16-4FA6-80BC-AB5B1F3726A3,,,,,,,ODN0000058477,n,right_only
A436954E-155B-4B7E-97BC-637E6773A019,,,,,,,ODN0000110327,n,right_only
5F7973A0-6896-4517-AEE7-80BA93E940CA,,,,,,,ODN0000058479,n,right_only
AB67DEC0-32D6-4288-B6CE-A03C42DF90DE,,,,,,,ODN0000517388,n,right_only
84A2C507-180D-4258-B877-661BD8415807,,,,,,,ODN0000058480,n,right_only
FB1C2FDC-66ED-4763-B66F-6BD84B46F478,,,,,,,ODN0000060737,n,right_only
A8019AC4-3B06-4E5C-B569-EFB56AD67A85,,,,,,,ODN0000110328,n,right_only
10AA8696-AE4D-4E80-9EC6-C2C10F8CF242,,,,,,,ODN0000058481,n,right_only
03E0F03B-431D-4533-ABCB-B86C85895A00,,,,,,,ODN0000060738,n,right_only
9B9748D3-48A6-449D-BD1C-EE32A0D9989D,,,,,,,ODN0000075812,n,right_only
80BF92FA-4B6B-493F-B1B9-13EFE9B528F4,,,,,,,ODN0000058482,n,right_only
0DC4BEE2-A2EA-47EB-9CD7-4C82163A79B0,,,,,,,ODN0000565147,n,right_only
A022DA90-30BE-47A3-A217-9B8FA16E509B,,,,,,,ODN0000066776,n,right_only
A3B6E3B7-7BA1-4E4C-9F81-E24D0DB7208A,,,,,,,ODN0000085843,n,right_only
78E91EE9-1EE6-45E9-A9D1-D0BBABD52B9F,,,,,,,ODN0000058483,n,right_only
21F7067F-480C-4084-97E0-F90F4BFD13A5,,,,,,,ODN0000218650,n,right_only
AB8DF695-E405-4624-9D60-2A347232E1DE,,,,,,,ODN0000242930,n,right_only
FB8265B6-BA25-4812-BAA2-4A7C7C291FFC,,,,,,,ODN0000060739,n,right_only
679DEAA3-F312-400C-AC12-9FCE48F0779D,,,,,,,ODN0000144856,n,right_only
F24C3E4F-5D87-420C-9F79-8C09C78A762B,,,,,,,ODN0000060740,n,right_only
19EA8909-4665-4FA2-885A-320AF002FE52,,,,,,,ODN0000121593,n,right_only
33B0A042-D00D-4426-AA5F-E4B0916ACE79,,,,,,,ODN0000132275,n,right_only
A30E9FE4-ABE1-4ED7-B1C4-ADFC62163272,,,,,,,ODN0000144857,n,right_only
34D4F369-8C12-4D4D-9804-CE76C790A189,,,,,,,ODN0000185474,n,right_only
469347B9-EEE1-43D8-80AF-819F34833F91,,,,,,,ODN0000095800,n,right_only
8C2D852B-5B6A-444F-B1AC-4CB76A14A060,,,,,,,ODN0000144859,n,right_only
0807BB43-1846-4FCA-8BFC-8D782736EB1C,,,,,,,ODN0000058487,n,right_only
55FF7035-9E45-45CC-9D1C-562EBEC21208,,,,,,,ODN0000208114,n,right_only
F8D0E55F-E4F9-4CFC-B454-3264BECB2234,,,,,,,ODN0000260676,n,right_only
FDC6B65E-7B41-4E4D-9A34-B4477F3DF7A9,,,,,,,ODN0000060741,n,right_only
40EF3A2C-7DBD-4B02-9901-8DB7FF04327D,,,,,,,ODN0000060742,n,right_only
798BF098-88A6-4C64-A784-9FD42BBAEBB6,,,,,,,ODN0000144861,n,right_only
BC97068A-EA7E-4168-8886-ED35902AA089,,,,,,,ODN0000075813,n,right_only
F02C7291-0D6A-4F7A-AAAE-F77FAA9F20EB,,,,,,,ODN0000220194,n,right_only
915043AE-4159-41C9-B07E-F096D093F0F3,,,,,,,ODN0000289386,n,right_only
1C85C53F-33D7-4F25-A6EB-1FF20588818A,,,,,,,ODN0000110330,n,right_only
9FB09F50-D4B0-48A6-A640-E50CEE01DBC6,,,,,,,ODN0000060743,n,right_only
EBC3EDFC-05E2-4B45-9D6C-4FB5EFBF6A50,,,,,,,ODN0000517390,n,right_only
2F0CB016-BF4F-46F8-9DAA-DF1689B4C09D,,,,,,,ODN0000060744,n,right_only
F208D0E6-F38D-41BE-BF66-F3C50BA9BDE8,,,,,,,ODN0000138633,n,right_only
5DBAE862-5688-4496-933B-7AE4DBC439D1,,,,,,,ODN0000058489,n,right_only
277470D6-CD51-4BCD-AC80-338520150BE7,,,,,,,ODN0000103272,n,right_only
18DA9122-91E1-4A87-B0DC-A6690E55BE8B,,,,,,,ODN0000260677,n,right_only
D41BDFFA-E9CC-43E8-9448-F000829D9E97,,,,,,,ODN0000110331,n,right_only
3098851B-833E-4164-83F5-F7CF3431F94F,,,,,,,ODN0000249410,n,right_only
789E3BE1-2149-4399-B5CF-4673B1828D00,,,,,,,ODN0000075815,n,right_only
12F8DDBA-C148-4D08-B5A0-9663A536F10D,,,,,,,ODN0000058491,n,right_only
0B32447F-0471-4DAF-8482-D5771B0CF6CF,,,,,,,ODN0000110332,n,right_only
7F3E3DD0-9FDC-4641-B011-CDBB04AC19C8,,,,,,,ODN0000060746,n,right_only
35C08B40-2E13-4AC0-B923-CEABFF9A38B2,,,,,,,ODN0000085803,n,right_only
4EB76886-C1B1-4921-BCB0-E0672A25317F,,,,,,,ODN0000150495,n,right_only
8A78E685-2F3D-414D-AC2A-B50019965587,,,,,,,ODN0000205030,n,right_only
83715446-AB57-4399-BE43-948B0BC37851,,,,,,,ODN0000154874,n,right_only
588FCF36-6EF9-4EF6-A757-84224F6E69B4,,,,,,,ODN0000242933,n,right_only
F2EF2C9A-60BB-4D39-8FF2-4897BC6B0CE4,,,,,,,ODN0000144864,n,right_only
897707C3-AE14-49F6-B85F-8A2A08C5EA5D,,,,,,,ODN0000154483,n,right_only
B7B86803-FE4E-4EEB-AEB9-B2CB686FB4DA,,,,,,,ODN0000058494,n,right_only
BF2A32DD-F6ED-48EE-AA03-3E2F29017A4D,,,,,,,ODN0000060748,n,right_only
0DB34C09-3845-4E1E-89A4-42D82973E71F,,,,,,,ODN0000058495,n,right_only
C370066F-9330-452C-8FE6-5AB177DAFC69,,,,,,,ODN0000060749,n,right_only
35521E3D-0E6E-4039-80C5-3693CD939D2A,,,,,,,ODN0000060750,n,right_only
FC95E237-2D7E-41D7-AD8E-0301A71E4526,,,,,,,ODN0000095803,n,right_only
F5D99B64-9193-4ED3-A548-BB0ADE0C9CC9,,,,,,,ODN0000095804,n,right_only
EEAB2311-46EE-43DB-B637-0A6F0DF9121A,,,,,,,ODN0000060751,n,right_only
E93AAFD8-3C9E-4B23-833F-232B8E2BC98D,,,,,,,ODN0000165885,n,right_only
A459D46F-DE0C-4B2C-AFF8-4108570AD9CF,,,,,,,ODN0000116277,n,right_only
BA0613AC-BD43-4599-A2BA-A99068DBD021,,,,,,,ODN0000060753,n,right_only
5E39B944-FC5F-4771-B88B-3DD957AA039F,,,,,,,ODN0000110333,n,right_only
88CC2C03-9B94-44FB-AAF6-D92F0FFC5041,,,,,,,ODN0000085806,n,right_only
D67BB9D8-B45D-498E-AA31-306EE26D9F6D,,,,,,,ODN0000154875,n,right_only
1A334BD2-920C-4DEB-8759-FDEC8646D416,,,,,,,ODN0000075816,n,right_only
3239A702-7937-4D8B-A88C-B8E5554F91C5,,,,,,,ODN0000260678,n,right_only
2665A77F-3510-4DD7-8CBF-E493CD531B77,,,,,,,ODN0000536351,n,right_only
7E1F46A6-B8DB-4D6A-9E59-41CCB1C18D5A,,,,,,,ODN0000075817,n,right_only
8C9A97D3-49B7-491D-9019-7EEC0D7F529F,,,,,,,ODN0000121595,n,right_only
B219CA6B-11F7-4DF3-97D8-80E0A638E3C3,,,,,,,ODN0000085844,n,right_only
6BE336C7-AE0D-42E2-BA8F-000E496B8A3E,,,,,,,ODN0000060754,n,right_only
75D329F7-C644-43E2-B7C1-5CFB53E13A3C,,,,,,,ODN0000165898,n,right_only
60E9DFDE-0217-4FD4-BD9C-9A072A98762F,,,,,,,ODN0000150496,n,right_only
229C2D2F-8430-4907-8BC7-4B93FEA453F1,,,,,,,ODN0000058497,n,right_only
8EEF5ADA-E659-4A21-BCD1-855B9F1A453B,,,,,,,ODN0000060756,n,right_only
67AA4405-CC15-4886-8FDE-8AF6946A9F31,,,,,,,ODN0000162409,n,right_only
618B05C9-04EA-46E0-8BE7-1908DD707827,,,,,,,ODN0000060757,n,right_only
577770E7-E0CD-4C4C-B66A-AE3E70B47805,,,,,,,ODN0000095772,n,right_only
49DC5B2A-0579-46AA-8067-B3AE16E828AD,,,,,,,ODN0000110335,n,right_only
1F138A18-BCBF-4E75-B019-A8346263BFFA,,,,,,,ODN0000063247,n,right_only
9349FD51-5E07-4374-9A3C-7A9BAFBB7A8F,,,,,,,ODN0000110336,n,right_only
031C1D96-DD79-43B0-A57A-14787E5F6C84,,,,,,,ODN0000249395,n,right_only
08CF0AF4-A5D7-4DF9-B4B9-AC4E02A9BB18,,,,,,,ODN0000058499,n,right_only
D132C912-FBEF-4271-9835-54B072BA005A,,,,,,,ODN0000058500,n,right_only
546A0CCC-3C78-4449-9635-877FE129ABBB,,,,,,,ODN0000058501,n,right_only
3BEC88BD-2F3D-4E02-A24D-02EE48ADD86D,,,,,,,ODN0000058502,n,right_only
4752EB06-6B98-408C-989F-C6CF253AD34B,,,,,,,ODN0000058503,n,right_only
C68EFC2A-CBF4-45BD-9A04-899D3F5AFF75,,,,,,,ODN0000058504,n,right_only
F3BEBEA3-A8CC-48CE-814F-5123B96D8D33,,,,,,,ODN0000058505,n,right_only
6EBF9040-8B0C-4DD5-BEF6-2596B5F131DB,,,,,,,ODN0000255232,n,right_only
03E20AB2-925F-49F6-B5AC-D5B2CDFD9A90,,,,,,,ODN0000060758,n,right_only
6C55A6EB-F371-4A55-8AB3-C41B157CB674,,,,,,,ODN0000085807,n,right_only
A3018274-FD41-45FF-BBAD-8A59E4F6FCF2,,,,,,,ODN0000058506,n,right_only
00522641-FD88-41FE-ADA8-4667053D717B,,,,,,,ODN0000144870,n,right_only
21900D47-E282-4290-A213-C3294B774543,,,,,,,ODN0000060759,n,right_only
1039552D-CBA6-4A9E-81E6-41825C6F4580,,,,,,,ODN0000060760,n,right_only
C063A979-94B1-4BEF-B82B-B59FE4480D63,,,,,,,ODN0000060872,n,right_only
B4885768-45A0-404F-BFF3-927DDC686B13,,,,,,,ODN0000058507,n,right_only
5F2B5FD6-D8F1-427E-932F-E0CA84C7AC7D,,,,,,,ODN0000249396,n,right_only
E6DEA2B7-F142-46E2-881C-A81F6F58F68B,,,,,,,ODN0000095811,n,right_only
4E42CABC-09C9-46CF-9539-6CAA1C408FBD,,,,,,,ODN0000060761,n,right_only
E90F5829-E7CC-4CD7-B866-9D812ED7F399,,,,,,,ODN0000058508,n,right_only
823954B4-7E0C-4688-BBDC-92B506AA07E5,,,,,,,ODN0000150498,n,right_only
A59ECC5A-18C6-48B1-99DD-FC4BA36C9A93,,,,,,,ODN0000218654,n,right_only
078FE868-1747-4324-88FF-C5402BEDBFBF,,,,,,,ODN0000058509,n,right_only
61838786-1716-4DAE-910B-BA4F35C2C9DF,,,,,,,ODN0000058510,n,right_only
3A57E337-15B1-414C-A05A-BF5514EFEAE8,,,,,,,ODN0000144872,n,right_only
62889400-A3B4-4E82-967F-B6BF0B425747,,,,,,,ODN0000144873,n,right_only
E5F52D74-245D-46AC-9A6A-EB009B44F9A6,,,,,,,ODN0000121598,n,right_only
100BD77F-7C4B-4DEB-8565-488D058A784D,,,,,,,ODN0000060762,n,right_only
9994D8EF-CBAB-4628-BE29-51B209F0BD91,,,,,,,ODN0000260698,n,right_only
2D3022CD-DF74-4824-9D6E-751A201B2C7A,,,,,,,ODN0000058514,n,right_only
77DA047A-254C-4BA5-AF8B-05FE943F1F93,,,,,,,ODN0000060764,n,right_only
4DB3076D-64B6-491E-B7FD-2C5DC7A98A03,,,,,,,ODN0000058515,n,right_only
8250D2B7-F919-44B9-B3D6-F239F25ABE14,,,,,,,ODN0000063394,n,right_only
BDD6D928-6EC7-425E-9254-918AD9C0604A,,,,,,,ODN0000085845,n,right_only
1B62908B-8797-4F3C-A8AB-C51C52659BF4,,,,,,,ODN0000060765,n,right_only
39F54F91-7A5C-4FCE-95F2-1904C984E0FE,,,,,,,ODN0000144874,n,right_only
BA33C9C8-B5B3-475F-8756-95E23D3E8A72,,,,,,,ODN0000110338,n,right_only
F7E283A2-241D-42E4-8962-DE01E30A2559,,,,,,,ODN0000058516,n,right_only
66070AF2-8439-4DF7-A1D0-13558550EA39,,,,,,,ODN0000123847,n,right_only
25E0932B-8308-4205-88A2-2BBF87DFD50D,,,,,,,ODN0000060797,n,right_only
142DC5D8-24A6-47F0-BC96-C9AC2560DB35,,,,,,,ODN0000060766,n,right_only
8D540D94-B7D9-40B1-976E-B1AB634BF032,,,,,,,ODN0000060767,n,right_only
734BBB76-F84E-4998-AE4B-49CF2832C948,,,,,,,ODN0000058519,n,right_only
49B52E28-46DC-449F-9AA3-E919D097D468,,,,,,,ODN0000121600,n,right_only
1BFEDC64-C03A-49A2-8508-716A00863224,,,,,,,ODN0000172262,n,right_only
4F8BDAAB-3147-41AA-873C-C34DD473A82C,,,,,,,ODN0000060768,n,right_only
D96655EB-BB23-4AFF-8561-5FDFE9BC17A6,,,,,,,ODN0000085809,n,right_only
AD9327D8-0CBA-428A-9214-819CAA6E685B,,,,,,,ODN0000060769,n,right_only
B0E7E983-667D-44E2-B7BC-40B51DD751A2,,,,,,,ODN0000060770,n,right_only
2423A059-1A1B-4CD9-9721-97CBF2F877C5,,,,,,,ODN0000154876,n,right_only
6E272ACF-D3C1-42AB-AB93-8A894BD2986C,,,,,,,ODN0000058520,n,right_only
CA42B12C-3C42-430D-BC8A-A8C406614635,,,,,,,ODN0000058522,n,right_only
2A10BBF2-F16F-4B7C-A4C9-D989A884700A,,,,,,,ODN0000260680,n,right_only
93241194-FD13-4AA0-BE47-58EF2D470BE6,,,,,,,ODN0000175209,n,right_only
A78887E2-4548-45AC-8815-27F227778A66,,,,,,,ODN0000089812,n,right_only
ABBDFEF4-2C8D-4A32-8F5E-DB3469CB1AA7,,,,,,,ODN0000060771,n,right_only
B7FF557B-7259-4589-82EB-C0BE28A03536,,,,,,,ODN0000058523,n,right_only
99939A40-B963-453F-999B-77F01A7F6FBC,,,,,,,ODN0000060772,n,right_only
F4C5D5C8-C79E-4F9D-8F85-EEE874424860,,,,,,,ODN0000063256,n,right_only
621B9AF7-91AE-45A8-A0C9-DF9C820206AC,,,,,,,ODN0000110347,n,right_only
29DF5151-6AEC-4392-BC1C-5756451A5CCC,,,,,,,ODN0000060773,n,right_only
36C280B6-F1CA-400F-BA34-E8D50ECDE683,,,,,,,ODN0000162413,n,right_only
040C05E5-A57C-47D2-9313-F1368C55BFFB,,,,,,,ODN0000144879,n,right_only
66C4D502-1405-4536-8490-BC08F6C43D03,,,,,,,ODN0000110341,n,right_only
C9CF5CFE-AE16-4240-A795-355E9751DAE4,,,,,,,ODN0000058524,n,right_only
6E63625E-7E3F-4FFA-B42A-66663818A0A2,,,,,,,ODN0000058525,n,right_only
7F9C31DE-9BE3-48A2-8AF6-408826EC5829,,,,,,,ODN0000110342,n,right_only
22846E2A-E4E0-46B4-8A36-4BFA1E8979E5,,,,,,,ODN0000150501,n,right_only
55CCE83B-0F18-493F-8108-027A5DD64FFC,,,,,,,ODN0000085810,n,right_only
AF22A61E-CE03-401E-B49C-3529CAB1B82B,,,,,,,ODN0000060774,n,right_only
75B7D392-1935-40E8-B352-8D24F7081F50,,,,,,,ODN0000123848,n,right_only
C2E63B0F-22D7-4FE7-93D3-0B044C0552CC,,,,,,,ODN0000085811,n,right_only
1793D669-3344-43E2-B757-B5CEFAE6FE1F,,,,,,,ODN0000075818,n,right_only
0B24ABF5-357D-4230-A2F1-973CB0776229,,,,,,,ODN0000058526,n,right_only
E06C7EFD-4D49-4F6E-94DE-DFED36693240,,,,,,,ODN0000063266,n,right_only
0A55557C-EAB1-4F2B-9117-555F49791523,,,,,,,ODN0000139128,n,right_only
7EE294B5-D068-45ED-8051-01A1CBE763DB,,,,,,,ODN0000075819,n,right_only
89F606A5-FB63-42FD-996E-ADEBD8BC2833,,,,,,,ODN0000162427,n,right_only
D422DCB3-EB53-4536-A990-BA4535F176B9,,,,,,,ODN0000058529,n,right_only
F679658D-12F3-4B90-81A1-8A3282CEC7A7,,,,,,,ODN0000058530,n,right_only
4C6AD0B4-177A-45E1-8279-BC5789BD025A,,,,,,,ODN0000060775,n,right_only
E82B2CE9-524D-4350-A3EB-F5E6335EF68C,,,,,,,ODN0000110343,n,right_only
D51661D1-E493-452C-8810-4394B814579B,,,,,,,ODN0000063267,n,right_only
AB137B41-5D61-4276-BEDE-FDB4920DBB44,,,,,,,ODN0000060776,n,right_only
E10B02EB-A265-4E66-856C-2AF0D20D8072,,,,,,,ODN0000060777,n,right_only
E1DD3A7A-64F9-46EF-BBFA-7541C7E6E3CB,,,,,,,ODN0000085813,n,right_only
EE6D59B2-B104-4AEA-8A7A-9C27259E3CD0,,,,,,,ODN0000075820,n,right_only
5E0DC2DF-A79F-4D15-853B-26C70D6F7772,,,,,,,ODN0000218658,n,right_only
D99E8692-CDCE-49E0-92FC-6F0355488346,,,,,,,ODN0000060778,n,right_only
81D0A37C-BD47-4512-B72D-B5F85425547D,,,,,,,ODN0000144880,n,right_only
1307B4DD-0F5D-4847-8D8A-6855FAF73175,,,,,,,ODN0000075821,n,right_only
3CDA8693-85B4-4C93-A56C-C67472BBF156,,,,,,,ODN0000063254,n,right_only
3A75B0FD-1975-4807-96CF-64D94A9AFEDF,,,,,,,ODN0000249413,n,right_only
ADDA3D99-0584-4CEC-AEBF-C68986EAC50E,,,,,,,ODN0000085814,n,right_only
04EE046A-A87B-4C2B-94E9-AF021B8909FA,,,,,,,ODN0000060779,n,right_only
F6C8F006-66C8-4E25-A708-2C0B7A41BA72,,,,,,,ODN0000060780,n,right_only
AA2CCE9D-8CBA-4983-8633-7D6A2336EC80,,,,,,,ODN0000058531,n,right_only
9462A59E-9D33-42BB-82BE-D7D5A3916755,,,,,,,ODN0000058532,n,right_only
8E5B049B-5714-4806-9D4F-C7D731F4DEB4,,,,,,,ODN0000536353,n,right_only
574038FF-044B-4C23-894D-7EB18E24E205,,,,,,,ODN0000058533,n,right_only
F8654A32-E1C4-4DF8-8737-450D5EA0DD21,,,,,,,ODN0000075822,n,right_only
9769BACC-5328-4F74-8848-5CDAB0B29535,,,,,,,ODN0000060781,n,right_only
9CBF3ED6-293C-48F7-A4A8-E46B5877ABF7,,,,,,,ODN0000058534,n,right_only
92FF74CE-83D4-4F91-A95A-846F92BCE189,,,,,,,ODN0000060782,n,right_only
D099F1D3-21A5-4A2E-9112-207E4B5E5ADD,,,,,,,ODN0000060783,n,right_only
4C31B3A9-272C-4626-8CF4-93C8818A6DC1,,,,,,,ODN0000483014,n,right_only
0A187DD8-CED0-43F6-8387-7184BE21389C,,,,,,,ODN0000242938,n,right_only
B6A8899C-00BB-4E2D-8761-0CBD2D724CA3,,,,,,,ODN0000060784,n,right_only
4940156F-7825-4AF0-A155-8D40EDE95FBF,,,,,,,ODN0000158713,n,right_only
FAAD969E-DB72-4435-8F4D-06BCFDD897E1,,,,,,,ODN0000095819,n,right_only
66E5F93C-52A7-4961-95FB-DF3CCC4CFF66,,,,,,,ODN0000058536,n,right_only
2ABA2824-73E6-4B94-A6A9-1375D72FD035,,,,,,,ODN0000144882,n,right_only
B70726FF-C40D-421F-97A1-1411BF08EF1E,,,,,,,ODN0000150505,n,right_only
336F1591-9B7B-430C-AFC1-FAD5C8D8D013,,,,,,,ODN0000075823,n,right_only
998868C9-049C-4299-B57B-F3428831D5F9,,,,,,,ODN0000095820,n,right_only
68485712-079F-414E-A0AB-41F57A81E446,,,,,,,ODN0000116278,n,right_only
1A4E9CE9-758B-40D5-A9C2-FA9382CADF1F,,,,,,,ODN0000132278,n,right_only
528D4D47-34EB-49E2-B086-9CB0274458CF,,,,,,,ODN0000060785,n,right_only
BE83C66F-54EF-4E63-9DF8-695972CB34CD,,,,,,,ODN0000154485,n,right_only
72808097-9120-431A-82E0-3D89084FB3BA,,,,,,,ODN0000060786,n,right_only
8DCB6E93-D945-47AB-8F68-26B895AC6F59,,,,,,,ODN0000114311,n,right_only
E876283F-8877-46E2-AA13-BBFE41BD8034,,,,,,,ODN0000060787,n,right_only
52CC2206-9BB8-41D1-AD0E-C79884033C77,,,,,,,ODN0000208118,n,right_only
1AA1AA38-39D3-4769-BB46-B7821DC6D946,,,,,,,ODN0000060788,n,right_only
8543242E-B134-4024-8229-F969B0072901,,,,,,,ODN0000058537,n,right_only
97557378-8256-49C4-B8E0-122CA536DFF9,,,,,,,ODN0000066803,n,right_only
1D6E1D07-B9B6-45C4-8B38-2D11C046F127,,,,,,,ODN0000060789,n,right_only
CE166B3E-CDB3-4C66-AF9F-66C6932624E3,,,,,,,ODN0000060790,n,right_only
F8FB8391-1A0F-409F-B2B4-BD1A69334AFC,,,,,,,ODN0000172263,n,right_only
48ECD5E1-B344-428D-91BC-5D0FA0F63BD1,,,,,,,ODN0000060791,n,right_only
18A38DD8-0649-42D8-8F92-401BA4A453EF,,,,,,,ODN0000060792,n,right_only
61556FB8-AE7F-46E0-AA94-E35070144ED8,,,,,,,ODN0000058538,n,right_only
3F942467-086F-4356-B92B-32F2E9D1C3F8,,,,,,,ODN0000123849,n,right_only
10E59B15-4E19-4E45-B0C7-BFCC087F5FE8,,,,,,,ODN0000058540,n,right_only
C95A3812-B814-4862-B662-5695E30C6491,,,,,,,ODN0000058541,n,right_only
DF287877-E0B7-4C09-A2F6-EE03CC214BB0,,,,,,,ODN0000058542,n,right_only
88472AB1-5C4C-4D78-8D7A-24C634583C7B,,,,,,,ODN0000058543,n,right_only
FAC43971-6F8A-46E5-8497-32CD78CEC530,,,,,,,ODN0000058544,n,right_only
FE581C9D-DC68-43E9-BE34-39F8B8CA4B95,,,,,,,ODN0000539911,n,right_only
45369AB0-8D98-4368-9C15-E9EE0C88FC93,,,,,,,ODN0000095826,n,right_only
2042A5EB-BCBB-441D-AEA6-4627415C7B39,,,,,,,ODN0000095827,n,right_only
87C8165D-70DE-48E7-8AD8-26D55CC5DA04,,,,,,,ODN0000505113,n,right_only
450A4026-0914-4B56-B78E-EA19299ED813,,,,,,,ODN0000063255,n,right_only
0087A71E-D80C-4BA5-97F7-0D262775BDA9,,,,,,,ODN0000060794,n,right_only
E1603C76-F0C4-4AD4-A8CD-395127B8415C,,,,,,,ODN0000121604,n,right_only
1C0B9DC4-653A-49F7-9187-2176F6BA859D,,,,,,,ODN0000060795,n,right_only
7DCE607A-E446-41C0-B99E-C77F32C8C126,,,,,,,ODN0000517408,n,right_only
385DBD31-56AE-4258-885B-C7F0459A8CEC,,,,,,,ODN0000060796,n,right_only
AF9C5520-08EF-403E-98C9-47E58D49D32E,,,,,,,ODN0000110348,n,right_only
69742225-E2DA-4647-AA9A-6587040B10DE,,,,,,,ODN0000154878,n,right_only
418D9A0F-2F12-4598-8ADB-EAE8DDB22670,,,,,,,ODN0000058549,n,right_only
F52C4662-DC79-4F28-9E4F-60DF466F69FF,,,,,,,ODN0000060798,n,right_only
81170D47-47C8-4AAC-8A86-3AA6540332E3,,,,,,,ODN0000085817,n,right_only
A80EE762-7EAA-4EEF-BD2A-B111BD2EE855,,,,,,,ODN0000249402,n,right_only
A0831BC0-ECCC-4009-8AB2-AADA01F9F77C,,,,,,,ODN0000085818,n,right_only
E123F4A6-4C12-47F8-BD9E-68909CB00355,,,,,,,ODN0000058551,n,right_only
3DFB7038-3788-4CBF-8971-B3FCF5C2CE58,,,,,,,ODN0000060799,n,right_only
DAC51480-8827-40C3-A704-19D790F8FB30,,,,,,,ODN0000114312,n,right_only
3331BA8C-25EB-4764-BE1B-36B427D686A3,,,,,,,ODN0000110349,n,right_only
A937D2FA-3B83-474E-B44C-986CE1BDE544,,,,,,,ODN0000154486,n,right_only
889C0209-34F6-4413-8BD7-9A728845871C,,,,,,,ODN0000095830,n,right_only
0965C1D3-1B5B-4054-848D-6E18D43DE995,,,,,,,ODN0000110350,n,right_only
247EA358-3216-4197-982E-5BBD95802761,,,,,,,ODN0000144891,n,right_only
A8EF51C6-E39E-48D3-98CC-2FD334E2161E,,,,,,,ODN0000060800,n,right_only
F2F0AB24-BC90-4101-A4E0-17C976704FAD,,,,,,,ODN0000110351,n,right_only
EAB61163-670D-46F7-B589-8A8EBE4C30AF,,,,,,,ODN0000085819,n,right_only
1E3F4490-913B-451E-8DEE-CD48B1B64206,,,,,,,ODN0000060801,n,right_only
59F5683D-2238-4F3C-A38C-0464A09C2F89,,,,,,,ODN0000536357,n,right_only
FB16CB7C-FC32-4FBB-A6E5-1A54C626109D,,,,,,,ODN0000058552,n,right_only
1C28E208-E45A-4C1F-88EB-E4B78D662D1D,,,,,,,ODN0000060802,n,right_only
032252C1-A306-4EA2-8CC9-6CEED7F2D2E6,,,,,,,ODN0000060803,n,right_only
0EC5E06E-E2A6-428D-A0B0-36236791652D,,,,,,,ODN0000058555,n,right_only
87224349-783B-4EC7-AA79-76858DFFA71D,,,,,,,ODN0000565150,n,right_only
D828FD0E-A542-4974-9AD5-D88A83808BED,,,,,,,ODN0000060804,n,right_only
3CFA4F74-9BA0-4757-AECE-55DE15725BA2,,,,,,,ODN0000135452,n,right_only
4355C5CC-DF20-4C74-B10D-5EA7803BDA89,,,,,,,ODN0000060805,n,right_only
77DCE87D-C9A8-488A-8817-685F447160DC,,,,,,,ODN0000060806,n,right_only
9FFE48F1-07E8-4355-B965-BE98A77F8126,,,,,,,ODN0000208123,n,right_only
DB8EC834-7B86-42FC-B6AB-49EA5656265A,,,,,,,ODN0000063251,n,right_only
CE5E5852-A348-4074-8F76-C9F0A5C30684,,,,,,,ODN0000063242,n,right_only
C31D300D-5903-4261-A491-91EF1DF4A1CC,,,,,,,ODN0000063390,n,right_only
D6048E52-3B79-49C5-8347-ECBBFE194983,,,,,,,ODN0000058557,n,right_only
86494B5A-3820-49C9-BCFD-AA404452D72E,,,,,,,ODN0000060807,n,right_only
D0BFDE7B-83A3-49BB-A8F6-11C3D1783C3F,,,,,,,ODN0000058558,n,right_only
413569EC-AF89-4111-809D-9A9484F5A6B2,,,,,,,ODN0000095832,n,right_only
EFC70164-F829-4E63-A639-53D907D8C451,,,,,,,ODN0000072799,n,right_only
EC097878-2A08-4DD9-8203-0C2AFEC8D967,,,,,,,ODN0000058559,n,right_only
2A690D33-0978-44E7-9D92-C480E04CF99B,,,,,,,ODN0000242959,n,right_only
359EF400-D543-4AA4-8267-5A6B8C0C4975,,,,,,,ODN0000063257,n,right_only
F637AABB-DFC0-4794-8048-9C394D44A0F8,,,,,,,ODN0000144894,n,right_only
312E0C03-ACBF-47FF-85B6-45D5C9CA734E,,,,,,,ODN0000208134,n,right_only
64735B99-0EB1-438A-BFC7-734CF0D0F68F,,,,,,,ODN0000058560,n,right_only
7FCE6C69-0A71-41D2-95EA-BFA87825551C,,,,,,,ODN0000095833,n,right_only
A700AF12-B0C0-43AC-97B8-FBC8227C9014,,,,,,,ODN0000121608,n,right_only
E57D5010-4BDF-46D4-8369-4D10A86D6704,,,,,,,ODN0000095834,n,right_only
BD4EFBC0-DBAC-4A75-A306-6D82FA9355A6,,,,,,,ODN0000060808,n,right_only
A1753B08-5150-4E74-B415-0CCAC1F555CA,,,,,,,ODN0000195721,n,right_only
D61FB7C2-50A9-417E-B619-71DF7A0BA769,,,,,,,ODN0000144895,n,right_only
21981BF9-17B6-4A85-8425-EDA1B7D0D70E,,,,,,,ODN0000058561,n,right_only
F4E37CCD-7D12-4E8C-97BB-7F47B30E1066,,,,,,,ODN0000058562,n,right_only
8B3B5EBF-1542-45AF-89DE-CD022D05967C,,,,,,,ODN0000063391,n,right_only
4A67FCD4-832F-47DA-B695-3AE21B6F3AEA,,,,,,,ODN0000058563,n,right_only
D04E6C6E-9FD0-431C-8185-BBBA1A294C41,,,,,,,ODN0000233579,n,right_only
6025637C-0A6A-42F5-8EA6-A8CA2A057D44,,,,,,,ODN0000058564,n,right_only
C1052817-A0D2-467E-B9FE-61069D0727EA,,,,,,,ODN0000058565,n,right_only
CDA0FC14-6DA6-48C8-AC75-B2C2C8663A5D,,,,,,,ODN0000144897,n,right_only
37BFD892-8C23-45AA-8F35-F56BC092B072,,,,,,,ODN0000063392,n,right_only
77409C96-060F-40E6-9F0D-02FF356EECC3,,,,,,,ODN0000060810,n,right_only
42AA7487-3F8D-4799-B870-68FEBD24B41A,,,,,,,ODN0000060811,n,right_only
322FD6B4-EFCC-4DF1-88A7-CD904629F041,,,,,,,ODN0000060812,n,right_only
24D0B1BA-44DC-4EF1-B75E-D4AD8715F69C,,,,,,,ODN0000058567,n,right_only
90F578E1-FCDD-4DB4-B810-96CB40AB06B6,,,,,,,ODN0000058568,n,right_only
A33C78FD-F240-4179-A8FB-A1F60B15E580,,,,,,,ODN0000058569,n,right_only
69A5BFA0-E7D4-4ADF-8539-7E8E1E0E8450,,,,,,,ODN0000058570,n,right_only
01E2D512-5CE1-4B67-BF37-3C22E0DC9ACF,,,,,,,ODN0000058571,n,right_only
B38AFF23-F533-4762-8574-61E6D7516F88,,,,,,,ODN0000252700,n,right_only
97F9075F-FC21-4F7C-A242-059B634D3960,,,,,,,ODN0000208105,n,right_only
86AC9D05-526F-491F-98C0-089D67931B0F,,,,,,,ODN0000195707,n,right_only
58BDE30F-F4BE-4CEB-B33D-C3DBB4ED0FF3,,,,,,,ODN0000197552,n,right_only
543B50B8-A5AA-44FA-9666-751D4E926680,,,,,,,ODN0000060814,n,right_only
556907A1-655F-4A4F-9C44-A6837CFBFAFC,,,,,,,ODN0000060815,n,right_only
16749A40-941C-4C49-ACB0-92BE268A8AD7,,,,,,,ODN0000536360,n,right_only
8CADB853-C732-4B0D-87DF-68E13A4C748B,,,,,,,ODN0000060816,n,right_only
90021FFB-50A4-4C8D-A6F1-7D4BB6A221D6,,,,,,,ODN0000242960,n,right_only
65423C43-BE80-40CE-8013-74748A62F204,,,,,,,ODN0000058573,n,right_only
0987D896-346B-41CE-821C-896356E59064,,,,,,,ODN0000060820,n,right_only
61531D68-7FF6-411A-86DA-1A88026F9485,,,,,,,ODN0000085823,n,right_only
8FA3D53C-9C26-48CF-B5C6-BAED4FF7D5B9,,,,,,,ODN0000195722,n,right_only
00F2D351-7B0B-422E-8397-89E8CEC608D4,,,,,,,ODN0000060821,n,right_only
2F07BD53-35A3-4443-B1D0-16A675DBA1DB,,,,,,,ODN0000058574,n,right_only
8C22B6D5-34DF-4111-9639-2699302BD7F8,,,,,,,ODN0000058577,n,right_only
6428E9E0-A2C0-4EF2-A363-603E6D3E485F,,,,,,,ODN0000060822,n,right_only
B2383A3F-28F2-47D7-890F-8A20CE4412BE,,,,,,,ODN0000075824,n,right_only
6F6A9F97-0519-4566-B518-53567F7AB927,,,,,,,ODN0000085821,n,right_only
75B12284-D72B-41C2-BB05-2B5F976880A6,,,,,,,ODN0000195723,n,right_only
7EFBC64F-F7F1-4D7B-9D8D-F69FB7CBDF6A,,,,,,,ODN0000095838,n,right_only
2486D802-69A7-41BF-9D5D-4B19D4F8869B,,,,,,,ODN0000489897,n,right_only
C2584468-667B-4EAF-BBAE-CF7A0AA7D5AF,,,,,,,ODN0000058578,n,right_only
E67C751F-19A8-4965-819B-3709E33F6A23,,,,,,,ODN0000095839,n,right_only
365F7D9C-1BE1-4E02-8314-141655A3A50D,,,,,,,ODN0000063253,n,right_only
DD4D0612-5277-4577-89CE-9CA572B4F320,,,,,,,ODN0000095840,n,right_only
F5CAEC3F-635A-4F01-9F62-F9E1421FBA1D,,,,,,,ODN0000536377,n,right_only
859E96FE-0B18-4A24-AA09-DB9D7B2E599D,,,,,,,ODN0000104006,n,right_only
865B82D9-19A5-4E8B-8DC4-0CAD024BADB9,,,,,,,ODN0000110354,n,right_only
B2B90E4E-9E64-4A4B-85EB-EF28EC8F8DEF,,,,,,,ODN0000058580,n,right_only
B0B93398-841C-4AC5-8557-28E98F530648,,,,,,,ODN0000060823,n,right_only
5E85CB86-2764-4725-B2C5-36E36FA75965,,,,,,,ODN0000060825,n,right_only
54D6A1A9-D2C8-4267-B45B-42D1BE83C38F,,,,,,,ODN0000110355,n,right_only
F674EBAE-175B-4CD2-A6E4-29FFF5817304,,,,,,,ODN0000150514,n,right_only
E2A32132-1A8D-462B-88C3-C4044CE5CACB,,,,,,,ODN0000191107,n,right_only
81F3FC0F-0682-41D9-85D3-A9A618EB6E5F,,,,,,,ODN0000066804,n,right_only
90BDB59D-562C-4AA8-84D7-F12E5CF4645C,,,,,,,ODN0000058582,n,right_only
7D91CEE2-277A-4085-A5CB-E6AD3F4EFAED,,,,,,,ODN0000060826,n,right_only
06807F9B-F397-42A5-A7F3-27252EC59D73,,,,,,,ODN0000058583,n,right_only
A770447A-B04A-4789-925A-66AD3ECA944B,,,,,,,ODN0000123842,n,right_only
A980C356-11F5-4F9F-A96C-33D4F87A0DBF,,,,,,,ODN0000058585,n,right_only
AB6484AA-2291-4FC2-AE57-0CB37655004D,,,,,,,ODN0000066805,n,right_only
6B41FBFB-DC6F-4785-8033-A767075830CD,,,,,,,ODN0000058586,n,right_only
A2E3D56C-6838-4CF9-B972-D347B48CD8C9,,,,,,,ODN0000095846,n,right_only
50000CA8-2447-4F42-8E69-EC83D680DACE,,,,,,,ODN0000110356,n,right_only
2D4F6BF2-9D15-493D-8E4C-88F5EBB75CEF,,,,,,,ODN0000167201,n,right_only
11B988FB-0862-4098-A842-3077D41E65B5,,,,,,,ODN0000172267,n,right_only
9311477D-DBB0-4EF2-AA3E-C312780A776C,,,,,,,ODN0000150515,n,right_only
30173664-41CD-4A23-98BB-4B2A670C284F,,,,,,,ODN0000114314,n,right_only
CF4A7210-C03D-495B-B519-522E78498926,,,,,,,ODN0000085825,n,right_only
DE71A734-C29B-4AB1-8FD9-F4509269C65C,,,,,,,ODN0000060827,n,right_only
3B68C6DB-67A2-40F6-81D9-2253A4AB05F5,,,,,,,ODN0000108378,n,right_only
D7792608-3650-48F9-8A00-B27B83CBECC3,,,,,,,ODN0000060829,n,right_only
4240710B-19CD-40E0-9421-1F7D2C4852F8,,,,,,,ODN0000114315,n,right_only
A2EF0FB0-B494-43BC-AC75-CEDAB425E8AB,,,,,,,ODN0000333486,n,right_only
47EA6C7D-779E-49F6-BC89-AB1B55283616,,,,,,,ODN0000095848,n,right_only
6E0772B4-79DE-43F1-AD50-E2DA65EF6751,,,,,,,ODN0000095849,n,right_only
4C3294A8-2E5D-4F1D-B277-34A6818042CF,,,,,,,ODN0000060830,n,right_only
85F23D83-4E06-4EA6-8DC9-14981FA28C64,,,,,,,ODN0000058588,n,right_only
432EE02C-578A-4C22-B567-633B8FE20B5F,,,,,,,ODN0000060831,n,right_only
E601FD96-D7F9-45C3-AE38-971B6DD0D69A,,,,,,,ODN0000154490,n,right_only
87BB777F-1989-4711-9053-F7A87305D2F9,,,,,,,ODN0000218641,n,right_only
9C0F466C-5CFE-41C2-A5AC-7650F4E37112,,,,,,,ODN0000060832,n,right_only
656A8E48-1BE1-4214-868E-6593D5348F01,,,,,,,ODN0000114316,n,right_only
9C0ABDC7-BC30-4BD2-8F79-73BE23A775D4,,,,,,,ODN0000121609,n,right_only
9F045AB8-A6E3-4D44-B7F6-58539BB50519,,,,,,,ODN0000121610,n,right_only
763E814B-23CF-47F7-A6A2-63F955B86DDA,,,,,,,ODN0000121611,n,right_only
AD81DCD9-A2DF-455A-89AD-7628AA03E540,,,,,,,ODN0000167202,n,right_only
64E24D6A-34A5-43FA-8EB8-ADE6E0D44D12,,,,,,,ODN0000110357,n,right_only
86140B3D-0930-4AAE-95BB-E98144EBF515,,,,,,,ODN0000144901,n,right_only
3233708F-5A53-43E8-90DA-3B511E193EEE,,,,,,,ODN0000060833,n,right_only
90E733E4-8E5B-4536-ADD9-EB0702C6044B,,,,,,,ODN0000060834,n,right_only
2001B21E-FDA5-4B2D-95C1-75828EF1B710,,,,,,,ODN0000089815,n,right_only
61DDC2A5-36A9-415D-83F2-281F7AF06A2C,,,,,,,ODN0000536362,n,right_only
AF1DF419-7534-42BE-BA54-8BEB9619E15D,,,,,,,ODN0000060836,n,right_only
94FA9CCE-B5DA-4D05-9651-0A1A8DE2E3B2,,,,,,,ODN0000172268,n,right_only
FDAC371B-33D7-4F33-8665-C7C3B746FAA0,,,,,,,ODN0000195725,n,right_only
ADE166A0-01F0-4F24-BD26-D8A4930E5021,,,,,,,ODN0000060837,n,right_only
1F24ED41-8120-4910-9704-DE27D0818696,,,,,,,ODN0000072800,n,right_only
300D20F0-82EB-4457-B780-7E97E83CE025,,,,,,,ODN0000245689,n,right_only
3B64C5FC-0932-49AB-BF26-0E3A0D8A82BF,,,,,,,ODN0000058591,n,right_only
440FC75C-31F6-4281-91BA-CE6FEB36B8A3,,,,,,,ODN0000162420,n,right_only
1574BC02-CE9A-41F5-9052-7C0B63BA4636,,,,,,,ODN0000058592,n,right_only
656FF874-E1C9-4ABC-9BBE-5C1770710BA1,,,,,,,ODN0000060838,n,right_only
4CA5DC2C-5B25-4B93-9984-0CAAA6A3221E,,,,,,,ODN0000063258,n,right_only
66CFAD55-25C6-4696-8461-360B3F87F5B4,,,,,,,ODN0000110358,n,right_only
27A68259-8CA8-4623-904D-913FAC2D0A48,,,,,,,ODN0000060839,n,right_only
73C8FD66-2D7F-4B8C-88E6-483BD2FA1C4E,,,,,,,ODN0000121612,n,right_only
C60C6785-9A90-4492-B74F-B50667652A7D,,,,,,,ODN0000162393,n,right_only
094F9EA2-9AF0-4156-8C0A-7F5B2D3B94EB,,,,,,,ODN0000058594,n,right_only
5A4BB3C0-9E27-4E8C-AA39-35B53C60E286,,,,,,,ODN0000085826,n,right_only
31170979-61FE-4954-8146-FD41B8954E24,,,,,,,ODN0000114317,n,right_only
6181AE13-F841-4C10-9FA6-C323D390AE3D,,,,,,,ODN0000095851,n,right_only
1D297511-7A58-47D2-A79F-5572FB5AA5A4,,,,,,,ODN0000517397,n,right_only
B22BD708-29FF-4BBE-9356-2E6CCAC8112C,,,,,,,ODN0000150518,n,right_only
73E7BCA3-ED14-4950-8339-F60B91358DB7,,,,,,,ODN0000121613,n,right_only
722E93AD-A786-4B70-8721-474B5D1141F8,,,,,,,ODN0000058595,n,right_only
A78874F2-BA56-456B-A4CC-D05065331259,,,,,,,ODN0000249399,n,right_only
70C1E1E3-657C-4249-B176-3F067EA093AE,,,,,,,ODN0000058596,n,right_only
A746DFEA-6686-4E1C-B771-D221C6268701,,,,,,,ODN0000058597,n,right_only
941E2C84-E9DC-497A-AF39-86098510BE5F,,,,,,,ODN0000257710,n,right_only
6EDD5086-D459-4B25-BA70-028B5AC1663D,,,,,,,ODN0000355302,n,right_only
DF500D0F-D734-4F86-BB00-1976A3E7119B,,,,,,,ODN0000058598,n,right_only
B599C42C-75A3-48D3-AA9A-D5EC8123FEA1,,,,,,,ODN0000058599,n,right_only
06638D00-4D83-42E9-9F87-1FBC43F6BE65,,,,,,,ODN0000058600,n,right_only
BC20267A-7089-401D-9C15-95E342F35605,,,,,,,ODN0000144907,n,right_only
E3A13957-AF4D-4A31-A475-81AC89A979D7,,,,,,,ODN0000103269,n,right_only
03996E8A-F848-4ACF-A526-CF62949CEC97,,,,,,,ODN0000114319,n,right_only
1B3ADE78-1F2B-46FC-A1A4-F9DBD063193B,,,,,,,ODN0000165891,n,right_only
D38280F4-F2F4-4BFD-A7C1-147BA9D89E33,,,,,,,ODN0000063393,n,right_only
40F667D6-3179-45DC-8334-3749FDC1CD85,,,,,,,ODN0000060840,n,right_only
C434A81C-5E8D-4FC4-88AA-93C38D913573,,,,,,,ODN0000060841,n,right_only
4903370F-8D5C-4E58-B9D1-E3F419490B4C,,,,,,,ODN0000539908,n,right_only
B6DBF1F0-C914-466B-AFC6-6B77B2E97652,,,,,,,ODN0000058602,n,right_only
548E91AB-D2C0-4D97-A79F-641DFA29A36E,,,,,,,ODN0000060843,n,right_only
39D47634-9521-4E09-B723-BDE32498B6B8,,,,,,,ODN0000066778,n,right_only
BAAE5F50-7AF0-4BBD-A460-32054F74798B,,,,,,,ODN0000549934,n,right_only
E0D4A330-C0B2-4222-B756-3BDD63D30107,,,,,,,ODN0000058604,n,right_only
F84FB246-8774-4B7A-B1FF-C6D0FEBE8D74,,,,,,,ODN0000085829,n,right_only
D776DE1F-5E66-439D-ADF4-FCC7942D8E1C,,,,,,,ODN0000181733,n,right_only
136DF57F-2A8B-4F2B-8525-202008475130,,,,,,,ODN0000233592,n,right_only
E0E90AAE-ECDD-45E9-8E8F-E7A71FD4263E,,,,,,,ODN0000072801,n,right_only
ABA0269B-C3C4-46E9-BDB6-C5CBF4CBA970,,,,,,,ODN0000060844,n,right_only
723E7415-4B66-432F-85E4-C4BEBDE1A57B,,,,,,,ODN0000483003,n,right_only
80992AAA-A9F2-470C-9896-54325A433573,,,,,,,ODN0000085830,n,right_only
D66D3B6E-F3EA-4F40-8611-6EFB9136F3D0,,,,,,,ODN0000154491,n,right_only
A2948E29-7888-4C59-BEE1-C7584B62DCB6,,,,,,,ODN0000095854,n,right_only
4968C4E5-4E2E-46B0-A521-0AE6654FBE5A,,,,,,,ODN0000121615,n,right_only
F71D5BE2-D28C-4080-AAEE-4007BEEA2553,,,,,,,ODN0000144909,n,right_only
D09EFB22-CE04-419D-BAF7-2C4069C5A223,,,,,,,ODN0000058608,n,right_only
0A19759D-8D45-4BCF-8575-D893F3B0C91B,,,,,,,ODN0000058609,n,right_only
A2731D88-6FCF-4951-B9FF-FCE4D119846A,,,,,,,ODN0000060845,n,right_only
42905578-7610-4A74-8463-E90753E490B4,,,,,,,ODN0000114323,n,right_only
0F2CDAD7-121F-44FD-B804-10CFFE5C05B5,,,,,,,ODN0000110360,n,right_only
0824922B-42BF-42A9-AEB6-DBFA85BA24CC,,,,,,,ODN0000060846,n,right_only
484DD1FF-FCBF-4B8B-89CC-D7A86D321161,,,,,,,ODN0000095858,n,right_only
5EAB626B-F69A-49AD-A3A9-FC7A57C00914,,,,,,,ODN0000060847,n,right_only
2CD80228-8FAE-4F26-AA8B-8811F8C22D6A,,,,,,,ODN0000058612,n,right_only
38579214-B9F2-49AA-A6BC-E012FFCE0335,,,,,,,ODN0000058613,n,right_only
A4372101-C44C-4746-8F70-AEFEF0B1E14F,,,,,,,ODN0000063259,n,right_only
98C2CD89-B77A-41C3-9D6B-7292A5D81C0D,,,,,,,ODN0000060848,n,right_only
F4C148B3-F6E9-4BB9-A9D0-B1CBDA027E53,,,,,,,ODN0000529645,n,right_only
E1090233-E20E-457A-8431-2D6C969CF01C,,,,,,,ODN0000489900,n,right_only
B482FFBC-95DA-4E7C-9EA0-6A66DD9856AF,,,,,,,ODN0000114325,n,right_only
4B628A35-7BCB-46AD-BE17-00803D70B535,,,,,,,ODN0000058616,n,right_only
746F513F-D23A-4271-9F6D-B4C9C9EED1F5,,,,,,,ODN0000058617,n,right_only
3DE7B5F7-E847-470A-906B-A5F2DFF0EA0A,,,,,,,ODN0000242953,n,right_only
30B759D4-1DDA-4854-A310-4CDE408D84E8,,,,,,,ODN0000085831,n,right_only
EAD9AEFB-3784-449C-98B5-D026D1D95083,,,,,,,ODN0000058618,n,right_only
2E8B107F-730F-4389-9623-4B425F97155F,,,,,,,ODN0000121616,n,right_only
F33B8BD3-FA93-40A0-94EF-730A9D6EEA9F,,,,,,,ODN0000249401,n,right_only
7F04F618-A58A-4C3B-98E2-562713784CE6,,,,,,,ODN0000104008,n,right_only
AA1DFC7B-84A7-41B4-82BE-C4084233252B,,,,,,,ODN0000066773,n,right_only
157DE629-12D8-4018-8EDD-9258A8392B65,,,,,,,ODN0000085832,n,right_only
F8E80AED-4C50-4549-80D0-2B27B802FF1F,,,,,,,ODN0000065604,n,right_only
82C18AA8-613E-4CB2-B735-8703DC143765,,,,,,,ODN0000058620,n,right_only
34090678-0AFA-4AD0-BCF7-DEB7F25EDFCB,,,,,,,ODN0000058621,n,right_only
4883BDC6-1BFF-4191-B2C7-FF3BC0CD9DEC,,,,,,,ODN0000095862,n,right_only
48AFA8B8-D962-4964-B352-6C0FE494EC47,,,,,,,ODN0000058622,n,right_only
D317EF40-B547-4288-BF49-0EEE6F40F7E4,,,,,,,ODN0000218661,n,right_only
D2D415C0-EE0E-4A12-925D-B97FAC75A6EC,,,,,,,ODN0000110362,n,right_only
9537B768-0418-4E13-8552-D4960B85C95D,,,,,,,ODN0000103275,n,right_only
1732B99B-6222-43D4-B36D-2313030C21C7,,,,,,,ODN0000154882,n,right_only
BC0E4B9D-2077-4535-A0B3-2DE5B600DA12,,,,,,,ODN0000144918,n,right_only
5532C994-A151-4E73-A5F9-7609BAB5BD8C,,,,,,,ODN0000114326,n,right_only
4ED37E7C-A75E-4489-835E-F4B73D213BA6,,,,,,,ODN0000060850,n,right_only
AEE2F488-E682-44AF-BDEA-B111FE42148F,,,,,,,ODN0000478691,n,right_only
DF65F89F-6318-45DD-93B0-D25D51C72E30,,,,,,,ODN0000110363,n,right_only
DBFE5542-D33B-4BF5-9689-868A8CB46424,,,,,,,ODN0000085833,n,right_only
8626B386-49B3-4470-920E-9159044C633F,,,,,,,ODN0000085834,n,right_only
45C772EC-C0D1-4E68-8535-EF676371F311,,,,,,,ODN0000060851,n,right_only
1F72BA64-BE49-4485-A602-A59B2DD0FD4B,,,,,,,ODN0000085835,n,right_only
65467649-E572-4204-BFAC-8D2419DA5E7B,,,,,,,ODN0000058624,n,right_only
AADA0A8F-63F8-48A5-8964-980376E54F74,,,,,,,ODN0000058625,n,right_only
75834A1A-4D9A-45AA-B59E-6C39365ADC3E,,,,,,,ODN0000063260,n,right_only
E16308A0-73C1-4717-B67E-91E42FE68AF8,,,,,,,ODN0000060852,n,right_only
F3EF0BFF-1CE2-4DC5-8712-96F28CDCE436,,,,,,,ODN0000208128,n,right_only
11BE6A61-6B0C-4A0B-999A-AC6AE7E4FDA6,,,,,,,ODN0000181730,n,right_only
0012D776-3550-4DDC-9DCA-1627F1634B26,,,,,,,ODN0000233593,n,right_only
EAE2C8AF-8946-48EC-B9AE-0B49E593FB54,,,,,,,ODN0000060853,n,right_only
ED07A842-C15F-42BA-A5AA-972881759E32,,,,,,,ODN0000060854,n,right_only
45D25AF2-6AB9-4D20-B8F3-C134F5933807,,,,,,,ODN0000110365,n,right_only
2F7D2666-B004-4F55-98FD-DEE17B1E3B3A,,,,,,,ODN0000110366,n,right_only
08824365-D7F0-42D2-8A21-CC7871B6E7E1,,,,,,,ODN0000060855,n,right_only
A79E2022-E22F-4248-A10A-CC37C9D1F202,,,,,,,ODN0000110367,n,right_only
6BE6F6DB-3C7C-4579-8CBF-7CEF4F0601A8,,,,,,,ODN0000121617,n,right_only
D21605FB-9C57-4E94-A206-54A1A76F3E8B,,,,,,,ODN0000095865,n,right_only
BD23BE8C-4916-4BFE-B80A-7CBB330E3189,,,,,,,ODN0000110368,n,right_only
A201F2D9-5AEE-4574-AC5C-EE86572DF522,,,,,,,ODN0000060856,n,right_only
6EC78AA3-3DA4-4B00-A8BA-BAA0BCBE2B9F,,,,,,,ODN0000144920,n,right_only
8FCD2DDD-2EE7-4357-9656-75A749FD701D,,,,,,,ODN0000060857,n,right_only
A61D86DA-DC8B-45BF-BE9E-FBEBD120F14C,,,,,,,ODN0000058628,n,right_only
6F73399F-7174-4EB1-B8C4-052370B8DDEE,,,,,,,ODN0000255230,n,right_only
5B965E6E-D3B6-4E1F-BD28-F62E1CE1D954,,,,,,,ODN0000060858,n,right_only
EC44B69D-6A9E-44B3-9841-CBE554C4586B,,,,,,,ODN0000175207,n,right_only
A2CA8E29-AAB5-407C-BE81-C3CA0BF59085,,,,,,,ODN0000095866,n,right_only
BEC375CB-A9CF-4011-827E-77C9F39DAE5B,,,,,,,ODN0000075825,n,right_only
337504DB-336F-4E6D-A1E6-92B35B37E9D8,,,,,,,ODN0000058631,n,right_only
8321FB51-81CF-4B09-8489-463ACED4FD4B,,,,,,,ODN0000483019,n,right_only
BE5AA765-53F7-4661-9605-7692984D5787,,,,,,,ODN0000058632,n,right_only
1F211B1B-7F6D-4F50-9A16-651C3C5A64C0,,,,,,,ODN0000144923,n,right_only
A6870EDB-BC65-4E9E-A392-44A3AF422739,,,,,,,ODN0000085808,n,right_only
2E3940A3-C634-4B19-B930-20618E13EC15,,,,,,,ODN0000123852,n,right_only
C2434959-5119-4D32-AA1B-F461468D7FA4,,,,,,,ODN0000085837,n,right_only
1C712A10-0AC6-4DC7-8786-CAEEB411819C,,,,,,,ODN0000063261,n,right_only
2F4183AB-2298-4050-ABA6-FF3D3413A65C,,,,,,,ODN0000063262,n,right_only
5BD0F5E1-3E2A-4993-AD60-E80B0F14E3D7,,,,,,,ODN0000063263,n,right_only
032F1C19-65D3-46FA-931A-6AF9E8824442,,,,,,,ODN0000063264,n,right_only
5B32B738-B0E9-4C7D-B67C-157BCBD0C63C,,,,,,,ODN0000060859,n,right_only
B157BC6E-2A3F-4D72-A3C1-52059D43608A,,,,,,,ODN0000536384,n,right_only
C45AAD97-6CB5-4232-BA05-524BCA8F4821,,,,,,,ODN0000058634,n,right_only
EA8AF196-77AE-4C7E-9313-EEF83F11C9CE,,,,,,,ODN0000132283,n,right_only
343EBFDE-10D5-4D58-80E1-50873C174451,,,,,,,ODN0000536386,n,right_only
80D8AF89-BB12-4F60-877B-0C25BE903064,,,,,,,ODN0000517412,n,right_only
7A98B822-3A94-4136-B310-F2DF291AE976,,,,,,,ODN0000075826,n,right_only
EA733438-D274-423B-987D-F48FC6C67976,,,,,,,ODN0000058637,n,right_only
1C1F1BC6-ECEA-4EEA-B232-BD907CB3A5A4,,,,,,,ODN0000060860,n,right_only
1E3A9F58-51C9-4D22-984B-7111F1B838BE,,,,,,,ODN0000218672,n,right_only
183D4661-E471-4CB8-BF8C-FD3746CF3D6E,,,,,,,ODN0000089816,n,right_only
6CD4E791-2DB7-454E-A585-A59139E016C9,,,,,,,ODN0000517405,n,right_only
8BAA396C-5D9F-4710-9224-785DFC0DA5B2,,,,,,,ODN0000121619,n,right_only
A5239FAF-C43E-4C68-AD50-C993378D1A3D,,,,,,,ODN0000060861,n,right_only
E541FEBA-9F5A-4207-9A39-9057FE4D5680,,,,,,,ODN0000058638,n,right_only
98945F8A-15B9-49DA-A5ED-FF6FD0854ACD,,,,,,,ODN0000549943,n,right_only
D644CFAF-278D-45D5-9B51-A6A9863E82D2,,,,,,,ODN0000549944,n,right_only
B02F8144-0AD1-4FD6-B39A-5859D875F4B7,,,,,,,ODN0000121620,n,right_only
EBBA430C-D3F6-444B-A309-1E6D4859D18C,,,,,,,ODN0000144926,n,right_only
2E360C3D-9F6A-4CD8-9439-E21D5D28F878,,,,,,,ODN0000058639,n,right_only
F665FC0D-49B3-4F59-8D78-D919CD5FCCA2,,,,,,,ODN0000164311,n,right_only
CA87F634-0C0A-4F62-B8B8-E3A7554C0D20,,,,,,,ODN0000066779,n,right_only
D3BBB140-15EA-4E8D-86E7-84B3D30C79F2,,,,,,,ODN0000517414,n,right_only
25B8FD07-320C-450F-9AC6-86714FE8FF4B,,,,,,,ODN0000060862,n,right_only
A9573991-88D9-4C86-AFF1-6F2C51433FE2,,,,,,,ODN0000144928,n,right_only
BADD38E7-82BB-4FAC-9D73-DBD8CA40EECB,,,,,,,ODN0000058640,n,right_only
C38DAEC1-3AA8-4162-94D4-86097B817DC2,,,,,,,ODN0000162430,n,right_only
FF2528D9-39D0-4067-8AB7-00D457A03FD1,,,,,,,ODN0000110369,n,right_only
3B086A89-6ACA-47B8-B186-9D1467F9B31A,,,,,,,ODN0000450829,n,right_only
795DE4DF-7A92-4773-8D02-084A78003A8A,,,,,,,ODN0000271219,n,right_only
1FEC41B8-73AA-40A8-8962-89D4CAAEE661,,,,,,,ODN0000060863,n,right_only
477E002D-2A3F-4BA0-9E86-D339DF8A3667,,,,,,,ODN0000060864,n,right_only
347AFDAD-4AF4-478D-B223-FA9326DC0FFC,,,,,,,ODN0000539918,n,right_only
6F6C8F4B-1A1A-4357-802F-68798F07DA9C,,,,,,,ODN0000144929,n,right_only
1565B73E-FF06-4EA9-B201-699600BAC053,,,,,,,ODN0000154497,n,right_only
8B7FCE9D-8D7E-4D75-A083-86246251D6DD,,,,,,,ODN0000058642,n,right_only
16251478-E4D8-4E99-BC82-147B4682A8A6,,,,,,,ODN0000060865,n,right_only
5BFBFFAB-8711-4C75-BDE6-7D3A3B93AA6B,,,,,,,ODN0000058643,n,right_only
D4B5AD77-CCD8-4F51-91F3-7B58DA68697C,,,,,,,ODN0000060866,n,right_only
57A5A084-AF9B-4188-9A54-3778E8DC6B4F,,,,,,,ODN0000121621,n,right_only
9EF0A748-82C9-4E51-B3C3-9D6D736FBB98,,,,,,,ODN0000162428,n,right_only
9931A378-BE82-4593-8C4D-5D0BA6CF78C5,,,,,,,ODN0000108380,n,right_only
21B9C5B2-6749-4C7F-ACD4-E84D635D5277,,,,,,,ODN0000058644,n,right_only
EE280782-0FCF-48F1-A6BF-D2EA1CAE023C,,,,,,,ODN0000074391,n,right_only
DC70C3FF-3A64-457B-8588-68457A64BE4B,,,,,,,ODN0000058645,n,right_only
71F19F09-5683-441F-AD86-3EDA1C6D8AA8,,,,,,,ODN0000060868,n,right_only
69239105-B16F-43B9-9013-2D1E09274FD2,,,,,,,ODN0000590184,n,right_only
F863BA17-98FB-484E-8BD8-9836DC59DBD3,,,,,,,ODN0000079613,n,right_only
BFADD1E1-3BC9-4EAD-949D-7CC0B9CC19BB,,,,,,,ODN0000150524,n,right_only
5B02B148-A2B9-4305-9530-FEE1C80301B9,,,,,,,ODN0000162432,n,right_only
E5FBF0BC-C2F2-4236-B4DA-4C5977F32CD7,,,,,,,ODN0000060869,n,right_only
C9680839-A914-4FB4-8357-4C6DCA59C8EB,,,,,,,ODN0000085852,n,right_only
F4C0DFFA-9119-4CC3-B38C-0079548C8346,,,,,,,ODN0000060870,n,right_only
546F93DF-335C-4AB9-82FE-DDA2CB615FD0,,,,,,,ODN0000150525,n,right_only
FDE0B31B-737E-4A2F-9267-F2F4F51C01B0,,,,,,,ODN0000058648,n,right_only
9CAE1989-0675-4574-B948-81E143EB748B,,,,,,,ODN0000529648,n,right_only
E53EA6B1-2D8B-45F2-8E59-3FAF59782FF4,,,,,,,ODN0000218674,n,right_only
B3C7E9B1-167E-435F-AE84-87296E626DAD,,,,,,,ODN0000549947,n,right_only
B1435ADD-3601-45A3-8E42-E95F415A21CD,,,,,,,ODN0000249444,n,right_only
78E87AF5-7558-41D5-9A77-798211F13CF2,,,,,,,ODN0000095870,n,right_only
025E5C7B-E97E-4309-9A94-497A84290136,,,,,,,ODN0000539920,n,right_only
EA59EEDB-75A1-4A1A-8ACE-42F7D6220C6B,,,,,,,ODN0000144931,n,right_only
00A86807-3810-4B64-9B01-FEDBB91C9438,,,,,,,ODN0000121623,n,right_only
9FFA8E82-8E29-4CAE-95B8-CB04EC4ACA5F,,,,,,,ODN0000132286,n,right_only
7A3667F9-8664-4875-A7AF-AAD1B94977E9,,,,,,,ODN0000058651,n,right_only
BBD5E624-BDC2-4A86-8B15-5CCBDB17A04E,,,,,,,ODN0000257713,n,right_only
CE1A416E-A71D-45DB-8D66-59BF9A1B90C2,,,,,,,ODN0000058652,n,right_only
BCA9F735-B92E-4872-A68F-2946F4860BA1,,,,,,,ODN0000095872,n,right_only
1102162D-7C33-4273-99F3-1AA7EFE7E9DD,,,,,,,ODN0000085855,n,right_only
93AA9353-8535-46C0-8A5F-4843F2CA15F6,,,,,,,ODN0000144932,n,right_only
BFF2E0F3-929A-46A6-AEF4-8CAF63BED438,,,,,,,ODN0000144933,n,right_only
3FDEE7AF-07C4-4F6D-8784-71DDF1F1C182,,,,,,,ODN0000144934,n,right_only
961D4EFC-B8FB-4B85-BF53-78E40CA57265,,,,,,,ODN0000075828,n,right_only
6787C484-7FE2-4D4E-879D-7D1D2BA582C8,,,,,,,ODN0000095874,n,right_only
FB19665C-F206-4792-9E3F-95FE4EAE74C5,,,,,,,ODN0000095875,n,right_only
966BF510-26FF-4EDC-A382-3C46AA336B81,,,,,,,ODN0000060873,n,right_only
7AC0CB38-4D07-471C-8381-EA28118D090C,,,,,,,ODN0000058654,n,right_only
2773B889-7B91-4626-AFE3-8495FFB55B6C,,,,,,,ODN0000058655,n,right_only
4C35A645-1946-43F5-8025-EDCC2C6E1AC9,,,,,,,ODN0000198749,n,right_only
9BB25FBB-5DD5-4E41-8750-32142CE025A5,,,,,,,ODN0000060874,n,right_only
4253CC24-BBCB-4821-BE17-3001C272C87B,,,,,,,ODN0000144938,n,right_only
077E9E5F-D483-44E6-A185-FDDBAF4A4C91,,,,,,,ODN0000150527,n,right_only
287F92FE-07F3-49EC-8BCD-6FF6172D81EA,,,,,,,ODN0000195741,n,right_only
F99A9ED7-FF6A-4F78-8240-09F3DA124CBA,,,,,,,ODN0000060875,n,right_only
8B5AF01A-980C-4A7A-81ED-312976C5646C,,,,,,,ODN0000172288,n,right_only
C53F96F8-F7A1-413D-9913-46E832C11AA0,,,,,,,ODN0000060876,n,right_only
C7EEB313-6297-4392-B321-ED2F7D81C53A,,,,,,,ODN0000121624,n,right_only
2E9D8429-9924-4B95-BE8D-FA7CBB168D6E,,,,,,,ODN0000195739,n,right_only
788A468C-DA93-4C44-A44A-7EECB5FC3883,,,,,,,ODN0000121625,n,right_only
64500A1C-F5D5-4AEB-9EF7-7BD12DA0A5C1,,,,,,,ODN0000058657,n,right_only
2DBEF066-1292-4794-8EFD-E18A1943D34D,,,,,,,ODN0000058660,n,right_only
094426F6-436A-4E4A-829A-77100B0C3EC5,,,,,,,ODN0000114328,n,right_only
D3436266-46A1-4287-A5E9-CD4FA1AC9533,,,,,,,ODN0000085856,n,right_only
6BC12457-3166-42DC-BE1E-364607CA6B9D,,,,,,,ODN0000060877,n,right_only
7C4DC5C4-F981-47BD-9C2F-892886F6DEBB,,,,,,,ODN0000063395,n,right_only
B01D6C63-93FC-4E00-88C3-1FAAD33C7BFE,,,,,,,ODN0000072802,n,right_only
898F0495-BE67-44A9-A537-D2D7B17E0B29,,,,,,,ODN0000095877,n,right_only
A401A71D-4BFB-4A2E-92BC-8E50DA0122B7,,,,,,,ODN0000158723,n,right_only
B4A8F135-1756-41BE-B375-5A6B7774830D,,,,,,,ODN0000060878,n,right_only
E47F7774-E0A4-4C2E-8E50-12B2160CE7D9,,,,,,,ODN0000271222,n,right_only
427EDC4D-7035-4DEB-B6C7-3D2E3FD0CAA8,,,,,,,ODN0000549949,n,right_only
5344B18A-E871-4E68-8194-AE4E094FF2C1,,,,,,,ODN0000139131,n,right_only
C64F459E-20F5-49D9-8278-BFAE69055130,,,,,,,ODN0000249416,n,right_only
AD8DBAAB-9C39-4DDA-BD05-860290796839,,,,,,,ODN0000060879,n,right_only
2A91AB08-D656-4CD8-8353-5351BB0E0978,,,,,,,ODN0000114329,n,right_only
CD773223-98E8-4142-936C-0E7B8421436D,,,,,,,ODN0000121627,n,right_only
F9E20FA9-FDEA-450F-90A8-5D8C4864F62A,,,,,,,ODN0000121628,n,right_only
1C13306B-A9A3-412B-ABCE-D747E32AF43E,,,,,,,ODN0000110372,n,right_only
0EDE578C-79E7-410E-A17A-DD009478F2AC,,,,,,,ODN0000121629,n,right_only
F8C72C10-0618-48AE-8A2C-3FE10069C55E,,,,,,,ODN0000114330,n,right_only
AD8D54D7-3571-4126-96B3-B974CCF2273B,,,,,,,ODN0000249418,n,right_only
804CC9D6-424C-4B20-A046-01DB72A055EC,,,,,,,ODN0000060881,n,right_only
5EECFD94-BAE1-4A91-A190-976216BFAC35,,,,,,,ODN0000058664,n,right_only
E8BD1556-7619-473D-BDEE-0E758AAE9CFD,,,,,,,ODN0000132287,n,right_only
E3C4673E-3738-4B3B-809E-2BC871A1CD80,,,,,,,ODN0000208138,n,right_only
9ADE997C-DBD7-4AE1-BB57-E3F23A348B28,,,,,,,ODN0000058665,n,right_only
C2C516D3-830A-42EE-936E-75D7AB8C084F,,,,,,,ODN0000110373,n,right_only
277CE92B-C3B7-417D-B9D7-31952247BF8C,,,,,,,ODN0000085858,n,right_only
46AA6EEE-5D60-48C6-9E07-0E27D0E0BA97,,,,,,,ODN0000070008,n,right_only
D23741FD-B14D-4C26-8FDD-7E89629E95C8,,,,,,,ODN0000255235,n,right_only
0C2D1F06-7913-47D7-BC13-84B0F5A20C55,,,,,,,ODN0000110374,n,right_only
92E6DED8-AD1D-4C5D-AD61-1DD98CB68516,,,,,,,ODN0000536393,n,right_only
CD31FADE-BCEF-46C1-A0A5-3E207A3FB406,,,,,,,ODN0000075831,n,right_only
A6616991-67F0-4B64-A135-4FDC829327AD,,,,,,,ODN0000058668,n,right_only
FAB8608E-2E63-4D07-B1DA-177753A22DF0,,,,,,,ODN0000121630,n,right_only
A0C3EBD7-28ED-4A5F-9C86-2D36C75BEB44,,,,,,,ODN0000110375,n,right_only
42D13840-FE04-49F7-A220-A93C662E7E5D,,,,,,,ODN0000114331,n,right_only
46235B81-F90B-4E24-921B-6D4BE0C453C6,,,,,,,ODN0000181734,n,right_only
9DC22BE9-9FCB-4BC5-BD1A-4311853C92FF,,,,,,,ODN0000058670,n,right_only
C76CBFC9-2ED5-4981-B909-7C9FF54E3327,,,,,,,ODN0000058671,n,right_only
649ACF6E-4A14-43FE-B8B6-CFD1CAE7E158,,,,,,,ODN0000242972,n,right_only
AC8D98A7-60F6-4953-BA7C-D5E4E99A5AFC,,,,,,,ODN0000060882,n,right_only
F4BDF3A6-4BD6-4FF0-8541-930BE0E4D536,,,,,,,ODN0000144946,n,right_only
30E58BB1-9B62-4ECD-A2DF-FB14AAEB6395,,,,,,,ODN0000058672,n,right_only
9369C171-6681-47D8-8191-59222D7F6D96,,,,,,,ODN0000172282,n,right_only
FEB2C7C3-FA88-448F-A767-EE7A4A328C4A,,,,,,,ODN0000517417,n,right_only
9A19EDBC-BD09-44DA-8D01-8F76EEEB4635,,,,,,,ODN0000066807,n,right_only
63C0B906-2525-4AAF-9B4E-838848210D25,,,,,,,ODN0000144798,n,right_only
DCC806A1-C30F-46A2-9CB5-54DD2572E42F,,,,,,,ODN0000144800,n,right_only
F9F313AB-5F7D-4AE6-B28C-096507F42B65,,,,,,,ODN0000144801,n,right_only
AE0AB09D-378A-45A8-9D58-FE7611B8B956,,,,,,,ODN0000095746,n,right_only
DF74FD3E-052B-4482-98E8-E446CE944771,,,,,,,ODN0000095748,n,right_only
9CBB451F-2D23-478A-96D0-3B0C7AE3A588,,,,,,,ODN0000058357,n,right_only
81ECC35C-5692-49BE-9739-17C12E728843,,,,,,,ODN0000110307,n,right_only
286E4A6E-2BC0-42A5-AA27-1212A90D1F89,,,,,,,ODN0000058381,n,right_only
0822EC3B-A51E-479A-9015-D7DC4707CF0C,,,,,,,ODN0000060667,n,right_only
33321BC3-B745-4DAA-81D7-ED16BAC98FD9,,,,,,,ODN0000065601,n,right_only
24357989-6B6E-4B0E-81BD-E0FC83A28C34,,,,,,,ODN0000114295,n,right_only
66540E7C-875F-477F-918B-0F1C1E6DCC6F,,,,,,,ODN0000114296,n,right_only
7E93BE3F-DE97-4E7E-98C6-2BB3F9138501,,,,,,,ODN0000114297,n,right_only
BAF8E4A9-496E-400F-B270-845ACDCF53D1,,,,,,,ODN0000162418,n,right_only
85767179-522B-43C7-AC3D-275B5B8AA81C,,,,,,,ODN0000162402,n,right_only
28292AC7-63CA-4B8A-A100-46FDEA8FADBB,,,,,,,ODN0000239703,n,right_only
1F8AD333-3116-41D2-8F4B-A901E96520B9,,,,,,,ODN0000066799,n,right_only
B2C6F8B6-9C1B-430B-9974-BCB87F24A880,,,,,,,ODN0000060705,n,right_only
05874BE8-DD62-41CC-B960-C23CBAE6E825,,,,,,,ODN0000058433,n,right_only
D2398D47-BD4B-4A9E-8F01-E8F14AB9EE8C,,,,,,,ODN0000058439,n,right_only
57886862-E16F-4D8B-9CB2-DBDF713173AB,,,,,,,ODN0000060713,n,right_only
65B2CC43-D5E5-4CBB-B4F1-DF399A89B8D1,,,,,,,ODN0000123846,n,right_only
4B822763-8FB8-48D8-92C8-59E028BD9957,,,,,,,ODN0000060752,n,right_only
8F8BC6ED-74A4-42C5-A7BA-9C7D9B0C11F5,,,,,,,ODN0000121596,n,right_only
50EA7B3F-F7BC-4D77-9ED2-2FF77A20C5D8,,,,,,,ODN0000058517,n,right_only
51B5A36B-1319-499C-9EDB-5A66EAB86C18,,,,,,,ODN0000197564,n,right_only
925AB5BC-F45F-47A4-89BF-029CA1F5A088,,,,,,,ODN0000095815,n,right_only
D45B738E-E293-481C-82C3-E8CC6B05749A,,,,,,,ODN0000121603,n,right_only
A2F522EC-1115-4434-965C-8D49F7D87EE8,,,,,,,ODN0000095822,n,right_only
76EB6E8A-2F03-4772-BA86-682F543992F6,,,,,,,ODN0000185479,n,right_only
10C4A173-405A-4891-9011-6C2FFD02DA4D,,,,,,,ODN0000058566,n,right_only
8967E0FC-60C4-4B5C-A928-A0154F9CA628,,,,,,,ODN0000058572,n,right_only
91C9FCAD-70A2-4FFA-AE97-F1FC2CCA0235,,,,,,,ODN0000208133,n,right_only
32827891-F213-43B3-8DC1-D20A03ADDA06,,,,,,,ODN0000095845,n,right_only
EDF58300-1F39-489A-9740-5E416A00C735,,,,,,,ODN0000060828,n,right_only
9DD776AB-BDC5-4DA4-A484-3E7D54D79A38,,,,,,,ODN0000085836,n,right_only
4DADB942-D18B-441B-8BD8-C66FC9147FFC,,,,,,,ODN0000058636,n,right_only
6F389594-3669-4F2E-AB51-662069D82E6D,,,,,,,ODN0000060867,n,right_only
796BC08F-A7AF-42AD-813F-2798E9D3C8C1,,,,,,,ODN0000060871,n,right_only
B5FC158A-3175-46F8-804D-B9F85CED1AE5,,,,,,,ODN0000060880,n,right_only
AE28BB0D-0D0F-4D96-BDD2-1560986E6E32,,,,,,,ODN0000065607,n,right_only
56F37386-097B-4F43-8287-9D34841C4A5D,,,,,,,ODN0000058667,n,right_only
BDA9FE96-9A3D-48B1-9835-DF9B0B5122FE,,,,,,,ODN0000075830,n,right_only
EF7BAF27-C3AE-4903-B80C-7AE79B6359E9,,,,,,,ODN0000505102,n,right_only
EB1BDD25-A0BD-453C-8C1E-C0FAA142DD8B,,,,,,,ODN0000549913,n,right_only
D0433B96-6283-4468-A0CC-7835789B50AE,,,,,,,ODN0000549914,n,right_only
092557A3-2355-41DC-89F0-3FED40A69482,,,,,,,ODN0000641586,n,right_only
C0C19C22-95D1-41FA-930C-FAB26D6DF67B,,,,,,,ODN0000517401,n,right_only
769F7817-1955-4ABF-A1DF-1CD90C927B57,,,,,,,ODN0000517402,n,right_only
090952D1-EB61-42CF-B5FF-6DA7118F3EE8,,,,,,,ODN0000517403,n,right_only
24704ABA-BE17-4EFC-BF4E-4CFB921FD620,,,,,,,ODN0000549940,n,right_only
95F83C4E-6019-4E7A-A9E8-2DD214F8AF1D,,,,,,,ODN0000549920,n,right_only
D15D4E8A-750D-485E-A669-BB7A53205695,,,,,,,ODN0000505120,n,right_only
6F75D479-BC7C-4CB3-B090-D887119F638F,,,,,,,ODN0000489892,n,right_only
5FF978BD-99DC-42CC-BFDE-34922EDD9834,,,,,,,ODN0000565149,n,right_only
04F40700-8202-4164-8CA9-3D5DA29FD44D,,,,,,,ODN0000565148,n,right_only
03E8E9DD-0F29-437B-BAEE-CFCF1778DA58,,,,,,,ODN0000638193,n,right_only
DDBBB241-63B8-4740-B342-E59747763B14,,,,,,,ODN0000638194,n,right_only
4ADF92B8-8D9D-479E-A725-289BC4203F68,,,,,,,ODN0000577417,n,right_only
56C1B3E3-65D1-4E07-AE17-76FB7CA5CAF8,,,,,,,ODN0000549907,n,right_only
246E0057-4427-47BA-A858-EC7071CA48FF,,,,,,,ODN0000505114,n,right_only
DBC4E9FE-1418-4599-888E-ADCDDE1C3DA7,,,,,,,ODN0000549936,n,right_only
EC08A4A9-78CF-43BD-AC75-5F37285BEBDB,,,,,,,ODN0000569917,n,right_only
63E7AB63-4260-4277-81B5-E1E6C9196017,,,,,,,ODN0000549950,n,right_only
CCBC9467-2EB9-4006-A1A4-ACA8C2166370,,,,,,,ODN0005649692,n,right_only
6B03D3BA-CB73-4D40-8F97-1AB223A23AE3,,,,,,,ODN0000090608,n,right_only
56FF2B2A-A877-428E-A764-941C9840077B,,,,,,,ODN0001013056,n,right_only
BD881BD4-A8A7-47C4-8F07-99EB251A2D5D,,,,,,,ODN0003117513,n,right_only
AC7F7BAB-FB41-4C1B-8342-852CA2D05309,,,,,,,ODN0000061368,n,right_only
77B2FE22-24CA-4E93-873D-E37F277B11AE,,,,,,,ODN0000129839,n,right_only
DD9A5066-26CE-48AE-B086-324DC3AB8709,,,,,,,ODN0000119100,n,right_only
EC71177E-A6C6-464E-826E-E80CB8C9F89D,,,,,,,ODN0000061360,n,right_only
E1404F45-E4CC-4DC6-B64B-D66EA18B7B77,,,,,,,ODN0000063727,n,right_only
AD06B789-A6FA-4133-8747-F78903813A99,,,,,,,ODN0000063315,n,right_only
2C032990-A806-436B-8BEB-74F0D2CA154A,,,,,,,ODN0000066634,n,right_only
6E6D9C43-A99C-46F5-A8DD-2AA06C5D1111,,,,,,,ODN0000074581,n,right_only
E1804372-7F92-4B32-8151-DC9DB0E0ADE7,,,,,,,ODN0000066640,n,right_only
C7EA6F0D-1A9C-408B-A570-268BB56DC3C6,,,,,,,ODN0000076816,n,right_only
73BC38C7-15D6-4D16-94A5-FED2C9557F29,,,,,,,ODN0000076817,n,right_only
B7D17372-C2EE-45C4-B6E0-6F428661DF6F,,,,,,,ODN0000061415,n,right_only
0E003AD2-6C27-488F-A88D-A3AAD578DE6D,,,,,,,ODN0000061417,n,right_only
45DC6EB7-395D-4814-9D1D-4FEE362DDEC7,,,,,,,ODN0000076824,n,right_only
D19AF5AE-EB52-4397-AFA8-F8B86D265779,,,,,,,ODN0000066647,n,right_only
46D1AA64-6036-4685-9FDA-21DD20ED2945,,,,,,,ODN0000074231,n,right_only
274B7AD1-20C5-4C58-AB2B-C338D7601C96,,,,,,,ODN0000066648,n,right_only
A0ABB24D-AF9F-4D75-9642-B1DE6AF25782,,,,,,,ODN0000063299,n,right_only
B58B0B0C-52B6-49C5-A193-9C9755E6EB7A,,,,,,,ODN0000061443,n,right_only
5B3A342C-C2BD-4CF6-A83B-2AE06DA796C4,,,,,,,ODN0000066656,n,right_only
A16B2B65-5630-45A8-91CF-96E80773C24C,,,,,,,ODN0000061492,n,right_only
A2D8D0EA-38D5-434E-994C-036393218ACD,,,,,,,ODN0000155769,n,right_only
B958590D-9F12-461B-960C-1FAF58DD611E,,,,,,,ODN0000061451,n,right_only
40248A8E-55CD-4E16-A40E-E97A305E7976,,,,,,,ODN0000074602,n,right_only
8B14CD95-8D60-4539-995A-3C296154E601,,,,,,,ODN0000066663,n,right_only
6E4AFF2A-E42B-48BF-AC39-C0041E615B38,,,,,,,ODN0000063721,n,right_only
6BA10F4F-E9C7-4354-A1BD-BC6D019461AD,,,,,,,ODN0000063273,n,right_only
AAC6188E-1443-4923-AE0F-C2D2F0AE7E82,,,,,,,ODN0000074234,n,right_only
DFC32839-E186-4755-A0CA-87AED89DC632,,,,,,,ODN0000061458,n,right_only
F72E3CF4-9160-4543-BD81-03A3B2734543,,,,,,,ODN0000066670,n,right_only
088954D9-FCAA-4CA1-B0A8-B277F5F0A7E8,,,,,,,ODN0000063292,n,right_only
11AD14B4-DCDE-4650-83BC-0CE28056FD6D,,,,,,,ODN0000074612,n,right_only
CC0F9D93-3C43-4204-AAEB-55F591FFA7CE,,,,,,,ODN0000061995,n,right_only
E026A9F8-3B5C-46FF-8DC4-8307F876A975,,,,,,,ODN0000068984,n,right_only
FE3A4935-2D64-467F-8A29-4FA7573CE21E,,,,,,,ODN0000076877,n,right_only
12046199-87E5-4294-A39B-7EFD846434E6,,,,,,,ODN0000071120,n,right_only
356C1C31-ECE8-431B-B8F7-C4C9F162C89E,,,,,,,ODN0000076882,n,right_only
2290CF7B-F74F-4989-B921-A84A0E54D5FC,,,,,,,ODN0000063306,n,right_only
140684E1-8932-40F1-84A5-D0F3034D08BA,,,,,,,ODN0000076885,n,right_only
28F64087-652B-4CF7-9EFB-097B197D4BE2,,,,,,,ODN0000062188,n,right_only
3ECBEC3A-8E0D-4585-8233-426FDBCA9F0D,,,,,,,ODN0000076893,n,right_only
8FE17EBC-44D7-4267-8B84-CADE80AC2E51,,,,,,,ODN0000061516,n,right_only
B6EBE839-952F-48D5-BB21-E304DAB1BB08,,,,,,,ODN0000061517,n,right_only
58F0D315-2893-4B99-8A73-691CA93155CA,,,,,,,ODN0000076902,n,right_only
7084AC30-6BE6-4DEE-95AB-7917455CCEA5,,,,,,,ODN0000114770,n,right_only
29D73805-22EA-4727-A8BF-63CC438160B1,,,,,,,ODN0000077174,n,right_only
930F9C3D-1C76-4C2A-B5A2-00F4D8336596,,,,,,,ODN0000071105,n,right_only
5A9AC02C-8D45-4DFB-83BD-DDD3834A33CB,,,,,,,ODN0002055909,n,right_only
B176A2F9-2C00-4177-A2C6-58107DFF8ACE,,,,,,,ODN0000061367,n,right_only
71A401BF-4DEB-476A-9FB8-537B23E47910,,,,,,,ODN0000072785,n,right_only
C35A7F6A-2477-4BD1-A935-21AC905CBB08,,,,,,,ODN0000066473,n,right_only
CFF34312-FE40-4EC8-A855-2B641A4EB8A8,,,,,,,ODN0000119273,n,right_only
BF3A7129-1328-484F-9CCF-BAE152C76569,,,,,,,ODN0000063270,n,right_only
D9B8C360-953F-4BF1-8ABF-BC013C4A35D7,,,,,,,ODN0000167183,n,right_only
1368776F-207D-41C6-9228-7F30D933A337,,,,,,,ODN0000468415,n,right_only
0FB0DCFE-1D2E-4046-8D2E-3F6F86AC5396,,,,,,,ODN0000061373,n,right_only
2BA0AD9E-CAFD-4F2D-997C-522BDC9D4707,,,,,,,ODN0000494713,n,right_only
EC7F9D67-738B-4A39-AC00-0362A1C4D73C,,,,,,,ODN0000152753,n,right_only
B66D5CEE-A3A5-453F-8064-1EE0A577343B,,,,,,,ODN0000214544,n,right_only
DBECA9C3-826A-499C-AE65-3EF4F64B3BC7,,,,,,,ODN0000061381,n,right_only
5DD499A8-411B-4422-862C-4FCF4ACDA379,,,,,,,ODN0000162608,n,right_only
5596381C-3AD5-4A13-817F-1104BA432746,,,,,,,ODN0000063724,n,right_only
A40593D8-017C-4C9C-8285-6E317C87ECC5,,,,,,,ODN0000163456,n,right_only
BB6CF05D-C06E-499D-9791-ECB905DBA32D,,,,,,,ODN0000109695,n,right_only
A0FC7C79-266A-4E27-8A75-D327227D0FBA,,,,,,,ODN0000086223,n,right_only
BC3B7F22-E154-43D9-A8A6-2F4ABE007F23,,,,,,,ODN0000504916,n,right_only
FC32298B-55CC-42D3-85E3-AE1A6D1D4B3B,,,,,,,ODN0000096943,n,right_only
065B0A05-1873-4EC5-8EB2-5F251D6FB91E,,,,,,,ODN0000096945,n,right_only
14CBF950-3865-46C4-9331-D4B4A0C5A0FC,,,,,,,ODN0002012395,n,right_only
78C0F00D-6B0E-4BCF-8A92-B10E9FC884C7,,,,,,,ODN0000061386,n,right_only
F5816D9D-4EFB-4493-88B3-DEDDC7B706DC,,,,,,,ODN0000076803,n,right_only
A09826F8-E530-4D8F-BCDA-16547118B692,,,,,,,ODN0000076804,n,right_only
A8C412D1-F7CA-433E-B036-22B5090ECA8E,,,,,,,ODN0000074577,n,right_only
626DAC09-583B-4A86-9609-780298781F4C,,,,,,,ODN0000076805,n,right_only
5677886C-8465-4535-889E-AF48ABF92E1B,,,,,,,ODN0000096952,n,right_only
4EE7DE02-A078-4F10-A728-F7EB5CE9952C,,,,,,,ODN0000061389,n,right_only
79792AAF-9C1D-4C63-A25A-2934946905D2,,,,,,,ODN0000090620,n,right_only
7AFD0BAD-F0FE-41FB-92AB-F529740B76D0,,,,,,,ODN0001186552,n,right_only
EE1C4BA5-97B3-4D29-94DA-D59FA1820724,,,,,,,ODN0000096953,n,right_only
7CB1BA4B-5D0A-4192-B8CA-97A124EEDD1B,,,,,,,ODN0000090611,n,right_only
6823A511-79F3-4FAB-A2BE-31E2DD9B1E88,,,,,,,ODN0000132539,n,right_only
BD4C9406-B33F-4587-8F91-CAB1DB94E73E,,,,,,,ODN0000074222,n,right_only
73BE8CBA-7EA2-43A0-BCB7-884443B7DAFB,,,,,,,ODN0000061476,n,right_only
7EB80D1F-49B6-4ADF-B4A8-92482CA872FC,,,,,,,ODN0000074576,n,right_only
56D4962B-17F4-4F2E-B9F8-EA5007353052,,,,,,,ODN0000121024,n,right_only
C809C069-4114-4EAB-A500-3F20619A202A,,,,,,,ODN0000076806,n,right_only
5CA51FF8-5274-49AF-B6D3-ED4B86ED3241,,,,,,,ODN0001994594,n,right_only
B63D0B15-7E93-4B31-B2AD-ADCDA71A769B,,,,,,,ODN0000166767,n,right_only
6BF486A0-9EE1-43CA-91F4-1A8FBBDEE532,,,,,,,ODN0001982295,n,right_only
99106875-CE6F-4D3F-A5F6-BED3074A5EA2,,,,,,,ODN0002056029,n,right_only
0A8341DB-AA97-48A4-B564-A3188102D85C,,,,,,,ODN0000076807,n,right_only
5579547B-A2CD-41A8-B41D-53437C79CDF3,,,,,,,ODN0000061391,n,right_only
E56D3BD2-532B-444A-9E27-A91AAD68AE4F,,,,,,,ODN0000141775,n,right_only
B64A1281-A301-4D8B-8552-55D97BCC2336,,,,,,,ODN0002381581,n,right_only
D1421B71-EDB5-455E-ADDC-374D93792660,,,,,,,ODN0000063280,n,right_only
0FA55925-5398-4683-8B9A-2D4398F9F28F,,,,,,,ODN0000154506,n,right_only
3BBC0CE8-F67E-4F6A-8E8D-1139497A049A,,,,,,,ODN0000133046,n,right_only
9C1E5131-D8BE-458B-BEA8-8B5BA706B6AF,,,,,,,ODN0000658966,n,right_only
5EA45FD7-6763-460D-8DB6-4155CBB4114F,,,,,,,ODN0000077371,n,right_only
C51E4B6A-F0DD-41E1-9ED2-DF050F6553C4,,,,,,,ODN0000074223,n,right_only
08098110-D00E-454C-A9C0-50983E8E7095,,,,,,,ODN0000062022,n,right_only
79CEA9D1-F8EC-4EB1-B1CB-F59275C08A43,,,,,,,ODN0000118633,n,right_only
E4E7EA7B-1A9F-4F86-9216-F8691C9B3826,,,,,,,ODN0002015573,n,right_only
C5B74A05-4A53-4895-98D7-C59D37822AA8,,,,,,,ODN0000076809,n,right_only
0D1BDFB0-DAA6-45B2-B54D-ED4EB3B185B8,,,,,,,ODN0000063729,n,right_only
364033C8-E635-4110-A15F-2B6752F855C0,,,,,,,ODN0000074224,n,right_only
F3348113-5020-4862-B62A-599806D11E05,,,,,,,ODN0000063317,n,right_only
5312EAC8-3858-4D18-8470-C729680000A4,,,,,,,ODN0000069170,n,right_only
15706BAF-2A42-4391-9BB4-45174BAA9449,,,,,,,ODN0000239269,n,right_only
8EEABE96-D47F-47FF-AE96-BEBEC03D4141,,,,,,,ODN0000076812,n,right_only
E33986A3-DA4C-4ED9-B355-E3BD0523E816,,,,,,,ODN0000074578,n,right_only
B286D442-96F1-4B90-AA23-4AC0C5E746DD,,,,,,,ODN0001192287,n,right_only
AE1A3BA5-E195-4794-B1A1-53ECA42E998A,,,,,,,ODN0000160830,n,right_only
BB3A5797-FEA0-4D88-873E-1A5E0F8AC254,,,,,,,ODN0000074580,n,right_only
80638D16-AB07-48F1-B8F3-9A163E04FE9B,,,,,,,ODN0000074582,n,right_only
CF2CB907-0FCA-49E4-8FAC-C4C72A33879E,,,,,,,ODN0000061400,n,right_only
CB8C4D0C-44CF-4696-A9E9-7A9E01275FE2,,,,,,,ODN0000065580,n,right_only
D0705A52-A540-4262-AE33-C634A03AE295,,,,,,,ODN0002056030,n,right_only
336908B8-F971-4BF4-8819-AD0291DAFC9B,,,,,,,ODN0000145202,n,right_only
E6524CCC-676C-4F25-9351-7F0774C48A84,,,,,,,ODN0000119288,n,right_only
DA9514C5-752A-4C0F-8007-70BCFBFBAC3C,,,,,,,ODN0000119277,n,right_only
23E2F209-C62F-4ABB-B8E7-70C0D17FBB06,,,,,,,ODN0000096969,n,right_only
67CD8A1C-518F-4C2F-86F8-1159E9948526,,,,,,,ODN0000171045,n,right_only
B897AEC7-107D-4761-A412-91F3C45B757E,,,,,,,ODN0000265554,n,right_only
D333CB05-324F-47B7-8B2E-3F257864D79C,,,,,,,ODN0000249900,n,right_only
2AFAC3D0-9EE7-4999-AB23-616057E4B400,,,,,,,ODN0000309649,n,right_only
68ABF279-1A6E-404F-B5B3-9BF6B7FE0D74,,,,,,,ODN0000063732,n,right_only
CBB0417D-C8C4-45F3-9951-88707108C7E5,,,,,,,ODN0000071109,n,right_only
86FE0098-5E60-42B7-A03E-0B5D5EB9934C,,,,,,,ODN0000061405,n,right_only
A8186B41-4F6C-4021-B32C-47663ED210B9,,,,,,,ODN0000061408,n,right_only
3D550A6B-0E7A-4977-8762-5EFE8B277F5E,,,,,,,ODN0000063320,n,right_only
BA5585DD-B8DD-4682-844E-8743242BD611,,,,,,,ODN0000096972,n,right_only
F2A20820-4F82-4B36-BF56-3749567F06B6,,,,,,,ODN0000076818,n,right_only
338E6871-7AA2-4125-BDD7-75E821E0E6AC,,,,,,,ODN0001241823,n,right_only
5424A034-F702-4907-B56A-427D03157594,,,,,,,ODN0000528054,n,right_only
491EB54D-F8F7-46FF-8E57-957194196D06,,,,,,,ODN0000096973,n,right_only
5E800ECF-281F-4DD6-BABB-FA11085D370F,,,,,,,ODN0000074584,n,right_only
839449E2-F524-4847-8F13-FAA19819DD41,,,,,,,ODN0000061485,n,right_only
81A7524D-0B57-4911-8E28-CBA71A8F9D61,,,,,,,ODN0000278096,n,right_only
DE41029E-7754-4867-A490-F4D95EB4ED68,,,,,,,ODN0000162609,n,right_only
91EA44F7-9B9E-422E-A69C-FBDB6A42E963,,,,,,,ODN0000123400,n,right_only
8D576A83-67D9-475E-B50F-CB0903A0260F,,,,,,,ODN0000118640,n,right_only
B3D223B1-626A-4994-A53E-EF1D4A8D31DA,,,,,,,ODN0000063733,n,right_only
E3CC95E6-AA82-4940-A77E-6060D8268104,,,,,,,ODN0000096975,n,right_only
F96B2105-14D2-46A0-8BF0-48D41F06FFAB,,,,,,,ODN0000061362,n,right_only
CAAE9759-4C2E-4623-A82D-1D6DDAD465E8,,,,,,,ODN0000256874,n,right_only
1801BE8D-70E1-41D3-A6C6-99EC03659CD8,,,,,,,ODN0002056162,n,right_only
2EF666CF-7AD9-467A-B356-C6499FBEC70B,,,,,,,ODN0000159606,n,right_only
34BE6837-27C4-4BB7-8432-BD57327A031A,,,,,,,ODN0000072892,n,right_only
E6724A8E-E2F8-4A71-A9F7-68FBB5108CDB,,,,,,,ODN0000094701,n,right_only
D403A6B1-B671-4E1A-941F-C8AECFCC07DB,,,,,,,ODN0000278099,n,right_only
D5403620-C1A5-4B63-9FCD-8604ADF57D2D,,,,,,,ODN0000081663,n,right_only
B5239E73-C647-4275-A057-28F492E592CA,,,,,,,ODN0002056180,n,right_only
32C84A6C-8C3A-43EB-A086-08FB497F453B,,,,,,,ODN0001313981,n,right_only
3B43B545-6A2A-4EF2-A534-E4AA17196536,,,,,,,ODN0000063272,n,right_only
1867D80D-09ED-44AC-B958-AFAAAF3C50A8,,,,,,,ODN0001210527,n,right_only
45C9ACFE-5BDE-4D2F-91DB-C0C2FD0F43A1,,,,,,,ODN0000063754,n,right_only
20A8DC8A-38FB-4B35-9B97-0910371E2852,,,,,,,ODN0000149885,n,right_only
177F26D2-0A22-46E0-8A22-9ED5A4155A93,,,,,,,ODN0000871341,n,right_only
F841050F-2C5F-4D6F-BA08-F1750724BFB5,,,,,,,ODN0000096982,n,right_only
3A794E79-5A6D-4365-B961-5DDFF866F1B9,,,,,,,ODN0000096983,n,right_only
8B9C3010-D368-4411-A461-9C87F4728BF1,,,,,,,ODN0000470164,n,right_only
3B1BF3D4-0C4E-4E26-B5DC-F6434565F53E,,,,,,,ODN0000063735,n,right_only
94A2C808-A8A5-4186-85D0-6EB43B5E985E,,,,,,,ODN0000090622,n,right_only
417066AE-ABAB-40A7-8E8B-1A98ED4BF80A,,,,,,,ODN0001182142,n,right_only
FC13FF84-B6D4-4BD8-80F6-8C6582265057,,,,,,,ODN0000087009,n,right_only
939B3E94-C02F-4738-A4CC-74D3DB9E5E38,,,,,,,ODN0000063287,n,right_only
D402966A-D3C1-418A-B9F4-448743074443,,,,,,,ODN0000796168,n,right_only
C288825A-41A8-4017-BF3B-67739C9D59AA,,,,,,,ODN0000150277,n,right_only
C8166E64-3725-4BE3-935A-87ADDFB41EF0,,,,,,,ODN0000155771,n,right_only
7A842D63-35AB-4665-82A9-817F54A4D844,,,,,,,ODN0000085313,n,right_only
7FFD4A73-B5DD-42D8-820B-826AF1E5AED5,,,,,,,ODN0000124143,n,right_only
AF5243C7-C988-4966-898D-F3B8669858A7,,,,,,,ODN0001276934,n,right_only
A841BA1F-BB91-41EF-B905-FF7E715A0CBE,,,,,,,ODN0000062155,n,right_only
EF58E1C8-B9B6-4359-A9EF-20AE6B560F65,,,,,,,ODN0000253524,n,right_only
62034410-FD4B-4A72-A9D1-F3565793C423,,,,,,,ODN0000063290,n,right_only
DF000B9D-ADE1-42F0-ACF6-8079D23AB9B0,,,,,,,ODN0000175575,n,right_only
8A13455D-97DE-42D2-8194-EA5296500A30,,,,,,,ODN0002015579,n,right_only
BC2B299F-22ED-4427-84E3-DCA77F1BCC10,,,,,,,ODN0000163460,n,right_only
548FFB18-0006-4827-9DAC-C6B377258E4A,,,,,,,ODN0000074227,n,right_only
6AE14B7B-E77C-48BF-8923-2EA879F11E56,,,,,,,ODN0000151509,n,right_only
CEDD161E-E1C3-4063-929A-5563E815E018,,,,,,,ODN0000063737,n,right_only
E61926A7-065D-4A11-96C5-B438FDA1564A,,,,,,,ODN0000061489,n,right_only
E7D45B8D-C654-4631-9FA4-79885FC62CBD,,,,,,,ODN0000061424,n,right_only
CBEDE198-2026-4426-9CEA-527F1DAB6957,,,,,,,ODN0000113612,n,right_only
40BD8670-E084-46A5-966B-E71FAF3E8A77,,,,,,,ODN0000096987,n,right_only
6D355BBD-7D7E-4840-85CD-F1ED2169BBFE,,,,,,,ODN0000063740,n,right_only
384D173B-7026-4147-B74F-3370CCE83F51,,,,,,,ODN0000069171,n,right_only
359BF04A-2067-40D3-9F38-915423D39F3D,,,,,,,ODN0000083194,n,right_only
358452EE-18F5-401F-8322-507895869A52,,,,,,,ODN0000074587,n,right_only
722E143A-1BB5-42F5-9EDE-AC4BE35C0178,,,,,,,ODN0000163463,n,right_only
98F4295A-49EA-42DE-B3D5-31A1E56299D0,,,,,,,ODN0001013037,n,right_only
F5E8C828-1BA9-42FE-BEE3-F11EC63AC542,,,,,,,ODN0001088774,n,right_only
D837E1B2-59F9-43E9-BDA4-7E8F8E5DDF32,,,,,,,ODN0000063741,n,right_only
DD74F8CF-FE6E-4B79-B538-B6098F0EDFA7,,,,,,,ODN0001580299,n,right_only
6FAE2A85-885A-4FA6-B181-8DAA6FB4E4D6,,,,,,,ODN0000646563,n,right_only
60F2F779-E400-4769-9791-B2EF2AFD150B,,,,,,,ODN0000061432,n,right_only
9680944C-F5AA-4FE4-91BD-394971E21E15,,,,,,,ODN0000158084,n,right_only
78F3AD38-9524-4289-8325-A4A3CF921A7A,,,,,,,ODN0000097000,n,right_only
C58AA440-B83E-4DB6-92DB-5E604C8D1A70,,,,,,,ODN0000076832,n,right_only
890D8808-046B-4DF8-9C38-D86242C46BF8,,,,,,,ODN0001982302,n,right_only
6134DA4D-9A64-48D3-AD65-8E7558194C40,,,,,,,ODN0001061027,n,right_only
ACC3832A-9302-4ECD-8A4D-8FFDCDCDD267,,,,,,,ODN0000061374,n,right_only
A9976306-2E79-455B-9C3A-4309537FEB62,,,,,,,ODN0000077373,n,right_only
09923AE5-C412-492F-AFB4-E532EA8FF849,,,,,,,ODN0000066650,n,right_only
BA6CA19F-395B-4455-B05E-5233C162676C,,,,,,,ODN0000063294,n,right_only
8FD48563-0F0D-4E63-85B3-FFEA3B8234FA,,,,,,,ODN0002059151,n,right_only
BD6F412D-E6AE-462B-91DB-F97F0676ECFE,,,,,,,ODN0000850052,n,right_only
A22F8CFA-51A3-48D6-BEED-219BEC244911,,,,,,,ODN0000074590,n,right_only
8E5DD722-7366-406C-BF22-F28CA4A4CC4B,,,,,,,ODN0000061434,n,right_only
131BCE05-A585-4BAB-9635-DADBE8C52F51,,,,,,,ODN0000061435,n,right_only
AF575DC0-93E3-4178-BAC4-57F70195BF7B,,,,,,,ODN0000316974,n,right_only
137CAD42-A548-4E41-8C35-3619A48C50D9,,,,,,,ODN0000061437,n,right_only
D80763AA-CA4F-42BD-85DA-EB0E65552533,,,,,,,ODN0000061491,n,right_only
9142B603-E76D-4867-BDE6-7851C6BDF837,,,,,,,ODN0001628347,n,right_only
2A818F83-4933-43D5-A506-78508A73CFA2,,,,,,,ODN0000106174,n,right_only
E1060A26-6E92-428C-990F-0DCE5D0A446B,,,,,,,ODN0000106175,n,right_only
D849947B-D8E7-4E67-A60F-8B02BE03C430,,,,,,,ODN0000150270,n,right_only
B3980469-9F1C-4F9A-A3EB-09E150CF4DFC,,,,,,,ODN0000063744,n,right_only
7D8187B4-9B62-4A4B-83BE-247105936A40,,,,,,,ODN0001258775,n,right_only
7D978D83-93E7-4F5C-AFCA-D51E69E39FCA,,,,,,,ODN0000068981,n,right_only
BA204581-7641-492B-9D20-720D340B9140,,,,,,,ODN0000217508,n,right_only
9AF3607B-A40A-4B7D-8BD9-2A834BF437CF,,,,,,,ODN0000201727,n,right_only
03AD8BD7-BC50-45D6-B54D-942D119187F3,,,,,,,ODN0000074232,n,right_only
7C3223E8-5451-43AC-A8F6-8156E13CC481,,,,,,,ODN0000221685,n,right_only
E38328C5-A8F6-4185-ACCA-DFC84A8D9DFF,,,,,,,ODN0000074591,n,right_only
40683654-871E-49CA-A434-159C3F13C1FB,,,,,,,ODN0000090626,n,right_only
B0535606-5404-4946-8B4B-C64A829AB90E,,,,,,,ODN0000076842,n,right_only
B89C4B96-EFE2-44BE-AA29-9E3B9602F096,,,,,,,ODN0000154847,n,right_only
6082EF1A-1C2E-4A13-A1BB-DD54C8C11A39,,,,,,,ODN0000081668,n,right_only
D0F82524-64DA-46D9-AB96-C239AC616786,,,,,,,ODN0000121110,n,right_only
5F5F2E36-66DA-4559-AC73-365013704BCC,,,,,,,ODN0000065584,n,right_only
B4CCF6DF-E779-43EC-9EDF-2873AB7F8A37,,,,,,,ODN0000074593,n,right_only
8FE5CDE0-E992-44AB-8504-6268D1CF493F,,,,,,,ODN0000109766,n,right_only
16FD3EAA-5017-4DEE-BC8C-91019F31B76B,,,,,,,ODN0000614755,n,right_only
18C2702C-95F2-4768-9245-7575DA580693,,,,,,,ODN0000119270,n,right_only
17BDF5A8-3F7B-4FE6-BA82-300D1DCB7353,,,,,,,ODN0000149857,n,right_only
C39993C7-1FCB-4996-8F53-A4DCF8981817,,,,,,,ODN0000077372,n,right_only
453AE8BC-6971-4B47-9D6E-B71EDDF80D07,,,,,,,ODN0000076843,n,right_only
15A55438-3790-421F-86E8-846B1951879F,,,,,,,ODN0000214545,n,right_only
C5D4D353-3933-4ECD-B2EC-1DAE3D8882D7,,,,,,,ODN0000097013,n,right_only
8FD70C99-C2BF-4594-8578-40B9CB1FED95,,,,,,,ODN0000266302,n,right_only
9F919388-FE68-40F7-9BD5-5E4BE2C8054B,,,,,,,ODN0000228003,n,right_only
09426BFF-63CE-4173-9B9E-DB43805AA945,,,,,,,ODN0000090627,n,right_only
C47B121B-6B36-4CC3-8843-0475083E8311,,,,,,,ODN0002425052,n,right_only
D7A6A352-C6F1-4562-AFB1-009B3917629D,,,,,,,ODN0000097262,n,right_only
34C7C4BE-F7A2-47B0-8D37-67D2DE96A518,,,,,,,ODN0001982325,n,right_only
62BD2AB7-73FC-4B86-BA2E-8A5721965C5F,,,,,,,ODN0000145196,n,right_only
0D3C2844-6C56-46AF-B823-ABEE7D3922B2,,,,,,,ODN0000061445,n,right_only
BD53BB30-761D-4694-856F-867CA1A9FD9E,,,,,,,ODN0000062163,n,right_only
C71A821A-C63A-4487-87E1-326A52EB7947,,,,,,,ODN0000074595,n,right_only
B3760482-F0F9-41B6-B0E0-1E9487B61AFE,,,,,,,ODN0000106211,n,right_only
E3733FF8-78BF-4762-B8A4-42C4F7CD44D6,,,,,,,ODN0000113617,n,right_only
6257BF00-58D2-499D-A7D9-A459AEE79055,,,,,,,ODN0000061493,n,right_only
20E9C6E8-4D7C-4C2E-9677-58EECB747EF6,,,,,,,ODN0000161783,n,right_only
6E249B92-D779-414C-96A6-D89D0F495A89,,,,,,,ODN0000188585,n,right_only
BAFCBADF-B77A-43D2-A1C6-D1BC697A8C64,,,,,,,ODN0000062164,n,right_only
E833A847-9917-4A97-9D3F-60BFA4C237B0,,,,,,,ODN0000061495,n,right_only
F37C80E4-A8A2-4B68-8B33-2A4E50335FDB,,,,,,,ODN0000074233,n,right_only
22ED6C01-B8CB-44AC-AB2F-9B6CC075E00A,,,,,,,ODN0000062165,n,right_only
71C49A09-97DE-4E35-82CE-41EDD3366C6A,,,,,,,ODN0000069177,n,right_only
3988BAFD-C18F-4D6A-8D81-460AF41BCABC,,,,,,,ODN0000074598,n,right_only
EC4F43FD-2B6C-4085-ADA3-94CF8535E680,,,,,,,ODN0000069494,n,right_only
F89D4FFF-BCCA-4402-8E04-3AAA377F50C0,,,,,,,ODN0000113620,n,right_only
D401EEF0-8EFB-4B88-AC6C-77B66DC4AEDB,,,,,,,ODN0002056969,n,right_only
26476A96-FD1D-45F6-A057-B1660092FB3A,,,,,,,ODN0000076854,n,right_only
E7C5916E-CED9-49D5-BF17-A88A42096EED,,,,,,,ODN0000074600,n,right_only
0354759C-3AE3-40DA-B67B-60A57F6795D9,,,,,,,ODN0001240843,n,right_only
9BD7C078-FCE5-472D-BBCE-344A492EC176,,,,,,,ODN0000106221,n,right_only
587892DE-2A3C-43A7-80CD-7D48554DE221,,,,,,,ODN0000241261,n,right_only
092B6975-D164-40FF-B692-1B4F9D57FE4E,,,,,,,ODN0000097020,n,right_only
C9D340F3-94A0-44F0-9DDF-0408FC354158,,,,,,,ODN0000063749,n,right_only
4A91E6CA-B624-4991-AB0B-7F7E0C71A259,,,,,,,ODN0000850058,n,right_only
CDA4632C-0593-46E7-94A4-1E4C4451DA09,,,,,,,ODN0000076855,n,right_only
215C2E30-C69C-4ED9-A584-A2DDDA5DD95F,,,,,,,ODN0000178153,n,right_only
79D1F4DA-E27E-4C0B-8578-9C4008F9E7A6,,,,,,,ODN0000097233,n,right_only
F6709C4C-5F94-4231-B4AB-93D0FF7701C1,,,,,,,ODN0000074604,n,right_only
23BC16D3-5178-4A2E-B75C-CC9612B33117,,,,,,,ODN0000061455,n,right_only
DA9F9F53-8B97-4952-AE9C-0A321CCF0305,,,,,,,ODN0000162611,n,right_only
7B302DFF-CF62-4195-B646-863AF0B13C3D,,,,,,,ODN0000156677,n,right_only
CB1A7187-76A3-440C-930E-71EB042393B3,,,,,,,ODN0000241262,n,right_only
325D2E06-224F-4566-9620-3D621A47FD0B,,,,,,,ODN0000350590,n,right_only
FB1C6199-C7E8-48B7-9401-88E15F9E1C0A,,,,,,,ODN0000071117,n,right_only
8B0D9217-7CFC-4662-8CB0-22AC6AE083C3,,,,,,,ODN0000063750,n,right_only
17329688-CB8D-496F-B9F3-A5376AC015F5,,,,,,,ODN0000071118,n,right_only
2F88FCAE-D32E-464E-8F9B-25F22634B293,,,,,,,ODN0000180420,n,right_only
442739A1-90F5-4BE9-B2D4-F9B79028BE6E,,,,,,,ODN0000069495,n,right_only
2CEFDBC8-4354-449F-B2D7-DBA5B9E123BD,,,,,,,ODN0002056973,n,right_only
3F84F72E-C6AF-4D38-B72A-4E55CDAECC22,,,,,,,ODN0000284329,n,right_only
8F89466F-4F89-4386-B91D-2F14D33750C2,,,,,,,ODN0000097027,n,right_only
4305CCB7-E8D4-49D9-993F-8152853E7E1D,,,,,,,ODN0000122363,n,right_only
72E4C11D-7F73-4AC8-A572-2CD604A4BFDB,,,,,,,ODN0000061966,n,right_only
89BE443E-D5BA-472E-A364-98A3083B4F01,,,,,,,ODN0000063757,n,right_only
1E789789-E328-46F7-AED4-532E5C017F49,,,,,,,ODN0001982310,n,right_only
8E1CF800-A492-4691-9ADD-077C5BC35A13,,,,,,,ODN0000887760,n,right_only
6817350B-99D3-4A07-A1E1-1CDE2A6A2413,,,,,,,ODN0000076861,n,right_only
9B7E9352-F182-4513-8E8F-BE196E181D87,,,,,,,ODN0000179270,n,right_only
DBBDA462-9999-43DD-8E89-887685D2D0BA,,,,,,,ODN0000553290,n,right_only
693931B6-58D9-4C01-BCC5-CA24B6EAD85A,,,,,,,ODN0000074609,n,right_only
28C0018E-4824-4CE3-A013-652D32F41551,,,,,,,ODN0000074236,n,right_only
FDD3AE79-8B9D-4640-9019-22CC897B35BC,,,,,,,ODN0000221686,n,right_only
0AE7549E-80DF-4561-9733-CA6E21D2A231,,,,,,,ODN0000061969,n,right_only
44509FE3-3261-466A-91A1-CFE9196318BE,,,,,,,ODN0000063304,n,right_only
1C7D38BC-395B-434D-A8CD-3FA85984A4C2,,,,,,,ODN0000061497,n,right_only
E05318DF-83D8-45DA-8466-D752EDDEA895,,,,,,,ODN0000109784,n,right_only
44A6B82A-9B87-46AC-8CF3-D4290E6BC9D2,,,,,,,ODN0000069498,n,right_only
F189547B-659B-49BF-9BD6-848768F425FE,,,,,,,ODN0000061975,n,right_only
DC844D97-E8E0-403F-B5D3-82402DCBEBF3,,,,,,,ODN0000086229,n,right_only
3EBAE119-059A-41A0-B3E4-C37702C831DC,,,,,,,ODN0000118638,n,right_only
A0B35677-1D3E-426C-B9D2-46A44CE8256F,,,,,,,ODN0000063758,n,right_only
C7D440D4-9610-4C22-A866-FA17AA22EBDC,,,,,,,ODN0001240858,n,right_only
0F164AFB-F5BF-46FF-B76B-154A184AA94C,,,,,,,ODN0000716357,n,right_only
C14E901A-13C7-4F88-9BDF-39B7A3224956,,,,,,,ODN0000190607,n,right_only
3D60FEC2-07D8-4E65-84CC-DE53A5D1F8B1,,,,,,,ODN0000123149,n,right_only
97A422AF-7B1A-4FCB-9026-E7BAC9CF940F,,,,,,,ODN0000066671,n,right_only
4810E7E2-8A1B-473C-9F3A-ED600D6A85CB,,,,,,,ODN0000097036,n,right_only
FCE82189-B3C0-460C-84AB-D3B2BBF61C10,,,,,,,ODN0000072794,n,right_only
BA9BB71F-4426-49CE-A15C-B01F5BD1D28E,,,,,,,ODN0000061500,n,right_only
DB3BFA29-24A2-4067-94A5-7DC7E2E95244,,,,,,,ODN0000097039,n,right_only
103E506A-5C25-4D4D-BE2F-DEEB520B651A,,,,,,,ODN0000061978,n,right_only
E8DBFEBF-B3F2-49D1-A5EB-618E68644D3F,,,,,,,ODN0001258803,n,right_only
50716654-23A2-4153-8BE0-8D40CA74CCC2,,,,,,,ODN0000097242,n,right_only
1927A540-8D00-4113-B0A0-AC816777C5CA,,,,,,,ODN0000061982,n,right_only
147E647A-1EBA-451A-A11F-D2BF009C37C6,,,,,,,ODN0001638137,n,right_only
2FAE3AF2-370F-43A6-B114-BCC10C523913,,,,,,,ODN0002056978,n,right_only
7C1AA8B7-9E05-4411-8297-721C901E717B,,,,,,,ODN0000074239,n,right_only
933A0815-AAD7-4B78-9AC7-2F51DDC04649,,,,,,,ODN0000149871,n,right_only
827DB223-4897-481F-93DB-921084E45F50,,,,,,,ODN0000128249,n,right_only
7274A55B-1172-4500-9AA0-06D11D392CF6,,,,,,,ODN0000069182,n,right_only
BDC6EE32-2C27-4882-8B88-9BD6D88417B8,,,,,,,ODN0000069183,n,right_only
4BCF630E-3E11-4B9F-8AE7-4C191E78C02D,,,,,,,ODN0000074613,n,right_only
01C2EBEB-A31E-42DD-97A0-189683160ADF,,,,,,,ODN0000074614,n,right_only
09EA49E6-8649-4254-94C8-D669A1E34B25,,,,,,,ODN0000074615,n,right_only
FFBB8328-061A-498F-B40D-CC2AA2F507D1,,,,,,,ODN0000065751,n,right_only
C1ED803F-FC4A-4F74-870E-4162397279B9,,,,,,,ODN0000069184,n,right_only
AAAD6F11-F3B2-4DAB-8CD9-F514B5F01E0D,,,,,,,ODN0000074616,n,right_only
52AFD00F-699D-4B15-A0B8-1B1B919F3393,,,,,,,ODN0000195748,n,right_only
B4A8168E-A58E-4FB5-9396-B47A5DFDD391,,,,,,,ODN0002056979,n,right_only
81445A38-34F6-43FB-9A5D-7120D0BB8EE1,,,,,,,ODN0000200684,n,right_only
5762C421-20EC-4B84-81C5-AAD8A0F15ED9,,,,,,,ODN0000061502,n,right_only
BA908D50-2CB1-4847-8AB8-EAEA138B32CA,,,,,,,ODN0000871393,n,right_only
FC1D962E-DCCB-4D4D-AE36-0D2BF65CB944,,,,,,,ODN0000199548,n,right_only
57112476-2A29-4749-BBEB-8C903AE6CBC8,,,,,,,ODN0000066674,n,right_only
E64AF0C4-1E1C-47AE-8D70-E3922A187BB5,,,,,,,ODN0000217512,n,right_only
9CCD3EBF-3E3B-4087-9D4A-8C5E502238FB,,,,,,,ODN0000589333,n,right_only
6E1D770C-1934-421B-A8FD-7891D4F4C77E,,,,,,,ODN0000118432,n,right_only
6F891A54-BD39-4BD2-B89D-5804FC8E2F58,,,,,,,ODN0000142212,n,right_only
BC64360B-9223-4E54-A2E8-DCF5CEE5C5C1,,,,,,,ODN0000062002,n,right_only
7F9499B6-2E9A-4DD1-AF26-9762DA34CCC8,,,,,,,ODN0000351232,n,right_only
9BFFA8AD-0FAC-4884-A674-DA7FFEF9A53E,,,,,,,ODN0000634846,n,right_only
7D5B2C4A-19CD-4144-9353-0B5AC28D581E,,,,,,,ODN0000062006,n,right_only
A39392F3-3A14-423E-82C5-595E02583512,,,,,,,ODN0000149876,n,right_only
41844DA2-77E7-4FC4-8FE3-A687B3D00C15,,,,,,,ODN0000182961,n,right_only
4C29A785-326B-45DF-844C-74EE034CA810,,,,,,,ODN0000076880,n,right_only
8A3E2542-3567-4C99-8169-89295B91762D,,,,,,,ODN0000145931,n,right_only
8771E81F-FB1E-43E3-BBD5-37882B32A90F,,,,,,,ODN0000061366,n,right_only
E0081A86-B5A3-4F4A-B474-BFD3114E5CF2,,,,,,,ODN0000062011,n,right_only
8F843E18-4BB6-4830-A2FF-44B35CC9F183,,,,,,,ODN0000074620,n,right_only
33FCE0BD-A2BF-4B13-A60A-761EEE153049,,,,,,,ODN0000201726,n,right_only
1742B54D-F6CA-4AE1-A269-6BC19A026AEA,,,,,,,ODN0000871400,n,right_only
A2DE3096-A990-4CE3-B193-27F3E1684C2B,,,,,,,ODN0000063307,n,right_only
08D36A9A-1ACF-429E-BE57-FAD7BD7A1DAB,,,,,,,ODN0000074621,n,right_only
3A369075-24D2-49FC-BBE8-DA6DF1F9DB48,,,,,,,ODN0000134327,n,right_only
E9B072EF-23E5-44CC-9447-923F13E774A4,,,,,,,ODN0001060998,n,right_only
28B5375B-7E1B-4AB3-AB80-6FED9A6A6699,,,,,,,ODN0001628368,n,right_only
5C20ED66-5B7D-4FC3-93E3-4CE7983A46AB,,,,,,,ODN0000207778,n,right_only
ABA5D2CA-AF9F-447B-A8B2-1C737A685F18,,,,,,,ODN0002061218,n,right_only
D38B33B5-3719-44FD-B0FE-5ACE98691D0D,,,,,,,ODN0001580267,n,right_only
BC07B899-8E65-4DC4-8DBF-2DF2330F7B92,,,,,,,ODN0000148715,n,right_only
EE78EF64-6809-4A2D-ABBE-95956CF505DA,,,,,,,ODN0000589366,n,right_only
D26B92B3-7DA2-4097-B449-F438A9296C14,,,,,,,ODN0000061511,n,right_only
62620AA9-DED8-4488-B8AB-92FB32AEE3F7,,,,,,,ODN0000062183,n,right_only
9F4D422F-AC54-4675-9E86-13B29404E6B7,,,,,,,ODN0000283631,n,right_only
41119402-490E-4490-A9BB-0D4AEE5C6939,,,,,,,ODN0001277091,n,right_only
E0911351-6147-4310-AE52-EEB0FCA1E038,,,,,,,ODN0000062185,n,right_only
138C0BAC-AB89-4F65-A97B-AA97D29AF33C,,,,,,,ODN0000076887,n,right_only
3009A07E-6387-4BE2-BFC3-88A5A7662304,,,,,,,ODN0000076888,n,right_only
23D030EF-38F1-4B9F-8E7F-925133DE1C66,,,,,,,ODN0000076889,n,right_only
F78C3286-B0DF-4103-94F9-53E509E4CFC1,,,,,,,ODN0001277094,n,right_only
9B8FA3B3-68ED-414B-B0CA-260E19AF739D,,,,,,,ODN0000179978,n,right_only
704798B9-45F5-486D-AAEC-B8BBEE875FEC,,,,,,,ODN0000065591,n,right_only
187A6472-7136-4941-AA7A-A0A888770947,,,,,,,ODN0000074622,n,right_only
3331224B-EB03-423C-B3F1-83D1834BC4C9,,,,,,,ODN0000063333,n,right_only
D780F6E1-76C8-4961-8FDC-EC5481CF66BE,,,,,,,ODN0000061513,n,right_only
9636F56D-63D1-4303-840E-7E3D90F222F1,,,,,,,ODN0000309688,n,right_only
94771089-F3F0-480D-8ABE-4C3B184F8916,,,,,,,ODN0000074623,n,right_only
6158F5E3-BDB6-44D3-A8C0-59539D8D3A01,,,,,,,ODN0000065592,n,right_only
AECE7C3A-DCEF-43DF-9FD7-503C58BCABFC,,,,,,,ODN0000061376,n,right_only
6939E2AB-7170-4E4C-9665-39F03E7324B3,,,,,,,ODN0000625288,n,right_only
9752DD7E-26BC-4B5B-8EB1-5BA57FEE1035,,,,,,,ODN0000062176,n,right_only
93045780-C6BE-4ACC-AFDF-0C87499EF179,,,,,,,ODN0002012427,n,right_only
DB03D08B-95DF-4057-AF76-12CC6EDC3AB9,,,,,,,ODN0000063334,n,right_only
0609AF5F-DD69-451D-8FC3-55B529B5425D,,,,,,,ODN0000097086,n,right_only
6048EFDA-B2FE-447C-A5A9-46657DD5866D,,,,,,,ODN0000097088,n,right_only
752F5F8C-516E-40F9-AC4B-18440E4122DE,,,,,,,ODN0000062181,n,right_only
B192455D-C8C6-42E4-8D82-E6DB5657ACE5,,,,,,,ODN0000063335,n,right_only
2E533B5D-AA6B-4161-B3AE-90B22B0E6F8B,,,,,,,ODN0002061596,n,right_only
EBC95F87-E6C6-443B-8F5A-0905768E2FB9,,,,,,,ODN0000114795,n,right_only
1A01AA51-93CC-4AA9-9795-4287DBD351F8,,,,,,,ODN0000984615,n,right_only
D29A1E89-1E41-4841-87C2-2E4B178C0D87,,,,,,,ODN0000123404,n,right_only
4B114340-24D0-47B5-AA81-92583CB3A818,,,,,,,ODN0000201731,n,right_only
055B03F4-AF19-488F-BDD1-60F70C65B05D,,,,,,,ODN0000154511,n,right_only
573E2859-5909-4152-8489-0C21E82F8201,,,,,,,ODN0000066492,n,right_only
E9695FEB-D723-4016-A940-CBC05D5B1494,,,,,,,ODN0000061520,n,right_only
9D72CF1F-76E3-4EA4-9D0D-92AB25889114,,,,,,,ODN0002056022,n,right_only
A07EB3D8-3A8A-4819-AE78-F847A43A50B2,,,,,,,ODN0002061599,n,right_only
7C332B99-3B70-4784-9E0D-83F2DAFE4C5E,,,,,,,ODN0000140647,n,right_only
A81D9205-83CA-44A3-8C07-F412458057D5,,,,,,,ODN0000061521,n,right_only
B31CF462-BFD7-4C63-B031-9453AE726809,,,,,,,ODN0000225105,n,right_only
9DC3E937-A9BF-4BE0-A378-22B256E6EA58,,,,,,,ODN0005558518,n,right_only
34FFDF5C-2472-475E-B12F-AE2275C45160,,,,,,,ODN0000170500,n,right_only
F2606CEE-B37A-4983-ABBF-7E65282F41B1,,,,,,,ODN0000074583,n,right_only
BBFA526F-52F9-4433-BF78-9D98FB5FDB9E,,,,,,,ODN0000150276,n,right_only
A4DE3132-06C2-41D8-8227-09F9F5434440,,,,,,,ODN0003645164,n,right_only
26496032-D069-4A37-AD6F-0BABD75EAF94,,,,,,,ODN0000074586,n,right_only
B999EB7B-B690-4E8F-B03B-012534857240,,,,,,,ODN0000160040,n,right_only
B934AE53-3730-45C3-BA0C-6CF14F0FDF52,,,,,,,ODN0000074589,n,right_only
7175F34E-EA81-4CC4-8426-B8C085B51DDC,,,,,,,ODN0000158976,n,right_only
C49FF176-8674-45FF-9999-2FB031D9D5B7,,,,,,,ODN0000171040,n,right_only
138C13A0-B540-4441-845E-FBADFD24F20B,,,,,,,ODN0000096177,n,right_only
94C746BF-1E5F-40FF-AFAF-EE4CBCD1CA8B,,,,,,,ODN0000076850,n,right_only
2544E106-AED8-46C3-AE19-D11B66020332,,,,,,,ODN0000074606,n,right_only
49A940DE-BC01-4834-94D3-FCE554897463,,,,,,,ODN0000160038,n,right_only
A00121A6-D83D-494D-A897-A6041ED720B1,,,,,,,ODN0000062174,n,right_only
2D79141A-00EB-44AC-B8F6-88E8FA75D6CD,,,,,,,ODN0000063340,n,right_only
F2FE6680-6FD5-4207-BC85-3D57CCCD28FF,,,,,,,ODN0002061587,n,right_only
8FCFC75C-2219-431E-B206-B0EE9C6EC237,,,,,,,ODN0000114269,n,right_only
8A0F9FED-7CD6-454E-9220-B33FD0E5C076,,,,,,,ODN0000114271,n,right_only
99415773-EBBA-4F18-9677-D18627B8D2E4,,,,,,,ODN0000114272,n,right_only
399F2C5E-97B9-444F-8814-D5208F6BFA65,,,,,,,ODN0000114273,n,right_only
E681D0B4-A7C5-4FD8-9E89-3D48C5F90737,,,,,,,ODN0000514561,n,right_only
11878879-4405-4D3D-AF44-9989959E0E54,,,,,,,ODN0002100463,n,right_only
928FA097-403B-4CFC-B2BF-0A310B27FDA8,,,,,,,ODN0002059453,n,right_only
2136B217-AA85-4248-B81B-10BA402AB82F,,,,,,,ODN0002060889,n,right_only
A9389501-51C1-44AE-A830-69F445398ABE,,,,,,,ODN0002061600,n,right_only
C62FFF87-22AF-4E98-8498-44DF5E4F71AC,,,,,,,ODN0000860703,n,right_only
7825BFDD-6DA1-4958-BE07-55020EE3DE04,,,,,,,ODN0001982294,n,right_only
B93484A1-122C-4EEA-8578-F0E381D8B50E,,,,,,,ODN0001744965,n,right_only
B5033DEE-494E-4EF1-8BE7-A0CEB86452F1,,,,,,,ODN0000451860,n,right_only
BC2F4CE4-2E94-48D4-A857-AB8508C58C75,,,,,,,ODN0001982303,n,right_only
75799E91-FD0B-46A4-AC23-908CA5431EEB,,,,,,,ODN0001982304,n,right_only
7C33E20F-822B-4F45-9C4A-A0D195AEFC3A,,,,,,,ODN0003590216,n,right_only
275964CC-5673-4573-83F8-6D091E4231F5,,,,,,,ODN0003590225,n,right_only
C84D498A-0DCD-4F22-90A5-26410C8EB439,,,,,,,ODN0003590234,n,right_only
5DB9C0F0-F59C-4AC0-9EB4-A36D9F82FBBC,,,,,,,ODN0000504908,n,right_only
3563BD56-603E-441D-8704-8DF1CA948FFC,,,,,,,ODN0003758540,n,right_only
3FC441B9-9D52-4B52-87DB-EDA4585247A7,,,,,,,ODN0000871399,n,right_only
896B5EEE-6BBB-4DF1-89D8-0A281A589241,,,,,,,ODN0003590270,n,right_only
965BE549-78FA-4EEF-A886-95907F0DB45D,,,,,,,ODN0002012422,n,right_only
5AD7160D-C761-4322-9ED7-26C6580BF62D,,,,,,,ODN0003619121,n,right_only
E4B5E258-3475-409D-A275-1997377724C9,,,,,,,ODN0002056281,n,right_only
5211789B-5D7E-4912-B564-FFA1D46C1F52,,,,,,,ODN0002056240,n,right_only
E20FB487-1CD1-4E89-81B7-985B329C3718,,,,,,,ODN0002056975,n,right_only
0E0DE4AD-790A-4459-A625-9B76266A6D38,,,,,,,ODN0002058631,n,right_only
7C58D17C-5CFA-4C74-8810-6D8AC0DE31F7,,,,,,,ODN0002012424,n,right_only
15F7D7E2-1DE6-4CE1-810F-3D7AE3E12F78,,,,,,,ODN0001763094,n,right_only
952EB261-5A13-4470-BED4-854C1026F7E2,,,,,,,ODN0001779162,n,right_only
8031AA86-33FB-4D8C-90F0-24532F5B85A7,,,,,,,ODN0001994605,n,right_only
4086C0E4-831F-45B0-81A7-DE70FCAAF477,,,,,,,ODN0001994614,n,right_only
3F8E3176-11E3-4DE8-8B18-F922638F9AA9,,,,,,,ODN0000639614,n,right_only
54DE506D-22DF-4700-8649-85860CA6B835,,,,,,,ODN0000716218,n,right_only
E2763E78-CF08-497A-B91B-27F61F8EACFF,,,,,,,ODN0000477801,n,right_only
B34B5CD9-4EB6-4D78-99A4-1B842358922B,,,,,,,ODN0000107284,n,right_only
ECD9730B-C03A-4D9A-9396-9F378DCCB1F3,,,,,,,ODN0000097215,n,right_only
C7247941-8979-4006-B314-69C76738EE45,,,,,,,ODN0000121107,n,right_only
49FE9AB5-7B41-45F2-9B59-8BDDAA656B8E,,,,,,,ODN0000769821,n,right_only
FCC67CAC-D8A4-4687-8759-FA2A91610FED,,,,,,,ODN0000107323,n,right_only
42132F70-812D-4635-A98D-3AB32826B12D,,,,,,,ODN0000871417,n,right_only
7F86B2D7-672E-4C5A-B458-A1415AED45EF,,,,,,,ODN0000107343,n,right_only
248C9FFF-779E-46E4-B13D-2D3E0C21642A,,,,,,,ODN0001027007,n,right_only
80712DF5-29DB-4B40-81B2-DC925E393743,,,,,,,ODN0000107352,n,right_only
FC6B6B7A-AADC-425D-85A3-E1CBA5A95CD3,,,,,,,ODN0003302936,n,right_only
F6444E81-FFAD-4686-BD40-1D777C31FB9B,,,,,,,ODN0001580194,n,right_only
E130569B-9695-4276-91B2-C97482EF42FA,,,,,,,ODN0001377012,n,right_only
A6775436-2ABF-4255-AD88-FCA2245277FA,,,,,,,ODN0003444424,n,right_only
15B32E52-357A-4D74-A43E-18C673B0B0FC,,,,,,,ODN0000062303,n,right_only
35AC0D13-E37C-47E0-8DC9-DEEFC69D10DF,,,,,,,ODN0000062305,n,right_only
485ACF6B-64EA-4F93-9757-31312B108A58,,,,,,,ODN0000062306,n,right_only
7B5DF2A5-6C03-495A-B98B-4A6B49D7BF6A,,,,,,,ODN0000062307,n,right_only
679C31DB-8F49-4A59-B697-C0CE35CDD490,,,,,,,ODN0000062310,n,right_only
58D0FF42-F443-472F-8B17-829F1A2151BF,,,,,,,ODN0000062311,n,right_only
F7A04FDD-06C2-4CAB-B4D6-1A4445F12D16,,,,,,,ODN0000062313,n,right_only
41F68F36-CCAC-4E57-AA39-3D4F66E69E9A,,,,,,,ODN0000062314,n,right_only
20BF2DB4-D9A2-4511-908F-4A7AFC6913A0,,,,,,,ODN0000062318,n,right_only
A177F8B1-9A05-48D8-959C-92B9426C13EA,,,,,,,ODN0000062331,n,right_only
D187E57B-BAFF-48D8-BEE4-27EA7ED6B67B,,,,,,,ODN0000062337,n,right_only
8BC89506-5680-4480-A321-0B4F1FA2E9F0,,,,,,,ODN0000062338,n,right_only
25933B7E-3F97-41D1-A2E1-28F124A4AB79,,,,,,,ODN0000062339,n,right_only
A2B911E3-51E6-4B77-B985-4C965EAF99FB,,,,,,,ODN0000062340,n,right_only
B33F0895-EE6A-4687-AFF8-7F2C45E0436A,,,,,,,ODN0000062343,n,right_only
D2E05B5F-D050-4D2C-AF2D-1360C737A27E,,,,,,,ODN0000062369,n,right_only
76A30FA6-06D6-4876-8E0D-2BF2298BDB65,,,,,,,ODN0000062349,n,right_only
7C58E6C7-FE67-4403-86D7-57C1882D33E2,,,,,,,ODN0000062353,n,right_only
7E5A649C-50B4-4E1B-90E0-A20DE5E10D7C,,,,,,,ODN0000062354,n,right_only
A0C458D9-0A2F-4EE3-9A1D-6752EF266158,,,,,,,ODN0000062355,n,right_only
412F6F93-80E9-481A-B55F-B7BC0F543564,,,,,,,ODN0000062357,n,right_only
4E626F84-A6ED-4A16-89A3-CADC54C3083C,,,,,,,ODN0000062362,n,right_only
969C5B47-95B5-4A67-99CD-2E106A516F52,,,,,,,ODN0000062363,n,right_only
AF1EAF05-5745-44E3-9542-6DDC36E6431E,,,,,,,ODN0000062364,n,right_only
A06D2B3A-41AB-4307-B89D-A1E98CCFB22B,,,,,,,ODN0000062571,n,right_only
05FD68BE-0446-4D77-9A5C-11A355277B77,,,,,,,ODN0000070215,n,right_only
16292F2B-01B2-4D40-90C7-9E1652268693,,,,,,,ODN0000075493,n,right_only
A9612D55-C6D9-42B7-8EDB-30E6D4565458,,,,,,,ODN0000071949,n,right_only
D2A12E84-10A3-4C56-A27E-4A40D63764E1,,,,,,,ODN0000071950,n,right_only
E04B0151-107D-4B1F-80EB-B60129CDFB3D,,,,,,,ODN0000075498,n,right_only
3111E3B7-CA76-4E79-B1A6-039B5E6252BE,,,,,,,ODN0000070996,n,right_only
4AA0F25E-0006-4D83-B9A1-58373A23C937,,,,,,,ODN0000085741,n,right_only
B88675DC-B8BE-4414-9AD2-AEAD737F12AC,,,,,,,ODN0000085742,n,right_only
AADDDDAB-EE2C-47F0-BFB6-32BB31055F52,,,,,,,ODN0000085743,n,right_only
87DDEEB3-5371-4902-9E60-36AFB36962DE,,,,,,,ODN0000085744,n,right_only
678E8042-38C2-44F8-BBB6-A1EDCDAE6F30,,,,,,,ODN0000085745,n,right_only
2A415288-819E-4A4E-B3F8-2AE5F757AE9D,,,,,,,ODN0000085748,n,right_only
FD15CF81-050E-40A6-B1AE-6CE5D1692E95,,,,,,,ODN0000085749,n,right_only
CCD7DDA1-ABB5-4C2B-94A9-07AD8C7CE161,,,,,,,ODN0000085750,n,right_only
9C940BE4-FB6E-413D-8138-FF25AED283AE,,,,,,,ODN0000077346,n,right_only
30EA62F8-5859-4727-8549-FCAA8045D27B,,,,,,,ODN0000077332,n,right_only
FB157A2F-2777-43A9-AD06-513A601603BA,,,,,,,ODN0000077333,n,right_only
097BC948-24DE-42BE-A8E4-2ED38F2F30C5,,,,,,,ODN0000159120,n,right_only
89C8E85F-B286-4E0B-B510-C2E92B148B5D,,,,,,,ODN0000065621,n,right_only
681014FE-6FDB-4161-83ED-E7C5F95AA6E4,,,,,,,ODN0000078819,n,right_only
13CC60B8-6357-4FD2-ADC6-7AE982E5BCF9,,,,,,,ODN0000065723,n,right_only
4976C28C-8C98-4BAD-A266-37BC3213127F,,,,,,,ODN0000085315,n,right_only
A2A00C7D-B770-4B07-92FF-B70C0FE9D762,,,,,,,ODN0000065742,n,right_only
6824AA57-18FD-4D26-B12F-A331FECF851B,,,,,,,ODN0004460260,n,right_only
80A48BCC-408E-44D7-B4F5-552C9D44097F,,,,,,,ODN0003085542,n,right_only
ADFCC11A-CC5B-4C82-8048-E005E4A90222,,,,,,,ODN0004460265,n,right_only
0A063DD6-5725-43DE-9CF4-E7D0BEA64BAF,,,,,,,ODN0003085783,n,right_only
E92E25C2-25E0-477C-A236-0C4E2424454E,,,,,,,ODN0003708066,n,right_only
6308D320-8919-4353-B722-D206A396DA92,,,,,,,ODN0003708067,n,right_only
9FAB3004-9D0A-48C6-B5D9-9A72CA971EE6,,,,,,,ODN0003708068,n,right_only
B39E6B4E-17DF-4F43-B51C-42465FCB9C3F,,,,,,,ODN0003086163,n,right_only
C2BA1BF6-F20B-4936-97EA-29904F5B20F8,,,,,,,ODN0003708102,n,right_only
206F112F-C854-4E4E-A755-B0F776802C6F,,,,,,,ODN0003085540,n,right_only
965108A9-BCAD-4AA7-90FF-D61EDF47C15F,,,,,,,ODN0003708143,n,right_only
9D94CA4A-D392-4C29-9C0F-F884A1DAA600,,,,,,,ODN0003086171,n,right_only
72D52C7D-3933-4F47-AB54-A08C742682C9,,,,,,,ODN0004460278,n,right_only
9BAC99CE-F56C-4F67-AA51-3A3282C63E22,,,,,,,ODN0004460280,n,right_only
97338B01-1ECC-4D1E-A30E-425CDCDA4492,,,,,,,ODN0004200476,n,right_only
202C08B6-D91E-49D3-B441-C89534618781,,,,,,,ODN0003708152,n,right_only
76DF1940-B304-4A49-A291-598300C5790B,,,,,,,ODN0004460284,n,right_only
B24D1C4F-0773-42EB-9CD7-A1BE1094D401,,,,,,,ODN0004200487,n,right_only
D13BF8D2-E9ED-4537-BBA0-19DD9F629B27,,,,,,,ODN0003708174,n,right_only
DBEEE16F-FA76-4B1A-B7A4-FF37F7434A61,,,,,,,ODN0003086270,n,right_only
F35762AB-D34E-440D-A6C8-D9084383A8B2,,,,,,,ODN0000069730,n,right_only
BF86411B-3CBB-4A46-BE0C-D965D125A9DC,,,,,,,ODN0000069726,n,right_only
752D5338-D472-49A9-B297-734537001CA1,,,,,,,ODN0000069727,n,right_only
63A58DA3-51D6-4142-9827-EA0EEC4320C9,,,,,,,ODN0000069728,n,right_only
C49FD720-674D-4160-889C-458F4369332A,,,,,,,ODN0000069729,n,right_only
FC4B6096-81FC-4D00-B08D-A616277ED8D7,,,,,,,ODN0000069731,n,right_only
84C094A0-87DD-4883-A05F-A74D2373ABA4,,,,,,,ODN0000069587,n,right_only
55CBE5A1-685A-4D14-9096-68318322B16F,,,,,,,ODN0000069591,n,right_only
B5AB190D-0E2A-4ACF-8B9F-777FBEE1BDE0,,,,,,,ODN0000069733,n,right_only
9D9058BD-A5EC-4464-9AEC-10A33F790804,,,,,,,ODN0000069594,n,right_only
DF748DE4-F35C-4ACD-B347-B3875F911243,,,,,,,ODN0000069734,n,right_only
20B2A194-FE6E-450A-9E15-FDA095316169,,,,,,,ODN0000069735,n,right_only
4F4DB4C6-47D4-4B01-9368-5F6B585E15E3,,,,,,,ODN0000069736,n,right_only
79270B1E-E351-4D10-AEB0-8D687012F653,,,,,,,ODN0000069737,n,right_only
C870BF3F-6128-4919-88B9-F0ED3FD28828,,,,,,,ODN0000069738,n,right_only
A7F43F32-C3D1-4D35-8B1A-3CB490558669,,,,,,,ODN0000069739,n,right_only
5D41D266-5C62-45E2-AA45-E7E427C04357,,,,,,,ODN0000069574,n,right_only
89D17ADE-2442-44FD-9E19-E621D4DA7FDC,,,,,,,ODN0000069744,n,right_only
13BE9787-2E5A-4FD0-88DD-68A08B4ECACE,,,,,,,ODN0000717039,n,right_only
36B7695C-F4A7-4C0C-AAB9-DD9F71005734,,,,,,,ODN0000069613,n,right_only
0CCEA90F-899B-4595-8F29-3528BDF1294A,,,,,,,ODN0000069615,n,right_only
09494A67-DC2B-4967-B088-9A116748742C,,,,,,,ODN0000069616,n,right_only
FA8D7397-B17D-456E-856C-84ECDE65A9E5,,,,,,,ODN0000069619,n,right_only
AEFA52F5-2789-499D-9EA6-55E9FCF43F1A,,,,,,,ODN0000069620,n,right_only
7BE7D06A-C288-4FEB-8BB5-883028A37D69,,,,,,,ODN0000069624,n,right_only
AADC4810-5880-44A1-983C-DFEDCFE213E7,,,,,,,ODN0000069752,n,right_only
5490EBEC-26C0-4AF0-B441-EC3738FA54FC,,,,,,,ODN0000069633,n,right_only
3B868E20-D544-42FE-8BFE-7895B3EC955B,,,,,,,ODN0000069635,n,right_only
27A7D67A-FFDA-43C4-BE49-064C110F5E74,,,,,,,ODN0000069636,n,right_only
AB4A6B62-EE59-41F8-96CE-1DF6B46B25ED,,,,,,,ODN0000069641,n,right_only
7E9DE103-1320-4D54-A5EC-408257920E37,,,,,,,ODN0000069645,n,right_only
3E86B3BA-0046-45FC-B441-7E65DBAF2527,,,,,,,ODN0000069646,n,right_only
E73EC32E-9833-45DA-BA10-746546886F12,,,,,,,ODN0000069647,n,right_only
AE139182-A7D4-4A0F-8B84-4E5A51E5ABBC,,,,,,,ODN0000069765,n,right_only
C9654213-32AF-4D5C-86CA-0DDCD2960C04,,,,,,,ODN0000069766,n,right_only
A1BD7815-5EA7-4014-949C-E003E560FC54,,,,,,,ODN0000069660,n,right_only
9668FB21-85EC-4FCB-AA4E-3A70650D120D,,,,,,,ODN0000069670,n,right_only
9D79E5E6-849C-4D8A-B702-9C09F1446BA5,,,,,,,ODN0000069672,n,right_only
1F9A8DB6-8D7C-4179-BC3D-E99458AAAAAE,,,,,,,ODN0000069673,n,right_only
D7137129-254B-43C5-AE86-E8FAB4E163E5,,,,,,,ODN0000069674,n,right_only
2E86FF1E-810D-43CC-927B-2FA3CAF02B5A,,,,,,,ODN0000069675,n,right_only
26E6B350-DEA1-416B-86A7-1FC07F31F30A,,,,,,,ODN0000069676,n,right_only
12B1248E-1DE7-4AB3-8AC6-C59E5E491D87,,,,,,,ODN0000069583,n,right_only
EEF52C25-A061-4E61-89F8-95C68951A595,,,,,,,ODN0000069677,n,right_only
FF4BFE9B-8652-4B79-957E-A1391E988474,,,,,,,ODN0000069784,n,right_only
612E0279-2C30-4038-B7F3-987765756856,,,,,,,ODN0000069785,n,right_only
FD6FECEE-78CB-4CAF-A6E9-4114CE3C0C1B,,,,,,,ODN0000069786,n,right_only
2EF04B4A-BAF1-460C-8D8A-B57A361EFE77,,,,,,,ODN0000069684,n,right_only
887090F3-E001-42FB-B40C-C8DDFE07FAA2,,,,,,,ODN0000069686,n,right_only
D596D56D-6CE1-48B9-B52D-D52B5953EA0F,,,,,,,ODN0000069688,n,right_only
E5050BF8-BC01-4A6F-A20C-5105A9F5C076,,,,,,,ODN0000069689,n,right_only
5E2B3D50-F2E0-47C0-B050-6D9054B398A7,,,,,,,ODN0000069789,n,right_only
1E76BCCB-6CBA-494B-B0F8-D8FF3C856B88,,,,,,,ODN0000069790,n,right_only
93154D0A-DF2D-4F4F-922D-EFD2573E6035,,,,,,,ODN0000069792,n,right_only
778D3DE1-157E-498B-B979-036AAD07AF77,,,,,,,ODN0000069694,n,right_only
AD8D0B98-D4B5-411D-98FA-7EC9FAA6306B,,,,,,,ODN0000069584,n,right_only
D115FAE1-6969-4341-83F1-7EAFDE33E74E,,,,,,,ODN0000069698,n,right_only
C185424E-587D-48DA-83D0-CDD7B2D58CD0,,,,,,,ODN0000069699,n,right_only
8810D03D-9F6D-4A2D-9270-1331CA388D89,,,,,,,ODN0000069796,n,right_only
5C730E75-6198-415A-B247-5EBBE09A82A3,,,,,,,ODN0000069712,n,right_only
075DAE38-7301-4722-8135-DDC7A0707EC9,,,,,,,ODN0000069713,n,right_only
3098D29F-81C0-464E-A491-E9CD798476E3,,,,,,,ODN0000069740,n,right_only
025B8A73-ED92-45D9-BFD3-1D527C20E6FE,,,,,,,ODN0000069741,n,right_only
D75A5497-BD58-4619-9C18-4456EB80DDE2,,,,,,,ODN0000069797,n,right_only
5D5E44B1-2525-415F-AA45-E4E6EC67FE0F,,,,,,,ODN0000069798,n,right_only
639A9B72-CF07-4FFA-9E23-30C4E0308204,,,,,,,ODN0000069799,n,right_only
815FCDBB-3133-4F06-B329-8B2F31B8E65E,,,,,,,ODN0000069703,n,right_only
02C952DA-E55E-4F30-97B9-872B2FA68821,,,,,,,ODN0000069704,n,right_only
41A06BC5-0A7D-4278-94CC-5678D15DDE57,,,,,,,ODN0000069706,n,right_only
532186EE-CCE9-4791-9D14-944F7ED846C4,,,,,,,ODN0000069802,n,right_only
E6D3A119-5E2E-4007-96BB-F3349B03BA19,,,,,,,ODN0000069803,n,right_only
1BA4D823-67F3-4C53-BE55-A90E6E80B38F,,,,,,,ODN0000069708,n,right_only
2FC81822-C9E9-4A79-98AF-E8BCD1D1DB89,,,,,,,ODN0000514667,n,right_only
CF9DEB9E-8BE7-4E92-9314-5E0BED803264,,,,,,,ODN0000069709,n,right_only
9B42CE69-90F5-449A-9FDB-58750335537A,,,,,,,ODN0000069806,n,right_only
1EF0CE88-4221-42FA-A5F5-788F4BA9A12E,,,,,,,ODN0000069807,n,right_only
B2915E84-8481-4635-BF2A-54B92072B1D5,,,,,,,ODN0000069585,n,right_only
204C6948-7B1F-4D8B-9598-37D1EA4D224F,,,,,,,ODN0000069586,n,right_only
DD0E9A42-DD94-4341-9981-27ED0AFB2C77,,,,,,,ODN0000069716,n,right_only
0CFBC024-49B5-4FB0-920F-AECED5F96053,,,,,,,ODN0000069717,n,right_only
CC267DA0-EFCE-4D80-82B6-3B487A93B250,,,,,,,ODN0000069810,n,right_only
F8895E37-1F93-497E-A857-657B14079163,,,,,,,ODN0000069830,n,right_only
6C8BE8B5-84D9-45D9-A757-1582A51F40F1,,,,,,,ODN0000069833,n,right_only
4CB128DA-70EB-432B-A3C1-81B515A3D994,,,,,,,ODN0000069835,n,right_only
592017B5-1C75-4306-87B1-EF3F4E593246,,,,,,,ODN0000069836,n,right_only
DE7570E8-38D9-4D0B-835F-D6BE32A46B05,,,,,,,ODN0000069817,n,right_only
17DC741F-D336-4EC2-B4D6-26D32A94B93F,,,,,,,ODN0000069842,n,right_only
B6C804BA-6BD1-431B-B6AC-7BC38E8ABD9F,,,,,,,ODN0000069697,n,right_only
02300233-E322-42F9-BBC7-35CA3E282A65,,,,,,,ODN0000075449,n,right_only
23AC447A-D8FE-4929-8E36-A2F9E578DAE2,,,,,,,ODN0000075450,n,right_only
679ECAFF-9CAA-44BB-A8E8-66D24D9EE349,,,,,,,ODN0000075451,n,right_only
E83A1518-842A-43AE-85C9-B33A8FC357AD,,,,,,,ODN0000075452,n,right_only
A5EE2883-B799-4982-BBE6-1DE3DA21B749,,,,,,,ODN0000075462,n,right_only
4D2226D8-DC5A-4683-A311-4E5D041E30E9,,,,,,,ODN0000075476,n,right_only
1A9FF2AC-1049-4F62-AAC0-2A2133496F8C,,,,,,,ODN0000091399,n,right_only
191643C4-AED4-435C-B244-E22B85FD9CE4,,,,,,,ODN0001289591,n,right_only
7D54B60B-D031-4E1A-A44A-6168DA950CCD,,,,,,,ODN0001289586,n,right_only
36CAD855-BD3B-47CE-864A-B52375762D8B,,,,,,,ODN0001289594,n,right_only
835CBF69-7C21-449F-9FD1-45FDED892325,,,,,,,ODN0000071991,n,right_only
94357A0C-129C-43A8-A42A-2EFA3A857F30,,,,,,,ODN0000071993,n,right_only
7DE9BE60-79EF-4AAF-A869-27D360178C1B,,,,,,,ODN0000071994,n,right_only
965A2E8A-E9F7-456F-8370-87D58CFF836F,,,,,,,ODN0000071995,n,right_only
79CFA4CA-F326-4542-98F2-2F6F3FA44986,,,,,,,ODN0000071996,n,right_only
57E78944-7E4B-4341-8655-95830813F392,,,,,,,ODN0000071997,n,right_only
5AACE247-57FB-483C-8C53-1D07660EECCA,,,,,,,ODN0000071998,n,right_only
533D0055-1839-4E33-BCB4-C42BA36371BC,,,,,,,ODN0000071999,n,right_only
3D2734AD-AF69-4877-B5E6-04A847A1EA58,,,,,,,ODN0000072000,n,right_only
925DE7E6-A54A-44EA-8C90-A46487FDE73F,,,,,,,ODN0000071992,n,right_only
90071AE2-FA3A-4A9F-AA5F-AE5B2F9739C1,,,,,,,ODN0000072001,n,right_only
7F8CAB8C-F12D-4660-B422-E1CEA336DF2F,,,,,,,ODN0000072002,n,right_only
2D2E968D-A2A5-425D-AA41-E7E53FE128F0,,,,,,,ODN0000076743,n,right_only
AA3C2D10-7403-447A-87A7-3B5D46F1FB83,,,,,,,ODN0000076744,n,right_only
6C493A75-DF4B-49C9-9469-D633F8A85E84,,,,,,,ODN0000076745,n,right_only
4104C577-A54D-4C7F-999C-4BCE4609DE6C,,,,,,,ODN0000076761,n,right_only
6D47D2F5-E361-45FD-AEB3-C023984D6D81,,,,,,,ODN0000076749,n,right_only
FCD0BE3B-46DF-44C0-B5EC-93B990AFCC0A,,,,,,,ODN0000076750,n,right_only
1E05E02E-202D-4756-8DAC-A8C9060805E0,,,,,,,ODN0000076751,n,right_only
34068460-CF04-4469-B013-9C131D7E98BE,,,,,,,ODN0000076752,n,right_only
E9BE441F-58E5-4C69-BB0A-33C60708B468,,,,,,,ODN0000076762,n,right_only
5524C4C6-115A-45E5-95D5-40C7CC92EBED,,,,,,,ODN0000076763,n,right_only
966B8D46-C560-4C4F-860A-E470FB5322B8,,,,,,,ODN0000076739,n,right_only
1C6B3536-0FC4-4B8B-B2D9-6DB9DCC7D300,,,,,,,ODN0000076754,n,right_only
D751182A-2C16-4A60-AF85-891502588988,,,,,,,ODN0000076755,n,right_only
1989A185-B043-4F2D-94B6-3D508E9DEFC4,,,,,,,ODN0000076756,n,right_only
9766927B-BA09-4A8F-AAB0-7E14DA327CD1,,,,,,,ODN0000076764,n,right_only
6C65C1BA-02C7-42C0-B315-AD0F0F0E1536,,,,,,,ODN0000076766,n,right_only
FA6ABF0B-7400-47F6-8F50-7AAFC07AD38D,,,,,,,ODN0000076767,n,right_only
16848BE0-D917-4C83-B4DE-CB5A450C85E4,,,,,,,ODN0000076769,n,right_only
1969B6D3-EE96-41D1-BE01-21433985107A,,,,,,,ODN0000076771,n,right_only
72BE7419-4283-4C2F-B8C3-640ACB4A9487,,,,,,,ODN0000076772,n,right_only
28C61E61-F1F9-4DDD-BE53-66E1147B0756,,,,,,,ODN0000083186,n,right_only
6C221BF4-6FD9-4522-B0BC-76D99C5863DF,,,,,,,ODN0000083188,n,right_only
1F209E48-7A11-4CA0-98A0-C9806B206C5D,,,,,,,ODN0000077961,n,right_only
88961493-E5F2-4C06-9280-5AFE5935CB24,,,,,,,ODN0000077926,n,right_only
6A41D584-69C7-4C0E-87B3-833DCBDCCBCE,,,,,,,ODN0000077927,n,right_only
B9C95AFF-6BCC-4185-9CDA-E008D4882063,,,,,,,ODN0000083193,n,right_only
666A42FF-74CB-4873-B09C-CB72922C9C3D,,,,,,,ODN0000566878,n,right_only
3161BDB7-B73A-4BCB-BB92-7ADE84BE75CD,,,,,,,ODN0000147729,n,right_only
127CF500-2C0F-4D79-9E68-445DA144E90E,,,,,,,ODN0000077963,n,right_only
749375B9-742D-4FED-B9BC-7D461833BC25,,,,,,,ODN0000091414,n,right_only
0DE30ECF-0320-4739-B65D-F7BE93B17A44,,,,,,,ODN0000083200,n,right_only
E085364D-7EA9-4C99-86D9-23FF26FFB688,,,,,,,ODN0000077698,n,right_only
8FBD2E0D-2390-4F45-A201-4BA81E80CFB7,,,,,,,ODN0000077771,n,right_only
7E504025-D539-4162-9CF0-247B3A91156E,,,,,,,ODN0000146444,n,right_only
DA1D20C8-0EBA-47F8-B06D-54AB10F4861E,,,,,,,ODN0000146445,n,right_only
B32E5A90-A8BD-4654-9136-933A196627C7,,,,,,,ODN0000146448,n,right_only
443F6B41-A0E6-474F-AE8A-91952A4BA97B,,,,,,,ODN0000074827,n,right_only
5A5AD743-F7B8-445B-B683-00B87893991F,,,,,,,ODN0000074822,n,right_only
8E61B9D6-3064-4413-8CFF-F4DC90CF4C33,,,,,,,ODN0000074823,n,right_only
4EEA5114-3884-42EB-BD4D-51308F620114,,,,,,,ODN0000074824,n,right_only
6965F3BB-5B5A-47EC-B19F-686638BB1432,,,,,,,ODN0000146449,n,right_only
EB5093A6-C7F9-43B3-B393-80BEDC2B95E6,,,,,,,ODN0000146452,n,right_only
718359EF-BAEA-4C26-BBA4-7F8EC5BA0696,,,,,,,ODN0000074828,n,right_only
11F6202B-1FF9-475A-A892-40E6607FA10D,,,,,,,ODN0000146450,n,right_only
DC0B69CE-9CE3-4026-BCE1-986A575B150F,,,,,,,ODN0000146456,n,right_only
A0277DCB-C1DF-4F81-A8F4-51F9E7A5EDC3,,,,,,,ODN0000074818,n,right_only
0BEB410F-D5B7-44F5-A214-B57E99D9CA4E,,,,,,,ODN0000146453,n,right_only
2C923729-F459-4638-BE27-49BE1E6840A6,,,,,,,ODN0000146447,n,right_only
719E68E2-39DF-4DF8-8CC3-4DA92E1E26F5,,,,,,,ODN0000074820,n,right_only
45FAB268-D144-42A4-885E-5A7F0F8B3CB7,,,,,,,ODN0000146454,n,right_only
2BECDCAA-013E-4201-B5AE-8ECA0488A294,,,,,,,ODN0000146451,n,right_only
23785BE8-1AD1-426D-887C-BF9D843F1162,,,,,,,ODN0000146457,n,right_only
358122A8-9901-4CD9-A335-BFCB55EF7479,,,,,,,ODN0000074829,n,right_only
00FA755B-067C-4047-B0CB-63BCA3C8AEE8,,,,,,,ODN0000074825,n,right_only
2D163D7E-1BA5-484E-B4BF-F748B9AB6D06,,,,,,,ODN0000076724,n,right_only
F44A7FC7-B084-4D83-8BA1-202411BB7574,,,,,,,ODN0000076708,n,right_only
5E1D429A-F560-4FC5-84EA-30ADBD2F0EE9,,,,,,,ODN0000076709,n,right_only
DEC3CA94-684A-4A34-A861-2B44AA58ED85,,,,,,,ODN0000076710,n,right_only
D73854F3-55BE-487B-B2EF-E617EB125DF3,,,,,,,ODN0000076711,n,right_only
F4EB21E9-556A-46F5-81F4-F343DA840C0A,,,,,,,ODN0000076732,n,right_only
64647FBC-2DD2-45BA-9080-A5820AFD0E9A,,,,,,,ODN0000089598,n,right_only
FD73C0B2-2D50-4B99-B632-D927251B81D7,,,,,,,ODN0000089604,n,right_only
29A22BA5-0DAB-490C-8E9E-E02A3CD57F3E,,,,,,,ODN0000103256,n,right_only
246A171B-DD40-4C54-8628-F625AD5417C6,,,,,,,ODN0000083718,n,right_only
EE02E044-6C3B-440E-801A-7E9AB3419012,,,,,,,ODN0000150119,n,right_only
353BD47A-DA10-4099-9116-CC8A784B7EDA,,,,,,,ODN0000120706,n,right_only
0CA313A4-4CC6-420D-9FCC-978F73C00404,,,,,,,ODN0000172097,n,right_only
97145C3B-9EB2-4E8F-BF99-25F108D0E4AC,,,,,,,ODN0000562145,n,right_only
C07B0A52-8761-4D3C-A063-3AAE34818BFA,,,,,,,ODN0000083818,n,right_only
6C508EAA-2AEF-4359-9735-242420092398,,,,,,,ODN0000166778,n,right_only
FD35F62B-CDA6-4EAE-A50B-7435A1424D2F,,,,,,,ODN0000111704,n,right_only
6600B9EB-A707-4554-BC10-29653DC39AFD,,,,,,,ODN0000212753,n,right_only
E4A167B8-FBF1-4F92-A761-A3B480B02833,,,,,,,ODN0000209504,n,right_only
58A4200D-D324-4CF9-99AC-252F610CEF71,,,,,,,ODN0000172098,n,right_only
D7131544-A4F3-4041-8936-892E782C3908,,,,,,,ODN0000245390,n,right_only
2D6889B8-450D-49EB-816A-A5C3F037F828,,,,,,,ODN0000089732,n,right_only
D57A39AC-4D72-44B9-B565-DE386181DE18,,,,,,,ODN0000150130,n,right_only
F07A9CDE-94C5-49A4-B8DE-6CC1570BE933,,,,,,,ODN0000089733,n,right_only
D2CB1134-6390-4CE6-BCEB-58C213363EC3,,,,,,,ODN0000108440,n,right_only
90C16E1E-CF47-4B89-851E-8B1B4306ED3C,,,,,,,ODN0000165369,n,right_only
F4E49D1B-33CF-41B3-9A5A-56A0641CF68A,,,,,,,ODN0000165372,n,right_only
67037004-3B29-4910-B623-3BA638C59C20,,,,,,,ODN0000083220,n,right_only
236B3EDA-3DFC-4861-870C-DE0DF383F53D,,,,,,,ODN0000083222,n,right_only
3EB8B85A-BEB3-454B-87B2-29810B6BEB36,,,,,,,ODN0000083223,n,right_only
8DB41CB5-07DB-444F-A6D8-E1C911247BCA,,,,,,,ODN0000083224,n,right_only
53EA50D1-E4DF-4B32-B8B2-3C4492C7D6FA,,,,,,,ODN0000083214,n,right_only
E490E931-800A-447E-9007-9317D82948BF,,,,,,,ODN0000083215,n,right_only
7AD943CF-292E-4DC4-8C96-F40DDA91FE3B,,,,,,,ODN0000083216,n,right_only
37510618-1A63-4F0B-BDE5-768648CC4BED,,,,,,,ODN0000083217,n,right_only
67B13C8B-CAE8-40A1-8601-4E4F2D82FBD7,,,,,,,ODN0000083218,n,right_only
4351ADF6-0985-42F0-B443-B13CC70079E8,,,,,,,ODN0000083219,n,right_only
0AE7B2A8-4625-4ACE-9AA0-71C8DEB49324,,,,,,,ODN0000083221,n,right_only
7B504F5D-8544-412B-900D-65F718947CE5,,,,,,,ODN0000083227,n,right_only
6AFF068F-1D4C-4007-91EB-9FA4DDFB0BE5,,,,,,,ODN0000083228,n,right_only
D007B0BB-A09A-4B30-82A8-837C2639760A,,,,,,,ODN0000083225,n,right_only
D79C7ABC-B3F7-4585-A308-C245FE409DFA,,,,,,,ODN0000083229,n,right_only
A95543FD-4EC3-4EC8-B363-41F42F3521BC,,,,,,,ODN0000083230,n,right_only
8D3A0689-B132-4DE4-9AD3-B06CFA20DD26,,,,,,,ODN0000083213,n,right_only
1DED97F8-4FB3-4935-AC3E-98F8DCE50974,,,,,,,ODN0000083231,n,right_only
731DAC0A-A056-4DD3-8665-48C1BBF2340F,,,,,,,ODN0000083232,n,right_only
05BBB70A-6854-4121-8341-3AB1C5878553,,,,,,,ODN0000110782,n,right_only
8EBB0DF3-7DFD-495F-ABA6-DD79DB3D8DE3,,,,,,,ODN0001354054,n,right_only
B3F7CC3C-2CB8-4DB9-B914-1359B1DEBE1D,,,,,,,ODN0000504478,n,right_only
D7C178FD-CB28-4A96-952C-4486BB67610B,,,,,,,ODN0001379468,n,right_only
60A2CA3F-7CA4-4CA0-9AE3-2929DD78C617,,,,,,,ODN0000483560,n,right_only
5EAC2C57-8946-4CCD-A284-B77124488637,,,,,,,ODN0001957322,n,right_only
A7CF7A67-D782-483E-BC54-384F57C4EC30,,,,,,,ODN0003347700,n,right_only
044AB827-3480-4F8A-A3EA-C3DD3284E2C5,,,,,,,ODN0000158727,n,right_only
A26AF8D4-6D74-40D8-8521-CA628775A434,,,,,,,ODN0000077108,n,right_only
05C190CD-CC32-4524-A5BB-34EAAD9A484E,,,,,,,ODN0000079069,n,right_only
C10A4A87-8F60-488B-9E1D-3FEF281B9C20,,,,,,,ODN0000095064,n,right_only
E75C399F-9D17-4286-A552-C60306022B18,,,,,,,ODN0000079125,n,right_only
D8EF553F-9225-4CBD-B4B5-A7C41FD404CB,,,,,,,ODN0001679509,n,right_only
A07F1A49-3D5E-408B-A76B-42DD0FE43746,,,,,,,ODN0001679512,n,right_only
10D8C67A-D575-40F8-9FA1-4808AA4FE438,,,,,,,ODN0001679521,n,right_only
DF6E99BF-1F68-4F98-AAA0-7A9E90E01E09,,,,,,,ODN0001679542,n,right_only
1ACF65C4-E4CD-4F71-A749-166D121B8077,,,,,,,ODN0001679568,n,right_only
6C8BA0F9-5142-4D0D-BD60-0F01CF00425C,,,,,,,ODN0001679573,n,right_only
281F68E8-8E53-464D-A4D8-FD19DF13B62B,,,,,,,ODN0000085621,n,right_only
D0248C0A-23B2-468B-B78D-12B6892E1E96,,,,,,,ODN0000085624,n,right_only
5299A3DF-BCB1-4887-997A-5C9D8DD43006,,,,,,,ODN0000085666,n,right_only
DA94CFA0-AD53-4314-967A-1E999E4ECCA4,,,,,,,ODN0000085628,n,right_only
2C6F66E1-2AD9-4B4F-9633-44D730F6A02A,,,,,,,ODN0000085629,n,right_only
CBB0929E-68A3-420D-8881-EBCFCE7AA090,,,,,,,ODN0000085668,n,right_only
C80C70E3-5899-4917-90E9-FBB0E34059C5,,,,,,,ODN0000085634,n,right_only
94B25E79-079F-4E12-A29D-78A9C9E953A2,,,,,,,ODN0000085636,n,right_only
D81FAF68-3E45-4A2B-93D6-D3D184203AC0,,,,,,,ODN0000085637,n,right_only
B5240730-CEF4-4630-BADA-D4DFC23C5FF0,,,,,,,ODN0000085669,n,right_only
1E9CB16F-FF8F-4385-86D1-B8BE89DF10A0,,,,,,,ODN0000085639,n,right_only
74996AFC-0F5E-467B-A46B-436805F60A98,,,,,,,ODN0000085670,n,right_only
E5CF252E-5A6D-41BB-8B30-7CF1E81BD0FD,,,,,,,ODN0000085640,n,right_only
7F6B9BA0-6540-4542-98D0-F6FC813630AC,,,,,,,ODN0000085644,n,right_only
C5B94014-2B08-481E-A5E4-EDEC62B6589C,,,,,,,ODN0000085671,n,right_only
E4355D0E-ED88-4E13-B124-5F84C0654B43,,,,,,,ODN0000085672,n,right_only
9B42483F-2ED3-4DC5-8D1B-4B59E1EC9D3A,,,,,,,ODN0000085648,n,right_only
F7AC13EA-925D-4991-9FDB-7BB787276391,,,,,,,ODN0000085649,n,right_only
96A0B608-9ACF-4340-8FCC-96E8B30A2DAA,,,,,,,ODN0000085650,n,right_only
80990FDC-FF8F-4463-BF0E-EE58AF7BDD83,,,,,,,ODN0000085618,n,right_only
CA7CA41C-6074-4751-BCC1-308A30CC44C3,,,,,,,ODN0000085675,n,right_only
22AB92F4-B8D9-4B30-BB57-4B72726263CD,,,,,,,ODN0000128291,n,right_only
C74F569B-12E5-48D0-9354-01D55AC7447C,,,,,,,ODN0000085655,n,right_only
B98CB569-3774-4171-9C1D-7662356B1EF6,,,,,,,ODN0000085676,n,right_only
E24CE5C4-7086-49F2-9C5F-523D6956ADE4,,,,,,,ODN0000085659,n,right_only
D941509C-121F-4869-A833-5218C1193113,,,,,,,ODN0000085660,n,right_only
9DEAAD56-CC2B-4542-BC9E-72AEB92C5E77,,,,,,,ODN0000085661,n,right_only
9F94C7E5-EF7B-49DA-9D4A-8E08B11C4A7F,,,,,,,ODN0000085677,n,right_only
96DA6BEC-4305-4B0B-9B80-97F3D9F10116,,,,,,,ODN0000085662,n,right_only
9AE6D8ED-E81B-475F-9153-C5B674F4157C,,,,,,,ODN0000186354,n,right_only
5D1016B6-CCB3-42B3-98EC-E8E8C8DEF694,,,,,,,ODN0000085665,n,right_only
BE047FA6-FE81-458D-9D8B-A20F81063889,,,,,,,ODN0000085685,n,right_only
481ACEFD-983B-4B91-9383-B465E6DED96C,,,,,,,ODN0000085680,n,right_only
0A87ADC2-B807-4B70-98DF-553B59ABEBC3,,,,,,,ODN0000085681,n,right_only
4897C28E-4F73-4F60-8874-9909D6975154,,,,,,,ODN0000085687,n,right_only
57562C04-2584-4429-854B-E71D31E9B767,,,,,,,ODN0000085682,n,right_only
EF53638B-DCEA-4819-A80C-19DC75EEC2D5,,,,,,,ODN0000085683,n,right_only
F0C1EBD1-7364-49E1-976C-B9557490B51F,,,,,,,ODN0000087017,n,right_only
8F93EB99-CDDB-457E-9F9B-A39DD9ABF3C3,,,,,,,ODN0000087034,n,right_only
4187B8CF-2484-43DE-99A1-A8C533A62427,,,,,,,ODN0000109208,n,right_only
7800A3AE-2821-4EA6-9615-43B1478350F1,,,,,,,ODN0000115760,n,right_only
7185B9F0-B6A1-47C1-92FD-8D6F4F360F94,,,,,,,ODN0000096195,n,right_only
C17334DD-9D61-481E-A88B-1471364DA9D6,,,,,,,ODN0000110790,n,right_only
DC7D35B1-DE40-4B3B-B44A-45B7B6280D7B,,,,,,,ODN0000105589,n,right_only
EA6DA23C-9EE6-4E2B-9E47-50D24F97EFF7,,,,,,,ODN0000105590,n,right_only
C7007F9E-0F2C-4B43-BD06-12C74C31F96A,,,,,,,ODN0000105591,n,right_only
DF1BA5A5-26DC-492A-A375-CF3F76778BEC,,,,,,,ODN0000105592,n,right_only
0A11669D-3560-46FD-978B-2237D3954361,,,,,,,ODN0000110791,n,right_only
5B8632B1-0EB8-4427-9DE8-BE453FA0EE74,,,,,,,ODN0000089268,n,right_only
6C186308-967F-4F19-B26A-F75340E721DE,,,,,,,ODN0000096213,n,right_only
A15232E1-E04E-4D5C-88B2-94334E5A1895,,,,,,,ODN0000096198,n,right_only
0AF483ED-58DD-413E-8313-01141E2B9C61,,,,,,,ODN0000105559,n,right_only
169871B5-FE5B-44D4-B066-A25319149098,,,,,,,ODN0000110788,n,right_only
F3C56CF2-66BC-4D3E-9FBD-F1A2AE28B74B,,,,,,,ODN0000105544,n,right_only
484DC3B9-26E8-49B6-BFD9-ADE4F20BB0A1,,,,,,,ODN0000089290,n,right_only
921B5800-0EFC-4DDE-97F3-557771880018,,,,,,,ODN0000115771,n,right_only
97C60237-AD77-4272-AE8E-26B35A322779,,,,,,,ODN0000089271,n,right_only
C4A526E8-FFC7-439E-B3EC-3140BE3229DC,,,,,,,ODN0000096215,n,right_only
7C9AFE0B-6E9A-4625-A00E-6A86C20A259C,,,,,,,ODN0000089273,n,right_only
43EABCBC-69B6-42B9-8486-7C1450804FC4,,,,,,,ODN0000089276,n,right_only
3A52F1A8-75D7-408C-95D6-A63FEA999E39,,,,,,,ODN0000105566,n,right_only
63A3884A-E15C-4F96-B75E-528CFF01D796,,,,,,,ODN0000109211,n,right_only
5A20E40C-2EE9-444E-9D33-2D775732FC7A,,,,,,,ODN0000115767,n,right_only
9A392133-BD5A-4040-BD72-31BB4455BF88,,,,,,,ODN0000115768,n,right_only
6C50D9DD-BC47-4F89-A0A2-C09B4E00D11D,,,,,,,ODN0000105569,n,right_only
D65C5DD6-9692-4B86-9FBD-126AD5CB98EA,,,,,,,ODN0000096216,n,right_only
E839881C-1097-4A05-8756-B8D481F8D487,,,,,,,ODN0000096205,n,right_only
C7EE43E9-394D-407D-A7D1-39A29191897E,,,,,,,ODN0000092935,n,right_only
FB1787CB-39A9-4F40-9AE9-7C6B68EEFA91,,,,,,,ODN0000089279,n,right_only
11B1A7F8-6059-4766-B09B-112D49D8B22A,,,,,,,ODN0000105600,n,right_only
A08F4FEE-64F2-49AA-946A-DF43D023E4D0,,,,,,,ODN0000089280,n,right_only
876C28C2-D8E9-479A-8547-89FB70FF1410,,,,,,,ODN0000105575,n,right_only
0175FB6D-08F3-4570-B064-CE83CE1B6D95,,,,,,,ODN0000105602,n,right_only
91E8E3E9-4985-4451-80A9-DCC317BBA741,,,,,,,ODN0000105577,n,right_only
50BFC1BE-0F57-4BC3-88CA-D4A4B0D82560,,,,,,,ODN0000109212,n,right_only
623EC4FF-331C-46F1-9D5E-94779DD8D258,,,,,,,ODN0000105605,n,right_only
7C7380C5-218D-49EF-8AE5-5D59515DC86A,,,,,,,ODN0000105607,n,right_only
D06FEB97-3491-474C-8708-B37C03DD6BA3,,,,,,,ODN0000096212,n,right_only
070C3C8A-1FBE-450D-ACC8-A5C299182843,,,,,,,ODN0000105545,n,right_only
67C8B3A9-49EC-49CA-BD3E-E917B6FA541E,,,,,,,ODN0000096217,n,right_only
82D91873-AC75-4B9D-8E95-D515904D52BC,,,,,,,ODN0000096219,n,right_only
FD08D335-56EE-42F2-A8F6-67F91B9C7549,,,,,,,ODN0000105610,n,right_only
C11B347B-CF82-4C08-B4F1-A052EBCE4B79,,,,,,,ODN0000105611,n,right_only
8FF550CE-B084-4E9E-87C3-D6243B8261A3,,,,,,,ODN0000105612,n,right_only
8AA099F3-0ED1-428E-B96E-F91183C3DB03,,,,,,,ODN0000105613,n,right_only
EB424FB5-F966-4390-8033-9B7DD73EA6DA,,,,,,,ODN0000089292,n,right_only
BFA2236C-B60B-426F-93D8-5A664435AA54,,,,,,,ODN0000089293,n,right_only
8EB45FAA-BC2E-4705-A430-0EACF925ADBB,,,,,,,ODN0000089305,n,right_only
026F3465-3964-42F6-81E6-670AB8964D96,,,,,,,ODN0000105627,n,right_only
6B17D5F2-C606-416E-A2DF-C4A452A54974,,,,,,,ODN0000065514,n,right_only
46EE922A-3499-420E-B0E2-982421D13663,,,,,,,ODN0000090613,n,right_only
3BD3C74B-5657-4C1B-A1E4-184E45DFB9A9,,,,,,,ODN0000083760,n,right_only
BB6E0A71-386B-49B9-9AB9-C2E1565C8A3B,,,,,,,ODN0000083793,n,right_only
AAC77366-5950-4626-83CB-F6B16BD20274,,,,,,,ODN0000144738,n,right_only
283185DD-5700-4FCE-A234-E912FD225E60,,,,,,,ODN0000164273,n,right_only
B9FB8310-DAE0-4DC8-BAEE-F6FD42DF6736,,,,,,,ODN0000164277,n,right_only
C421A928-9671-4692-915F-39A8CB960948,,,,,,,ODN0000114732,n,right_only
AABA66CC-59F1-4191-968D-521A224F2685,,,,,,,ODN0000114772,n,right_only
2D0D16AC-69A9-4999-BFD8-255879494177,,,,,,,ODN0000114736,n,right_only
90896187-F41C-4D46-A757-9C5509A2D871,,,,,,,ODN0000114775,n,right_only
2FA602AA-B9C5-4681-9DA9-82DCD0D398B0,,,,,,,ODN0000114776,n,right_only
F5D30D0E-D661-4A2A-8EDE-6A646CD8299B,,,,,,,ODN0000114739,n,right_only
5F04D459-05F3-4B2F-AF04-6A11B9537C01,,,,,,,ODN0000114742,n,right_only
F347DE45-4051-4ECE-A16B-A10884EF5BF2,,,,,,,ODN0000121947,n,right_only
A077C7C5-874D-4633-A349-301019ABFD39,,,,,,,ODN0000114734,n,right_only
86B9F8CC-3B73-4B88-AF40-F83A4F8ED6FD,,,,,,,ODN0000114784,n,right_only
C829969D-F417-4C06-BF56-11EF9599E286,,,,,,,ODN0000114761,n,right_only
344A938C-9AD5-4C5A-B319-5B731DA312FC,,,,,,,ODN0000114763,n,right_only
DACEAAE4-D7D9-41F7-AACA-94BF9AE93916,,,,,,,ODN0000114785,n,right_only
1B2BBCEB-04BE-4AF5-A598-7B3B331A679B,,,,,,,ODN0000114764,n,right_only
BC8A3CC9-D911-41E4-96E1-B7020D5C9172,,,,,,,ODN0000124112,n,right_only
79C434CE-1E6A-46D4-9981-AA207AE6FEF2,,,,,,,ODN0000114787,n,right_only
45BDFED3-1918-4F06-830B-C72C2802E82F,,,,,,,ODN0000114792,n,right_only
39849063-5CD5-49DA-89E9-BC83F8B73054,,,,,,,ODN0000114793,n,right_only
08C3D846-BB71-4DD7-AD4C-7C01DF8F4C14,,,,,,,ODN0000109698,n,right_only
0931495F-44E2-4EFF-AFD0-AA97218BE74D,,,,,,,ODN0000170368,n,right_only
44FA8285-A4BC-47CF-97A1-97BF8164B41D,,,,,,,ODN0000097548,n,right_only
D5AE5512-9B90-40EE-8317-784471D294A5,,,,,,,ODN0000167050,n,right_only
AA4FCDE6-A569-43CE-932C-2100414CF9C4,,,,,,,ODN0000121116,n,right_only
14A042D4-5953-4C1E-9C85-16D5144F39ED,,,,,,,ODN0000149868,n,right_only
17A70EF9-AE7F-43B2-994D-3A9389C6ADFC,,,,,,,ODN0000107338,n,right_only
914AAA94-B078-4357-8E6E-B22139D57D52,,,,,,,ODN0000149894,n,right_only
86A255E7-0F67-4369-B806-C104DC258BCA,,,,,,,ODN0000149872,n,right_only
762775D5-2390-494A-8DF7-40D0A67E79B8,,,,,,,ODN0000167056,n,right_only
EA590908-1031-4349-94C3-465EBD33E298,,,,,,,ODN0000121121,n,right_only
A3E78D56-170E-4D89-BB70-794E57D9BCFD,,,,,,,ODN0000103892,n,right_only
D8A4EC37-4387-4F49-86E2-3550EB0D2EBA,,,,,,,ODN0001867754,n,right_only
21D90B92-1464-44A7-8AAC-2632A9110637,,,,,,,ODN0000552556,n,right_only
5AE6FCD3-7A6B-46FB-9DF8-E3FAE5E6E89F,,,,,,,ODN0000105426,n,right_only
A730F3C3-5260-4440-99C2-FDFDA19B1E4D,,,,,,,ODN0000108486,n,right_only
CCDC5C75-277D-4DFD-B6CB-B73F1EF8B960,,,,,,,ODN0000108495,n,right_only
233AEC9A-28D4-4F75-ADF0-7B03E5F7CAEB,,,,,,,ODN0000108498,n,right_only
4BBD838A-DF8A-400B-9FF3-7F9706A8BB4E,,,,,,,ODN0005167597,n,right_only
52F99D26-34EA-4C80-8C9A-D4EDF4C69984,,,,,,,ODN0005167609,n,right_only
51B04B30-7C07-4FAF-A776-6B2A5C9ED3D6,,,,,,,ODN0000191870,n,right_only
18AA0EF9-F63E-42C4-9647-AEAFC4FF5931,,,,,,,ODN0000169769,n,right_only
F16C78E2-ADAC-4455-A4AD-57B45ADCDA64,,,,,,,ODN0001646661,n,right_only
16382509-396D-4543-AB42-3562EEEA1FF9,,,,,,,ODN0000237141,n,right_only
F3B81B45-D245-483C-888F-5066F6AD634E,,,,,,,ODN0000105195,n,right_only
B800DEE0-18CC-4DC4-AAD4-FE7CE4507B1F,,,,,,,ODN0000467029,n,right_only
BCE0B2D6-DACA-4CFA-98A6-20ABBFAAE220,,,,,,,ODN0000114413,n,right_only
5BDF1AF0-9948-49A2-8487-3D1ED61A4A17,,,,,,,ODN0000246895,n,right_only
2169658B-9C4C-4E2C-98D7-A8F2063CFB21,,,,,,,ODN0000356185,n,right_only
F22A2A45-5B17-4BF6-8063-3494C5657948,,,,,,,ODN0000146491,n,right_only
25951935-4989-4D08-AAC8-B6614B489DE3,,,,,,,ODN0000457268,n,right_only
E3A03474-FC7F-4A07-AFFE-D14963D4CA85,,,,,,,ODN0000193611,n,right_only
6C87CC07-2384-427A-B479-37BAF98B9E4F,,,,,,,ODN0000214238,n,right_only
C54B7280-C467-4497-BB15-DEE1DDF91644,,,,,,,ODN0000146548,n,right_only
A2FB3BC6-AE49-4092-8B88-D109C4A56E7A,,,,,,,ODN0000349151,n,right_only
6D1375D6-4642-45E5-841D-3FCEF0994527,,,,,,,ODN0000146554,n,right_only
A05B84F2-36A8-43D6-B5B7-BE053860938C,,,,,,,ODN0000354930,n,right_only
8ACF51AB-EC97-4BB4-B7B9-47D5AF119695,,,,,,,ODN0005545897,n,right_only
ED6DD391-91FE-4FA7-8BCA-0B4F851D3C47,,,,,,,ODN0005626439,n,right_only
31AD2E1F-E069-4DD7-A05C-4AE7CC2D8F51,,,,,,,ODN0000133354,n,right_only
8EF298C9-E224-4AD1-AD1D-870209A9FD20,,,,,,,ODN0000356171,n,right_only
B7641085-386A-4902-894E-6834CD7AC4D7,,,,,,,ODN0000114549,n,right_only
6E058280-CE38-42D8-A41C-ABD03DC9D336,,,,,,,ODN0000203021,n,right_only
4AF6E18B-7FCB-4670-B5CA-324A59FB639D,,,,,,,ODN0000105279,n,right_only
36AF0A64-DE5A-4AD6-8FEE-0B2C92444018,,,,,,,ODN0000106335,n,right_only
66009EB6-ABD9-4D7E-A463-AC4552EA28F0,,,,,,,ODN0000484501,n,right_only
DCE674D2-7CA3-44B1-9D45-82825B93F53E,,,,,,,ODN0000484511,n,right_only
659F8C9C-8130-42DC-8A78-E4E4F9750AB9,,,,,,,ODN0001756637,n,right_only
9387DC33-1B07-4AC3-9051-1115F6F44B35,,,,,,,ODN0000114570,n,right_only
DAF40CE9-0501-44B3-BD06-7E01F0DC12F7,,,,,,,ODN0000106358,n,right_only
4998AB26-AD58-4AAD-9D94-4B127388F49A,,,,,,,ODN0000126327,n,right_only
A9037D26-8DCA-414C-A07E-92AC93FA4870,,,,,,,ODN0000146458,n,right_only
02CA6266-16BA-40CE-9AE4-3900ED85CBEB,,,,,,,ODN0000578062,n,right_only
C2BD98BD-1C2E-445A-807C-228D1692FFE3,,,,,,,ODN0000138699,n,right_only
590115D6-6090-4EF1-96D4-3F34879282E0,,,,,,,ODN0000636094,n,right_only
6667D617-1045-4018-AF43-9B32A4B2C6F6,,,,,,,ODN0000105173,n,right_only
1D83024D-6466-450C-A03B-3368B991E3A0,,,,,,,ODN0000353068,n,right_only
928E8DFF-F96C-471D-8A31-86F14EA21E5F,,,,,,,ODN0000106331,n,right_only
41ABF7F8-C348-4768-8F76-5514750B3E76,,,,,,,ODN0000105245,n,right_only
897F7163-7FF9-48B7-AC02-FA543BA93AB3,,,,,,,ODN0000146527,n,right_only
EC771A7C-3FB3-4F92-AD45-A32505B38CDB,,,,,,,ODN0000484495,n,right_only
C8A14007-21BF-418E-BF3C-5C83F34D0E10,,,,,,,ODN0000192088,n,right_only
7B59289A-DCA6-4C6A-A9A9-491A74995F02,,,,,,,ODN0000146476,n,right_only
2FA85C8B-93CB-4BA8-8B7B-1D8B7B920DCC,,,,,,,ODN0000578064,n,right_only
C931CA03-85DC-48AD-BE66-E777EB89209F,,,,,,,ODN0000484509,n,right_only
C02C53C9-48AF-49FA-AB9C-38C1A56AD809,,,,,,,ODN0000146481,n,right_only
8AD7CC72-8ABD-4503-A1E2-E198CC243005,,,,,,,ODN0000556605,n,right_only
02395544-3AC4-41CB-B6BC-3E9C709652BB,,,,,,,ODN0000105278,n,right_only
A8BC448D-D5EA-43B2-B92D-B40AE44D8951,,,,,,,ODN0000105207,n,right_only
CAA8EB59-8041-41BD-9D6B-D90C0C8204A8,,,,,,,ODN0000114561,n,right_only
B55F6D72-839B-4AA0-B655-6A1024900665,,,,,,,ODN0000105280,n,right_only
FC9F5CEC-39D3-4F5E-896C-FBFAAA83A7D9,,,,,,,ODN0000105208,n,right_only
D6341BD2-CD00-4D4E-9343-38FE29618A10,,,,,,,ODN0000118497,n,right_only
5221AF65-9B63-4A7D-8E8C-120CEF04383E,,,,,,,ODN0000105210,n,right_only
70A33A6B-6739-48C1-983B-7C96A927411D,,,,,,,ODN0000146488,n,right_only
75EA80CA-9E09-4C76-86EC-D2387B03F800,,,,,,,ODN0000106336,n,right_only
52F84FBE-C73E-48C1-8FBC-EF3845EC1B8D,,,,,,,ODN0000105282,n,right_only
AAB44838-1E90-410B-856E-E5A14DCFF762,,,,,,,ODN0001544392,n,right_only
E793E6FB-D992-4843-9D13-88DDEC550D21,,,,,,,ODN0000105168,n,right_only
7D0773FA-A871-46B8-A47B-6CD7C4F212C6,,,,,,,ODN0000105215,n,right_only
A84DB6D7-021C-47B8-8B5D-BD44E6191467,,,,,,,ODN0000105216,n,right_only
DA59BB84-762B-4171-A095-873F2A98101F,,,,,,,ODN0000354253,n,right_only
531BC1C2-61AD-4620-A59A-0CD6B0DD71B3,,,,,,,ODN0000106339,n,right_only
2D672EC4-E082-45BD-9663-5E7023CE0734,,,,,,,ODN0000106341,n,right_only
589A5EA3-0DF3-45E2-BD47-5E8C08E35966,,,,,,,ODN0000106342,n,right_only
1A054895-ED26-48A4-8752-1E8D027BE399,,,,,,,ODN0003359876,n,right_only
82390964-CBD9-4A99-A01B-9E2FA3AFE39E,,,,,,,ODN0000105223,n,right_only
45478FEC-25FF-445B-B3C3-A16AFBBB8200,,,,,,,ODN0000106343,n,right_only
433104B9-7CE4-4BF9-B0BF-0A343C8CCCAC,,,,,,,ODN0001928975,n,right_only
B99929F8-A2C1-4B96-B263-EAB6DC598B1B,,,,,,,ODN0000105224,n,right_only
C4BF98F0-FE32-4D4F-A069-9E4A365C4A2D,,,,,,,ODN0003619133,n,right_only
360A2A6D-1875-474A-B4F2-E358AC234205,,,,,,,ODN0000105226,n,right_only
357A3C9A-6538-4A17-B340-2CC44693CB1A,,,,,,,ODN0001928917,n,right_only
E5C4C547-CD30-4B09-B81F-66FD200CC098,,,,,,,ODN0000105267,n,right_only
B60A91DA-7759-4948-81AE-75095C265CBF,,,,,,,ODN0000484503,n,right_only
E1DAD4DA-D46B-4FA9-A852-C5AE1C30C3C6,,,,,,,ODN0000105229,n,right_only
2B988468-DD73-4613-B63F-E4FA3D45658E,,,,,,,ODN0003359879,n,right_only
BBC9A32C-BFCE-4BA1-9712-82751F9F3B41,,,,,,,ODN0000133401,n,right_only
0B2C1886-C91C-48EB-B897-18F5549361E1,,,,,,,ODN0001499813,n,right_only
5CDCB4A8-DE5B-47B8-B9D8-00B85B787B57,,,,,,,ODN0000105234,n,right_only
BBB17F0F-A38A-4642-80E3-E8558A800C4C,,,,,,,ODN0000105284,n,right_only
4AA00D73-8F4B-4652-BCB4-88C175E247D3,,,,,,,ODN0000105286,n,right_only
406F62D9-38CA-4C8D-96CD-F4056E787938,,,,,,,ODN0000150856,n,right_only
FFD487D3-9D3F-45D9-8744-041FB7ABBD67,,,,,,,ODN0000105239,n,right_only
D2BD3055-D1D5-4AB0-9FEC-E0DF4B77AEAD,,,,,,,ODN0000105246,n,right_only
8A0441A8-FDC9-4696-BC62-BA2B76DABD32,,,,,,,ODN0000106349,n,right_only
5932481C-1563-48F4-AF66-B35A0E97AD9F,,,,,,,ODN0000106350,n,right_only
84572B6C-1677-42E8-9BBC-A6946A9C92F7,,,,,,,ODN0000106351,n,right_only
E290844A-6C81-4020-AABA-A09E1FC204CA,,,,,,,ODN0000105290,n,right_only
0EA036C9-C4DB-4A87-A741-5CC03BF9D96E,,,,,,,ODN0000105292,n,right_only
AE80E5A4-078F-48ED-8AF6-2F4ED1B21ED4,,,,,,,ODN0000160465,n,right_only
DFAD20FD-98DD-4084-9267-8ADD7B9FE438,,,,,,,ODN0000160397,n,right_only
1A514718-8228-4C83-986D-17EB41C37F7A,,,,,,,ODN0000105247,n,right_only
AB3EA4AE-42E5-4320-AB31-65C4C5068930,,,,,,,ODN0000105249,n,right_only
42699363-1D5C-4434-A07C-CFE6FA6F3150,,,,,,,ODN0000583258,n,right_only
6169606C-6AEC-4998-96EF-50C1808C953D,,,,,,,ODN0000105253,n,right_only
B09DAC02-1501-4B68-83D2-865816CEB05B,,,,,,,ODN0000160406,n,right_only
B3DD9619-BD0C-4BE8-B405-0C9C42A56F45,,,,,,,ODN0000105293,n,right_only
9E49F979-51A4-4BA9-B730-BC64EEE0EB48,,,,,,,ODN0000105294,n,right_only
C3AE4408-4147-4735-BDB5-E6641E526B66,,,,,,,ODN0001637909,n,right_only
CECA38B7-A38D-4B03-9448-B10726896BFB,,,,,,,ODN0000105295,n,right_only
3C3E30A3-02F5-48FC-A071-920F900394CF,,,,,,,ODN0001085504,n,right_only
FFF07DB1-93C3-42FA-94F2-75D78EE8DE21,,,,,,,ODN0000106356,n,right_only
9BC0CECB-2F57-4729-ADFE-EC588481726C,,,,,,,ODN0000105256,n,right_only
E09E9C41-BC38-4B6B-B419-508946A5EB99,,,,,,,ODN0000105258,n,right_only
F4E9231A-36E0-42B2-8D94-A40C0713E2A0,,,,,,,ODN0000484512,n,right_only
EBC60948-783A-48D4-A1A6-FC82A4756B2C,,,,,,,ODN0000105297,n,right_only
7A865A56-3080-4676-BB78-4B9484287347,,,,,,,ODN0000105262,n,right_only
89B242B4-49CA-4A59-92C4-C13EE0331566,,,,,,,ODN0000105298,n,right_only
82B2F6BF-C3BB-463F-BADC-392E4376D8F9,,,,,,,ODN0000146543,n,right_only
869CAAD4-12C5-4C99-A69F-BD08073625E1,,,,,,,ODN0000202548,n,right_only
7FE8CA43-D9FE-4FEC-91AB-186728481376,,,,,,,ODN0001756640,n,right_only
4CC9FBDA-8898-4672-9406-EEDE703156E7,,,,,,,ODN0000105299,n,right_only
80F4FAD9-11FE-4392-8F89-AFFBF2FB1D43,,,,,,,ODN0000105265,n,right_only
5F00A93F-6370-40F7-8781-F6E4589028B0,,,,,,,ODN0000105266,n,right_only
1F31CD63-F877-48A2-8639-55DCBF694F70,,,,,,,ODN0003602493,n,right_only
569085C7-3CA7-4CDB-85BF-51CEA2D47B3B,,,,,,,ODN0000114610,n,right_only
78EE6D82-AEA4-47B6-8349-6E2C19FD572A,,,,,,,ODN0000105301,n,right_only
9A189909-CEBF-427E-919C-61B52B692C41,,,,,,,ODN0000105302,n,right_only
8EBCDDC9-7E9A-4AEA-8114-EB688765A6A0,,,,,,,ODN0000160492,n,right_only
B1A6694D-138A-4B6D-9DCB-8C7E0BF2E2FE,,,,,,,ODN0000105311,n,right_only
998244C3-AFB3-4DF7-939F-B938BAF7014E,,,,,,,ODN0000105312,n,right_only
AED2019A-D3C4-43B4-A1F2-2CD82C4086F1,,,,,,,ODN0000133483,n,right_only
AA2583D2-B2A5-4DD6-A1C1-CE5487289AB0,,,,,,,ODN0000105316,n,right_only
784C9315-39B5-4693-A328-B017C136C4EC,,,,,,,ODN0000105320,n,right_only
570FFF3F-6532-48B1-AC5C-216BB2F7EE21,,,,,,,ODN0000105306,n,right_only
8A095DEF-3921-45B3-8988-E40942BBAF6C,,,,,,,ODN0000105323,n,right_only
C1BA5C46-D4C5-4B11-803F-E44DC5B2C39F,,,,,,,ODN0000333164,n,right_only
B21590AE-C379-46B1-9090-021F3955F509,,,,,,,ODN0001756687,n,right_only
EEF588F6-8373-471C-94C7-2CC57036E5FD,,,,,,,ODN0000105308,n,right_only
B2869D64-1335-4AB4-9A37-6E37160418CE,,,,,,,ODN0005510669,n,right_only
AB8E664C-85AC-4FAD-853B-3D816C0898FA,,,,,,,ODN0005558604,n,right_only
73AD444E-A337-4D8A-81AB-8F30433D26A9,,,,,,,ODN0000503579,n,right_only
58465E1D-A551-4856-B7D9-1324A0405AAD,,,,,,,ODN0001486468,n,right_only
060FAD81-B021-499A-845B-A63844BD9ACE,,,,,,,ODN0000133449,n,right_only
6CAE5B1B-7DBB-4F70-9ECC-A828A1D50654,,,,,,,ODN0000494743,n,right_only
5BA8BB33-CFD2-4B1B-8087-7DA53496C935,,,,,,,ODN0001544386,n,right_only
553541B6-DF04-4C73-9E5E-B949A1D527BA,,,,,,,ODN0005376561,n,right_only
1BE5148B-7204-4BA2-8A1C-7EF995E648FE,,,,,,,ODN0000146466,n,right_only
D5EA468D-0B7F-48C0-938C-5E711387DA55,,,,,,,ODN0001344245,n,right_only
D2B90C53-7750-4F7B-A12C-38AB9236A9F1,,,,,,,ODN0000148730,n,right_only
91F62630-2AF7-4760-80D0-E80C3C49B929,,,,,,,ODN0003461415,n,right_only
0295E5D1-DF53-493F-8AA3-91BFC6CF275F,,,,,,,ODN0000138790,n,right_only
5D0CFFD8-C2B5-4015-A98C-C1C5337899B7,,,,,,,ODN0005328981,n,right_only
BD55AD65-5FC7-4382-BA51-FC1C8D754307,,,,,,,ODN0003461358,n,right_only
38495ABF-217F-45BC-80CC-31DC67E303FC,,,,,,,ODN0005019885,n,right_only
07C7CDA8-D0E0-4BB8-8E18-E717EAB69BA9,,,,,,,ODN0000767807,n,right_only
EB3C02E1-00A1-4EC8-A8D9-775CF65788B1,,,,,,,ODN0005558564,n,right_only
D81BDF7C-0671-4340-AEEB-EA70B69B5B98,,,,,,,ODN0002962396,n,right_only
6E6E8AE0-A6A7-4348-8DE9-1C8A66D8783A,,,,,,,ODN0005215697,n,right_only
B7BF7287-C3E8-402E-BE1B-83EB6FA22384,,,,,,,ODN0000244301,n,right_only
55D2FC17-91E3-4ECC-9FC6-3FCE11FB5E54,,,,,,,ODN0003461327,n,right_only
C5C905C3-FA9C-4AEC-A765-F9386373D08A,,,,,,,ODN0001771253,n,right_only
C1397003-EA27-4225-8AC3-6FC1D70D94BE,,,,,,,ODN0000578065,n,right_only
2FAC6213-B0E9-4947-AAA8-F89634753986,,,,,,,ODN0000556598,n,right_only
06A6FB5F-9058-46D0-96C6-4C4E0ECB247E,,,,,,,ODN0003682169,n,right_only
77C33037-4DA7-46BD-A03E-676103ED1E53,,,,,,,ODN0000653863,n,right_only
BB77A0F7-C295-4DED-ADA8-2B7471B57136,,,,,,,ODN0003461694,n,right_only
1C2D643F-694A-47D8-823F-4B4918C55D76,,,,,,,ODN0002156924,n,right_only
2F773B10-234B-45F6-992A-E3E4721D0032,,,,,,,ODN0005273636,n,right_only
3AF76F9F-2DA0-4D12-B9C3-953E2C2939E4,,,,,,,ODN0005328986,n,right_only
BF8F1F07-BFA4-470D-B368-A414AA37758F,,,,,,,ODN0005215474,n,right_only
41A52DE4-B668-4133-B284-2ABAF04BE54B,,,,,,,ODN0001555799,n,right_only
D7527198-A379-452D-B0D9-DE02B52A8325,,,,,,,ODN0005273762,n,right_only
64237C87-6673-4CD4-9B6C-60D46BB4C48E,,,,,,,ODN0000556600,n,right_only
C01DB6A8-3CD0-4458-811A-074003832DAC,,,,,,,ODN0005273691,n,right_only
F02EB1CB-2040-4D3A-A434-360160DD8C4F,,,,,,,ODN0003442362,n,right_only
83318231-E470-4219-84BB-83BA2A938E6F,,,,,,,ODN0005558543,n,right_only
14034147-8CE1-4B78-98CC-59BCBCFAB732,,,,,,,ODN0003461724,n,right_only
6EFB98FA-E567-4E8E-9625-1E6CEC2706D5,,,,,,,ODN0001588512,n,right_only
9E6B6C10-2988-42F8-86B4-C38D8DEC1715,,,,,,,ODN0001121828,n,right_only
F7D33421-78DF-49B0-9716-2472B612CBD2,,,,,,,ODN0000133441,n,right_only
A376D988-2F7E-46A5-A0A9-75AB4ED307B1,,,,,,,ODN0005404027,n,right_only
3885FA8D-92C6-4F43-A100-E5A22DF3F62A,,,,,,,ODN0005004822,n,right_only
CB24C0C5-52AE-49ED-AF1E-0CB251C44445,,,,,,,ODN0000152381,n,right_only
B72D543F-585F-4A98-9613-78536028B98C,,,,,,,ODN0005294825,n,right_only
20EDB3DC-8488-4463-8BA4-F15D2C1A5B4D,,,,,,,ODN0001928987,n,right_only
47495729-8E55-4F77-89B1-13A2C388A6A8,,,,,,,ODN0000470673,n,right_only
FFF55850-2B88-4FF7-8B76-908ACB0E11EA,,,,,,,ODN0003461756,n,right_only
1F25862B-29A5-49B5-8291-2965905D6D2E,,,,,,,ODN0000353081,n,right_only
CD91CC8B-BD43-4A19-9AAC-EB60E3CB113A,,,,,,,ODN0003241477,n,right_only
FEF3BC7E-71E2-4E6E-978A-5EF2ADF81A3C,,,,,,,ODN0005167612,n,right_only
99A0B59D-090C-436E-AF18-32F507653970,,,,,,,ODN0000241230,n,right_only
4F8F7475-A5C1-4EA7-BDCB-9B7E8C1836B6,,,,,,,ODN0001555804,n,right_only
359CA3BA-23F6-4478-9F59-204556D13DB4,,,,,,,ODN0003461771,n,right_only
8B0446AF-D725-4949-8785-780FD43B1C52,,,,,,,ODN0001945240,n,right_only
BA51E281-8B73-4339-B31C-C95061C4B443,,,,,,,ODN0004876281,n,right_only
13D9EBBF-B6D0-49B7-B19D-6AC884E349DF,,,,,,,ODN0003326118,n,right_only
21D4BC86-57B2-426D-8C72-E149C4F66DC6,,,,,,,ODN0005305124,n,right_only
D7180AD0-C276-4B54-A801-266B867B5122,,,,,,,ODN0005521486,n,right_only
840B4454-845E-4D83-BC35-F287184BF746,,,,,,,ODN0002001581,n,right_only
495C40B2-C074-4508-A143-7E541A730C19,,,,,,,ODN0003064275,n,right_only
465F7F8B-2BB7-43F8-A0F8-5CFB8F199E8C,,,,,,,ODN0000146525,n,right_only
FA526455-388F-401C-8742-534A033A4614,,,,,,,ODN0000150598,n,right_only
BF41C11D-362C-47A3-9D30-E93FD3955391,,,,,,,ODN0000146526,n,right_only
7DBDEAF2-FD2F-404D-9DF8-FB8ADB3BFCE0,,,,,,,ODN0000138703,n,right_only
E5BCCA44-3E20-4380-9C4F-9A38B740B80C,,,,,,,ODN0000138704,n,right_only
44499F4D-F58E-4ECD-B5CD-57AF90ACFDFA,,,,,,,ODN0004857328,n,right_only
A8698CAC-0D1A-4302-A2C3-05E53E5327E3,,,,,,,ODN0000146465,n,right_only
4346B1C7-D9BE-41AF-A170-579DEF9F6D22,,,,,,,ODN0005273401,n,right_only
DBA638C2-B2D0-41BC-867B-02FFDC16E881,,,,,,,ODN0005152635,n,right_only
FDC5265A-C506-4F0D-969C-FC3FA1B7A650,,,,,,,ODN0003390577,n,right_only
87CB6323-DA34-44F5-BDEA-2665C0B0E6D9,,,,,,,ODN0000138710,n,right_only
F96C536B-EE9D-473A-B295-3D052F00EFB4,,,,,,,ODN0000123544,n,right_only
7FBC1CF3-B2D5-49E2-96DB-C5E12DB03DAA,,,,,,,ODN0000349152,n,right_only
3F782BC3-339F-49FC-9193-499F2EEA2C38,,,,,,,ODN0000138711,n,right_only
F28CAA94-7EDC-44FF-9726-90221F1FDA53,,,,,,,ODN0005232796,n,right_only
355432AA-2C95-42EA-BFBC-F690D41B2D0E,,,,,,,ODN0000146529,n,right_only
DD68E94F-51A8-4C4D-8BF0-651265BB0161,,,,,,,ODN0000146469,n,right_only
2B8EA4D9-6F21-4A95-AE59-979E974EF042,,,,,,,ODN0005152637,n,right_only
3BFA7203-F603-4A80-A2D3-4E0F128DCF01,,,,,,,ODN0005004725,n,right_only
E9151BDA-B0BD-4E73-ACAD-424BCC520F6C,,,,,,,ODN0005637151,n,right_only
92E484E5-B44D-4FC3-9B0D-C4FE834DA2D8,,,,,,,ODN0000176291,n,right_only
8E8F1659-AD4C-4E40-9EEA-0644212A10AB,,,,,,,ODN0000146531,n,right_only
730E8FBD-201D-45E6-A360-8F4A6A7C53CD,,,,,,,ODN0000146475,n,right_only
9B696FF1-6895-4DFD-8886-106E18C198CD,,,,,,,ODN0004848076,n,right_only
D6D69539-2C00-4BB2-A5D4-110FF1096729,,,,,,,ODN0000484497,n,right_only
BD087682-C950-48BB-8F96-C878DB127B34,,,,,,,ODN0005509935,n,right_only
A89C0404-4FCA-457D-AE65-DC34AE7B8308,,,,,,,ODN0005558558,n,right_only
3CAB5648-A9F7-48FB-8BD8-48E7FEB27102,,,,,,,ODN0000205395,n,right_only
4863047B-6A7C-4816-9CD9-96AD9417BE54,,,,,,,ODN0000146477,n,right_only
35441E26-4C08-41DC-9018-0B1568E0D873,,,,,,,ODN0000354927,n,right_only
1B32D163-6220-4131-AF23-490682E44FE3,,,,,,,ODN0005215924,n,right_only
100AA7F5-588A-417E-A99B-1826BC4D489C,,,,,,,ODN0005167644,n,right_only
D1F906C0-FB2B-49C1-8BF0-CA323BFF4D0F,,,,,,,ODN0002260209,n,right_only
FEBB95B8-4462-42A7-BDC4-AFB67F57353B,,,,,,,ODN0005558559,n,right_only
6E5E9C1A-1B58-4347-9541-78C48F1571A4,,,,,,,ODN0004867027,n,right_only
AE1BB7B6-4738-45A9-8573-AE2BB6E70A02,,,,,,,ODN0004948056,n,right_only
E224642F-B4FF-4B9A-9325-F81363851F57,,,,,,,ODN0005167649,n,right_only
CA78B4BA-C757-497C-96FC-794CCDDBD5C2,,,,,,,ODN0001336018,n,right_only
87EDA335-0F50-488B-8371-88CFE2B7EBD8,,,,,,,ODN0005167605,n,right_only
B27CD9D2-7578-4E23-BE8F-CE5E757B4D0A,,,,,,,ODN0001788410,n,right_only
02620295-3793-455B-87E7-BC54D147C67A,,,,,,,ODN0000278636,n,right_only
F8E58E24-0FC8-49B2-9C36-6C9FE6D41318,,,,,,,ODN0005522736,n,right_only
77279AB2-0CB7-4E92-AE67-B2CBC03DA841,,,,,,,ODN0005537286,n,right_only
86AB64B5-3A20-4E30-ABD1-D13207111EBF,,,,,,,ODN0005637161,n,right_only
A092E77E-D26D-423F-88C6-5A7D07D29064,,,,,,,ODN0005572252,n,right_only
48B9D0D3-079E-4782-8D9B-E3861B35F5E6,,,,,,,ODN0000147514,n,right_only
DDAC739C-7C04-44C0-A5F9-33BADF5E8107,,,,,,,ODN0001737042,n,right_only
37DC475F-F6CD-4AE2-840A-77CFA226D3DA,,,,,,,ODN0000454095,n,right_only
EE2D5B9F-630A-4923-B78D-6E7100B9A535,,,,,,,ODN0000150750,n,right_only
0143CABF-1656-403A-9AA5-9836C32DB8F9,,,,,,,ODN0000146483,n,right_only
669B7F43-0672-4958-BB73-1E1B6A43B084,,,,,,,ODN0005558567,n,right_only
24284BA4-7BB4-4789-B5F3-FA6AA5732781,,,,,,,ODN0001913758,n,right_only
FC3C700E-BC47-4F7E-B844-D0C7DB3E509E,,,,,,,ODN0000484500,n,right_only
B2B56119-707B-4177-9933-1AC82E047883,,,,,,,ODN0003326157,n,right_only
60EEC7AD-12A5-4800-87CE-A1793A60EE16,,,,,,,ODN0005305256,n,right_only
B2D87087-3C1C-4F62-A4EB-A7FB3AB7080B,,,,,,,ODN0005115495,n,right_only
249607BF-455B-4536-95BE-F968A1A36DA3,,,,,,,ODN0000150551,n,right_only
C77AC64C-B941-4A53-A200-24E1730C2B82,,,,,,,ODN0000354252,n,right_only
CF2AEC65-6C62-4045-B315-46665FFFE9AA,,,,,,,ODN0000460381,n,right_only
8CC4C33C-86F9-4FC2-8A48-E6A4C614804B,,,,,,,ODN0000146492,n,right_only
AC8AAF08-1444-4C6A-9D63-81A8BD3861AD,,,,,,,ODN0005572149,n,right_only
181E3120-8A65-47C9-87F2-14DF9897F4C2,,,,,,,ODN0000133395,n,right_only
E4F28C5C-A8CC-4974-B02F-13223E6482BB,,,,,,,ODN0001515012,n,right_only
E85D0C60-27D2-4EAC-A788-69BD33ECB92E,,,,,,,ODN0005273760,n,right_only
6CFEB79A-ADAC-45E3-847F-B51F048C6D4B,,,,,,,ODN0000192488,n,right_only
B6EE9B02-EE06-4D6D-9E19-1EF482BFF110,,,,,,,ODN0003116630,n,right_only
1FEF9BC4-80BA-4C73-B804-5EEFA94B20F9,,,,,,,ODN0000314161,n,right_only
1DB40E8F-F0D2-4C96-8028-D672469956F4,,,,,,,ODN0002198017,n,right_only
E718BC73-757C-4DA3-9DB3-948D3E33B1DD,,,,,,,ODN0000146536,n,right_only
9469CE37-978D-4925-B952-8B26400E156B,,,,,,,ODN0005152667,n,right_only
29F9CD62-5C1C-46F2-9656-88B194B16A7F,,,,,,,ODN0000524407,n,right_only
0A5DBB69-32D2-4D23-B491-507267127BD3,,,,,,,ODN0001737047,n,right_only
0E5EAF59-E162-4616-9870-8A92389870CA,,,,,,,ODN0005152679,n,right_only
6314A774-F0A3-48D8-B2C4-1DEBCF7F14F2,,,,,,,ODN0001665134,n,right_only
3A0EDC80-60C7-4E1F-88A2-98E0FE3787BB,,,,,,,ODN0000146496,n,right_only
146D2912-1B2D-434D-B743-BCE347952F2C,,,,,,,ODN0005242482,n,right_only
44370049-8C30-41C0-BAB8-F8E31764BB21,,,,,,,ODN0004896620,n,right_only
A6735E04-EE58-4D9F-8039-C661D88FED98,,,,,,,ODN0000146499,n,right_only
B29FF2E6-1D1C-4D94-A23F-E0F2A4959002,,,,,,,ODN0002067576,n,right_only
CFF5DEF5-26DF-49E0-831D-F9E4C7D7AA4A,,,,,,,ODN0000356180,n,right_only
8FA598DF-C6CC-44D5-9468-3D408807F05A,,,,,,,ODN0005510544,n,right_only
902AE989-B4AE-45C6-984C-030595CF782A,,,,,,,ODN0000146500,n,right_only
6A192474-16A5-451A-B79D-FEE0429E1419,,,,,,,ODN0005152670,n,right_only
8EBFB57E-91F7-4982-8A76-3075228D5D1C,,,,,,,ODN0000146537,n,right_only
BD659C5F-0304-4591-AAEB-E0271D00CE11,,,,,,,ODN0003198238,n,right_only
9D84E53E-7BE8-4806-BB66-DB023718383D,,,,,,,ODN0000484504,n,right_only
D9500251-16D2-45B7-BEDD-5BB174FEB06A,,,,,,,ODN0000116771,n,right_only
0341FBD1-CF46-4605-B95C-7E7043ACE5E5,,,,,,,ODN0004848088,n,right_only
22DA9580-D0E9-4D82-8101-93C631B49449,,,,,,,ODN0003217400,n,right_only
AF2FCF49-CEF9-43EF-B976-237A4DB56D47,,,,,,,ODN0000138749,n,right_only
F860C6F3-980C-40EA-996B-F897D68D1440,,,,,,,ODN0000191905,n,right_only
94FD0F31-DB32-4CDE-9E97-9069C45A72C0,,,,,,,ODN0004896641,n,right_only
3ACB2504-AF8E-4F16-B035-8E96D4B50451,,,,,,,ODN0003865286,n,right_only
AE1F080D-8CAC-4E77-8652-A74FB24C4DED,,,,,,,ODN0000146502,n,right_only
0677266E-5EE3-4C85-BE49-295E8CE0A812,,,,,,,ODN0005273643,n,right_only
4F2158CA-B641-4598-B98C-F08EDAF788B1,,,,,,,ODN0005130645,n,right_only
3415BD2B-D72C-4A81-BE74-4048C8D279CE,,,,,,,ODN0000133413,n,right_only
2FBA0851-1413-4718-938E-8655A2499320,,,,,,,ODN0005637194,n,right_only
614BC715-CCE3-4274-B9BF-8F3D71682CE7,,,,,,,ODN0003337191,n,right_only
AA5BF2A1-C8BF-44C3-A625-A73975F30EDF,,,,,,,ODN0005389289,n,right_only
00FED0AA-3EC5-4CE1-9FCB-239E1DF11D36,,,,,,,ODN0000192966,n,right_only
0447CB32-5D03-4656-B1B7-0DC0AD86A99A,,,,,,,ODN0005273765,n,right_only
5628C51C-60BB-4508-92E2-DABC0A4282B0,,,,,,,ODN0004857359,n,right_only
5CA8BE27-F1C1-4DF0-A9E2-B6D8E804905E,,,,,,,ODN0005376663,n,right_only
C5FB6B1D-1113-4CC0-AA9D-E349C5AB6B94,,,,,,,ODN0001928963,n,right_only
5760F97A-4C0C-4791-B14D-98E69C574614,,,,,,,ODN0000146508,n,right_only
911A4956-D35B-45A0-BE6F-B4841CD4A7B0,,,,,,,ODN0004775063,n,right_only
5D915961-F336-4023-A83B-4C7DD7C2B9EB,,,,,,,ODN0002067580,n,right_only
64B834F0-70EB-4714-8F42-C87A95683A5A,,,,,,,ODN0000146539,n,right_only
2838305F-A38B-40F2-8D4D-A195D36B923F,,,,,,,ODN0000510433,n,right_only
432BB263-EFA9-4DE9-9A1A-1D3DBAAEC870,,,,,,,ODN0005522472,n,right_only
7F08A4E5-CDDE-4C60-BCAD-5750885C9F4A,,,,,,,ODN0001378253,n,right_only
1AA97098-3FCE-4148-94D1-AC4054B6F2ED,,,,,,,ODN0000146541,n,right_only
3248E3CA-A63D-4236-BF16-99019E0C4350,,,,,,,ODN0003326199,n,right_only
AFBE3BB7-C7B7-40C8-8328-85626D3E5515,,,,,,,ODN0005152654,n,right_only
C6108C84-43CA-4363-83ED-5C7E4D322729,,,,,,,ODN0002419814,n,right_only
3F5C5F9A-4102-4219-91F7-A736D7188C72,,,,,,,ODN0000484506,n,right_only
6BAB53BA-5651-426C-AC72-5E17B24B2A18,,,,,,,ODN0000150950,n,right_only
26ED64DC-7105-48F6-B6AF-C11EFFC3AC88,,,,,,,ODN0000075930,n,right_only
BA784C6F-2B77-4B76-821E-4586AAC6DF1A,,,,,,,ODN0005273297,n,right_only
7A7353E4-2702-4E66-9B18-579E5ADA6987,,,,,,,ODN0000460387,n,right_only
EC343BB9-58C8-493F-B336-A549D5FB3A82,,,,,,,ODN0000150962,n,right_only
79839C08-C071-4962-A18C-CF6D8B4FF003,,,,,,,ODN0000146546,n,right_only
1AFD23F4-601D-4A4C-AD4E-80CAA2A4D689,,,,,,,ODN0000146515,n,right_only
AA004D40-B15E-4CD6-ADCD-4E273E78B37E,,,,,,,ODN0000157156,n,right_only
3C25CCEA-8ABE-4EE1-B2EB-ECB1EB16C373,,,,,,,ODN0000146547,n,right_only
D8A9B1A1-30D5-4372-8458-B0E8BBAD01DA,,,,,,,ODN0000150967,n,right_only
63CF6B52-5D03-4EC5-B8D7-C4EAD9EC32CD,,,,,,,ODN0000133435,n,right_only
9A6B182A-B963-4850-A631-A140ACE4D410,,,,,,,ODN0000138778,n,right_only
D59F295C-B477-4F6D-AF71-A015C3C5120B,,,,,,,ODN0005389277,n,right_only
934140FE-9796-416C-AD9F-6DF5A7B73450,,,,,,,ODN0005167622,n,right_only
D4BB99AA-47B2-494C-80C4-B408C892392E,,,,,,,ODN0001581569,n,right_only
7D41DDE1-E83D-41CA-91CD-ED7EE309DC92,,,,,,,ODN0003337201,n,right_only
C198F79D-1DC7-4E2A-9780-5DA15CE9E09B,,,,,,,ODN0005273780,n,right_only
EFC318C6-CD76-4B4F-BAE5-813F36C7D4D3,,,,,,,ODN0005131068,n,right_only
7FB4DF7C-2022-4982-8356-7C5FAAF2D2C9,,,,,,,ODN0000138093,n,right_only
2DDEFCD6-8C84-44A9-B4B2-374B897611DA,,,,,,,ODN0000218704,n,right_only
457E48E6-3AFA-4918-AF30-FC1038511CEE,,,,,,,ODN0005572249,n,right_only
B9FD21E4-3459-4A9C-8E0A-1748F00CF54D,,,,,,,ODN0005089466,n,right_only
B863E585-5340-4E21-A514-F4C9F1FB4D72,,,,,,,ODN0005115514,n,right_only
77A929D5-254F-43C8-9B9B-6EBE4F8CA88F,,,,,,,ODN0005167624,n,right_only
4CB481DD-C8C3-444D-96FF-DC95020714F6,,,,,,,ODN0000146522,n,right_only
AB78D242-FB76-4CE5-A378-C1702854E016,,,,,,,ODN0000151083,n,right_only
56F4E5C5-946A-4A7D-B002-14423D99B810,,,,,,,ODN0000157185,n,right_only
061C5BC8-CC0D-4FE8-BD4F-A986E79A2E95,,,,,,,ODN0001776913,n,right_only
70FFD428-3A08-4081-856D-C670B5F07FC6,,,,,,,ODN0005167626,n,right_only
58F48AEC-D822-4A9D-96AC-915F3E29D9C7,,,,,,,ODN0000138094,n,right_only
FEB54B50-5E59-4855-94AF-68ABCC641557,,,,,,,ODN0000146551,n,right_only
F66391A6-257B-44D2-B6FF-1353CF674800,,,,,,,ODN0000123655,n,right_only
96018D2E-436E-4600-BFA2-E5A2E18AA010,,,,,,,ODN0001542086,n,right_only
C7A16676-6D3B-4FE0-8425-1F8DE7A8D2D9,,,,,,,ODN0003348556,n,right_only
A67DBC79-263E-4808-92F7-34D359095563,,,,,,,ODN0005067452,n,right_only
5501C293-497B-4EF0-A12D-4BB421195193,,,,,,,ODN0005215886,n,right_only
658F72A9-3133-4217-85BB-2756F490C5B0,,,,,,,ODN0000146556,n,right_only
E978D17B-593A-45D4-8B17-6CC241AEB8ED,,,,,,,ODN0003326228,n,right_only
9284C66D-D3DE-47F3-BD3E-AD8CD36F0D87,,,,,,,ODN0000354257,n,right_only
1A59D36A-DE70-470A-A695-83BC3ECAE9DC,,,,,,,ODN0005242481,n,right_only
2EF340DE-08D6-47A3-A5E8-A48D0E6FD1A3,,,,,,,ODN0001283832,n,right_only
78AB37D6-3549-4E80-90F2-D86B9AC71CED,,,,,,,ODN0000146558,n,right_only
149BC16D-2589-48B8-8935-C2F6E36AF4FC,,,,,,,ODN0000151104,n,right_only
DE1D2418-2A9A-4644-AF45-B1965C30236D,,,,,,,ODN0000451338,n,right_only
6B78B3A1-4C81-47EA-9BCC-FCBF9FBCA2D0,,,,,,,ODN0005273781,n,right_only
7CAF2A0F-1570-4CA0-B626-69EBEC2DB400,,,,,,,ODN0001737052,n,right_only
3D5B9F18-8508-4480-9DA8-A63C93D66A63,,,,,,,ODN0000151107,n,right_only
59BD834B-1E80-48C7-9090-6B5CBDFF0EA8,,,,,,,ODN0000109958,n,right_only
5B14AA96-3DE0-4B77-98FC-BA75EB1AC64C,,,,,,,ODN0001371439,n,right_only
7650C5B4-62F6-440A-91D4-01300C57A11D,,,,,,,ODN0001229370,n,right_only
5ADC8491-406A-49E4-9BFB-7D0555EFD48E,,,,,,,ODN0000157267,n,right_only
3023CDA5-7236-48D7-8D09-3EE03F43C1CE,,,,,,,ODN0005242488,n,right_only
0F1A4E46-2975-4CA5-9478-F9EF2E9D33E0,,,,,,,ODN0000151113,n,right_only
C4CEB1CB-586D-44B1-88EF-5F9B1617DE0B,,,,,,,ODN0000193901,n,right_only
49D9487B-BC48-44CA-943E-26D3FB39E6CD,,,,,,,ODN0005606376,n,right_only
593F1F09-1C57-494F-94A4-BCD2414EACF6,,,,,,,ODN0000467037,n,right_only
466E177A-43D3-49D3-B1F0-4173F26BAF69,,,,,,,ODN0003469598,n,right_only
7B02F5E9-685D-4D82-BE79-CA65DFC12276,,,,,,,ODN0005664555,n,right_only
D78EBAE4-104D-40E4-B23A-A0273F45B6C7,,,,,,,ODN0000146561,n,right_only
4C623AC3-B6EA-4D42-BCA6-F159B9D843FF,,,,,,,ODN0005588267,n,right_only
270E964E-989E-4247-86A5-56A915A85E92,,,,,,,ODN0005588313,n,right_only
833AB4A8-312A-4733-811E-EC28F5147E1D,,,,,,,ODN0002176400,n,right_only
C8BB8469-C5F0-43EA-961C-4BFA329C4CB0,,,,,,,ODN0000195621,n,right_only
9A2B48B9-7C76-4725-AEE5-ED9ED64C8F91,,,,,,,ODN0000208425,n,right_only
25CB914B-1645-46E0-B34D-94B50674E395,,,,,,,ODN0000225835,n,right_only
7C8C969B-DDEA-4D7D-962F-BBEE383ADFF7,,,,,,,ODN0005464361,n,right_only
FCB4F4D0-0DCC-4D5E-87A5-624BCA39D1F4,,,,,,,ODN0002360646,n,right_only
5BAEDD35-DE0F-4323-868D-4D73C6095539,,,,,,,ODN0000542414,n,right_only
0FBA8A25-7814-413C-949D-03DEEA10D04E,,,,,,,ODN0000185176,n,right_only
69BB1693-9060-460A-8CA2-7385B5AE679A,,,,,,,ODN0000185177,n,right_only
EDF0D7AA-929B-4BD6-8878-6682D1D3EB93,,,,,,,ODN0001977164,n,right_only
87388EE7-188E-471F-938F-9E534A4B4F95,,,,,,,ODN0000184811,n,right_only
C7B57D0A-5152-4933-AEB7-ED548CB2852F,,,,,,,ODN0000235213,n,right_only
3AAD2D69-39CB-4944-922E-63B1439640A0,,,,,,,ODN0001628670,n,right_only
454B6E14-BB58-4EDA-8B86-3C93075F7C5C,,,,,,,ODN0000117802,n,right_only
88ACFF04-D3B8-4C59-A701-0116DF9AF39D,,,,,,,ODN0000213272,n,right_only
C2949B69-5FB0-4A5C-9B78-DB20AAFE4603,,,,,,,ODN0000185192,n,right_only
6DA3DF31-7C40-494A-B106-DF5583337522,,,,,,,ODN0000315708,n,right_only
9D33BA29-69A3-4DC7-9D71-E2006CC38066,,,,,,,ODN0000200489,n,right_only
BEE65941-4C70-414C-BF8F-8184E3DCC1D8,,,,,,,ODN0000184976,n,right_only
2B7D7F31-0371-44CF-BDC8-9862052ADE26,,,,,,,ODN0000195623,n,right_only
7859BF3A-8DF7-4532-BBB7-1BF552C8A73B,,,,,,,ODN0001475207,n,right_only
AD7DAB3B-E629-4284-9A6C-2360C169DD04,,,,,,,ODN0000245654,n,right_only
D816344E-1A64-4109-81BA-CB827BE28ADF,,,,,,,ODN0000636728,n,right_only
C60F8468-A873-4997-8A5D-BC939F134A5E,,,,,,,ODN0000184994,n,right_only
2E99C840-EC6D-4C29-9F5C-D99ED6F58B4C,,,,,,,ODN0000998786,n,right_only
00856CB2-5BFB-4B34-863D-AAA5769D4752,,,,,,,ODN0005591247,n,right_only
A6AA90D7-AB2B-463D-8416-6B39A97F9800,,,,,,,ODN0003751313,n,right_only
571040B5-1072-461A-973D-4251D9591C09,,,,,,,ODN0000685980,n,right_only
BE30E1B1-176E-4FBF-B8C4-0F0E45CBC5B0,,,,,,,ODN0000185007,n,right_only
BAC6A8C0-1638-44CA-890F-06DA809B8499,,,,,,,ODN0001321497,n,right_only
56840849-4796-406A-8F66-F8D77614E13D,,,,,,,ODN0000195629,n,right_only
0A72390D-1E82-453A-8387-B4EEB900D1DF,,,,,,,ODN0000224247,n,right_only
13E88383-B522-4989-8F55-26CF67043692,,,,,,,ODN0002300363,n,right_only
B5A6EC98-3BAC-4233-98FB-7A8F3D5B5D05,,,,,,,ODN0000185014,n,right_only
2277C6C5-14E2-4699-8ED2-3C84B6184EDB,,,,,,,ODN0000455922,n,right_only
39B87AA9-20F2-4162-A120-91493C79F88D,,,,,,,ODN0000998798,n,right_only
C2D1ACBC-E6B5-4BCD-BD7D-AD51BC14894C,,,,,,,ODN0000235217,n,right_only
FBEA0A52-6884-4FC3-903B-1F9F2273D628,,,,,,,ODN0000185017,n,right_only
DBC8AC89-9C16-4131-A6B0-FA5E2C1FDEC6,,,,,,,ODN0001348309,n,right_only
5BD0C650-A036-49FE-A19D-787D02238A5F,,,,,,,ODN0002009597,n,right_only
545D23DB-3E14-408B-B541-DB28CA3A095A,,,,,,,ODN0000776727,n,right_only
E0A59F52-0E46-41ED-BD0B-17EA508712EA,,,,,,,ODN0005616269,n,right_only
75BA9361-95F9-465B-B41B-449B6BEFA8DE,,,,,,,ODN0000184838,n,right_only
7B87716C-1C55-4E29-A782-DDACB923A7A3,,,,,,,ODN0000185027,n,right_only
2EBC711D-0F83-4854-A335-F0F73D910598,,,,,,,ODN0005066548,n,right_only
C1EE9835-8CCB-4C43-8BBD-1366BD950BFE,,,,,,,ODN0000117952,n,right_only
0AEE9792-B8DC-44F0-8B6F-46DE03660FD5,,,,,,,ODN0000185033,n,right_only
264B09E7-67C8-45AF-A255-3767774A3A6E,,,,,,,ODN0000185034,n,right_only
AF974735-1D95-44BE-AA2B-487C9219D898,,,,,,,ODN0000195630,n,right_only
3C4595C5-9DCC-4A95-87AE-A1313A17F595,,,,,,,ODN0005807596,n,right_only
25B9AF00-141F-489F-AF5D-C84C9E2B1A40,,,,,,,ODN0002009599,n,right_only
5C9CD941-E489-4BA5-A50D-5D406B3A5BFC,,,,,,,ODN0000185054,n,right_only
F2FB3376-F4AD-4EC5-922D-DACCB05B4DF0,,,,,,,ODN0001977173,n,right_only
0E478799-19F0-4CE1-8FE0-0A9788098632,,,,,,,ODN0002009600,n,right_only
0388C306-8E29-40FC-BBC8-F02BA42DE9FA,,,,,,,ODN0000158133,n,right_only
7A642BD9-1FDE-4ED6-B671-996303FF483F,,,,,,,ODN0000195632,n,right_only
4803AD32-577B-4770-8FA5-10972134811D,,,,,,,ODN0003462903,n,right_only
41ADE1D4-EF93-48BD-8B8E-8989850B21BE,,,,,,,ODN0000158172,n,right_only
66C3762E-6915-4B42-91BD-2A52A4B27DBE,,,,,,,ODN0002360631,n,right_only
AED999BE-D7E8-44D8-94C2-1487424DC929,,,,,,,ODN0005784117,n,right_only
71AB655A-56CF-4555-8201-755883F1C4CB,,,,,,,ODN0005418320,n,right_only
22A8A0DA-D87A-4099-BE21-8D725C9A2335,,,,,,,ODN0000195635,n,right_only
36E84643-3B3A-4496-A211-AC677809A83A,,,,,,,ODN0000185069,n,right_only
0D46C834-AA87-4B65-9604-C2438858EFBA,,,,,,,ODN0000195596,n,right_only
0AB0B630-DC89-48D1-8074-1906B3CC6E28,,,,,,,ODN0000798669,n,right_only
E7F274E6-C0C8-427A-BF7F-3C4EF148C7EC,,,,,,,ODN0005434702,n,right_only
61252839-40F6-4BDD-B99A-C64C5310DF4A,,,,,,,ODN0000185082,n,right_only
2AC11D01-8127-4A09-8952-3E4F407F0E2C,,,,,,,ODN0000185083,n,right_only
C77164E3-300E-4756-81B8-8F2A00BFFCC3,,,,,,,ODN0000235222,n,right_only
80A39380-D8EA-4A26-9242-AA8C50C20DFD,,,,,,,ODN0005434821,n,right_only
9EDBA423-2642-433E-8C95-76178B77A592,,,,,,,ODN0000185087,n,right_only
58C44023-0287-418B-8038-E51056AAC6E4,,,,,,,ODN0000524458,n,right_only
02E9704C-E240-4BC2-B776-CE3831C2E926,,,,,,,ODN0005434976,n,right_only
A36583D5-BD42-4B32-B3E2-2802B65EC23D,,,,,,,ODN0000185097,n,right_only
6828602E-4A5F-4F04-A150-7F24C1BCFBF6,,,,,,,ODN0000305098,n,right_only
05F46BA8-FF8D-4D73-B552-35102F7C432A,,,,,,,ODN0000158095,n,right_only
B3276937-1935-4BAE-8918-C2E1ACE8A364,,,,,,,ODN0000185104,n,right_only
51594CD2-8DC1-40A4-9CC4-82B66D6FA6C3,,,,,,,ODN0000185113,n,right_only
AE31248A-252F-4894-8B49-4B4D1673614E,,,,,,,ODN0000505968,n,right_only
E8D586F5-7BC0-4D60-A91D-6F5BA80DD863,,,,,,,ODN0000456276,n,right_only
CDE664F6-1887-4E57-BC3A-EF9AC0E1FA67,,,,,,,ODN0005418344,n,right_only
EF8136FF-9EE1-4F41-8286-8B3CEB89161D,,,,,,,ODN0002300445,n,right_only
8BE41282-462D-4550-9E6D-2162014085E4,,,,,,,ODN0001628665,n,right_only
62E2A277-DB1D-4D1E-B2A5-907ED258DAE5,,,,,,,ODN0000905097,n,right_only
9F969F25-ACB4-40CC-BD2E-653FB9A1E1BB,,,,,,,ODN0000213263,n,right_only
65372B48-2F04-4223-8AFC-12611A23FE73,,,,,,,ODN0005464673,n,right_only
3526CC9B-7C60-4257-A123-873F9F593E92,,,,,,,ODN0000239336,n,right_only
D3839E62-DF17-4B17-9EFF-9B38C064AB6D,,,,,,,ODN0002009584,n,right_only
6674C094-BBD4-4A79-AE24-58813448CEDB,,,,,,,ODN0000287525,n,right_only
7F413975-B4CE-4A53-AD0F-609B42ABD4FA,,,,,,,ODN0000185263,n,right_only
7956A00A-D4A2-44F0-8B51-35CF027D8C6C,,,,,,,ODN0001446140,n,right_only
6DB1C91A-DB2A-4BC7-81F1-B15890FE5BCE,,,,,,,ODN0000201735,n,right_only
F75BC09C-2CB6-452B-A69A-AA5A716FC771,,,,,,,ODN0000256399,n,right_only
79E71277-C985-4A85-A840-FD0E496729D8,,,,,,,ODN0000208358,n,right_only
6FABBF04-DE85-41D0-93D8-1CD69C1B8146,,,,,,,ODN0000118001,n,right_only
59D2F720-149D-4EA7-83A0-8E9D031B7C9F,,,,,,,ODN0000615277,n,right_only
23BEB54A-F29B-4EDE-88AB-EF3CF4B98CC4,,,,,,,ODN0003514872,n,right_only
34E18FEC-78B6-4A45-A9D0-579DA1DB6350,,,,,,,ODN0001413469,n,right_only
938813E1-6D80-43B4-A2AA-54A85DF0D30A,,,,,,,ODN0000195538,n,right_only
69E1A367-07E1-4FD8-A3FC-3F8E8844561D,,,,,,,ODN0000569401,n,right_only
6759BBB0-56E7-49FD-AFD3-2CB38A3ED981,,,,,,,ODN0000342897,n,right_only
600EEBC5-A902-4941-896E-28072299D98B,,,,,,,ODN0000195652,n,right_only
A564C9DB-833C-4317-A7A9-05C7B7EEB1A7,,,,,,,ODN0000636731,n,right_only
29BA6A13-74AB-47EC-A214-641543A1129A,,,,,,,ODN0000118031,n,right_only
3ECEEA65-81AC-4CC7-922F-6E4547BE14D9,,,,,,,ODN0000185277,n,right_only
8F2B7E6B-D38C-437C-899A-8C5DF4C73807,,,,,,,ODN0000524514,n,right_only
E302EC11-65F7-40A2-9EE9-D0AD82FE7EB1,,,,,,,ODN0001488191,n,right_only
73059584-D63B-4003-8BD7-218AABC972ED,,,,,,,ODN0000225852,n,right_only
E5F1A313-97BB-4004-AF6F-EAAC7801CC9E,,,,,,,ODN0000117778,n,right_only
69991274-E5DD-4599-A8DC-48D9D6D6379A,,,,,,,ODN0000776731,n,right_only
15E258F1-D79A-4A16-9BB8-BB2A2EF4FCA3,,,,,,,ODN0000452759,n,right_only
6B4D2192-DB91-4515-982A-86BD49E86B58,,,,,,,ODN0000195660,n,right_only
511404FD-2021-46A2-BE21-087A698EB80D,,,,,,,ODN0000185313,n,right_only
6CEE80B3-8077-4460-8848-C7A7BB128A10,,,,,,,ODN0001988517,n,right_only
8358C7CF-A029-4DF6-8F04-9FDB6D777E51,,,,,,,ODN0002300556,n,right_only
2947EBCC-21BA-4C99-B94B-C47AEAED7584,,,,,,,ODN0000562494,n,right_only
3F9FA337-E76F-46FB-B6C9-E347C3056195,,,,,,,ODN0005279468,n,right_only
C6B6826F-4E50-4EAB-AEB2-96158FB1757B,,,,,,,ODN0005371406,n,right_only
D403667A-56F1-4A87-946B-02FBCC24F4F1,,,,,,,ODN0000798682,n,right_only
A9D9D334-B4C3-4DD8-9B71-A868F3095FC0,,,,,,,ODN0000184853,n,right_only
C7B3A3A0-FFCA-4EFD-B6EC-B2E47351BF7D,,,,,,,ODN0000158162,n,right_only
13029C26-8F7F-4FC4-828C-31C2DD33C0BF,,,,,,,ODN0000216447,n,right_only
E6B6C009-A7CE-4DC5-AE39-20EB4EC11827,,,,,,,ODN0000185086,n,right_only
45890D9C-C029-4027-A4B7-396874FE5A47,,,,,,,ODN0000195537,n,right_only
15B8CB8E-8348-4A0C-9524-3C825F830E84,,,,,,,ODN0000195655,n,right_only
ED82290E-DE80-4925-88D9-982CC59AEDEE,,,,,,,ODN0000190724,n,right_only
7729E01B-E959-4275-A3B4-A547C371AE15,,,,,,,ODN0001643577,n,right_only
76EEC9F0-2A44-4A57-8AB4-5A3CB2B73D69,,,,,,,ODN0003514738,n,right_only
37048738-0B0C-45CD-943D-CBBF233295AF,,,,,,,ODN0001486552,n,right_only
3C091E43-E702-4FE2-8586-291AFB02CD10,,,,,,,ODN0000131404,n,right_only
C446CC6D-8B2A-48CE-9019-191CA55EDF8C,,,,,,,ODN0000131405,n,right_only
5555FFF5-731F-4AB0-AD58-0EE78B0B7644,,,,,,,ODN0000125925,n,right_only
6981D6E0-C3B0-489A-8677-F3113D0350D2,,,,,,,ODN0000180716,n,right_only
6AFDCA06-3005-4EEA-9EB3-FA2ABF073D5A,,,,,,,ODN0002354068,n,right_only
C6FDB38D-A23D-4607-A885-FB7B32A48274,,,,,,,ODN0000126040,n,right_only
D37EBD9A-CBCC-4EFD-A59D-EB56FE07DFD4,,,,,,,ODN0000131412,n,right_only
6660149A-FFA2-43A9-B9C5-48237D080476,,,,,,,ODN0002882086,n,right_only
50DCE5C1-F0F3-43D6-8AA3-38C0899A349F,,,,,,,ODN0000126115,n,right_only
2552BFE5-17A3-41E6-97F5-5D86CC817E63,,,,,,,ODN0002382419,n,right_only
2CBF620D-F876-4F01-A260-8ECEE7F95895,,,,,,,ODN0000126132,n,right_only
E9C6686D-DF09-4083-8384-813CD12A4A9E,,,,,,,ODN0000126133,n,right_only
BF7EB636-ACF4-4C0E-91BB-9D877263B687,,,,,,,ODN0000126135,n,right_only
37A30C05-28E3-4F92-B20C-AE2EEBBF9248,,,,,,,ODN0000126147,n,right_only
EEB14B0E-A4B2-4B55-8AAE-BF2916ACEAE6,,,,,,,ODN0000126130,n,right_only
AF492382-F4CC-41EE-9E6E-5FFE92AFDCEB,,,,,,,ODN0000151390,n,right_only
4FB7B87A-751D-4375-9C09-934AB10C63DA,,,,,,,ODN0000251182,n,right_only
6CD86C0F-1CD1-44D9-B5A5-EC91E158A156,,,,,,,ODN0000131363,n,right_only
76E93EFA-A84E-4CB8-8DDE-55E0B396E44E,,,,,,,ODN0001344934,n,right_only
D370A5FD-AB96-4696-84E9-599B224B7507,,,,,,,ODN0001554203,n,right_only
7DB22ED4-D07F-4ED6-87BB-246A668427FE,,,,,,,ODN0000131379,n,right_only
691BB9D7-5BE8-40EB-98EE-74FEC2D85969,,,,,,,ODN0001486551,n,right_only
0EF64C9E-6DFF-4650-B6EF-6A308AD1C92F,,,,,,,ODN0000126113,n,right_only
C38BC0B5-784F-447C-8886-7A7C1A0A4D72,,,,,,,ODN0000126048,n,right_only
408222DD-421B-42E0-A2DF-C3583B7A447E,,,,,,,ODN0000131392,n,right_only
A4DE3F75-710D-40E2-88AA-6E6CC4DD2F54,,,,,,,ODN0001554205,n,right_only
8A289163-330E-4CA0-8E23-D15C956ABF32,,,,,,,ODN0001931430,n,right_only
E4863BDB-A2D0-4872-A732-5247F9CF706D,,,,,,,ODN0001955997,n,right_only
ABA361C3-5A75-4333-9701-3B094B97C69F,,,,,,,ODN0000096459,n,right_only
7330BF18-C072-47F8-9B8D-A544819C9FAC,,,,,,,ODN0000131044,n,right_only
B08C538F-ABB0-43AC-A499-F79D6FED3254,,,,,,,ODN0000122711,n,right_only
E2ACBDA2-3ECB-4336-A3C6-3ED89800979C,,,,,,,ODN0000133343,n,right_only
7511AD99-91CE-48CD-8521-2F0C5CCE4FDE,,,,,,,ODN0000130955,n,right_only
F4D6AB06-65FE-4685-AC0E-35BB73323F0B,,,,,,,ODN0000133350,n,right_only
828E4E3F-D8ED-4E17-A455-A5A4CD35E5EF,,,,,,,ODN0000131079,n,right_only
CFCE4186-5D12-480B-96DD-5EB09AC3C819,,,,,,,ODN0000131085,n,right_only
DB954C40-CA52-43E7-8A03-DB4CEF51495D,,,,,,,ODN0000136593,n,right_only
F716A609-2E49-47CE-A6F8-85D8AD120E66,,,,,,,ODN0000137118,n,right_only
A6B41DC0-D980-4ECF-B6D2-4E625D0D76E7,,,,,,,ODN0000145206,n,right_only
7B3AE084-C90E-4569-BA4F-28F4E4A51230,,,,,,,ODN0000145207,n,right_only
25452EFC-09CC-4D71-9C80-78B560890E06,,,,,,,ODN0000145208,n,right_only
102A1AD8-493A-4C0B-8032-7A2304C6D07F,,,,,,,ODN0000145209,n,right_only
083B9CAD-BF9F-438D-8A16-377992E1CDD7,,,,,,,ODN0000145210,n,right_only
BA00A8AD-3162-4D64-BCC6-0366F3E88EFD,,,,,,,ODN0000145211,n,right_only
1AEE2A9A-B490-4DD6-9764-E73197543496,,,,,,,ODN0000145215,n,right_only
E1CECEE1-A262-4F1B-BE7B-8564913461C0,,,,,,,ODN0000145212,n,right_only
A1B5E30D-A3D7-420F-912C-69D021C04DB2,,,,,,,ODN0000145217,n,right_only
2232C78B-6F19-4354-B99A-E6719F623313,,,,,,,ODN0000145213,n,right_only
162CAF61-D74B-48BD-B92E-DABCC04A5350,,,,,,,ODN0000145214,n,right_only
87109246-D4BB-470C-937D-4A8C843C3FE8,,,,,,,ODN0000165331,n,right_only
B4DAD8B1-9F20-4F06-95A0-8812C48EE3D5,,,,,,,ODN0000152773,n,right_only
DCD50BFA-B097-4BF1-9D4B-4CC6D393D2BA,,,,,,,ODN0000233867,n,right_only
395C1630-07D4-4212-90E9-75D69EB5CA46,,,,,,,ODN0001417901,n,right_only
3ED416DA-A976-42B7-846D-68F26C26FDAF,,,,,,,ODN0001486567,n,right_only
BDC4EADC-3B3A-426A-A064-2AAAA8C587BB,,,,,,,ODN0002031041,n,right_only
DF348371-8771-4C66-9136-8BF2742589E1,,,,,,,ODN0003284543,n,right_only
E5946BAE-3967-43C5-881E-EA02B22CB8D9,,,,,,,ODN0003471444,n,right_only
953CA76A-F434-4F9A-9BA0-31F99A2D692B,,,,,,,ODN0000251213,n,right_only
D6F9AC6A-32F7-4CD8-9B12-5E1270DA256D,,,,,,,ODN0003348572,n,right_only
0A3E5743-7B14-414C-97F0-379B6AC359DA,,,,,,,ODN0000167045,n,right_only
602D163E-6044-4BA2-BE37-CE6559DE3CFF,,,,,,,ODN0003303045,n,right_only
0CA920C9-32D0-4F6C-B653-0E5AAB3F2705,,,,,,,ODN0000097542,n,right_only
B54948A2-FF03-48B0-AE0E-84CCC824C861,,,,,,,ODN0000154459,n,right_only
C5BF5879-ADFD-408D-A02B-CA4A3BEB56BC,,,,,,,ODN0000149846,n,right_only
CCD878D2-8803-4586-8264-91A783043AFC,,,,,,,ODN0003471459,n,right_only
5505E549-D7EA-4273-8F70-89A4B2A28542,,,,,,,ODN0000097544,n,right_only
86552997-5CC5-4229-9DB5-68A1785C6D9A,,,,,,,ODN0000097552,n,right_only
4954C093-09E5-4A9C-AA72-E7875CE157F4,,,,,,,ODN0000133056,n,right_only
0F4F92C4-2078-483C-A076-FA003F648AC8,,,,,,,ODN0000198616,n,right_only
93688E36-2A89-498F-8B8D-E0430DB184D1,,,,,,,ODN0001583512,n,right_only
B1461172-78BB-4ABA-8D03-692DA7EC37AF,,,,,,,ODN0000097570,n,right_only
A6B14732-D1A9-4E98-B20D-3C4BB9D7C7E5,,,,,,,ODN0000661356,n,right_only
2B8AEA56-19B6-4AEE-8081-220D4C9658DD,,,,,,,ODN0002012011,n,right_only
77A0D7D4-C592-4E34-8D26-1ACFE8EB15AE,,,,,,,ODN0002357740,n,right_only
E05C5B49-07A9-4131-9C25-DBDDEFD4D6BC,,,,,,,ODN0000347493,n,right_only
AB969EBD-7F1D-4A2A-B762-C9AB9DA148E8,,,,,,,ODN0003303064,n,right_only
E14D3814-58F0-4F0F-ADC6-BD1CA43FA207,,,,,,,ODN0000097572,n,right_only
1DE7A61F-CB14-446A-9FEC-FB5C481C3F27,,,,,,,ODN0001088308,n,right_only
80342AC1-4A37-4FE5-AC51-F2758B107018,,,,,,,ODN0001374102,n,right_only
8A81E350-C75B-4FC5-890A-9F4770EFD955,,,,,,,ODN0003303055,n,right_only
47A3CE3C-3D6F-4119-95A5-A6268F17DF74,,,,,,,ODN0000164274,n,right_only
340B1E5B-EA62-48F3-92F6-9131EE95FC9F,,,,,,,ODN0003848798,n,right_only
861BFA2B-096C-4F26-B379-73CBDCF7F59F,,,,,,,ODN0000097551,n,right_only
9541E415-4CEB-450F-97FF-97CD89CD377D,,,,,,,ODN0002031044,n,right_only
C17AB26F-EE5F-4143-B9F2-B389089D57AC,,,,,,,ODN0000677635,n,right_only
0B1E9FB4-99C5-4F01-BAF9-2C50737E7A03,,,,,,,ODN0003471470,n,right_only
DD9C28B6-F629-4DD0-836C-94BBB4B83056,,,,,,,ODN0000317011,n,right_only
779288B9-DAF7-4578-94AD-F934A46B07F3,,,,,,,ODN0000142213,n,right_only
38EA76FA-9922-4A01-A831-15BD7066E371,,,,,,,ODN0001555927,n,right_only
E81AAE15-42DA-41C0-820D-DE42F858F647,,,,,,,ODN0000097563,n,right_only
D91EB63C-A975-495C-8799-1FF1E99163B8,,,,,,,ODN0003330755,n,right_only
8FB4B307-BD64-40DE-A011-86E1866F0D82,,,,,,,ODN0000347510,n,right_only
17814E24-F3B4-4C4C-92AB-EBFF50E987CD,,,,,,,ODN0000317012,n,right_only
95435A80-8E9D-4C36-B91A-002E1FFB570B,,,,,,,ODN0000145493,n,right_only
7BC43CAD-5AC8-4183-B0E5-27497FD416E2,,,,,,,ODN0000504870,n,right_only
8A0BE9C4-74F4-4602-B360-DFB72856EAD2,,,,,,,ODN0005340964,n,right_only
5772907C-F1BE-4E7D-9215-4D7BD3D237C1,,,,,,,ODN0000451841,n,right_only
4893A1BA-406C-4409-8307-F0D4E996C406,,,,,,,ODN0001583537,n,right_only
9BD405A1-E44F-4E3D-9245-8590D6A11A56,,,,,,,ODN0000470585,n,right_only
F86DD228-4721-40A1-8C86-FF2304F0A7BC,,,,,,,ODN0002044911,n,right_only
137E13F1-D9DD-4B6F-84B1-DF959D73383F,,,,,,,ODN0001318495,n,right_only
30BCCE2A-698D-4132-8877-23DEE794BC01,,,,,,,ODN0002044904,n,right_only
24A42AE4-E18A-44F8-AC32-B71FAC0D6DDD,,,,,,,ODN0000257906,n,right_only
27A436EF-69DE-438B-B745-242EB9D96858,,,,,,,ODN0001275702,n,right_only
785B3B96-39BA-41A4-8550-0BE460170928,,,,,,,ODN0002044907,n,right_only
35D35BDA-BFCE-46B6-9013-12DBBD02EBE9,,,,,,,ODN0002044908,n,right_only
99D64F91-F4ED-49E1-9CCB-AE8A4AD6A154,,,,,,,ODN0001318499,n,right_only
9F1D9677-C90C-4D43-8E0B-AF2ACB544B04,,,,,,,ODN0003817170,n,right_only
424B4B68-2514-403C-BFFC-8AAF8C9AFFA8,,,,,,,ODN0002554157,n,right_only
80DCF310-02CF-45D2-9DBC-BE8EAA6CCA0D,,,,,,,ODN0002554164,n,right_only
7C005394-00CB-4A4F-A8D1-8D60BE92835A,,,,,,,ODN0002554167,n,right_only
CB694A16-CF9B-4505-A106-21369780754E,,,,,,,ODN0002554188,n,right_only
64DA76CB-EBFD-4DD5-BB3A-B5A569E94CD0,,,,,,,ODN0002554191,n,right_only
74AE1A71-35F8-4EAA-B884-6C1C60F2271D,,,,,,,ODN0002554289,n,right_only
2F1699AE-7C40-4A99-9EB1-3350899121B9,,,,,,,ODN0002554292,n,right_only
3770B2D7-7F53-4928-837C-3D3A3EA7953E,,,,,,,ODN0002554295,n,right_only
930AF3B5-97F3-4A29-8E06-5EF021451BB2,,,,,,,ODN0002554318,n,right_only
A7BC0FCF-40B0-4CCA-90D3-712EE427182E,,,,,,,ODN0002554324,n,right_only
261AB8BF-909B-4B3B-AB18-054F22021541,,,,,,,ODN0002554373,n,right_only
ED688461-6E83-4DB2-BD35-3C7F9D640E04,,,,,,,ODN0002554416,n,right_only
68345172-B013-4364-9137-C93F77CC2D23,,,,,,,ODN0002554425,n,right_only
A2F60877-9E66-4249-AFF9-9236BCAE11F6,,,,,,,ODN0002554558,n,right_only
D6B4DBD0-91AF-4592-BC64-1DFB04D88702,,,,,,,ODN0002554617,n,right_only
BEB43C76-64FC-4A74-AF5A-A15CD99CFF2A,,,,,,,ODN0003452725,n,right_only
72A46877-7696-443C-9451-EB196B773074,,,,,,,ODN0004942010,n,right_only
8E7BEAF0-C2F8-4B4E-9873-5E54DA3C9414,,,,,,,ODN0000239060,n,right_only
8F1880BB-771B-4C18-AED9-2F3D04D8A210,,,,,,,ODN0005125442,n,right_only
25F4D725-2D53-4F65-B73B-E88CA53BB5AE,,,,,,,ODN0002197259,n,right_only
0101F524-8BF2-4E92-BAAC-11B73C2D3F93,,,,,,,ODN0000551276,n,right_only
BFE1DBB4-5E88-4DEA-A700-622C48579006,,,,,,,ODN0001047198,n,right_only
FB52A1A7-D142-42B4-8F18-8CC6EC393928,,,,,,,ODN0001575919,n,right_only
237230FF-D70E-4CF1-95A5-E997E73B8852,,,,,,,ODN0000284323,n,right_only
DF594E74-D2E8-496F-B005-F9B83534DECB,,,,,,,ODN0000349398,n,right_only
5BE9A487-B829-46CD-AAF2-CB2473EC6F02,,,,,,,ODN0000349533,n,right_only
7F57B3FB-8545-487B-95DD-67D00346442E,,,,,,,ODN0001544339,n,right_only
317F7376-9E66-497B-965F-625AA90D9F24,,,,,,,ODN0001544349,n,right_only
B35BBFF2-0238-4B58-883F-36A7EB02072C,,,,,,,ODN0000593073,n,right_only
231AA9CD-01FF-4C52-A799-A88F75673F56,,,,,,,ODN0000614815,n,right_only
F4771CBE-E480-4DD0-BE33-CB694705ABF3,,,,,,,ODN0002048009,n,right_only
7F193105-38B6-4BFF-8BA1-C64967FFFA93,,,,,,,ODN0001322112,n,right_only
1C3DF516-DC0A-4CB7-B7FD-D5183EBD506B,,,,,,,ODN0002048010,n,right_only
B93EF072-DAFE-4CF0-8A62-F6E20C081CB2,,,,,,,ODN0002048011,n,right_only
65064375-8765-4645-BC99-2066D2C8D66D,,,,,,,ODN0002403497,n,right_only
55162DE2-BCD7-41C5-B9F9-BCDA047B6781,,,,,,,ODN0002311115,n,right_only
944ADEB4-D9EB-440E-AED7-F927DF04BCB0,,,,,,,ODN0005637853,n,right_only
B97CCC10-7D30-4478-A970-EE5EC8B62C7A,,,,,,,ODN0001900247,n,right_only
4FB40B50-4B35-4253-B567-872B44ADE697,,,,,,,ODN0002403504,n,right_only
7CC5FBAB-21B8-4245-975A-E55C76621C6A,,,,,,,ODN0001676948,n,right_only
AE1401F1-04F2-469E-ABA5-F98DE6200F35,,,,,,,ODN0002048012,n,right_only
2813016E-D2E8-469D-A990-F77541B9248A,,,,,,,ODN0005637854,n,right_only
8ADA08DD-0317-40C1-AE1A-7E2389E80EB1,,,,,,,ODN0002048020,n,right_only
A3FE8F00-DF9F-4510-8F6E-A672E00795C9,,,,,,,ODN0001947896,n,right_only
0A708001-DF7B-46E4-B225-4CBF0B208BA2,,,,,,,ODN0005626619,n,right_only
49B549B0-5B75-4C46-8EA8-06F08FE75165,,,,,,,ODN0002048014,n,right_only
418B4D0E-7C4D-4E8F-9185-5640CAF4B453,,,,,,,ODN0001013497,n,right_only
A1C92D44-D739-45F5-A304-D655BF0C11C1,,,,,,,ODN0003444623,n,right_only
A7EAFA9A-4F43-4517-9432-B07CBC041729,,,,,,,ODN0001984328,n,right_only
8511DF02-1A59-49BC-B965-CA2A914AE4F8,,,,,,,ODN0003695609,n,right_only
9E34BD75-CB0D-4951-B2F3-52A0C0578953,,,,,,,ODN0002048015,n,right_only
9D5A8895-B3B3-4946-A03D-8727A8FF94AB,,,,,,,ODN0002048016,n,right_only
6697C403-D8C9-4610-B9AD-38F3A3AC2226,,,,,,,ODN0001202172,n,right_only
D415FF1D-97D3-4DDD-9E90-3AAC6EB85C9D,,,,,,,ODN0001984332,n,right_only
AC532A05-3B63-4D4A-8ABF-94C050BAD283,,,,,,,ODN0000771092,n,right_only
B6FA4D6C-689F-47C8-B89D-B1128DF12AA0,,,,,,,ODN0002048017,n,right_only
E6FA6D30-42F3-4703-A1AD-1753CD5212CF,,,,,,,ODN0005600782,n,right_only
E5403BCA-70B3-447B-B061-A6A11C121A92,,,,,,,ODN0002048021,n,right_only
10BD437A-99AA-4A85-B36A-0A633639ECDC,,,,,,,ODN0002048018,n,right_only
B48AE365-27AE-4A19-80B6-B48F88E69F14,,,,,,,ODN0001178075,n,right_only
DF20D259-06EC-4C98-86C6-BD5D988162AA,,,,,,,ODN0002311127,n,right_only
FBB20250-C2AA-4947-A65F-DC486A7B9F73,,,,,,,ODN0002048019,n,right_only
AEEB18B1-6098-41AA-81B1-8F1B3836F92E,,,,,,,ODN0001984338,n,right_only
83D503F2-B67C-420D-AF8A-C666BF04C976,,,,,,,ODN0000703093,n,right_only
3059AE10-74CF-4BFB-AB2E-4FB84B1E4A63,,,,,,,ODN0005626623,n,right_only
AB7EB3C9-6C6F-4678-8B18-20087DA763AF,,,,,,,ODN0002299529,n,right_only
F5A919CE-A24E-4FE8-8222-0805653E3B47,,,,,,,ODN0002048022,n,right_only
03353187-5F7D-493D-B515-E3E6A14D4A04,,,,,,,ODN0001984340,n,right_only
FAB369C6-3C5B-472B-8713-52E44F8982B8,,,,,,,ODN0002048024,n,right_only
5F77CD8E-8780-4B34-8368-D440F53D02DE,,,,,,,ODN0005626629,n,right_only
133AFA30-9469-4F4C-8227-19A439FA8073,,,,,,,ODN0005600789,n,right_only
00670B24-3331-4F07-9AAE-1FC8F79381F0,,,,,,,ODN0002048025,n,right_only
50E4BC64-6BE1-49B7-B836-9E9CCDE02C83,,,,,,,ODN0002048026,n,right_only
6035D270-F586-469F-AC37-FA0EF3E525C1,,,,,,,ODN0000636527,n,right_only
66FBF203-78DE-4811-9BF0-CE7D102C11CB,,,,,,,ODN0000636616,n,right_only
9670A858-0C54-4531-B819-F484177CAE85,,,,,,,ODN0000636596,n,right_only
3175EC52-5E78-4AD3-87BE-C52C580AA4AC,,,,,,,ODN0000636532,n,right_only
FD4045DE-0C0F-4BC0-8F57-A0E0E5AFE00A,,,,,,,ODN0000636533,n,right_only
34E34689-12C8-4C49-8340-687BDDA6F8CF,,,,,,,ODN0000636535,n,right_only
75F3038F-63A6-4856-802C-800DF18C952A,,,,,,,ODN0000636536,n,right_only
7BD8EC00-DC98-4A3C-98EF-6FB2BA236ADF,,,,,,,ODN0000636537,n,right_only
56B0AC98-B827-451B-9038-71A9501708FE,,,,,,,ODN0000636549,n,right_only
DB5C9198-B619-492A-8719-44E1BDB8BCAB,,,,,,,ODN0000636557,n,right_only
C1DFD179-A45D-4C54-9F97-EA3E2C356A43,,,,,,,ODN0000636565,n,right_only
49D3D952-40DB-440D-84D3-8E0CBC17553A,,,,,,,ODN0000636575,n,right_only
09181E1B-E990-4B40-A6D1-BD2F39D16A18,,,,,,,ODN0000550792,n,right_only
289F8ED2-4517-4873-9C44-5D4247190E7E,,,,,,,ODN0002355775,n,right_only
CE4366F2-40FE-4A53-B0C2-C20CCD5554F0,,,,,,,ODN0001933498,n,right_only
8F0EE698-16EA-4E60-A1ED-9C5B368AF655,,,,,,,ODN0000505687,n,right_only
F6D0C0A2-F13F-4789-B5E0-64E87D20D483,,,,,,,ODN0000112907,n,right_only
0482CA1B-868B-470D-89FF-30F4F147F06A,,,,,,,ODN0000155292,n,right_only
57A95F45-52C2-43B3-807C-E71F4A0C02A1,,,,,,,ODN0000110615,n,right_only
1F361802-A11E-4FFE-B2D1-3E4D42A4FC34,,,,,,,ODN0000681062,n,right_only
698DDF8B-113F-45AE-A818-65E696DBF5BF,,,,,,,ODN0000110617,n,right_only
1319C1D2-356C-46AF-AE55-E077542FC840,,,,,,,ODN0000104225,n,right_only
59700864-ED8C-4528-BBEC-A82816507422,,,,,,,ODN0000155300,n,right_only
8519D7DF-60E9-4291-BEEF-CBBA2DCAF83C,,,,,,,ODN0000112914,n,right_only
65D3C3CD-FED2-4882-A82C-EA3645668F0E,,,,,,,ODN0000118647,n,right_only
565A1585-8111-490C-8332-404C73988874,,,,,,,ODN0001207730,n,right_only
C5ACC6B8-C146-430E-891B-0F1F03B79277,,,,,,,ODN0001207955,n,right_only
B4792488-B4EC-489E-BCA2-3079DF0DE919,,,,,,,ODN0002800849,n,right_only
8C49ED85-F860-4360-8181-D7A41CC76C58,,,,,,,ODN0003367779,n,right_only
7ED8F8B9-1F2B-4C96-931E-8E51EB6C47C7,,,,,,,ODN0003601695,n,right_only
15E74CD7-2755-49F3-BD9D-86FF489FA212,,,,,,,ODN0003631548,n,right_only
58050BDE-46AC-4906-9B4D-B87AEAFFAC1F,,,,,,,ODN0003631549,n,right_only
1EA17951-A738-4CFA-9F8E-963D18D720AB,,,,,,,ODN0003631562,n,right_only
C797C360-E002-4AA0-89C0-64F8CF36174E,,,,,,,ODN0003848925,n,right_only
B6466155-2624-4C19-BF5A-869327F58BF8,,,,,,,ODN0004071970,n,right_only
4EB86240-435A-4429-8C44-29923CEE5EA4,,,,,,,ODN0001458703,n,right_only
B8BF70DA-BB66-4D87-A106-73AB42322906,,,,,,,ODN0004071974,n,right_only
0C1B79B4-B4DD-471A-B323-DCCE9DA55BA1,,,,,,,ODN0004071987,n,right_only
CCDCB186-F2BA-4949-8D52-84188B856C7B,,,,,,,ODN0004071973,n,right_only
956A2187-C367-48B1-B774-58E2FC9AAF60,,,,,,,ODN0005103116,n,right_only
C51135C9-526F-4F10-9E41-11906FEFF63A,,,,,,,ODN0004240778,n,right_only
8547B055-E96A-4152-A172-1A444FB531B6,,,,,,,ODN0003452063,n,right_only
58FE6774-F0E5-4F04-85B8-F09EF0D9948E,,,,,,,ODN0004957511,n,right_only
06C0A4EB-F438-426C-9E24-A318AF8D8EEE,,,,,,,ODN0005515939,n,right_only
419AF670-72C8-4158-9EE9-50206948D55B,,,,,,,ODN0005395041,n,right_only
B3EF4EFE-6048-4B0E-A885-068E2ABD760F,,,,,,,ODN0005515944,n,right_only
0F146BD8-BAF4-4BF3-AD4E-677F948729F7,,,,,,,ODN0005205370,n,right_only
6F96638A-C094-4379-B742-5E2E51521750,,,,,,,ODN0005453812,n,right_only
FA0BF36F-E41E-4615-8008-336930F45399,,,,,,,ODN0005425579,n,right_only
8DC23F94-A206-46A9-ABAB-84D65819E584,,,,,,,ODN0005453840,n,right_only
4F8117BC-03A0-48A2-A0FE-CE77FB5297DA,,,,,,,ODN0005338198,n,right_only
CDE20C62-E44E-446A-BBDB-B35C69F45410,,,,,,,ODN0005338197,n,right_only
75E25D0E-F4AF-45C6-A52D-E9F592642CD7,,,,,,,ODN0001201258,n,right_only
745011B2-BA71-434B-AD1C-2F9FB9A5D1B1,,,,,,,ODN0003354441,n,right_only
9B7B6021-676A-4C10-BE7D-49A456EE50BE,,,,,,,ODN0000083273,n,right_only
F30F233C-A5DA-49A2-AD33-42987CC84B38,,,,,,,ODN0000086289,n,right_only
2309DBFE-1380-44DA-8688-C2FE5FEFF480,,,,,,,ODN0000142940,n,right_only
1FD78C4C-F804-45CE-9FA3-F8A67510EB9D,,,,,,,ODN0000081660,n,right_only
CE723714-E75A-4942-A747-2EAA07B51F98,,,,,,,ODN0003202391,n,right_only
783CBE33-DDEB-4C27-8279-5F4197339A09,,,,,,,ODN0003156751,n,right_only
1C44B1CA-5214-408B-AFD1-3B7DF76D6CC5,,,,,,,ODN0000080138,n,right_only
22204A0E-DF81-453E-9E82-72A5D697BF6F,,,,,,,ODN0000081374,n,right_only
87F7AF41-3611-4052-AF03-68C21FCC9328,,,,,,,ODN0000080210,n,right_only
F3EC2610-B8E1-454D-BCB4-C2EAEA926B59,,,,,,,ODN0000083246,n,right_only
54ABDF68-29D1-48F6-B198-5726A55CA9B8,,,,,,,ODN0000081379,n,right_only
F2C92FF9-DCC3-4160-A8D6-CAD317035051,,,,,,,ODN0000080244,n,right_only
C1923666-8FCB-4A70-B789-77F2AE20C5AE,,,,,,,ODN0000081622,n,right_only
3087FFA4-4854-4DC2-8C36-2ED1243AA224,,,,,,,ODN0000087096,n,right_only
1E2B41FC-B047-44DA-B723-B07A3244F145,,,,,,,ODN0000142925,n,right_only
3A14C242-38A5-4104-8683-54AA3CF4ED05,,,,,,,ODN0000081652,n,right_only
A69A0EFF-DA7A-461A-9003-CBD1E9EF2C92,,,,,,,ODN0000080144,n,right_only
0259C803-B10A-4936-B74F-E6B68F15969B,,,,,,,ODN0000083328,n,right_only
EA2F3721-16D1-4B25-836F-506278FA03A6,,,,,,,ODN0000079181,n,right_only
14C3BCE8-3D01-422B-9073-0AB86D354209,,,,,,,ODN0000080151,n,right_only
346C5A23-1BE5-4968-952C-BB10A49FCB19,,,,,,,ODN0000081367,n,right_only
BEA58CF8-F846-4839-AC3D-25665E75190A,,,,,,,ODN0000082503,n,right_only
BACB6DB5-8988-4811-AF22-2A70EEBC49C2,,,,,,,ODN0000108641,n,right_only
F6C83E23-318A-47DF-884D-7AB2E0CD608F,,,,,,,ODN0000086303,n,right_only
74FC109B-7472-4DC2-BEDD-8AC86DC0EF66,,,,,,,ODN0001210259,n,right_only
B6A18AB5-A199-4F0B-A88F-96A1AEE40052,,,,,,,ODN0000177607,n,right_only
385107C6-A8BE-4372-A719-8FF2BE087C22,,,,,,,ODN0000081647,n,right_only
AE82BE7E-639B-4565-9F4A-9121AF5A5C53,,,,,,,ODN0000142943,n,right_only
1E6FA33A-F7DA-4166-B34E-F87ABDC7AB49,,,,,,,ODN0000082535,n,right_only
3A76458D-3497-43B3-843B-02043B01DAC3,,,,,,,ODN0000080234,n,right_only
6D973D07-D754-4E68-9CF8-2BF27D41BFA8,,,,,,,ODN0000080236,n,right_only
E0BE50CF-9980-4ECF-B752-4F6EFCBEAB00,,,,,,,ODN0000244318,n,right_only
0B17C063-28FD-44B6-882E-C6A2CCD16D40,,,,,,,ODN0000083341,n,right_only
43F0D32B-2704-42D3-A57F-796F96FFCBD0,,,,,,,ODN0000080232,n,right_only
D7AF6BD9-B585-4638-9203-DD6562BDFF6D,,,,,,,ODN0000086302,n,right_only
3A8763DD-757F-4D07-9C7F-2C0946EE13BF,,,,,,,ODN0000258694,n,right_only
2FF0552A-B43A-4201-A72B-8416D54FD3DB,,,,,,,ODN0000080200,n,right_only
9AE8C77F-8957-4185-AF55-27E66CE18DD9,,,,,,,ODN0000081644,n,right_only
AE372C4F-C512-493F-810A-15E163C31AD1,,,,,,,ODN0000080204,n,right_only
8B483A55-9962-41C5-9BE4-B6ED3E6A9FBB,,,,,,,ODN0000087105,n,right_only
752FB418-6997-4D3A-A324-F407BEF1830B,,,,,,,ODN0000080205,n,right_only
525E8819-68D2-43FE-B34A-74D81D75676A,,,,,,,ODN0000087802,n,right_only
ECAEE0D0-6391-4B3E-9DDA-9FC032A7B0AF,,,,,,,ODN0000080201,n,right_only
867F67A5-CF4C-4B65-A058-79E6089B69BA,,,,,,,ODN0000083307,n,right_only
F3CCBDE6-3AF0-4F98-B33B-A13B1EFF16F0,,,,,,,ODN0000087106,n,right_only
E87A1CD3-6064-4AF3-A0BC-EA05BE7C0555,,,,,,,ODN0000080202,n,right_only
74F36919-10E3-49C7-8BDF-2372CD0D56D2,,,,,,,ODN0000115451,n,right_only
B2CC7DF3-8C44-4274-BDD7-A106A29A0245,,,,,,,ODN0000087107,n,right_only
935C0990-6C48-4F16-9651-D2C6EDBA758E,,,,,,,ODN0000089796,n,right_only
58DC2A7A-6957-49C1-8A18-8F085C4C9445,,,,,,,ODN0000086315,n,right_only
EE967F54-B0B5-4A51-A0E2-9519ECE06710,,,,,,,ODN0000080203,n,right_only
24D07129-B334-4956-828D-36921DB0E46A,,,,,,,ODN0000086296,n,right_only
19021E02-51F1-4FB5-8415-2E422D93C4C1,,,,,,,ODN0000081645,n,right_only
50155E92-A1A9-435A-8110-CA87A38AA4AE,,,,,,,ODN0000083137,n,right_only
8E2015AB-2C2C-4448-AB5C-B75F6EF37E28,,,,,,,ODN0000082638,n,right_only
BE6DC8C0-8E14-40BA-A991-7EBEA28C2F01,,,,,,,ODN0000083266,n,right_only
89C52403-EDB0-46B9-8457-226E57A6ED68,,,,,,,ODN0000088380,n,right_only
6508B5B7-24CF-4298-BCED-90F7C3405B05,,,,,,,ODN0000081676,n,right_only
2EF64C5D-F7DF-4D66-BE83-EBA32571D105,,,,,,,ODN0000081363,n,right_only
B3EB45DD-5E63-4558-94B3-B4BF9EF22162,,,,,,,ODN0000083270,n,right_only
8B1CF249-6863-47C5-A645-E238A86D2ACE,,,,,,,ODN0000087108,n,right_only
BDBF9F6A-EBF3-4C95-9080-2DDA456FED89,,,,,,,ODN0000086284,n,right_only
AAEE7BF8-A46B-4BBB-A7AD-F9986CC8BC84,,,,,,,ODN0000080140,n,right_only
C2866B35-733C-4747-9419-65ADEFF97BF8,,,,,,,ODN0000088381,n,right_only
7BC37CBE-9D7B-451E-9767-6ADA02351C81,,,,,,,ODN0000082491,n,right_only
5C5FB8A1-C114-4611-9B04-840BE8480D4A,,,,,,,ODN0000104226,n,right_only
AEBED46F-BA08-4DA1-85C5-C2F0163E7924,,,,,,,ODN0000081364,n,right_only
66958495-42E0-49A1-849A-29B021D4F51D,,,,,,,ODN0000082492,n,right_only
DDF8E47E-360A-4A07-AFC2-C2AC3200C177,,,,,,,ODN0000081365,n,right_only
87D4628B-ABFE-43E2-A351-23726F8A5A84,,,,,,,ODN0000081653,n,right_only
059AA989-1183-444A-BF52-00DBF9FF9EEA,,,,,,,ODN0000089258,n,right_only
4DF6B808-3454-4C86-BB37-DBC9399E8A25,,,,,,,ODN0000086286,n,right_only
02E1F202-E515-44BA-86A3-47A34BC48142,,,,,,,ODN0000080149,n,right_only
CFA610AE-1DDA-41DC-B03F-72B7847BC6FA,,,,,,,ODN0000108636,n,right_only
4BFAD661-855E-4216-B2F2-C88F6B7CDE73,,,,,,,ODN0000082500,n,right_only
716D89CA-DABF-4317-AE0E-DB11E11DC93D,,,,,,,ODN0000080153,n,right_only
B4D09638-0CAE-4896-8095-1BFEDA297A8F,,,,,,,ODN0000082502,n,right_only
A55F6477-1F87-4183-9F8C-908C872E283B,,,,,,,ODN0000080158,n,right_only
DA88D1B6-2BBC-4357-A211-4282BD80E91D,,,,,,,ODN0000086297,n,right_only
78B8F0E5-3243-4C51-B019-B7810C9B2C56,,,,,,,ODN0000080220,n,right_only
1A1CC1E7-A1F3-49EE-B874-5BF0A874E998,,,,,,,ODN0000086298,n,right_only
285D802B-5462-4784-BEAF-5A253EAF3032,,,,,,,ODN0000080163,n,right_only
AAB94B55-73E4-4FBF-A345-F36FC8CCE2A9,,,,,,,ODN0000081369,n,right_only
CAFEACF8-46DC-4167-B400-21CB5E131EFD,,,,,,,ODN0000081373,n,right_only
3F4532AA-F86A-4C4C-AB08-2A617DC76D49,,,,,,,ODN0000108643,n,right_only
1FE40727-890A-42B1-969E-54E918A609D4,,,,,,,ODN0000082522,n,right_only
0D9E880F-8D43-40DA-B624-9407B2B1A363,,,,,,,ODN0000083314,n,right_only
7776E7F9-BA31-4E4E-A67F-3BBEC44122A4,,,,,,,ODN0000080136,n,right_only
1DAF0FFD-7FFF-4E1F-89A9-2325F3504622,,,,,,,ODN0000087804,n,right_only
C62BF8A1-F21C-4115-A61B-384EFA76D775,,,,,,,ODN0000080229,n,right_only
0774D28F-1F06-4266-8123-29E91090EFFF,,,,,,,ODN0000082525,n,right_only
6F3CCDA2-7CBB-413C-B280-F5F4BC64D8B2,,,,,,,ODN0000083319,n,right_only
CC10EAD7-58E7-4D27-ACFC-5E04B2C84D8F,,,,,,,ODN0000080212,n,right_only
F9A3F5CB-176E-464B-A565-39B2620DC27A,,,,,,,ODN0000083321,n,right_only
DD23B7D5-5CB2-4236-BAA8-A27F848D7335,,,,,,,ODN0000081661,n,right_only
6D960700-1BCD-462D-8E30-E909E494A078,,,,,,,ODN0000083138,n,right_only
3B98B06D-B326-4075-925F-B18FCE889E53,,,,,,,ODN0000080239,n,right_only
19600937-E11C-4497-B713-0F2FF8B36B20,,,,,,,ODN0000081279,n,right_only
D306853A-9C42-4380-87C3-170528B2C199,,,,,,,ODN0000080241,n,right_only
AA19AE13-1388-4878-9FCE-67A4B8925C59,,,,,,,ODN0000080243,n,right_only
E5EF5CBA-8673-421D-A923-FA85E2E93753,,,,,,,ODN0000088384,n,right_only
FB07A9BA-E9DE-4DC0-81B7-18E40BBB3BFE,,,,,,,ODN0000081371,n,right_only
3F6C3D10-A23A-4F71-B8A2-EA1E440CE093,,,,,,,ODN0000087764,n,right_only
D2849F89-132C-4691-9AA1-EEC79812657F,,,,,,,ODN0000086283,n,right_only
D02343B5-6AD1-4555-B938-9F7AE0CD33FF,,,,,,,ODN0000083264,n,right_only
C96FEB0A-F89B-4DD5-82C2-8667B1D65471,,,,,,,ODN0000079159,n,right_only
13304D66-2C53-4F1A-ACFF-360204C4198E,,,,,,,ODN0000089254,n,right_only
FA1B522F-4C4D-4FA6-B717-933F2EAB0144,,,,,,,ODN0000239607,n,right_only
80E2913C-EC4F-4FCB-8F51-71D72A914C95,,,,,,,ODN0000087772,n,right_only
C0D5371E-92A0-4C91-B9DB-BAAFE11F954B,,,,,,,ODN0000081623,n,right_only
0FC87C78-8E45-4829-BD99-3210CBE9FEFE,,,,,,,ODN0000080141,n,right_only
15437E0B-F3CF-4439-81F3-C3F1A92B42A5,,,,,,,ODN0000081366,n,right_only
93AB7241-07AD-4AFC-8FDA-24A385829115,,,,,,,ODN0000079166,n,right_only
96DE6273-3F61-4A17-95DD-C5CDA2ED5308,,,,,,,ODN0000086287,n,right_only
4C7CE363-7594-4B1D-B0F5-39517961210C,,,,,,,ODN0000080219,n,right_only
5254CA80-F58F-489C-A54D-8F75CCDC5048,,,,,,,ODN0000087097,n,right_only
10C3DADA-84DE-4125-A123-341C7AF9628A,,,,,,,ODN0001210153,n,right_only
EFFF2D6F-8655-40DF-B053-D9A64E7E2687,,,,,,,ODN0000080150,n,right_only
392E04FF-3918-4D4D-858C-039954E7DBED,,,,,,,ODN0000271090,n,right_only
F7BA23A7-A0D7-4177-AA47-06D6C838D877,,,,,,,ODN0000081368,n,right_only
11FE5743-540D-4801-86BB-65B73EAA70C5,,,,,,,ODN0000080154,n,right_only
82CF6676-55E6-4B7A-B530-F7DD7072A9CF,,,,,,,ODN0000080160,n,right_only
F0610EB9-38CB-4BFD-A579-35BEBD90FBDF,,,,,,,ODN0000081372,n,right_only
81895D7E-ACB9-414B-9FBC-5515D5645A5E,,,,,,,ODN0000115447,n,right_only
09AECFA4-4ED6-4ABB-8167-CDDDCC0450A8,,,,,,,ODN0000464678,n,right_only
5A4AB9B7-9C43-4F84-8B74-0AAD6F00A720,,,,,,,ODN0000081375,n,right_only
8E978510-FBC3-4D28-A1D1-F4660E327E28,,,,,,,ODN0000592808,n,right_only
8857589C-D82E-4B68-8A39-D3A7A1F62134,,,,,,,ODN0000081376,n,right_only
E178CB7B-9B4C-49E9-8A8B-1434D8165C9F,,,,,,,ODN0000087792,n,right_only
C7C9C68A-781F-447B-B009-E3397715760A,,,,,,,ODN0000244310,n,right_only
39D75168-0B9B-47E4-9C41-1E11F79807F8,,,,,,,ODN0000081377,n,right_only
BB2E533F-AE6C-40BC-9343-71CE20F5910A,,,,,,,ODN0000080213,n,right_only
69D53B10-5C40-4AAE-837B-1E94A6E43E9C,,,,,,,ODN0000081378,n,right_only
2966252C-8DB4-4E67-84F5-4408CECCAA1E,,,,,,,ODN0000080231,n,right_only
3E217143-1851-4F17-814A-3035B99C41EF,,,,,,,ODN0000082496,n,right_only
E36D4752-C12E-4231-A917-BBB2C49DF06A,,,,,,,ODN0000591179,n,right_only
BFA1D66E-10EB-428B-883A-E0654A924824,,,,,,,ODN0003202381,n,right_only
823C6789-C609-48CC-B650-6A4F001C87EE,,,,,,,ODN0003063971,n,right_only
205353A2-1EFE-43FA-96D1-F8C464DAA8F0,,,,,,,ODN0000154555,n,right_only
C9D1D6F5-4B3C-41E6-B454-ECE161D5B741,,,,,,,ODN0000142934,n,right_only
02945942-76F2-4692-8189-859C4518E8F7,,,,,,,ODN0000079687,n,right_only
040840C3-D5E3-41D1-8F53-341705B00259,,,,,,,ODN0000143668,n,right_only
8C60DF27-CC96-43EB-8493-D9E0FB8C230C,,,,,,,ODN0000080164,n,right_only
09661EC1-8654-4D2E-8B73-E6839A1CEE86,,,,,,,ODN0000143769,n,right_only
491D6ADB-733B-4139-B625-1194D43772BF,,,,,,,ODN0000144056,n,right_only
50AED742-FF21-4DB8-8416-A164CBF32E9F,,,,,,,ODN0000490211,n,right_only
BE1FDD84-F121-4186-A8ED-4D0F8CF925F4,,,,,,,ODN0000490199,n,right_only
C408EFAC-216E-474A-91EA-78EFFE995973,,,,,,,ODN0000490217,n,right_only
91CE3948-6014-4A37-901A-61343ACA04F5,,,,,,,ODN0000490223,n,right_only
F566AC54-196E-45A5-B7B4-1717E32B0874,,,,,,,ODN0000490229,n,right_only
34CEE473-AC92-403E-A61A-D0842BAA9E03,,,,,,,ODN0000490205,n,right_only
51B088F0-EEC5-47CF-BFBD-E98B51762B90,,,,,,,ODN0000490247,n,right_only
3561F029-08BC-4796-8E32-E51A1680EB84,,,,,,,ODN0000490235,n,right_only
A6B73C9C-A6EA-441E-B752-37416328598C,,,,,,,ODN0000490253,n,right_only
11CF73BA-E83F-4ACF-BF57-A0E6C059A5AA,,,,,,,ODN0000490259,n,right_only
B990BDCE-2C1D-4AC6-BBB6-AD149243EE1E,,,,,,,ODN0000490265,n,right_only
5F419C15-7502-4835-85AC-F287FA6183A1,,,,,,,ODN0000490241,n,right_only
EB6A9C73-6A2E-4D55-8E92-3E46BB1E06C3,,,,,,,ODN0000461084,n,right_only
C6E96213-AB83-4398-A2B5-34315C7E35CC,,,,,,,ODN0000461071,n,right_only
4BEF73A2-5DD2-4352-982B-15517408CE15,,,,,,,ODN0000461090,n,right_only
2477B755-D171-4C9A-9170-43BDB3201394,,,,,,,ODN0000461096,n,right_only
727C334C-C2CE-4EA4-A835-324886489B0E,,,,,,,ODN0000461102,n,right_only
E9A13A2A-3FBF-443F-9F0F-BE68148E82F7,,,,,,,ODN0000461077,n,right_only
752B39BA-65C7-4249-B3E0-E7FFD754120F,,,,,,,ODN0000079164,n,right_only
536BBDB9-D64A-4896-8428-36665E329AA9,,,,,,,ODN0000143681,n,right_only
06EC9274-943D-4E9B-81E7-E3A48B95F619,,,,,,,ODN0000144338,n,right_only
FEF0E51A-3B96-494F-816D-3506AE1981DE,,,,,,,ODN0000076254,n,right_only
13E2B88F-73D7-4457-A453-01EE9703EFE2,,,,,,,ODN0000179922,n,right_only
830D41EC-F004-4BA0-8653-F4067DC24BB1,,,,,,,ODN0000268544,n,right_only
629AFFED-460F-45FF-9E6E-589F8D3AD147,,,,,,,ODN0000079163,n,right_only
35E435BE-A76C-4AEB-8DB2-17F2A5107030,,,,,,,ODN0001756084,n,right_only
F63DB619-68F3-43AE-A599-5E46F8DEEF40,,,,,,,ODN0001586313,n,right_only
B8281D52-4030-4951-99E2-85CEC62E03B9,,,,,,,ODN0001900300,n,right_only
AAE9DCD5-D9DE-45AA-B049-A65584C718BF,,,,,,,ODN0002032150,n,right_only
A62F7F5D-E897-4CE1-9457-600381E4209A,,,,,,,ODN0001204072,n,right_only
CDAB599C-AFC1-4DF8-8A8E-A45B78706334,,,,,,,ODN0000143566,n,right_only
F86E8EBD-83E0-4697-A65E-788E718847E7,,,,,,,ODN0000076366,n,right_only
52EB8044-95A7-4FC3-B5F1-1E51297AF42C,,,,,,,ODN0000080148,n,right_only
EE330BB5-2534-4B36-B927-48142F6A6266,,,,,,,ODN0001771233,n,right_only
60D931D3-1C5C-4B65-AE40-154EBE20914C,,,,,,,ODN0000208910,n,right_only
D6033E05-F09C-4208-B0C2-A546BABFF17A,,,,,,,ODN0001742367,n,right_only
F92A04E3-95A1-4C43-94B2-46665FA028AB,,,,,,,ODN0003602582,n,right_only
41CE709C-A95D-4852-A56F-A385960C6B47,,,,,,,ODN0001893837,n,right_only
501F66BA-2010-494D-89A9-D77F6B2EAF86,,,,,,,ODN0003742651,n,right_only
C20A6551-C8FD-4DB2-8F8B-37B0CD238654,,,,,,,ODN0004146828,n,right_only
B8E575E6-6FDB-467A-ABB3-65F8B49EF3E4,,,,,,,ODN0001190042,n,right_only
8AB1761B-8610-44C8-AFA3-C66EA4BCF02A,,,,,,,ODN0000657572,n,right_only
1CC39FA3-9072-434E-842E-A1473555AD8F,,,,,,,ODN0001681356,n,right_only
469322FE-A167-45AF-80B8-D16BA7FBDA00,,,,,,,ODN0000143943,n,right_only
9BD08D98-97D6-4405-8D06-A5AF8779A69F,,,,,,,ODN0000233965,n,right_only
C76991FD-0109-4081-80E3-802DDBE46DF7,,,,,,,ODN0000233918,n,right_only
A841015D-5900-4AD8-8068-889F0A76B93F,,,,,,,ODN0000205103,n,right_only
D83D6B3F-B5E9-4A50-AAFB-C87641EBCAD0,,,,,,,ODN0002249304,n,right_only
42243ED7-C758-4FB4-881C-6588C01924D8,,,,,,,ODN0001586319,n,right_only
46DE7659-1B56-4C67-8100-CE967FB66A63,,,,,,,ODN0003295093,n,right_only
E4810D45-F70A-4ECA-9081-3EFA7A671233,,,,,,,ODN0001395926,n,right_only
36F177B4-AE88-4B4C-8A0A-42A8D6767AD8,,,,,,,ODN0002306320,n,right_only
A430B185-FABE-4619-93F7-691E3D8BA958,,,,,,,ODN0000077076,n,right_only
13EDCDB9-6223-461F-ADE3-699559841A08,,,,,,,ODN0001438321,n,right_only
96794EBB-8B67-4FF4-888C-A2F8725020D2,,,,,,,ODN0002000862,n,right_only
86689C53-AE79-4B69-B2CE-EA76A6EB99C6,,,,,,,ODN0000148789,n,right_only
E951B8E6-7854-4403-8008-447D13A895FE,,,,,,,ODN0000152644,n,right_only
352CC54C-C417-4798-A5E0-4EEB27F57E92,,,,,,,ODN0000152359,n,right_only
ABA58A50-1B3A-43A5-AA2B-05B2042A63A8,,,,,,,ODN0005690380,n,right_only
AD45AC1D-F96E-4ABD-A9AB-25A13F0BA0B3,,,,,,,ODN0005225898,n,right_only
1E958D1F-ECD3-4953-B0C9-FB0D2426E914,,,,,,,ODN0005529054,n,right_only
579AAD0E-6BB1-4FE8-80AD-A3DA7694CC20,,,,,,,ODN0004550795,n,right_only
E3104FA5-5012-41C7-9323-4C457334459E,,,,,,,ODN0004596248,n,right_only
52DF413C-3711-45DD-BA16-7C7E32473EA6,,,,,,,ODN0005752679,n,right_only
D22C1247-910C-4B3A-9C97-355A62E5EC19,,,,,,,ODN0005187924,n,right_only
83958048-6D92-46F0-99A1-1FCFA7DABE57,,,,,,,ODN0005713681,n,right_only
AC46A0A2-DF1A-4E15-92F4-B6AB22DD6AFF,,,,,,,ODN0005528507,n,right_only
EBF41E6C-F54B-49D0-B14F-47DDFF1FDA02,,,,,,,ODN0005554340,n,right_only
AFCE059C-985E-46C4-A9A0-C4917069CFC4,,,,,,,ODN0005554342,n,right_only
B2756426-236A-43AC-BA7B-31ADC0379C79,,,,,,,ODN0005554343,n,right_only
5C2A2713-F462-4818-8A41-EF3322E2A021,,,,,,,ODN0005528582,n,right_only
94528B6A-27DB-45DD-835A-2AB748EF8E52,,,,,,,ODN0005528642,n,right_only
BFA902AE-F671-4939-8D5B-316787327F46,,,,,,,ODN0005554348,n,right_only
C340525C-24F2-4959-AD89-9F14F1C09AF4,,,,,,,ODN0005554349,n,right_only
352C586A-02B4-40AE-932A-FC92844BEDEF,,,,,,,ODN0005015267,n,right_only
F2AC2201-78A4-4525-AC32-CB7B2AA4E614,,,,,,,ODN0005533167,n,right_only
40EA2849-409C-4E06-B89E-BC58F942B294,,,,,,,ODN0004939522,n,right_only
3B55C694-E1A1-4FF9-B9D4-68A64E19A8C5,,,,,,,ODN0005767787,n,right_only
1DBC6E49-F63C-4C05-BF94-7689BE64A203,,,,,,,ODN0004497154,n,right_only
FC0B8404-C4D3-4555-95C8-FAF28465C1A6,,,,,,,ODN0005252817,n,right_only
8B6180DC-4E09-4058-AAEB-2033C88D70D9,,,,,,,ODN0005384966,n,right_only
6A917F4D-5786-42F7-9889-58D66C5592D6,,,,,,,ODN0004534389,n,right_only
B21D77E3-64A0-4C12-92DC-2214BC718FF2,,,,,,,ODN0005087390,n,right_only
4228131A-45A0-451A-8447-61459846B5CA,,,,,,,ODN0005087477,n,right_only
36022EFD-E43E-485B-BA86-519586B7BF7D,,,,,,,ODN0005437657,n,right_only
2DD3C0FA-6D72-419C-8F88-88BC511D9F1F,,,,,,,ODN0005452687,n,right_only
EEB76AD8-34A8-4BD2-9309-5229DF52234B,,,,,,,ODN0004720501,n,right_only
E6C90B47-E6E0-436D-92CA-62ED0AE05FB8,,,,,,,ODN0004720522,n,right_only
019F0ECD-3F75-42A1-A3E3-D8FB4E1AFD08,,,,,,,ODN0004720598,n,right_only
752D06AE-D6A9-4B6D-A3B0-2BEF2E3493F8,,,,,,,ODN0004720635,n,right_only
84E60A51-12FF-4DA6-97F4-843BB8D2288C,,,,,,,ODN0004720653,n,right_only
B0C84156-8DC9-401E-8F65-2AA6809975A0,,,,,,,ODN0004720889,n,right_only
61CDFCAE-E950-4A90-99A6-95F54141F70B,,,,,,,ODN0004720933,n,right_only
B0911FAC-FFF9-4952-B909-B34FDDA79F26,,,,,,,ODN0003634065,n,right_only
7626825F-1089-4B95-A800-6B4AE813EE5A,,,,,,,ODN0003634213,n,right_only
59D7A582-0D72-4C65-A5EA-6D09C9F2CEA0,,,,,,,ODN0003634232,n,right_only
FC0DD061-BF82-43E9-8BF3-2AFB43DE3A41,,,,,,,ODN0003634273,n,right_only
DBB486DB-B948-480C-AF86-267D2B1735FE,,,,,,,ODN0003344554,n,right_only
A44E5131-C7A7-43E5-B952-E59AF45D3532,,,,,,,ODN0003634425,n,right_only
7C3F5FCA-CE29-4A66-84F8-84D4B816CF65,,,,,,,ODN0003634514,n,right_only
0E849CE3-154D-4C3E-B8B4-BB077D3B1799,,,,,,,ODN0003634548,n,right_only
03170956-2DE7-4F14-8306-34A3F1986AFC,,,,,,,ODN0003634655,n,right_only
31E06601-21CD-4BD8-ABFF-AFAD7396C4E2,,,,,,,ODN0003634715,n,right_only
122A3E8D-7A1A-41E3-A931-C4E83072C4D3,,,,,,,ODN0003634788,n,right_only
6E7094E2-51A2-4AFD-AE7B-AEBAB9801E18,,,,,,,ODN0003344680,n,right_only
7E43082E-E5E9-4F4E-9932-3C912264EE26,,,,,,,ODN0003344762,n,right_only
B7A44D31-7034-4D4B-A54E-1D4525C95F13,,,,,,,ODN0003635352,n,right_only
FD67EE5C-5941-4AAD-805E-C9ABB0918FA7,,,,,,,ODN0003635363,n,right_only
D1ABC290-7EE2-4908-B243-A76ACA7D5369,,,,,,,ODN0003344785,n,right_only
1DAA6909-FB7A-40C9-9A49-C9DEEA62C3AB,,,,,,,ODN0003635522,n,right_only
11E75D16-DB3A-4B49-B2B9-744B30E7E77F,,,,,,,ODN0003635844,n,right_only
ECBB21EA-137B-43A6-B1C3-80F8E07B95F3,,,,,,,ODN0003635970,n,right_only
659C0729-EC6C-43D5-B13F-241446614455,,,,,,,ODN0003636026,n,right_only
91241D41-23A5-44A5-824F-904860F03BEE,,,,,,,ODN0003636030,n,right_only
B9131FCD-ECDC-4BCA-9864-F1200F8337A7,,,,,,,ODN0003344936,n,right_only
2E3E44EC-6252-4B85-B705-1F83AFC69AB3,,,,,,,ODN0003636244,n,right_only
365132ED-A298-45B9-8A8F-546DD10E5E72,,,,,,,ODN0003344952,n,right_only
7821AA13-FCC4-4372-892A-DB34B2F6F531,,,,,,,ODN0003344962,n,right_only
40471918-456F-4CBD-9BBB-23205005B74F,,,,,,,ODN0003344963,n,right_only
4484C904-CC40-4BBE-9E07-2BDE47202075,,,,,,,ODN0003344964,n,right_only
05FF2545-BD1F-4848-B20D-0514F8D47CD5,,,,,,,ODN0003636390,n,right_only
5973468B-ACB6-4F9A-A251-E4D5B52568A9,,,,,,,ODN0003636391,n,right_only
29D7C482-42FD-4CAD-84A1-A4C497BF609B,,,,,,,ODN0003636444,n,right_only
017DDD1C-99A0-4971-9150-B70C7D78FBD1,,,,,,,ODN0003636501,n,right_only
23073C5F-A78A-4F46-B8EB-E8B251664D5D,,,,,,,ODN0003636608,n,right_only
32040232-E624-4908-961C-27F8974B62BB,,,,,,,ODN0003636739,n,right_only
0AFDCF21-F948-4F8F-AF8B-91DDE6DA33E3,,,,,,,ODN0003636889,n,right_only
34726FF2-49DB-47DE-AEDB-BB6014442087,,,,,,,ODN0003345148,n,right_only
DEF135BF-9E7A-48B8-B34F-F5EEC8F2B7BB,,,,,,,ODN0003345228,n,right_only
E1F4E40E-DC0F-4B8E-AC62-F884AD378648,,,,,,,ODN0003637541,n,right_only
E22F1248-FC5A-4ACA-9207-3CB14E364C8E,,,,,,,ODN0003637578,n,right_only
8907B473-AA5F-4760-9E03-BDFD2AF4F7F8,,,,,,,ODN0003637581,n,right_only
CA28362D-571C-47AE-B953-1EE1EBED8A86,,,,,,,ODN0003637618,n,right_only
044CA37B-62AC-4A24-8E18-D8B8A014B0E0,,,,,,,ODN0003637655,n,right_only
BDAAD31A-5D9E-41E0-B394-F921F55ADE40,,,,,,,ODN0003637973,n,right_only
6CE3B79F-725E-42AF-9C50-FE0FBB43BB35,,,,,,,ODN0003638007,n,right_only
4064ACA5-2423-48C4-87AB-509F493620AE,,,,,,,ODN0003638116,n,right_only
A9EFA3B3-65E5-4CFC-85EF-24937FA43971,,,,,,,ODN0002958861,n,right_only
B13CD53A-835D-4B1B-8464-FD64A94693E2,,,,,,,ODN0003046506,n,right_only
474802AE-ADAA-47B9-9A7E-71DB7F5BBE2B,,,,,,,ODN0003308680,n,right_only
CAEEBED9-AB85-4705-9776-E4437B463375,,,,,,,ODN0003041566,n,right_only
9A502850-100C-4BB5-B1FE-8A43991AAD05,,,,,,,ODN0002424215,n,right_only
07FBE0CA-D97A-4429-A155-1F30077350C6,,,,,,,ODN0002799849,n,right_only
F201C671-8178-4291-97F8-0706037259C9,,,,,,,ODN0002799850,n,right_only
0DDD4848-6F52-449E-80A2-DB139900A5E8,,,,,,,ODN0002799851,n,right_only
A5959666-B68E-4279-8F91-C217A3D91E98,,,,,,,ODN0002799852,n,right_only
B7480B36-A225-4B64-AA4A-21DAB2DFDA16,,,,,,,ODN0002799853,n,right_only
B45EE504-3158-4964-8F59-E4115F2BBA21,,,,,,,ODN0003308710,n,right_only
DD1859AA-DF6F-4388-B9E9-46CF78F1F866,,,,,,,ODN0003041596,n,right_only
7393A988-6CD7-4E5E-89FC-C2BAC7C380CD,,,,,,,ODN0003041597,n,right_only
F8289289-68B5-4D8A-B61B-046C0C54FB3C,,,,,,,ODN0002424819,n,right_only
57580594-4BB7-4BC4-A62B-944F54F515A2,,,,,,,ODN0003308720,n,right_only
89EFD0DE-58A8-4408-A7C8-5AD30E28707F,,,,,,,ODN0003308721,n,right_only
63142CCC-9690-47C6-B0D3-37EE31DC241D,,,,,,,ODN0003308727,n,right_only
BDED7BE6-C1E8-4CE2-B4AE-3BD9E5416EFD,,,,,,,ODN0003308728,n,right_only
4E3F33BF-CD0C-4CBC-A33E-561BEA85967C,,,,,,,ODN0003308737,n,right_only
9161BE97-6861-4FC0-A5FC-E2D1C767674B,,,,,,,ODN0003308739,n,right_only
01FC62F3-17F1-41ED-8905-6568DB12EA66,,,,,,,ODN0003308740,n,right_only
6ED81B6B-1E53-4E08-9860-2C97C9BEDC9C,,,,,,,ODN0002799855,n,right_only
179BAD41-C43A-48EC-9004-C4F598336501,,,,,,,ODN0002799856,n,right_only
D2E32CEE-63E0-4D8F-AC15-D7885DED380E,,,,,,,ODN0002799857,n,right_only
40D4F7C2-DD2D-4277-AF0A-E9B55656B3DE,,,,,,,ODN0002424825,n,right_only
6E47C429-6C17-4C28-AFF7-895FDC847286,,,,,,,ODN0003308771,n,right_only
A0F5537D-357C-41D4-9865-9BFD16B56258,,,,,,,ODN0003308773,n,right_only
F40EE2FA-DFA9-45F0-B839-B014ABBE3FEC,,,,,,,ODN0003308774,n,right_only
02B7B619-A9AC-494E-BAA3-4A3146F00F51,,,,,,,ODN0003308775,n,right_only
D6807408-3C00-4002-826D-7A9F0A952712,,,,,,,ODN0003937312,n,right_only
D5B4ED2A-56F5-4D52-9194-35A9F671C791,,,,,,,ODN0003937346,n,right_only
C9B0ED52-A864-4606-912F-464C0ED60618,,,,,,,ODN0005062789,n,right_only
4E36FF8D-1575-4773-B519-3111C8768626,,,,,,,ODN0005062792,n,right_only
B896A3B3-24A9-445B-8CE4-0093A991178B,,,,,,,ODN0003937361,n,right_only
D173407D-F766-4CD4-8D4C-85650568FBBF,,,,,,,ODN0003937410,n,right_only
C100E7D1-A3A5-48B1-A075-C9E5C1626867,,,,,,,ODN0005062795,n,right_only
A0EDEC23-BC80-4F0B-8757-61BDEE79AFAC,,,,,,,ODN0003937490,n,right_only
4AE04245-CF9B-4569-9D56-D55CBD54E1EE,,,,,,,ODN0003937530,n,right_only
DDFA77B3-975C-4236-BFE1-A9844990FE32,,,,,,,ODN0003937533,n,right_only
4BCE348D-2CB3-40AA-B07D-7436BAE17091,,,,,,,ODN0003937535,n,right_only
93FD0142-E1BB-4FDB-98F5-08183C3C3FE6,,,,,,,ODN0004693708,n,right_only
C53E3827-97E9-40A6-93B0-2A8EC8944F0E,,,,,,,ODN0004693709,n,right_only
5F754EC7-41DD-4ACE-9EAE-B937F858F08E,,,,,,,ODN0004693710,n,right_only
3C0F9EC3-D778-4E27-9A7F-AECF6C924FC7,,,,,,,ODN0004693711,n,right_only
46C958FB-EFBD-4DFA-BB56-EEE05EBF7D34,,,,,,,ODN0004693712,n,right_only
BCA52B9C-AB8B-43E8-94E9-328089A44AE9,,,,,,,ODN0003937675,n,right_only
EA0276F2-10D8-49CB-A6E1-BC030D585211,,,,,,,ODN0005062813,n,right_only
FDA246DA-3149-4971-86DC-8EBD02E8EC72,,,,,,,ODN0003937696,n,right_only
276AA181-7600-480A-9931-BE77AB2D34B1,,,,,,,ODN0003937761,n,right_only
7FCACA33-15CA-4E8E-9172-DA174445EFCA,,,,,,,ODN0004693715,n,right_only
DBE128C3-ED8B-4A81-97FE-7B9E1468E908,,,,,,,ODN0004693716,n,right_only
4A0BD5AC-FA71-441D-9E1D-0584AFAAD6E4,,,,,,,ODN0004693717,n,right_only
FE2102CA-A19B-4645-AAD6-0309DA26E4DF,,,,,,,ODN0003937776,n,right_only
9C719DC9-E45E-464C-B74D-BE28869D59B2,,,,,,,ODN0004693719,n,right_only
28724450-A880-483A-BC34-CECE602A58D0,,,,,,,ODN0004693720,n,right_only
B2962EC5-4A41-4CEB-AD08-328C785E18E1,,,,,,,ODN0004693721,n,right_only
3FCBECF3-FE4C-40F5-970A-9766CF29A846,,,,,,,ODN0003937879,n,right_only
AC958798-B9D5-4394-968A-CB2469361EB5,,,,,,,ODN0004693727,n,right_only
DEE8B858-5BBD-4D5D-A59D-66BCB3F3B083,,,,,,,ODN0004693728,n,right_only
0ADB65B3-13AB-4239-96B4-E5C6DCFAD541,,,,,,,ODN0004693729,n,right_only
10126010-14B0-462F-AB4E-084648413CB1,,,,,,,ODN0003937903,n,right_only
E6FD6BC1-8FF7-4CC3-8B80-385AAC3B5DF4,,,,,,,ODN0005062817,n,right_only
ED4704CE-738F-4800-81A7-140455937520,,,,,,,ODN0003937944,n,right_only
0F161769-61E7-49FB-9B8E-15F3AB46BAA9,,,,,,,ODN0004693730,n,right_only
64499BDC-72B1-4FFE-ADF5-9F0D768B78E5,,,,,,,ODN0003392114,n,right_only
269B76C6-2181-419A-BF5C-045199232FFD,,,,,,,ODN0003288011,n,right_only
57BF9577-4339-4DD0-8BE8-9E6F2F41BB29,,,,,,,ODN0003287987,n,right_only
38FC3248-D77D-4028-967C-B820A55FC8EB,,,,,,,ODN0003951102,n,right_only
46F23742-B629-4844-A4E0-13B893A806F8,,,,,,,ODN0003512477,n,right_only
BB2C2F11-E534-4D6A-AFAD-FE04094B6B2E,,,,,,,ODN0003277272,n,right_only
80A00E68-E486-491C-97DB-1B29CF857D17,,,,,,,ODN0003443328,n,right_only
3D23D411-65B9-41B8-BF27-A6B102F4F1B9,,,,,,,ODN0005556725,n,right_only
B8CA4643-790A-4B55-9066-9CC47721A637,,,,,,,ODN0004853810,n,right_only
9A48093D-D162-4AC4-94A9-A98964335191,,,,,,,ODN0004876681,n,right_only
5AB6E71E-9702-4A0D-A826-4106BD3EF61F,,,,,,,ODN0004876682,n,right_only
1589C5E3-70EE-4BF4-8F2D-40ED046F5D13,,,,,,,ODN0004408045,n,right_only
ADD75F2F-5619-42ED-95A6-6E7B48EFBC6A,,,,,,,ODN0004408048,n,right_only
1B35A04B-18D6-408B-A58B-36180821355B,,,,,,,ODN0004408060,n,right_only
BD3358C5-ABDE-442E-8D9D-472FA05D9EC9,,,,,,,ODN0004408069,n,right_only
CF92495F-A99D-4B14-9217-A04D1DAA07B8,,,,,,,ODN0004408075,n,right_only
E247CF2F-A555-4A62-8AF3-C47B63B49469,,,,,,,ODN0004408077,n,right_only
54BF98E4-C8FC-40BC-B241-D8D14CAAA818,,,,,,,ODN0003301554,n,right_only
107336B4-4858-4431-9EFE-C6F68997711E,,,,,,,ODN0003341532,n,right_only
5ACB3F40-A1F5-4867-B1D3-2EC7B1BB451B,,,,,,,ODN0003341541,n,right_only
D449C7EF-0E0F-42B8-B691-4BE33528D9F9,,,,,,,ODN0003341542,n,right_only
44E95A37-C0D0-4E61-91F0-B4AB6E4129E2,,,,,,,ODN0003341543,n,right_only
3C2CEA75-7DE9-4B25-810F-128FBAAF0EBF,,,,,,,ODN0003341544,n,right_only
0D76AA48-B786-4C3F-ABA3-4BAE18D60954,,,,,,,ODN0003341545,n,right_only
3644E3C3-08EC-47F6-A127-C4E23F8A5319,,,,,,,ODN0004239446,n,right_only
F9EBF31A-8E35-47A6-89F8-41CA6B7B6B55,,,,,,,ODN0003341547,n,right_only
76F49352-4084-410B-A0F7-4E2446EBC47C,,,,,,,ODN0002568148,n,right_only
A0E6BA90-1254-4551-A8A6-5E05B746FA13,,,,,,,ODN0003341548,n,right_only
824D6CE9-85ED-4DDB-BFE2-2749C1B8C510,,,,,,,ODN0002490474,n,right_only
6732FB72-98D7-4F77-BCC4-4082A670B873,,,,,,,ODN0003460003,n,right_only
1C12EE47-9A79-42BD-9B16-1F7CC56604AC,,,,,,,ODN0003699816,n,right_only
5CFE34E5-7CE5-40FD-941E-541C065F9789,,,,,,,ODN0003460004,n,right_only
74000391-E379-42C3-8D8B-DC6922AAD396,,,,,,,ODN0003460006,n,right_only
BFDDEA67-C195-4788-A757-E0BDA3AF6A49,,,,,,,ODN0003633379,n,right_only
E705DFF4-4E98-4F59-8705-2998506988B1,,,,,,,ODN0003699817,n,right_only
CA4369C5-EE10-46A5-BA47-71E6F58FD03F,,,,,,,ODN0003699818,n,right_only
46E78C7E-DCEB-46A7-B960-FF56F8B1AE4D,,,,,,,ODN0003578819,n,right_only
85AD3C1F-5EB7-4705-BA00-BE24D2BF6081,,,,,,,ODN0003699819,n,right_only
FEF90AB0-7AFA-4E70-B5C6-21796C01A50A,,,,,,,ODN0003460010,n,right_only
8B0C4EF9-B516-47EC-8DE8-A489348F3211,,,,,,,ODN0003633382,n,right_only
0FE82C16-489C-465F-A74B-C845D1591FFE,,,,,,,ODN0003341546,n,right_only
7711EC40-4C36-40CD-864C-3C561ACB4CF1,,,,,,,ODN0003578823,n,right_only
3CED741B-0E0A-48E3-BB58-763B5A12C04C,,,,,,,ODN0003633383,n,right_only
B397E2FF-B1CB-4067-9E63-47D7A94D8DBE,,,,,,,ODN0003578824,n,right_only
B6BD95FE-33A1-46C9-9162-917DFC3E660F,,,,,,,ODN0003400039,n,right_only
5BC9F76C-6B99-4A24-9658-5135C0658666,,,,,,,ODN0003633388,n,right_only
0CFD5F0B-8103-4187-9D98-AD0970AD9165,,,,,,,ODN0003699822,n,right_only
1B8F0EA1-2EBB-49DB-B1D1-F705A30532C3,,,,,,,ODN0003578825,n,right_only
2389FBDF-BD0F-4038-BE3C-CAD263CAFE60,,,,,,,ODN0003578826,n,right_only
FC49C145-FD47-4063-A297-E26C3714BA18,,,,,,,ODN0003633391,n,right_only
6B58D19C-BAB9-4861-AB0A-50719A0103A0,,,,,,,ODN0003578830,n,right_only
A37E69B0-E2F4-4E86-B4AB-E75534F5360D,,,,,,,ODN0003460021,n,right_only
3887B26D-76FE-4454-8DD2-A17D96B4864F,,,,,,,ODN0003699824,n,right_only
0B5B865D-ECE5-4304-AFBD-E166643C720F,,,,,,,ODN0004239448,n,right_only
478321AE-6AD2-4290-B46C-3B25B749716C,,,,,,,ODN0003369712,n,right_only
620C73D3-2BFD-471F-AD9B-C796695F9DE4,,,,,,,ODN0003369709,n,right_only
1B39A577-94E7-4A97-B020-ADC0743BDC75,,,,,,,ODN0003369710,n,right_only
ECBCC405-3E8E-4BE0-A45D-03E6539E0A84,,,,,,,ODN0003369711,n,right_only
8568454D-11F5-433F-A191-F21AE945A2C2,,,,,,,ODN0003369713,n,right_only
55D2ABC1-956C-4148-B534-3517FDA70138,,,,,,,ODN0003369714,n,right_only
A0701766-9985-49E4-A07F-2B2B6BE22C58,,,,,,,ODN0003369715,n,right_only
AD302874-4F5B-4C98-9C35-0B399936ABDC,,,,,,,ODN0003369716,n,right_only
9CF81F32-47C1-4BAE-8A9A-5D488C04B962,,,,,,,ODN0003369717,n,right_only
BE99BA6F-89A2-42B3-A6F7-2034ADFA668B,,,,,,,ODN0003369718,n,right_only
065E166A-9E15-4D05-9821-AC8CD5A9DE18,,,,,,,ODN0003369719,n,right_only
C1A9001B-6603-495C-A6A0-B9DA9DB9961C,,,,,,,ODN0003369720,n,right_only
1A147A69-86AA-4E3E-85ED-CFE956DEB080,,,,,,,ODN0003369721,n,right_only
0FE12F96-6BC9-4934-BAD0-B454EAF8C754,,,,,,,ODN0003369724,n,right_only
989DEA85-EF3F-45A7-98DF-F4EDEEBBFFFB,,,,,,,ODN0003369725,n,right_only
F7256438-C5B0-48BD-BECD-74F871B7A019,,,,,,,ODN0003369726,n,right_only
2B022AE1-C506-481C-BE20-D38FED2F1F2F,,,,,,,ODN0003369727,n,right_only
A64E6E68-6173-4C96-9484-D982806A7B74,,,,,,,ODN0003369731,n,right_only
0FD64160-3D1C-4C11-892C-6D4C9E714D53,,,,,,,ODN0004250292,n,right_only
B9C0DCA9-0DD5-4C19-86D3-A983209AC8EC,,,,,,,ODN0004250309,n,right_only
14510BCF-B2EB-4259-920C-A6A429112C4C,,,,,,,ODN0004250310,n,right_only
E40E7F6B-B351-4F78-8D0D-554D99198B99,,,,,,,ODN0004250314,n,right_only
7E320473-3672-478E-9978-E1B17AFC4F33,,,,,,,ODN0004250363,n,right_only
1F8635A4-1B2C-48AB-8C9D-4E1C7AA97753,,,,,,,ODN0003550671,n,right_only
BB3244E3-263F-4E28-A68D-F1BB1B32C97F,,,,,,,ODN0004250398,n,right_only
3C856FCB-D467-406A-8C2A-AD75DE5BC9D6,,,,,,,ODN0003976874,n,right_only
D7EF04A0-405D-4446-9E44-11B346AF52F2,,,,,,,ODN0003976947,n,right_only
395229DB-6184-49D8-972F-C210E0591DC2,,,,,,,ODN0003976966,n,right_only
8A82E0DD-CF1D-413E-9A14-4974AE1E2442,,,,,,,ODN0003977110,n,right_only
D53B2839-00CC-4669-A961-B18E417256D2,,,,,,,ODN0003794567,n,right_only
73AF049F-94D1-4CDA-AC9B-4834951AF8DB,,,,,,,ODN0003977424,n,right_only
E63FB14A-04F9-480F-974F-EE5FA07355F1,,,,,,,ODN0003977430,n,right_only
75C272A0-610B-4040-9407-15F423B599A2,,,,,,,ODN0003977442,n,right_only
FC13C8EF-BA44-4669-BAE1-989EB9D52697,,,,,,,ODN0003977500,n,right_only
90632914-F6F1-4FAF-B382-499DE057C943,,,,,,,ODN0003977111,n,right_only
7C81A73F-4136-4059-9E51-74338AED4C44,,,,,,,ODN0003977506,n,right_only
8DCC9549-2854-4A7B-9226-22FD6B3B9E0B,,,,,,,ODN0003976825,n,right_only
C2157DE4-3345-40E1-9A67-7A4536F29122,,,,,,,ODN0004489332,n,right_only
A4943D18-C71A-4452-B719-03AA04E915AF,,,,,,,ODN0004489485,n,right_only
4988B392-6DF0-42F1-B6AE-657237B532C1,,,,,,,ODN0004489500,n,right_only
743D3350-0378-497C-BD9F-E9678E98FD08,,,,,,,ODN0004489509,n,right_only
E647D94D-E7C5-43B8-9B6E-E7F7083CED5D,,,,,,,ODN0004489516,n,right_only
2DCF837C-A296-430C-959C-FCEACF097B84,,,,,,,ODN0003977468,n,right_only
A5B24D66-6637-40C9-A560-D3A607D22FBE,,,,,,,ODN0004489466,n,right_only
C6CC9875-E95E-4857-A6EA-30E7C2D68128,,,,,,,ODN0004489478,n,right_only
36A80C36-127A-4B64-B18C-A613AAA601DF,,,,,,,ODN0004489487,n,right_only
7B6C6252-9960-4786-8498-AF16BBCD6BCC,,,,,,,ODN0003977415,n,right_only
E3E4C527-8E1F-4D31-A69E-24D65D555B0C,,,,,,,ODN0003977417,n,right_only
4944A8EA-58DF-47E4-9FC6-5038A088B576,,,,,,,ODN0003977120,n,right_only
ACB2D967-A4C1-4A2D-9929-F1C6F9678695,,,,,,,ODN0004489501,n,right_only
20D7E6DF-C83A-4018-8B01-D65DEB4D557D,,,,,,,ODN0003976964,n,right_only
B596ECE9-5FC0-4222-A54D-D7DB37316551,,,,,,,ODN0003977375,n,right_only
00B36106-3BA4-4B81-8DB8-B69B455FBC8E,,,,,,,ODN0003977504,n,right_only
CEAFF6E9-9C10-42A6-A9EE-EF1147723D71,,,,,,,ODN0003977095,n,right_only
EF394B03-CFE6-40F2-9717-4C41E7E616BA,,,,,,,ODN0003977096,n,right_only
D712DDDE-D86A-4C77-AF2C-60C962BAD00A,,,,,,,ODN0003977098,n,right_only
4CE5F46B-09FB-4651-BE79-5109CC3D6949,,,,,,,ODN0003977099,n,right_only
E580DE76-2337-46A6-B5B1-5A23E0467D14,,,,,,,ODN0003977129,n,right_only
35AA1820-ED2B-4BA7-AC3B-5A46E7EAE953,,,,,,,ODN0003977426,n,right_only
A6F845E1-47F8-4539-833A-1DCBD3182CA1,,,,,,,ODN0003977494,n,right_only
CF651A1F-0618-4DA5-BAD4-E811DB22556E,,,,,,,ODN0004891691,n,right_only
0F774089-A0C1-4B86-9356-AC49E9A3A8C5,,,,,,,ODN0004891715,n,right_only
CFBE07B2-7879-4D4A-98BC-46393A780E2F,,,,,,,ODN0004891753,n,right_only
17F7667E-06C3-43C5-9EE3-D281C2B9BFDE,,,,,,,ODN0004891800,n,right_only
40AB957B-0273-4AB5-AD6D-D9DC67CA23A7,,,,,,,ODN0004891803,n,right_only
F90A3F76-4899-410E-B626-8BCA9C4B71F1,,,,,,,ODN0004891840,n,right_only
8C5CC5D7-DB31-41D3-930C-23849767F2E3,,,,,,,ODN0004891847,n,right_only
3C2BB390-E792-41C0-9DFE-4CEB03513F5D,,,,,,,ODN0004891879,n,right_only
C381E98E-85FA-4028-B93F-D5BE7DCEE490,,,,,,,ODN0004891884,n,right_only
59EB2764-2CCC-4215-8238-B3A013A26FEC,,,,,,,ODN0004891924,n,right_only
DFB1AD01-66CA-4218-80E6-A8E91CFA0736,,,,,,,ODN0004891933,n,right_only
0A951109-0078-427B-843A-E989C85D439E,,,,,,,ODN0004891935,n,right_only
5A55467F-B554-4562-8F17-B132495715FB,,,,,,,ODN0004891936,n,right_only
B258F80F-6752-403C-AFDE-DD83A7E229DF,,,,,,,ODN0004891940,n,right_only
CF6F7D40-964E-4A8B-9FDD-0AC752A46F7A,,,,,,,ODN0004892047,n,right_only
2F4C6330-A40B-4A12-A32B-54BDBFA47A8D,,,,,,,ODN0004892052,n,right_only
17543578-2EEA-4686-9E93-095FA8544A8F,,,,,,,ODN0004892055,n,right_only
31B8A768-0B54-4C27-B85A-CAEC194C556A,,,,,,,ODN0004892079,n,right_only
5D7956D5-BD8F-47AF-9E75-68408D9D474D,,,,,,,ODN0004234921,n,right_only
DE088069-908D-461F-A026-888D38E50A76,,,,,,,ODN0005570530,n,right_only
8B6271B7-74CF-4740-AECB-BC091EB219C2,,,,,,,ODN0004763977,n,right_only
2E5EA7FD-6561-4EF9-BBDA-977A35774503,,,,,,,ODN0004869947,n,right_only
CB47D594-BF61-4E44-93EB-F5E1CABD5417,,,,,,,ODN0003650147,n,right_only
83BD28C2-C504-4219-AA10-C00D82657C86,,,,,,,ODN0000066128,n,right_only
F86F83B2-15A2-46CB-8802-219C98C72384,,,,,,,ODN0005569944,n,right_only
45607CD8-4B44-4164-AE9D-23FFD6631E54,,,,,,,ODN0005431463,n,right_only
BF0539A1-7420-48D8-BF6C-A4DFAD80787A,,,,,,,ODN0005535357,n,right_only
7BD61FA3-E36D-4257-A2A4-537E249F03F0,,,,,,,ODN0005430656,n,right_only
A657E48A-F231-4A9D-8816-D938235F4FCA,,,,,,,ODN0005141138,n,right_only
2981E22F-C186-43A1-AFDE-69D2DDFED971,,,,,,,ODN0003248602,n,right_only
7EA58DCE-911F-4C71-8EA0-52B13140CE45,,,,,,,ODN0003865497,n,right_only
7EA69B37-72B1-4D10-8143-60DE1DE3FFF5,,,,,,,ODN0004535101,n,right_only
56641D23-E283-4FBC-8AE6-9D476128ED44,,,,,,,ODN0005452585,n,right_only
19A20F8D-CB3F-4532-9B53-0D973336B1CF,,,,,,,ODN0003463765,n,right_only
A2AFD5E2-B6B9-47DF-AAAF-3B0BCE3EFB45,,,,,,,ODN0005331229,n,right_only
74BC52FB-479F-4182-A4EB-AFD01A6394FF,,,,,,,ODN0005331353,n,right_only
4B9319CF-2380-40A2-8E92-4ADE17BCFD78,,,,,,,ODN0004641128,n,right_only
71DBF4B1-8DB7-4C9C-AFD6-5C085DE9CCC9,,,,,,,ODN0004391230,n,right_only
9BCF21E4-F475-4F79-ADE8-EEC77B102C95,,,,,,,ODN0004391231,n,right_only
DA3BFC6B-22B7-4340-BB43-A33052FACCAA,,,,,,,ODN0004391232,n,right_only
07B36A38-80DC-4431-83B0-580CCD2A74CC,,,,,,,ODN0004391233,n,right_only
DA5881E4-1609-46F4-9911-F0BBAE56A61E,,,,,,,ODN0004391234,n,right_only
24F4123C-8E35-45D1-8380-D1D85A7D2252,,,,,,,ODN0004391235,n,right_only
B223DA83-F655-4002-8BE8-AB542D66A83D,,,,,,,ODN0004711510,n,right_only
7E36F96F-7524-4F62-B508-8BA46FE0A208,,,,,,,ODN0004864537,n,right_only
B8F55FEE-12AC-4295-A938-043D08FFBEAF,,,,,,,ODN0004864543,n,right_only
79623867-9763-4C15-83E0-B3098430DAD6,,,,,,,ODN0004328307,n,right_only
B64AC50B-178F-4BF1-A8C0-1BCC36626A15,,,,,,,ODN0004328308,n,right_only
829EB954-F05C-4860-94CE-84E73E3814F1,,,,,,,ODN0004328309,n,right_only
E113C676-E10C-4062-A4D6-74000A11BB45,,,,,,,ODN0004328310,n,right_only
3F0CA4BD-0AFE-464E-9698-DED49E5EC4AD,,,,,,,ODN0004328311,n,right_only
D75F516C-9516-405F-A11E-A8933557F898,,,,,,,ODN0004328312,n,right_only
5E7853E2-3524-436D-8CC6-713F30F2E9B4,,,,,,,ODN0004328317,n,right_only
A216EE87-26FA-4742-BC04-F2FC8B4C2FAD,,,,,,,ODN0004328318,n,right_only
C4169714-5836-4F52-AE93-B787B09B73B6,,,,,,,ODN0004328319,n,right_only
26251827-D78D-4F58-AB22-27034CF15319,,,,,,,ODN0004328320,n,right_only
066A4EB5-7CE2-4423-A57B-76CE0F15A821,,,,,,,ODN0004328321,n,right_only
8EE5CC5A-AFAD-4AE7-917A-F579B45C4D35,,,,,,,ODN0004328322,n,right_only
EB5DC6CB-A620-4786-99F7-A60709551E99,,,,,,,ODN0004391251,n,right_only
FCE760AD-41D3-46A1-ABE9-194D7F723CAE,,,,,,,ODN0004452470,n,right_only
F21C2760-9154-46E5-85D7-4573A7285C85,,,,,,,ODN0004391282,n,right_only
A71E6817-7DB0-4AC9-B5FD-2D0A86F2F780,,,,,,,ODN0004391283,n,right_only
E12689F9-2A0D-4AA2-9860-81D04E2E3A5A,,,,,,,ODN0004391288,n,right_only
03A02BCF-7564-4542-893B-5A4E87745471,,,,,,,ODN0004391289,n,right_only
9574AF99-1503-4BF3-91BC-4514927243EE,,,,,,,ODN0004328331,n,right_only
C79D5B37-0D6B-4F12-B751-B6EF294BC0EC,,,,,,,ODN0004391310,n,right_only
1301B7C2-83AF-4B6B-9297-16621BACBC22,,,,,,,ODN0005065509,n,right_only
05116E0F-E2F2-4A6E-A3FB-FB10AFDFD3F3,,,,,,,ODN0004452564,n,right_only
01B0ADCF-2A44-4641-81A2-9E0C33EBCAC3,,,,,,,ODN0004579232,n,right_only
6E271302-975F-4B8F-9878-8D9436E54DD9,,,,,,,ODN0004533225,n,right_only
5C055D8D-CE9D-4622-B0AD-95581ED3B8A5,,,,,,,ODN0004452573,n,right_only
C81822A4-0FE5-445A-B403-B7B2F4C768D4,,,,,,,ODN0004391336,n,right_only
FD75376C-349F-4F91-9019-123D0AF6FC68,,,,,,,ODN0004391353,n,right_only
0A2085F1-F03C-4694-A770-138E20A13B38,,,,,,,ODN0004864595,n,right_only
83A784F8-B101-4CEE-86E0-DDB362BF5855,,,,,,,ODN0004391361,n,right_only
3D6A040C-2AE4-466E-AF73-5E11447A841A,,,,,,,ODN0004391362,n,right_only
2CFC7625-A2E3-4B8A-A127-C1B03BDC74DB,,,,,,,ODN0004533240,n,right_only
18A5867F-8E40-45A5-90C1-F8B18AAB9354,,,,,,,ODN0004864619,n,right_only
82CBB8D1-A619-482C-A55E-9C7011EAD122,,,,,,,ODN0004711803,n,right_only
4B13696E-300F-4835-8C99-61775B04BCD3,,,,,,,ODN0004864638,n,right_only
AF1CA011-B8F1-4469-8CC1-005444B0B6AD,,,,,,,ODN0004328360,n,right_only
0763A885-5AAE-433B-9F43-31620E338171,,,,,,,ODN0004328361,n,right_only
15ACBB1A-3F53-4371-9C61-F0223DC30D9C,,,,,,,ODN0004328362,n,right_only
ABA049E9-1103-4F98-88E4-2766C6BD489A,,,,,,,ODN0004391418,n,right_only
E3FB6E07-1A06-4CBB-93B9-11F0C9481AD7,,,,,,,ODN0004864659,n,right_only
7FFD9B51-2FC0-42AC-9CC6-ADC8895171C8,,,,,,,ODN0004391432,n,right_only
9C2E8FB0-858F-44E2-A52E-BF681A98DA49,,,,,,,ODN0004533277,n,right_only
9502C12D-C5A0-4C2A-93B5-F154F2868979,,,,,,,ODN0004864675,n,right_only
60E953DD-1299-4636-A4D3-3791A156D7C1,,,,,,,ODN0004579292,n,right_only
F2C4637F-099C-4395-ADD7-430AF8C7FFB1,,,,,,,ODN0004452728,n,right_only
9B371A17-F8BC-47A5-9FBB-F3E142B96E40,,,,,,,ODN0004391449,n,right_only
4321A17A-CAC9-4D54-8F7A-B89B5752BCBE,,,,,,,ODN0004452732,n,right_only
C34E3B9A-3BA1-43C5-A89A-D2E391126F1D,,,,,,,ODN0004391469,n,right_only
BD5F7E84-7414-47F0-A522-E760C80E021C,,,,,,,ODN0004452754,n,right_only
FC25847B-BC71-4DE7-A04D-1B744D5C9C08,,,,,,,ODN0004864703,n,right_only
D73E6767-D13F-411F-94A9-4EF83386DF90,,,,,,,ODN0004328414,n,right_only
A660FA91-59FC-44DD-8B53-40ADD44F6E4E,,,,,,,ODN0004328415,n,right_only
AFA0BDEC-DD23-4856-89FC-2DD19AEEB877,,,,,,,ODN0004328416,n,right_only
EFC83981-3A91-4D97-9CDE-7C4C82C83AAF,,,,,,,ODN0005348834,n,right_only
7F4CC784-B022-47BB-B719-3BDBE7F7A159,,,,,,,ODN0004750978,n,right_only
3FF3C9B5-BA6F-40E4-BC35-FA75B6CCFBC4,,,,,,,ODN0005348839,n,right_only
CF28E6CF-BD0C-4EDD-BE7F-E538AEE7A0F7,,,,,,,ODN0004750987,n,right_only
9F2883BB-B635-4CEA-A1A9-20833392DEC1,,,,,,,ODN0005348840,n,right_only
CA00F4DD-5AA9-48FD-B1AE-09A3BC24CA9B,,,,,,,ODN0005348844,n,right_only
225EC9E5-464B-4BB4-9E8C-8A7BE112971B,,,,,,,ODN0005348848,n,right_only
02236819-2EE1-4E87-8B44-2DA48DF50194,,,,,,,ODN0005348856,n,right_only
780F76FE-A53F-408B-90B9-8050FE94394D,,,,,,,ODN0005348858,n,right_only
AEDCD87A-139E-49FF-966C-D3385B12582A,,,,,,,ODN0005348859,n,right_only
4A57F776-8F7B-4635-922D-F92848AFD245,,,,,,,ODN0005348860,n,right_only
3C0884C9-000C-4E3C-A7F4-78A3D73B2EC1,,,,,,,ODN0005348866,n,right_only
1EE901C5-157E-4D74-9156-54A521CA403B,,,,,,,ODN0005348869,n,right_only
3F6242B6-E05C-4197-97A5-DDED00CE8DF8,,,,,,,ODN0005064883,n,right_only
35996768-5B38-4906-AFCC-2D53514DC7B0,,,,,,,ODN0005064884,n,right_only
02798175-CEAD-4901-AF80-DAFB52BD73CF,,,,,,,ODN0005064888,n,right_only
81263B88-4D9B-45DD-A77D-1D69C1A92E43,,,,,,,ODN0005064889,n,right_only
CC28D490-48D0-4D57-9AE9-F0B2E38E80B7,,,,,,,ODN0005064890,n,right_only
AB94AD7F-1914-4514-9BF4-79836A724C6F,,,,,,,ODN0005064891,n,right_only
B87C9E23-EBE9-4C19-BEE0-E0674A5D2DE9,,,,,,,ODN0005064892,n,right_only
A2CC10EA-0E38-49DE-A5C1-56AED32201B6,,,,,,,ODN0005064895,n,right_only
E2AF2407-8C1C-4103-BB9D-BAADA5DD489E,,,,,,,ODN0005064896,n,right_only
C175033B-8B01-4B78-8972-E1C934EF305E,,,,,,,ODN0005064905,n,right_only
9450F3B3-7815-4393-BF74-6A1CE6634268,,,,,,,ODN0005214910,n,right_only
8DAF0726-4ACC-4A5E-8EA4-7598F0F7D935,,,,,,,ODN0005214912,n,right_only
4808AFDD-CCE7-48C8-BD58-8D132FFA85E2,,,,,,,ODN0005214915,n,right_only
F3DFFB73-EDC6-492A-BA9A-F6ACCE142F38,,,,,,,ODN0005214924,n,right_only
FFC2DB4E-E614-4C10-BE2C-99B684F2141A,,,,,,,ODN0005214925,n,right_only
0D659D20-DC02-4AAE-9DDF-8930BBDAA8D1,,,,,,,ODN0005214929,n,right_only
8CD36A8D-5ED6-4BA4-960D-5F196F112F13,,,,,,,ODN0005214930,n,right_only
DA472247-46B1-4723-92E0-0667E1183BF9,,,,,,,ODN0005214931,n,right_only
FA5C8F93-CCFB-4F7D-9EF5-889260DF8776,,,,,,,ODN0005214939,n,right_only
FB1B56BE-B824-4390-AD57-AE7730788C66,,,,,,,ODN0005214940,n,right_only
7B2988CD-794C-40FD-8D7A-4C86297BC437,,,,,,,ODN0005214944,n,right_only
36F9ED37-BEEB-4FCB-9EF9-CD02631A5858,,,,,,,ODN0005214945,n,right_only
3B6D62D2-5199-4672-8300-54E864A295A2,,,,,,,ODN0005214947,n,right_only
ECEAD36D-8778-4ECD-B7D7-054CBDF5CDDC,,,,,,,ODN0005214948,n,right_only
F482769F-EEAA-4799-9987-0D961BE2C439,,,,,,,ODN0005214949,n,right_only
72CFECA1-4EFD-4CE0-AB66-B44E96796816,,,,,,,ODN0004840211,n,right_only
92BD20A8-E06A-4A27-AB9C-E636A494ABCE,,,,,,,ODN0005214950,n,right_only
1E9CB448-CD1F-4940-892F-5AB458C616D6,,,,,,,ODN0005214952,n,right_only
4EB2781E-9AF1-47F9-90E9-3EA7319AF60E,,,,,,,ODN0004840221,n,right_only
DB3D68C5-D86A-4288-8C41-C5D21B97F715,,,,,,,ODN0005214956,n,right_only
A09E22F3-F5ED-45E3-9B7F-0B3B21D96A35,,,,,,,ODN0005214958,n,right_only
AF5CAC41-EA1D-40E5-A222-FEC23733EC0C,,,,,,,ODN0005214960,n,right_only
2DE962D2-DF67-4615-BEE9-BFEAB6D89645,,,,,,,ODN0005214961,n,right_only
100A0BB1-0A0C-4037-8152-624468E27824,,,,,,,ODN0005214963,n,right_only
4E552113-EFC9-43E2-ABEE-70D7BEC37887,,,,,,,ODN0005214964,n,right_only
E6DBEE86-C702-4710-B31C-066210519707,,,,,,,ODN0005149394,n,right_only
DCB5D9EA-180C-4CB6-A428-60F119B2B008,,,,,,,ODN0005149396,n,right_only
8D14E488-48A8-4BA1-B20C-8DDF3CD548DF,,,,,,,ODN0005149398,n,right_only
899F794B-A6A6-4BC2-B999-C5EB31E4440B,,,,,,,ODN0005149400,n,right_only
167990D2-E092-4851-AE29-ADDE03C80530,,,,,,,ODN0005149402,n,right_only
BE6125BE-2CB1-48A6-B438-99DAA3AD0731,,,,,,,ODN0005149662,n,right_only
22466316-65F0-4270-BC2C-3E1755049805,,,,,,,ODN0005528766,n,right_only
23A17837-E066-4A01-95D6-E367118DB0DE,,,,,,,ODN0005263145,n,right_only
7531574F-112E-4F59-A4AA-F4285C8837DA,,,,,,,ODN0005263146,n,right_only
D6D93C01-B36F-4DE8-AC3B-F7A254C86799,,,,,,,ODN0005495175,n,right_only
912556C2-C0E2-48D3-9C41-05751E33F25F,,,,,,,ODN0005377208,n,right_only
36013A3B-405F-45CB-B015-2FD620E59839,,,,,,,ODN0005495213,n,right_only
3FEF5811-A243-436F-A165-C927D948B842,,,,,,,ODN0005377292,n,right_only
11DDD212-66CD-403C-8F83-192760817B16,,,,,,,ODN0005495241,n,right_only
92B9C618-FD0E-4382-982A-F5B2C38D35D3,,,,,,,ODN0005495273,n,right_only
ADA8DEF1-414F-4BA6-BC97-C8D36802519D,,,,,,,ODN0005149414,n,right_only
1C63CFF5-7165-4A00-BD90-44215A767658,,,,,,,ODN0005149416,n,right_only
2950D33A-99AF-4D84-9911-0E996A5A3F6A,,,,,,,ODN0005149418,n,right_only
795B1D4D-897F-475C-BDF6-8DF4DD15276F,,,,,,,ODN0005149420,n,right_only
C818D25D-632D-4BA6-ADF2-F9401C1568F6,,,,,,,ODN0005167245,n,right_only
27C3918C-2FAF-47E0-89D3-8AB6771FC3AB,,,,,,,ODN0005167242,n,right_only
ED56D92E-001C-4228-9F6C-41E13C0B49D0,,,,,,,ODN0005167243,n,right_only
C3835698-57A5-4F7C-94C2-2B3910D47EB3,,,,,,,ODN0005194509,n,right_only
D05F28B1-D63A-4BF0-916C-43F18FEC7D13,,,,,,,ODN0005167244,n,right_only
3405EE87-0558-459D-80AC-884210D78561,,,,,,,ODN0005149422,n,right_only
A04E59A9-B647-4FB2-9174-F934AF3DFABD,,,,,,,ODN0005149424,n,right_only
BD23BCC0-BDA1-4E3E-8EE3-A768EF1454C4,,,,,,,ODN0005299200,n,right_only
3EA66C1E-291B-4EBA-BAD0-4CC23337239A,,,,,,,ODN0005309931,n,right_only
362B68A0-71E3-4CA3-AC78-40B48EECED9A,,,,,,,ODN0005421967,n,right_only
70E62E56-0FDC-4C16-B7C7-0C9B1145495A,,,,,,,ODN0005149563,n,right_only
EFE6F803-84D0-47EB-8730-037C65E45723,,,,,,,ODN0005244281,n,right_only
580E3A77-AC7C-4F1F-8271-00AA925E727D,,,,,,,ODN0005244307,n,right_only
C6DD3F1F-E5D2-4D1A-BA1C-242C306370C5,,,,,,,ODN0005244308,n,right_only
CF370884-58EF-4221-A0B8-3B650D7CFBD6,,,,,,,ODN0005244310,n,right_only
C65B07AA-8B32-4841-AAF7-F53EEA526F5B,,,,,,,ODN0005244311,n,right_only
AAF3A366-652F-4A29-B913-8762AC138D30,,,,,,,ODN0005244312,n,right_only
29516CF3-7BFC-40A9-B35F-59ABA279A135,,,,,,,ODN0005244313,n,right_only
96B36C55-F1F2-4253-94CF-132A3AA2F873,,,,,,,ODN0005244314,n,right_only
DAFB5265-E5BF-4E82-B705-D64356B88A4B,,,,,,,ODN0005244315,n,right_only
E4D99C49-8B13-4842-B1DF-C1CAF40A31DD,,,,,,,ODN0005244294,n,right_only
63CE094C-1D3D-445E-9F06-B67B3A283162,,,,,,,ODN0005244296,n,right_only
0656C16B-86DD-4148-AFC6-BE65C66946CF,,,,,,,ODN0005244297,n,right_only
8B9BB6FC-9CB4-4931-9A17-00C783877B1E,,,,,,,ODN0005244299,n,right_only
05842EA1-E490-499A-9A9F-06DA33766AE5,,,,,,,ODN0005244300,n,right_only
F86C32CF-F1CB-4760-B3BF-590002A2E7F8,,,,,,,ODN0005244302,n,right_only
3A7AEF1E-12FC-42AE-8CF2-2D8E73512B2C,,,,,,,ODN0005244303,n,right_only
9B0D0193-8760-40C9-8FA1-959F1CA0F18F,,,,,,,ODN0005244305,n,right_only
621EB25C-F573-4A0C-B9C9-B9FEF477E570,,,,,,,ODN0005244306,n,right_only
F544FB91-A962-402C-9E53-57B4EBFDA8B8,,,,,,,ODN0005244343,n,right_only
E2614329-A2DA-4E0D-B47B-2C12FE50ED45,,,,,,,ODN0005244344,n,right_only
7380F44D-8D9C-44BB-BF6E-3639D1462932,,,,,,,ODN0005244345,n,right_only
D93C7EF9-9E69-4AFC-BAAC-3FC8182CE4D2,,,,,,,ODN0005244346,n,right_only
B06708D3-92D8-49AE-9B40-5AAE98927C46,,,,,,,ODN0005244347,n,right_only
20FF9EE0-F43E-4007-AC8B-23C68738BA4E,,,,,,,ODN0005244358,n,right_only
4C63A785-963C-40EE-BF8B-0DE271FA761D,,,,,,,ODN0005244360,n,right_only
2C99E8AF-94B0-4ACF-8D1A-17E380F6BFF9,,,,,,,ODN0005244361,n,right_only
041EB79B-0C6A-4CE2-98CF-AF9078399FDC,,,,,,,ODN0005244362,n,right_only
059788C0-7F95-4D8B-84FB-7258C5F84DE2,,,,,,,ODN0005244364,n,right_only
4D45B102-B3A3-4EF5-B0DB-F8D60D29DC73,,,,,,,ODN0005244366,n,right_only
2810738E-BDF3-4F7A-898A-4A76652C81A7,,,,,,,ODN0005244368,n,right_only
E7030152-0665-4B71-935D-9241A027C97C,,,,,,,ODN0005244369,n,right_only
5F10978C-FC99-4A35-8562-E61590BAF050,,,,,,,ODN0005244370,n,right_only
B629896F-2B90-4BE5-B466-65C5FC603554,,,,,,,ODN0005244365,n,right_only
7F91E82E-2800-475F-BE63-ED38331B9459,,,,,,,ODN0005451550,n,right_only
8ECDDB29-F4B6-4DE8-9340-8F31ED5B55E0,,,,,,,ODN0000103363,z,right_only
9345448E-FDF0-47BF-9DC0-EFEE7D8BA3CD,,,,,,,ODN0000451918,z,right_only
5CAA1177-F940-4C34-AAD1-4C7CE013D759,,,,,,,ODN0000113755,z,right_only
C19C1FE0-99F8-4FFC-9505-220C5B569700,,,,,,,ODN0000451889,z,right_only
2201463F-25AA-4258-A7C9-3C02D846748F,,,,,,,ODN0000115623,z,right_only
18B0E9A1-7005-46EA-8400-82E13BE6C426,,,,,,,ODN0000143162,z,right_only
3443A656-0802-488D-9B6B-09E84792641C,,,,,,,ODN0000143163,z,right_only
43806937-D18D-49EC-B197-23FFE332845A,,,,,,,ODN0000001087,z,right_only
56F32320-608B-4B0F-863D-386C63AC62B4,,,,,,,ODN0000125323,z,right_only
A538B6B0-51BF-4D5E-96B1-52E2EE5D68C9,,,,,,,ODN0000100683,z,right_only
6744ED49-4097-4E7D-A2C0-87C71944BEF1,,,,,,,ODN0000002127,z,right_only
8E8B08A9-A701-48D2-9CD7-C0577F469605,,,,,,,ODN0000136662,z,right_only
784E0666-3296-4CBA-B568-2C097D6BBE19,,,,,,,ODN0001487684,z,right_only
1A770812-C7D2-45CD-9EC8-0A58BA852AC5,,,,,,,ODN0000482026,z,right_only
7C67E35E-F465-4694-9A7C-77CC7E98916D,,,,,,,ODN0004513454,z,right_only
CBE0272B-9067-481F-841C-12C3DEEBA5DB,,,,,,,ODN0001487375,z,right_only
960D73CB-5955-4723-BEB9-71CF8EB15B78,,,,,,,ODN0000718706,z,right_only
7482DD22-90B4-4C88-BD7C-366112444F1B,,,,,,,ODN0000718846,z,right_only
F5781C18-B21C-4E48-99AD-D8891873DB06,,,,,,,ODN0001896687,z,right_only
25A3D9EC-C88B-410F-ACCA-F7090A385B34,,,,,,,ODN0002189717,z,right_only
61788AD8-9790-48BC-B25B-21396A645187,,,,,,,ODN0000471719,z,right_only
67771195-F80E-41FB-818E-D47601B5B51F,,,,,,,ODN0000507861,z,right_only
45846650-02DB-46EE-A3AC-5238C3C63D70,,,,,,,ODN0002184585,z,right_only
AD4ADB1E-8E6E-4B1E-A707-3FFCF09139DF,,,,,,,ODN0001487817,z,right_only
0BCEB935-E42E-4484-88BE-A97C15B84368,,,,,,,ODN0005274410,z,right_only
A67BB64C-4EC2-4C4B-BBB0-CC8945CD2341,,,,,,,ODN0000116589,z,right_only
D0967E67-ED97-4BED-B859-586B1BFC3FE7,,,,,,,ODN0000010567,z,right_only
2E494464-FBA5-4315-8496-F39A6B377FEC,,,,,,,ODN0000106556,z,right_only
8430569D-D53D-4566-AD6D-FBA97950E0B1,,,,,,,ODN0000132665,z,right_only
457DB6E4-F1FA-48AF-9AA5-F5F7B8C325B1,,,,,,,ODN0000132673,z,right_only
108BA063-45C2-400A-A906-183E2E65A531,,,,,,,ODN0004256807,z,right_only
15C6698E-BF32-4B18-8EA3-757C12839CD5,,,,,,,ODN0000718857,z,right_only
553F4A4C-87F4-4501-8199-BC99F088F881,,,,,,,ODN0000718828,z,right_only
4FBF4742-DCF9-4DBC-B813-FDC5F4110FB4,,,,,,,ODN0000914406,z,right_only
9A659B3C-D83E-4E5D-B024-C29167F24DBB,,,,,,,ODN0000719354,z,right_only
03746B3E-25FB-421D-8C83-959E5FE20AE0,,,,,,,ODN0001177719,z,right_only
D2490B5C-BD05-46F0-9A33-0544E70F4467,,,,,,,ODN0000272293,z,right_only
B6F0A0AF-4994-434B-959C-C4A127125EC0,,,,,,,ODN0001899208,z,right_only
23F1D4B4-B564-4984-93F2-0CCD4A3A8CA7,,,,,,,ODN0002406469,z,right_only
9C559326-F8D3-4E57-9C52-A9B8BC86AD5D,,,,,,,ODN0001581700,z,right_only
A5FCED1C-5EB7-4AAF-AC97-6ACAEA833622,,,,,,,ODN0000520744,z,right_only
151A54DD-CDA2-44F4-A977-7908AA32F0BE,,,,,,,ODN0000521294,z,right_only
A4938651-E6A4-4181-8CB3-A2DFEBCC4EF2,,,,,,,ODN0003218760,z,right_only
AF6B46A8-FB3E-48CB-BDE3-A5380ABEC708,,,,,,,ODN0002231120,z,right_only
79DBC6C3-CFCB-4F88-89C0-F2B4BFD75FD0,,,,,,,ODN0000532560,z,right_only
75DDF5E3-E68B-40AA-8F3A-91D43DD0C819,,,,,,,ODN0005254237,z,right_only
673C318D-BBED-4649-8DEB-62D56D558165,,,,,,,ODN0000106709,z,right_only
15BBF43E-C28F-44C7-8DCD-F907918B4CC0,,,,,,,ODN0000106557,z,right_only
A27CD228-C2E9-4DF5-BAC6-7CF2F687F11E,,,,,,,ODN0000106707,z,right_only
1C501E49-AEFB-4D1D-A562-7CD6A9DB89BE,,,,,,,ODN0000000485,z,right_only
3238A790-FC18-4D75-97E6-DC8675529928,,,,,,,ODN0000002269,z,right_only
DA9AD074-FD91-4277-821C-F3CAC0E38D84,,,,,,,ODN0000122971,z,right_only
C9971FC5-7EB5-40F4-A888-ECD113E77CB4,,,,,,,ODN0000137937,z,right_only
D9AD60E6-4B0A-414E-AAB5-75A20736E439,,,,,,,ODN0000115847,z,right_only
3CBB0DA4-6968-4D33-9F51-673CBC0352D2,,,,,,,ODN0000106708,z,right_only
4A9C3244-1EF3-4FAC-8368-59313C3AE6D9,,,,,,,ODN0000007956,z,right_only
B39D4FAF-B103-435C-9141-2D2B4110F915,,,,,,,ODN0000108500,z,right_only
4C4D9830-8138-4B89-83F4-6C0170D8E456,,,,,,,ODN0000106554,z,right_only
78723CB3-5E89-4F73-B37C-03369FD02E23,,,,,,,ODN0000139813,z,right_only
B4675B66-6BD4-4B7A-884F-957D966C7ECF,,,,,,,ODN0000066737,z,right_only
9B5FF211-CB00-44A0-AF60-3C08B8033D82,,,,,,,ODN0000106555,z,right_only
2BCB65EF-608F-427C-ACC0-42C31C1307D6,,,,,,,ODN0000454307,z,right_only
70E1AE23-B896-429E-89B5-6FD46180D31F,,,,,,,ODN0000521837,z,right_only
0CF79AB7-B077-42CC-AA32-0F16B1298DBE,,,,,,,ODN0000142015,z,right_only
1569FEC7-0862-4422-A3AF-A7A79FF46CDD,,,,,,,ODN0000152627,z,right_only
81DF1688-6739-4094-8C01-2D4A6ECFD1C8,,,,,,,ODN0004335416,z,right_only
CEFE52F2-5AFE-4429-87ED-2F359ED7D554,,,,,,,ODN0001283225,z,right_only
BC4D77E5-F1E9-4BE9-AE32-01C9A82975AA,,,,,,,ODN0000479011,z,right_only
DA96B13E-6578-4AED-947C-980A9A8BF027,,,,,,,ODN0005787728,z,right_only
072AFE33-F176-44D0-90E0-BCBBA472890E,,,,,,,ODN0004197177,z,right_only
0D0A9898-B6CA-4E24-A50D-3B5EC9FDEF7B,,,,,,,ODN0004513460,z,right_only
26D25CC9-07DD-47B3-BDC3-9B5C2231D935,,,,,,,ODN0001527614,z,right_only
EE418F7C-A5DC-44E6-A1EF-D8736E9585EC,,,,,,,ODN0004876457,z,right_only
6F1D7392-CFCF-4A4E-B89D-8F44DC4186CD,,,,,,,ODN0002890533,z,right_only
07A9267C-B955-4812-A8C8-A902D9FA915D,,,,,,,ODN0002411469,z,right_only
01F428F6-ED4B-4618-A806-C680716E95C9,,,,,,,ODN0003091224,z,right_only
DF9F110F-4C26-44EC-81AB-51CBFE5A85E3,,,,,,,ODN0005762352,z,right_only
3794FA30-8D06-41FF-BA87-13F8FEEE64CF,,,,,,,ODN0004767055,z,right_only
2FB15575-B3CC-4E40-99C7-44040C1E988C,,,,,,,ODN0000650337,z,right_only
79618C47-5C86-4267-BE13-B925698AE293,,,,,,,ODN0004659499,z,right_only
574F7C0F-2752-4B75-BABF-999DDACA12B5,,,,,,,ODN0002619767,z,right_only
1C744C00-C682-4FBB-BA2A-F8899ED18AFF,,,,,,,ODN0001423511,z,right_only
212C7870-7774-4F98-972C-9CD777D0FF8F,,,,,,,ODN0002075063,z,right_only
E9B99D70-FF63-432A-BA5B-13C2CAFE0F34,,,,,,,ODN0002580591,z,right_only
5CC54BF5-3A34-447C-BB55-447DB7EB81EC,,,,,,,ODN0004455353,z,right_only
88E7A112-2B85-42F0-884F-D933C5060A6A,,,,,,,ODN0005033540,z,right_only
D0178820-29E8-4CA0-8C32-1853B31B9F48,,,,,,,ODN0000541989,z,right_only
8BCDED46-720E-4EA3-916D-C7F09B402B0B,,,,,,,ODN0000104496,z,right_only
D3CE9A59-2274-4CA4-BDAE-7644D42989AF,,,,,,,ODN0000264857,z,right_only
B6C1F0E9-9563-49DF-978A-1EC36BA57FFC,,,,,,,ODN0004629745,z,right_only
C4E94532-9BAE-47E8-9407-CFF0D67464F3,,,,,,,ODN0001223582,z,right_only
2FFC3577-D83A-4965-97CD-B40383AE8E96,,,,,,,ODN0001366099,z,right_only
686C81B9-E634-43E6-87C8-8A963975DD14,,,,,,,ODN0003287363,z,right_only
88B51FCA-F027-4165-B6E6-EF5FE40FD407,,,,,,,ODN0005486699,z,right_only
772105E6-0DC9-4E97-8007-F8B94B71F5DC,,,,,,,ODN0005005047,z,right_only
46478DBB-CADB-4434-9352-1F890E2C26D7,,,,,,,ODN0004156164,z,right_only
CDE9C9CE-59E4-452C-931A-62D2FB65076A,,,,,,,ODN0000235437,z,right_only
E8126633-2899-430F-BC72-C75A3F93EEB3,,,,,,,ODN0000542008,z,right_only
3C851AEA-3678-4B36-9840-88D95DFB7422,,,,,,,ODN0000769517,z,right_only
AD2494DA-9F09-4C54-8369-E7A6397F7620,,,,,,,ODN0001371464,z,right_only
7950816F-94C0-4EAB-A6EB-345C06B37C8A,,,,,,,ODN0000132651,z,right_only
835A9B75-F9B8-4EE1-AD39-50C863718E0F,,,,,,,ODN0005486743,z,right_only
6D86B929-160D-4D8E-BC6C-74D0CCBDA05E,,,,,,,ODN0005376539,z,right_only
10ABCAEF-C476-4C75-A953-2D0A8345E6CB,,,,,,,ODN0005376532,z,right_only
22919037-BDD5-4923-BCEA-7EFF602A7B89,,,,,,,ODN0003091203,z,right_only
04A9BF2E-EE1A-4AA5-90D1-71535E5D76F1,,,,,,,ODN0002697660,z,right_only
9E6098E4-3EA0-426F-B26C-58584A6E7092,,,,,,,ODN0001485066,z,right_only
29BFBF39-D476-4205-82DB-6DC7C8E7E63C,,,,,,,ODN0000650312,z,right_only
15B6C684-E105-4AB3-B4ED-323D88AC9F04,,,,,,,ODN0001897744,z,right_only
2835A8EE-32C1-4A4F-BF82-62C0E9781FAC,,,,,,,ODN0005376542,z,right_only
0D547DC3-5A7F-4470-87F8-630FC569B882,,,,,,,ODN0004188236,z,right_only
77B4099B-F5DF-450F-9379-DDF35F3FA565,,,,,,,ODN0003148633,z,right_only
086F935A-A3F3-4A07-940B-4F6A372672C5,,,,,,,ODN0005284030,z,right_only
62EEB170-2C4F-441D-8C2D-7E72E323FA1A,,,,,,,ODN0005255221,z,right_only
722344FA-BEAC-4EE8-AAC5-35ED7C4229CB,,,,,,,ODN0003742577,z,right_only
96E9996F-9FA8-4242-BAF5-4D63929F7706,,,,,,,ODN0004560090,z,right_only
40A7FC7F-C718-4596-91F6-21EEE5ED3334,,,,,,,ODN0005376556,z,right_only
F8BC747E-F61E-407A-80D8-A84BFE1658C1,,,,,,,ODN0003889489,z,right_only
16B8FAB2-9EBC-434A-AA40-EF40FC97F06F,,,,,,,ODN0005376566,z,right_only
BF5D7A02-4AAE-42A6-B1D6-90BA330789D7,,,,,,,ODN0005208446,z,right_only
20E349E1-4B70-47F6-9310-BB5700869932,,,,,,,ODN0000116863,z,right_only
0318EB26-A13F-4DE1-A07F-4B98A3C98E80,,,,,,,ODN0000002137,z,right_only
AF8F019F-CDE5-4DFB-BE6D-C5BFBAFE910F,,,,,,,ODN0001586491,z,right_only
CE535F41-C2C4-4538-A5C7-19F3A5C9C937,,,,,,,ODN0001927809,z,right_only
B69DF736-96BB-4217-B4B8-6DE46A27D7D3,,,,,,,ODN0000990364,z,right_only
1CA3C4BF-3337-4D8E-8295-3DCB35B5EDAE,,,,,,,ODN0000493338,z,right_only
162CC349-7D80-4085-A1CD-BB5B1041C71C,,,,,,,ODN0001543260,z,right_only
43CD119E-64DF-4877-AE0B-3A4A02126C8C,,,,,,,ODN0001543261,z,right_only
BCDCBF4C-36B4-48ED-BAB3-7A2D2599846B,,,,,,,ODN0001737321,z,right_only
807645C5-DD21-4401-B83C-A31487887EB2,,,,,,,ODN0000195804,z,right_only
2D5A1BBE-B457-4A55-A590-48C11C63CE0E,,,,,,,ODN0004838919,z,right_only
9942FDB7-DEB2-4B1A-9E7A-A24B45968FDA,,,,,,,ODN0000196578,z,right_only
DC8D0CA1-7917-44AF-A39A-59E6EDD122E6,,,,,,,ODN0001268599,z,right_only
87E37645-C3DE-4653-BFC1-0AA346CEC093,,,,,,,ODN0000463318,z,right_only
436F77FC-DEAE-4CC5-AF35-07B862EA3307,,,,,,,ODN0000509786,z,right_only
5E2D04B6-D7C3-4A74-9EA2-F850016121A0,,,,,,,ODN0001487577,z,right_only
93D71A78-44A3-4A4A-8923-937729C823E5,,,,,,,ODN0001271590,z,right_only
76D6A6E0-37F5-473C-88D9-B6359014098A,,,,,,,ODN0001336254,z,right_only
76D2747A-21E8-4C18-9B37-BE912EFBE6B4,,,,,,,ODN0004335466,z,right_only
04DF8F69-BD70-44CF-A6C6-2176FC70561C,,,,,,,ODN0003900280,z,right_only
9386B6B8-FC33-4A88-867A-1AF294DE566D,,,,,,,ODN0004335467,z,right_only
1202D146-88CD-45FF-8386-0E5DCDADF479,,,,,,,ODN0004230234,z,right_only
DFC83CA4-F36C-4209-B0E0-862B0833EFFC,,,,,,,ODN0004264912,z,right_only
20EAF385-DF3E-4595-8D9D-5555C9D9E982,,,,,,,ODN0004230235,z,right_only
F3ECED27-FBA2-4D30-9AB9-BD9911F871F5,,,,,,,ODN0003900285,z,right_only
634DCBA3-604E-47A9-85B4-44BD22B1205B,,,,,,,ODN0004390095,z,right_only
A13BC2B1-6722-4BD0-9D54-77BE74A38ED9,,,,,,,ODN0004347666,z,right_only
E45BD0E0-5651-49E8-9C6D-E596B81930AC,,,,,,,ODN0004156215,z,right_only
B062DC48-7FFF-4A8F-B558-C9082B8F4509,,,,,,,ODN0004264913,z,right_only
93A112A3-53A3-4DBB-83D6-A1313DA8EFBB,,,,,,,ODN0005255211,z,right_only
9E280433-B6B5-4E94-9B47-5D1A2636BBE2,,,,,,,ODN0004513526,z,right_only
0F7B1CC5-D3E8-4B94-95A3-B9D63EFE45F3,,,,,,,ODN0005340159,z,right_only
0DAB73AC-AA0F-4C5E-99D0-84F2178318F2,,,,,,,ODN0002201933,z,right_only
14F9F0DD-C7A2-4C07-AC98-0C98F6D61927,,,,,,,ODN0001896739,z,right_only
05136F8A-F01F-44C2-A71A-901756BDB1B7,,,,,,,ODN0000145236,z,right_only
DC67B4D5-FC21-4FBB-B332-1F118107975D,,,,,,,ODN0000145269,z,right_only
84BF57ED-6B90-4574-88E6-47FB3E4C0966,,,,,,,ODN0000145313,z,right_only
3CFFBD83-60E0-4A98-9CC3-945BD6809AD8,,,,,,,ODN0000145356,z,right_only
CDB14E91-FDA6-4523-A137-0355B05399C5,,,,,,,ODN0000145362,z,right_only
E2053275-E292-4D91-B591-2944036104E1,,,,,,,ODN0000074395,z,right_only
FE5B0140-853F-433E-8D1D-3ACB1620D77C,,,,,,,ODN0001471728,z,right_only
14FF53A4-473F-4181-9366-F7F94348EA56,,,,,,,ODN0000505047,z,right_only
1A0D99B5-B672-48D8-AC4E-40DEDB44D601,,,,,,,ODN0000074405,z,right_only
CA17CBC8-4F4F-4C20-817D-501922314748,,,,,,,ODN0001471747,z,right_only
112F3A8D-2926-4636-B562-6E5A94A9BFB4,,,,,,,ODN0000800937,z,right_only
BBE30DBB-C3AB-4D2C-8C94-4E45257BC00D,,,,,,,ODN0000074487,z,right_only
41A7FBBB-AEBE-45B0-A33A-90BDFECB571E,,,,,,,ODN0000308053,z,right_only
E66E2961-3432-487C-8261-40F1D63466C5,,,,,,,ODN0000145244,z,right_only
1F73BD4E-E243-4E86-8F83-86A4A73DF45F,,,,,,,ODN0000145373,z,right_only
C0C5131A-9C90-41AA-8EE3-8BBE8F98546A,,,,,,,ODN0000145357,z,right_only
3098DBF0-9AB2-40F0-B54D-389600697272,,,,,,,ODN0000145374,z,right_only
8FD4100E-2D9A-4127-9D13-7D7B44ED8E70,,,,,,,ODN0000145375,z,right_only
372D3637-8398-4413-AE7D-54419F2DDC7A,,,,,,,ODN0000145376,z,right_only
CD879D2F-33D6-4659-B2C7-C11B272FD167,,,,,,,ODN0000145377,z,right_only
A7CF463E-1580-45B6-85E1-8EF1D7A73490,,,,,,,ODN0001472937,z,right_only
623F6376-024D-4B1C-92A4-9B3FDB26ABA1,,,,,,,ODN0000950088,z,right_only
C05592C5-A8C6-4D32-B889-D66F81D2979C,,,,,,,ODN0000008632,z,right_only
74B2D80E-B4EC-4B3D-9203-C81CBDC8263A,,,,,,,ODN0000145378,z,right_only
8569848A-317A-4333-AC3C-28DD98ABDC35,,,,,,,ODN0000145358,z,right_only
4FBB9C59-FBE1-4E06-966E-1EEA2A3728DB,,,,,,,ODN0000150410,z,right_only
4AB2838C-C203-49BF-8059-BC6F62FF02FD,,,,,,,ODN0000145379,z,right_only
0B3F561E-8E29-42B1-AB97-18D58D7C16CE,,,,,,,ODN0000150411,z,right_only
C8FFD784-4D0B-414D-861F-5120363E54F9,,,,,,,ODN0000150412,z,right_only
B25B6879-2B78-4BEA-8545-84297C6A46BA,,,,,,,ODN0001472964,z,right_only
33E88734-0144-4EBA-A1E6-172A6EB5B4BD,,,,,,,ODN0000107661,z,right_only
E195348E-561B-462C-B7A8-DC80D20CAEED,,,,,,,ODN0001472268,z,right_only
02D2FB79-F823-431F-9066-B4F8810B45E9,,,,,,,ODN0000214740,z,right_only
ACEC6653-CBAC-48AF-B56C-99E0D26A65DE,,,,,,,ODN0000145381,z,right_only
59F5E04E-E16B-4788-B2EF-68D3CA94377E,,,,,,,ODN0000150415,z,right_only
A30FC30C-BFEB-4D01-9A8E-58D36D19EA1B,,,,,,,ODN0000145299,z,right_only
11CEA469-F08B-4DA2-97E8-05600A88F60F,,,,,,,ODN0000145359,z,right_only
132A94CE-DA66-44C9-B931-F638E24EE7FA,,,,,,,ODN0000505052,z,right_only
8359A573-2ECA-4B72-8B25-5F2ADBB9EE60,,,,,,,ODN0000145360,z,right_only
FACAF450-9956-4CC2-A566-40CA620225E9,,,,,,,ODN0001472359,z,right_only
84280904-5650-4D4D-B1A8-2A249C88F771,,,,,,,ODN0001472391,z,right_only
75DC075C-63F5-4363-8510-7F5B1A9AAF64,,,,,,,ODN0000145308,z,right_only
5529A07F-56FA-461B-9CDC-5F2D5610CB59,,,,,,,ODN0001472394,z,right_only
A1E6C4BF-33F1-4F79-899C-C52DD0D3D98D,,,,,,,ODN0000151360,z,right_only
BAE5AB0F-E411-4D22-A0D2-A36E9B7BA8F0,,,,,,,ODN0000155161,z,right_only
A2ED8371-EB62-4FA9-AE91-59FB7FA64186,,,,,,,ODN0001472401,z,right_only
9373D3A2-4C8A-49E2-8654-F6BEFC2776FF,,,,,,,ODN0000145310,z,right_only
7BC1CE08-B04E-4BBF-A89F-437B33313142,,,,,,,ODN0000145382,z,right_only
F4EF1C0F-6897-4DF9-A38E-BC980D7E766E,,,,,,,ODN0000150417,z,right_only
D60B2E22-CC03-4950-B2F7-9432B2647B21,,,,,,,ODN0000145316,z,right_only
27D1BA57-1567-4BF6-8C7A-25BA395F271C,,,,,,,ODN0000145318,z,right_only
6B19AED4-3D14-4DC4-B4CD-CF54CCDEEC16,,,,,,,ODN0000142420,z,right_only
D0B9C288-002C-4156-9A65-3B1867DBAD3E,,,,,,,ODN0000145330,z,right_only
E7818446-A9E9-4CF1-80E4-030A6C904D02,,,,,,,ODN0000307454,z,right_only
D776D53C-3F10-4229-B322-449D851ABA75,,,,,,,ODN0000307819,z,right_only
BB327BD4-2F03-4B09-878C-A5F0D6C74640,,,,,,,ODN0001472526,z,right_only
3DB368EF-CB42-4E47-A616-C9BAF7D5A984,,,,,,,ODN0000145384,z,right_only
DABEDEA4-EE01-44C0-BA63-0A427815EB83,,,,,,,ODN0000145383,z,right_only
A8FE5CA7-86DA-4E37-88F5-984782307BAD,,,,,,,ODN0000145333,z,right_only
A0A829C1-38DF-49B3-BBC2-7874C3859820,,,,,,,ODN0000145334,z,right_only
2E25537D-0855-4012-AE6D-7F6DC04C023D,,,,,,,ODN0000145335,z,right_only
18BDBEBB-8C1A-4572-B155-D9DF957E2D0F,,,,,,,ODN0000145336,z,right_only
8A578A97-4E81-4DA3-A069-1F3C89A4044B,,,,,,,ODN0000145337,z,right_only
34014E08-5B1E-482F-BC31-4FEC364585DE,,,,,,,ODN0000145338,z,right_only
5F8A5948-5C14-4635-89D8-1B69EBD50DF8,,,,,,,ODN0001472988,z,right_only
5B4EC3BD-E49A-4A75-8D54-E638DD30B115,,,,,,,ODN0001472614,z,right_only
65369F98-8F7C-41CF-B282-EA5370A8443C,,,,,,,ODN0001472621,z,right_only
1483315B-7711-40D1-A305-C6EA143412A7,,,,,,,ODN0001472642,z,right_only
80E4693B-EFAB-488F-AD80-1F483A210B85,,,,,,,ODN0000145348,z,right_only
86FBA54F-0DB1-4F0B-BA9C-74731BEB21CA,,,,,,,ODN0000145386,z,right_only
CB77942F-4421-4502-8CDD-2E0A3992E19D,,,,,,,ODN0000145387,z,right_only
D3AF60C1-C2E9-4D13-817E-BDB8630A831F,,,,,,,ODN0000145352,z,right_only
6D146FE5-F61C-4CC6-B4F1-03789E16E2AE,,,,,,,ODN0000145353,z,right_only
45B15699-20D9-4A0F-B0EA-28C1CE8FE06A,,,,,,,ODN0000145354,z,right_only
8C88824C-BFEE-462C-A896-844B15FC511C,,,,,,,ODN0000145355,z,right_only
B8BE05C2-C86D-4DEF-B971-681F7127CAB5,,,,,,,ODN0000145388,z,right_only
7402BE13-B6B1-4B50-92F8-8D1615B64651,,,,,,,ODN0000145389,z,right_only
F3F20437-8AD4-481C-B306-E8AB0FE956E8,,,,,,,ODN0000145390,z,right_only
436CBF7A-E44E-44ED-8D3F-8C6411693121,,,,,,,ODN0000145361,z,right_only
337248F3-661A-4F2E-81A2-A7E7C99F07C3,,,,,,,ODN0000145363,z,right_only
A1CB5983-694F-46E8-ADA4-10CB891B24FE,,,,,,,ODN0000145364,z,right_only
45DC66A2-C0DF-42F6-9FD4-5A87C7300145,,,,,,,ODN0000145366,z,right_only
4DA9874B-4651-407F-BC46-C17225E54493,,,,,,,ODN0000145347,z,right_only
03FB7DA5-F32C-41E3-B859-05A25C310766,,,,,,,ODN0001472869,z,right_only
51EA63FF-1196-48B3-8A0B-8EFFFFD15B55,,,,,,,ODN0001472890,z,right_only
83D1B0DA-58E3-489A-A1F2-DAEBA2F9CA4E,,,,,,,ODN0000145370,z,right_only
5E9A53C6-48B1-4AFB-960B-3F0D8FC59705,,,,,,,ODN0000712904,z,right_only
48C844CE-FBD9-4A52-9C55-07F61C919034,,,,,,,ODN0001473035,z,right_only
FBFE6FBD-2382-4E24-9452-80F21285A1B5,,,,,,,ODN0000145395,z,right_only
6BB9C0E0-8C1C-4C5B-9F60-A771B2CBE75A,,,,,,,ODN0001473045,z,right_only
24FACC1F-BFEF-4CA6-AD13-CE4DB59B7F14,,,,,,,ODN0000145393,z,right_only
A8597372-7AAE-444E-AD50-A9C845D21C76,,,,,,,ODN0000145394,z,right_only
01BE0223-8C0F-4DBC-B292-7B4EA1DF2DB9,,,,,,,ODN0000145404,z,right_only
B1570E13-0F0B-411C-A81D-797DFE83D247,,,,,,,ODN0000011708,z,right_only
7FE09D5A-1361-404D-A436-59B2DE81DAD8,,,,,,,ODN0001473092,z,right_only
05AF1F93-F878-4F6D-A1DD-D8BE7889A16F,,,,,,,ODN0001473098,z,right_only
7CBD729A-DC86-41FB-AEE0-3999AAA4E1FC,,,,,,,ODN0001473101,z,right_only
B5A4D717-8C62-4B3F-B643-FD482CFC6C96,,,,,,,ODN0000145405,z,right_only
DB2239DC-BB15-4E91-A375-DCDFE5BCC0F6,,,,,,,ODN0000145406,z,right_only
331ACE2F-7060-4A53-A2F3-3434551A5762,,,,,,,ODN0000074517,z,right_only
C9B84FBC-7408-4C66-A061-44FAC0DC6A89,,,,,,,ODN0000002486,z,right_only
943186A1-8DBB-4D3C-B0BA-AAB24B8F5DD6,,,,,,,ODN0000001051,z,right_only
9E7E0528-871F-4469-B91D-8ABEFD424C49,,,,,,,ODN0000038305,z,right_only
20C4DF02-043A-4838-B97F-4A64BA04F026,,,,,,,ODN0000074530,z,right_only
56DE604B-81AC-4CA3-A077-4AE7ED06BE94,,,,,,,ODN0000070851,z,right_only
8821438C-EE0D-4709-892F-33B4AB2C24F4,,,,,,,ODN0000005234,z,right_only
01DEC41C-1A6E-41F8-ACA9-953D2D23568E,,,,,,,ODN0000142441,z,right_only
099B030D-0315-4256-97C4-7BA588F84380,,,,,,,ODN0002385793,z,right_only
93FAD9C0-032A-488D-8A0E-E83464FFD778,,,,,,,ODN0005147215,z,right_only
F1EC1107-6160-4B85-B162-22AD92721C6B,,,,,,,ODN0003840976,z,right_only
292E7A95-62CB-41AF-82AC-54D1F75FBA89,,,,,,,ODN0000145320,z,right_only
7C5A20AE-FC2B-4DA9-AF1C-BA689E17FBC6,,,,,,,ODN0000145228,z,right_only
B5B5696E-55CA-4240-A6EF-1D4EF191FBE6,,,,,,,ODN0001471862,z,right_only
E6C94A9D-0E58-4ECD-A76F-15CA8C81E93E,,,,,,,ODN0000171359,z,right_only
84EB264F-E990-4559-AE16-8A28DA32ED59,,,,,,,ODN0000145319,z,right_only
2C8202DE-DCE4-477F-A279-661F40C32785,,,,,,,ODN0000145332,z,right_only
C16515A0-F863-4F29-AA93-8C7B2F0808A9,,,,,,,ODN0000145350,z,right_only
19C16A89-F2C6-4F07-8BE2-39DAFF4DD76D,,,,,,,ODN0000145255,z,right_only
702259B8-4379-4D27-96D9-C9507965E50D,,,,,,,ODN0000145325,z,right_only
50876006-41EE-46AB-9B62-02A4121AD95D,,,,,,,ODN0000107646,z,right_only
08198C83-DE0B-4DF9-A914-1D130FF735D7,,,,,,,ODN0000107648,z,right_only
99F8BDCA-2C66-40E8-B899-69B235A3048A,,,,,,,ODN0000145293,z,right_only
23823F4A-1923-4A2A-87FF-0A651A13B03C,,,,,,,ODN0000074667,z,right_only
6BD25FE5-6452-4213-B312-6E14D7C8796A,,,,,,,ODN0000107655,z,right_only
5615ADDD-9889-4BB5-BF1C-0EFDFC2F6EA0,,,,,,,ODN0000107656,z,right_only
3594EAFA-EB3B-4078-AFB6-A06E9B41BE59,,,,,,,ODN0000107657,z,right_only
5B48863E-7CB0-404D-AF7F-9BA7A11E69DE,,,,,,,ODN0000107660,z,right_only
A74DFF3A-C741-46FE-9ACC-48DF6E5C1D3A,,,,,,,ODN0001473698,z,right_only
B6EA9121-65B1-4A10-AE98-7681CEEC18F8,,,,,,,ODN0000074672,z,right_only
EDE6FDCA-24D6-4B96-AB88-5D50A9B6D054,,,,,,,ODN0000107672,z,right_only
762B19AD-27EE-424B-8654-CFDDAE3455C3,,,,,,,ODN0000145322,z,right_only
B28A1A39-685F-452A-BC7D-1FE3A5C4BA9D,,,,,,,ODN0000145321,z,right_only
5D919DB9-5B9C-47B0-90FA-820A633B2C7E,,,,,,,ODN0000145323,z,right_only
D8F36384-0BBF-4B20-9FA8-9BDC06C1DC13,,,,,,,ODN0000145324,z,right_only
A0423E41-D835-4F5F-B950-D0F922389F20,,,,,,,ODN0000145326,z,right_only
1578EA82-443B-4764-A406-5E8FE65F3491,,,,,,,ODN0000145327,z,right_only
C339CA09-2FE2-4C61-AA1D-C1483557A4A1,,,,,,,ODN0000145328,z,right_only
B86EB87A-FC57-4F3F-B7A5-2BCFDEBAFBD4,,,,,,,ODN0001472583,z,right_only
0C14CCF5-9891-443F-8343-A6B026AB3DA0,,,,,,,ODN0000145351,z,right_only
2701A9C6-FA76-4B88-8288-7565C05E9F7E,,,,,,,ODN0001473063,z,right_only
4BDE0A64-A97A-45E3-87B3-4AE8C3144BDB,,,,,,,ODN0000145407,z,right_only
1439A7F9-506D-4A5B-94CD-087C1F21FDFB,,,,,,,ODN0000074656,z,right_only
0000C363-742D-46A8-8A0B-280729055CB8,,,,,,,ODN0000074657,z,right_only
CFFD7B0F-83A3-4DDD-8961-6FE383440284,,,,,,,ODN0000145314,z,right_only
8917DF36-D62B-4281-BC93-C389B31C4730,,,,,,,ODN0000145317,z,right_only
F689F265-3F5F-423B-9755-997482C1ADAD,,,,,,,ODN0001472705,z,right_only
0A37201B-ECCF-4026-B92B-D0C943AC1E04,,,,,,,ODN0000145367,z,right_only
424059CB-13CD-4A4C-ABE2-314947BDDE8E,,,,,,,ODN0000010445,z,right_only
1D62773F-E619-4C80-9CFD-2DC9A85A25C8,,,,,,,ODN0000976381,z,right_only
5FB43962-51B1-4F94-931E-A73480FD784E,,,,,,,ODN0000053834,z,right_only
D3197D26-ADE2-4683-93BA-232934C8F34C,,,,,,,ODN0000053835,z,right_only
019F6159-4D76-44F8-A304-97FDAE88F6B3,,,,,,,ODN0000053496,z,right_only
EAD272F0-D2EE-4BE6-AB28-1DA7C2F6056C,,,,,,,ODN0005638666,z,right_only
20C1F1BD-F063-44DC-BEAA-8F225B8EEE7E,,,,,,,ODN0002736161,z,right_only
D52BCA9C-D0A9-40AC-AC3D-0E5BE4CAC14E,,,,,,,ODN0005305350,z,right_only
6ABFE9AC-8547-4A9B-8C88-F289E22846E8,,,,,,,ODN0005116171,z,right_only
2768E5D7-0143-4692-BAEC-9106E68D4CA9,,,,,,,ODN0005342829,z,right_only
0A0ACF7B-A94D-4E2C-9A7C-E4665F89EE14,,,,,,,ODN0002310982,z,right_only
0297C4CA-ADB6-486E-AF3D-2BF3D0907BA6,,,,,,,ODN0005342776,z,right_only
219E4E9B-69F4-4BB7-B5C8-5C921FAC8F91,,,,,,,ODN0005342813,z,right_only
1A5A054E-8D75-48F9-A539-3FEA128EF2FC,,,,,,,ODN0002309239,z,right_only
E9DF43C7-86B1-451D-9302-A6AA57C86B60,,,,,,,ODN0005342787,z,right_only
AD79984E-A1F1-4261-8ED9-A0E6A5AD43C1,,,,,,,ODN0005077183,z,right_only
E1A9C8C7-6277-408B-B4CB-EEC40F434A04,,,,,,,ODN0002309642,z,right_only
811FE628-6755-4573-AA19-0EC5A30143D9,,,,,,,ODN0005342761,z,right_only
76AFE505-7767-4F0F-A6F8-AE258955D130,,,,,,,ODN0005454714,z,right_only
D9E24BD6-F685-42F1-B56F-796F22F3BF42,,,,,,,ODN0005342840,z,right_only
DD7B89F5-3A64-46DC-A9BB-38F95A5195A2,,,,,,,ODN0005373587,z,right_only
EF2DCD2E-1485-42FD-B21C-F41E2FA054E8,,,,,,,ODN0005373588,z,right_only
C37E6326-A41F-4875-BBA0-700B434F99DC,,,,,,,ODN0005373595,z,right_only
2BA70C0C-1E73-4E2F-B0BB-1FE9EA8228D2,,,,,,,ODN0005373596,z,right_only
F6558CED-4AD2-4E1E-B75A-A1996A4C29E4,,,,,,,ODN0002311108,z,right_only
0AA29492-6766-4309-81BE-F55E00BCE906,,,,,,,ODN0005428129,z,right_only
AA3AFEE9-9313-4C72-94B4-3462DD690479,,,,,,,ODN0005373592,z,right_only
36647967-C56B-4466-B94B-FB977103C066,,,,,,,ODN0005342780,z,right_only
175142FB-E07D-491E-A7A9-9136883A64F7,,,,,,,ODN0004824816,z,right_only
5D17EC50-5B1D-4A95-BBA8-15CB6C5E35D1,,,,,,,ODN0005518742,z,right_only
4C1F3B3F-1A47-4C5F-AA0C-46F88314543B,,,,,,,ODN0005486417,z,right_only
6A09977B-0AF8-4B95-9977-914BC8E0A900,,,,,,,ODN0002309108,z,right_only
3C5A01D6-B1D2-45C5-B4EF-CD7E0E059D60,,,,,,,ODN0002310845,z,right_only
F5239FD5-86D6-4B80-9099-73DD81CFBAE6,,,,,,,ODN0005625972,z,right_only
3A007BA6-88D9-4D56-9394-0C1697C51703,,,,,,,ODN0005649711,z,right_only
09841AF3-DC43-495E-9DB5-B41162072DEB,,,,,,,ODN0005388968,z,right_only
952BA31E-B84C-441C-B743-750847C7AC92,,,,,,,ODN0005032449,z,right_only
65F178C7-1911-4045-B35B-594615740F23,,,,,,,ODN0005388969,z,right_only
B4848095-705B-41F2-8639-6210A9DD56AF,,,,,,,ODN0005359184,z,right_only
67E13342-23E0-469E-A71C-CB3D23196D70,,,,,,,ODN0004581924,z,right_only
008386DE-5353-49E7-B370-455F85C2D61E,,,,,,,ODN0002309042,z,right_only
D80A6BA6-1B5E-41A9-A702-67070C38F7D4,,,,,,,ODN0002309410,z,right_only
B476CEF1-B753-4919-A27B-51EAE609F4C4,,,,,,,ODN0005359178,z,right_only
AE4FD7EF-C7A3-44E8-876E-9C0CE6DCBB4B,,,,,,,ODN0002311442,z,right_only
5AAD1DDC-EE56-4056-B239-D68C4C722470,,,,,,,ODN0002309706,z,right_only
7E0972A5-6C36-44F2-B781-FDEF7D402D8D,,,,,,,ODN0002311082,z,right_only
FA3095FC-1494-4B39-BA98-D6A8FD4E4630,,,,,,,ODN0002310936,z,right_only
5A2477F0-74A1-4A2C-89E7-4BA023403DF0,,,,,,,ODN0005342764,z,right_only
E6E6D637-5905-4FF3-969D-3DB81706911C,,,,,,,ODN0002310938,z,right_only
78C64A66-805F-4303-B3A9-E236B9C2C781,,,,,,,ODN0005342806,z,right_only
9E6E2ADA-5289-4BA7-AFB4-D1BA94766400,,,,,,,ODN0002309841,z,right_only
72A3E000-BEDE-413F-BA21-4BFFBE5097C6,,,,,,,ODN0003608615,z,right_only
143187E8-E8BA-477F-9FE5-B243EBC521DF,,,,,,,ODN0002309889,z,right_only
B9251D8A-CC7D-4A9A-A53D-14094AD4C90B,,,,,,,ODN0005342773,z,right_only
18D9E002-716C-448F-88AC-E2707B1789C2,,,,,,,ODN0002309890,z,right_only
C574C790-EC47-4A03-B6F7-F7090D157AF9,,,,,,,ODN0002312990,z,right_only
80C679F7-CB95-4913-A7C1-D20622591CC8,,,,,,,ODN0002309908,z,right_only
9B219A88-2588-4018-B9C0-6376737089C4,,,,,,,ODN0002313015,z,right_only
B592895F-1962-40B0-911F-B11D5773D8B4,,,,,,,ODN0002313949,z,right_only
2C8C0FC1-D159-4ED9-A39F-334F1F70661D,,,,,,,ODN0002309770,z,right_only
2D599E2A-DB52-4AEE-91A7-A5EAF7A6ABD2,,,,,,,ODN0002313049,z,right_only
BBDF6B96-06FA-4477-B4EB-F6D21030E682,,,,,,,ODN0002310998,z,right_only
18942767-051C-4CAB-B935-6F2AAACDF08E,,,,,,,ODN0005242447,z,right_only
C54B4A48-EDBD-48F1-9622-BE521F3A592C,,,,,,,ODN0004373317,z,right_only
34E092F9-5CA8-4E02-9634-0982DC8707EE,,,,,,,ODN0002308328,z,right_only
CB1551C3-1E5C-485B-9B97-0C6082CF0F70,,,,,,,ODN0002309977,z,right_only
D3F00B6C-38FD-43B5-8112-AC3A6B464A8E,,,,,,,ODN0002313100,z,right_only
2B63564D-ACE1-4B69-AE5E-90C18ACB8383,,,,,,,ODN0002310002,z,right_only
34553C3E-EC42-4F02-82D6-57BDB969E9D8,,,,,,,ODN0005342815,z,right_only
E484CE5C-2610-4B8C-A9B5-C6E857A72FB8,,,,,,,ODN0002311067,z,right_only
B1A4D3CE-41C6-45F4-81AE-2E8EEB48A9E9,,,,,,,ODN0002310279,z,right_only
BD09636A-A421-4958-9646-C04D7089C51D,,,,,,,ODN0002310282,z,right_only
8E144041-18C8-4726-A503-A9B2BD8FCF33,,,,,,,ODN0002310289,z,right_only
0E28A203-7425-497A-8EDF-C4B7A0FAC5CF,,,,,,,ODN0002313970,z,right_only
BA7C3B2E-E176-43E8-888B-6C6F5924DF95,,,,,,,ODN0005342785,z,right_only
F2D4EB58-307C-4D4B-B401-8DEDA5D3A266,,,,,,,ODN0005342758,z,right_only
F8DC7E0E-C3BF-44CD-A6AB-24B316AFE8CE,,,,,,,ODN0002313213,z,right_only
876245C8-FD5E-4327-8238-8B3A3E05CD38,,,,,,,ODN0002311107,z,right_only
77190542-65FA-4E26-957D-75061D68A85A,,,,,,,ODN0002313226,z,right_only
986D66DE-CDD4-47B6-903C-AFF7E650F05D,,,,,,,ODN0005305343,z,right_only
E3773EA3-2745-4A99-A0C3-CC1ED32F8F89,,,,,,,ODN0002310490,z,right_only
98DC7D71-2808-4AE0-BCD6-35804F2EA692,,,,,,,ODN0005342818,z,right_only
0656D250-EDAB-4C3A-BE42-AC6BEB6678FA,,,,,,,ODN0002310515,z,right_only
84A9C864-6A50-4BFB-B985-7FBD1800117A,,,,,,,ODN0002310524,z,right_only
286335A4-1BCE-4A42-BEAF-42C986BC0C64,,,,,,,ODN0002313991,z,right_only
C19E84B1-69E1-4418-99A9-7C84FD4508AB,,,,,,,ODN0002307644,z,right_only
FB5CDD82-F0E5-4B63-9DF4-B22DB341CCC1,,,,,,,ODN0004373347,z,right_only
F49A64D4-2350-475A-AAC4-87D049A49D31,,,,,,,ODN0002310635,z,right_only
7F542A92-BD4D-47EB-BE95-4894C3971F9D,,,,,,,ODN0004373348,z,right_only
985BAC94-2DC7-4421-BA78-42F4B9E67355,,,,,,,ODN0005342825,z,right_only
4EFB065F-AD8E-4C36-9A13-53A50945299A,,,,,,,ODN0002308428,z,right_only
A0173268-7460-4635-AAED-E367A8B65C2A,,,,,,,ODN0002310744,z,right_only
0BFEDE30-C233-47C3-96D7-1DD161917591,,,,,,,ODN0005605667,z,right_only
C8413562-2865-4DF3-9CB0-B139BEA38C23,,,,,,,ODN0002311189,z,right_only
75F9DDBA-85BC-4E2F-A279-E5A883779884,,,,,,,ODN0005077212,z,right_only
44F69174-0CDE-40E4-8054-EBAD91E2F62D,,,,,,,ODN0005077187,z,right_only
E2A5951A-F6E9-453E-9E5B-46504D430219,,,,,,,ODN0002310803,z,right_only
D73C2133-E1D3-47D9-9C50-EAF3D4DF1968,,,,,,,ODN0004754451,z,right_only
BF4ADAEA-E741-4641-A8EB-56F2FDF727A8,,,,,,,ODN0004373333,z,right_only
D4508892-AA53-4FC6-A207-65B8618E91CA,,,,,,,ODN0004373335,z,right_only
28EAAFAD-C29D-416C-925B-587BE2760FDA,,,,,,,ODN0002313538,z,right_only
15866F86-A6B7-46C7-B92F-DA81A189155B,,,,,,,ODN0004373349,z,right_only
316C9D12-00B4-4697-A9E0-9E2921ABEB4C,,,,,,,ODN0004127142,z,right_only
81D54188-5A7D-43CA-96B4-560E7557408E,,,,,,,ODN0002314038,z,right_only
1C8FBAD3-438A-4682-A0CC-F809E5303FA3,,,,,,,ODN0005077194,z,right_only
0389AC97-01B0-45AE-8D4A-522B7F2C264E,,,,,,,ODN0005342830,z,right_only
481F441A-7D68-4DD6-8671-B709C9DD05F7,,,,,,,ODN0002313615,z,right_only
4F0878BD-11E8-4967-BF95-2F91ABEF170D,,,,,,,ODN0002310880,z,right_only
38A32579-6105-4DA7-AA98-64C061A88E47,,,,,,,ODN0004127146,z,right_only
F706407D-8855-419D-9242-71BBAFA1D404,,,,,,,ODN0002314051,z,right_only
94D02EB4-C4D0-4DF9-BC7D-EE2B42A8D0B5,,,,,,,ODN0005570928,z,right_only
23BD276F-9A1C-4997-A04D-5C4012BB577B,,,,,,,ODN0002310927,z,right_only
86276E86-D8CC-48F5-9DA8-CB2997AD82E6,,,,,,,ODN0004373338,z,right_only
52CF119B-74A7-4F8A-8A55-1937DBAF3700,,,,,,,ODN0002310931,z,right_only
5EEE9D91-3612-4B40-B28C-0DDE6237C939,,,,,,,ODN0002313678,z,right_only
E6AD26E5-0129-48F7-BE77-490C4E0F39BD,,,,,,,ODN0002314095,z,right_only
09F18A5C-464C-4107-948E-A9198C1CB42C,,,,,,,ODN0002311543,z,right_only
E09F73E3-697E-4349-873B-EB8F905C0341,,,,,,,ODN0002314067,z,right_only
39153674-DC4F-4ABA-95FB-262F5A874F9A,,,,,,,ODN0002311444,z,right_only
C582E744-7167-4BE6-8698-41CF88C9707D,,,,,,,ODN0002314071,z,right_only
2255D14E-0148-4638-9CAB-A3F353C90120,,,,,,,ODN0002311595,z,right_only
E5AA5FCC-7772-48A2-B0B4-B5560CB698B2,,,,,,,ODN0004127154,z,right_only
1FCF8947-FC0E-46AE-A5F6-D12C441D8737,,,,,,,ODN0002314133,z,right_only
B9D0A412-FBAE-4C86-B75A-29BDBDC84E9A,,,,,,,ODN0005342841,z,right_only
E791E3AC-E875-4C03-91AC-B41955DB3308,,,,,,,ODN0000006151,z,right_only
FCF543A4-C66F-4151-BB7D-AF2810D447D2,,,,,,,ODN0000006170,z,right_only
D0FC4533-2EF0-4F2B-A8C1-7A2E7B2F237D,,,,,,,ODN0000033281,z,right_only
D1912BEA-FE19-44B4-BC5E-1D06C8E8EC26,,,,,,,ODN0000087734,z,right_only
DEF03689-1C79-4486-94A9-3C4931C20C39,,,,,,,ODN0000087733,z,right_only
22B46C09-3A8A-408B-B17D-0D16B0A6C1F4,,,,,,,ODN0000087738,z,right_only
1D533DF7-80E8-4E08-B485-32B9D5CA5CC6,,,,,,,ODN0000087724,z,right_only
92D1F717-B677-406D-AEB4-0660CF7C35DF,,,,,,,ODN0005216156,z,right_only
E368185D-84DD-431B-880E-31204F6CC19C,,,,,,,ODN0001756570,z,right_only
D2679155-47F4-4C72-AF97-13EAD59644F4,,,,,,,ODN0001742959,z,right_only
7E2738C5-810F-436E-832E-7C7DF5FCD68F,,,,,,,ODN0005285283,z,right_only
EC94B546-77C7-4666-83FF-243831292E37,,,,,,,ODN0005285285,z,right_only
906630BD-3968-4524-8F79-2D1383751284,,,,,,,ODN0005522730,z,right_only
CA61228A-B922-440B-A37E-9D905A159AD5,,,,,,,ODN0004581648,z,right_only
70919F60-59DD-439A-8D2E-3C51E738E36E,,,,,,,ODN0004567917,z,right_only
2A006E82-72C5-498F-8FEE-F76AF05D156F,,,,,,,ODN0000536924,z,right_only
49DD3C50-FF71-4514-A139-2339F02C35BD,,,,,,,ODN0005404101,z,right_only
C07EF52A-9DCB-424A-AF08-EA00513D3B71,,,,,,,ODN0004570732,z,right_only
AE5BC064-76D0-4833-955D-10C0E34B67B7,,,,,,,ODN0000472113,z,right_only
45B1DDF1-018D-40EB-A03E-36DA3B486915,,,,,,,ODN0000480339,z,right_only
D5A295FA-C0AF-45AE-9061-B3F7F58ECDA4,,,,,,,ODN0000728013,z,right_only
5375B343-5B5B-43DB-8835-144057B5E595,,,,,,,ODN0000481303,z,right_only
DB32BE0A-D1DF-46B2-8156-42B510DE2592,,,,,,,ODN0000543761,z,right_only
AD6D7F73-14D3-4D6D-AA6B-1ED1361108D2,,,,,,,ODN0000480701,z,right_only
ECB469E4-981A-4EA7-862D-3338CF47832B,,,,,,,ODN0000993326,z,right_only
E98DFB3D-C683-4CAB-9C3C-CDACAFCB51D3,,,,,,,ODN0000480928,z,right_only
E57E1942-A0F1-48E3-B939-29F0D9AFEBE4,,,,,,,ODN0000327657,z,right_only
CDA4B222-D4FA-40AF-9E60-F260FF432D2A,,,,,,,ODN0000457220,z,right_only
09473040-5270-4136-98BB-7CE60CFEF45F,,,,,,,ODN0004570558,z,right_only
82C4BE4E-ADCD-4BD3-9687-4A0FBBAACC7A,,,,,,,ODN0000199314,z,right_only
996741A4-9EB4-4651-8B17-30C146C076E6,,,,,,,ODN0000481560,z,right_only
EA24AA2D-AFB5-429E-95E4-4C1510A7E7B7,,,,,,,ODN0000875221,z,right_only
D942CC4F-80D0-4CBB-B7C7-6E963F527F86,,,,,,,ODN0001581636,z,right_only
2846E110-882E-419B-B917-D84A0B5E17B7,,,,,,,ODN0005055705,z,right_only
230E7C87-CF28-4D6B-AD58-FFDED3C1C901,,,,,,,ODN0005231717,z,right_only
3D157949-9201-4D0D-8963-A72A08823BBD,,,,,,,ODN0005243203,z,right_only
189FA719-9220-435D-8697-488A86C8D240,,,,,,,ODN0001690535,z,right_only
E48E2809-DC2A-4B5F-9FD3-FBF5C4713066,,,,,,,ODN0005042183,z,right_only
6E9B4C6F-08EF-4193-A447-FA1B48854FB4,,,,,,,ODN0004669230,z,right_only
CB4D37CF-8ABF-4172-8BAB-BC0408EA44A4,,,,,,,ODN0004774958,z,right_only
5F96B0BA-3AA8-4D85-AD30-85DD9AB4CC3C,,,,,,,ODN0001323034,z,right_only
CCAE0AEF-7977-499B-8E19-37CDA9A81348,,,,,,,ODN0005167718,z,right_only
C9745BFF-41B1-4BE6-8CAD-10778DE445F5,,,,,,,ODN0001381695,z,right_only
E0ABC85A-24D0-4F40-9218-9A137F6A5499,,,,,,,ODN0001322942,z,right_only
4910D730-45FC-4DFE-8AC4-BF25B17DB595,,,,,,,ODN0000479784,z,right_only
D87C829C-D9BA-4FEF-9AF6-2993C6D498D8,,,,,,,ODN0005243218,z,right_only
C899AA4C-837C-4A0D-BDDF-298CD9D759D9,,,,,,,ODN0000069052,z,right_only
D52B9460-5B21-46F1-8745-F53B51D9099E,,,,,,,ODN0000479863,z,right_only
577478FC-4402-4441-80D1-C5BD4CB3ED67,,,,,,,ODN0001742855,z,right_only
08AD53A8-153B-4EB1-B47D-6EE2DBD2021C,,,,,,,ODN0000468758,z,right_only
EB6BFD2E-4AAC-4C67-BC2F-63BD844967F7,,,,,,,ODN0001263334,z,right_only
426AAD7E-A505-4B00-A3CC-CB45FB1BBCE2,,,,,,,ODN0005231706,z,right_only
B77AF449-302C-4D5A-A63B-FE2A6C4BD6C2,,,,,,,ODN0005274868,z,right_only
CD3DE6D5-E5C6-4411-9B0E-09134D2D65B6,,,,,,,ODN0000117014,z,right_only
9B08A546-EC48-4462-A22F-DFD76BBFB220,,,,,,,ODN0002013187,z,right_only
D93B373D-E016-40C2-95D8-66485D0794C6,,,,,,,ODN0000481150,z,right_only
4107547E-81A7-46E9-AEF1-BFD289CCEE8E,,,,,,,ODN0005043116,z,right_only
4EA1C7A3-5BF7-45D2-B44D-965D741A9757,,,,,,,ODN0005043121,z,right_only
B94D843B-E903-4D48-AD3E-AD96D5AF88AC,,,,,,,ODN0002000721,z,right_only
0DDABE70-53E6-478A-927A-CA2B72435716,,,,,,,ODN0000583162,z,right_only
A27A9B74-AC02-4564-A8FE-C6F2F2E52ABF,,,,,,,ODN0000480387,z,right_only
3959534F-71B3-4579-9AB9-2AAD798CF767,,,,,,,ODN0000085583,z,right_only
1A11B008-7A4F-4C7E-9831-D81344BBE6BF,,,,,,,ODN0000480415,z,right_only
81FA8B6B-1D48-413A-A385-0CC54563FFC7,,,,,,,ODN0000480477,z,right_only
7B0554A3-4A64-42C7-A322-7117F8707D18,,,,,,,ODN0000635486,z,right_only
7F1E3FAE-47B3-4E25-BB48-E7FCA16B73AB,,,,,,,ODN0000875164,z,right_only
EFB5F339-9D3C-415B-AB39-A7BEF439B543,,,,,,,ODN0000480631,z,right_only
3D8E8BEB-F935-4D45-890D-2A8B9D92F8FD,,,,,,,ODN0003273212,z,right_only
6175B5BF-7926-49B9-A3C6-00D97AD7C474,,,,,,,ODN0004570192,z,right_only
904DB8FE-A5C8-4E45-B38F-6993C3169B09,,,,,,,ODN0000559784,z,right_only
A5ACE78E-AC7D-4998-A623-1751B9845AB0,,,,,,,ODN0000215706,z,right_only
B74F9555-6AB6-4D1A-805F-EED97BC99042,,,,,,,ODN0005151737,z,right_only
D8BA097A-90F5-42EC-AF22-3EE983B4892C,,,,,,,ODN0004571662,z,right_only
F6A67EA2-76CA-469E-B773-236A788F173C,,,,,,,ODN0005572579,z,right_only
27B8E629-3992-45AF-8B93-C5663693DB8E,,,,,,,ODN0005067317,z,right_only
89859E87-2BE5-4549-BF0C-6C1C1F91E20B,,,,,,,ODN0000871158,z,right_only
79AC332E-360E-47C7-918B-CF022B267085,,,,,,,ODN0000677407,z,right_only
4BC689D3-5EFD-42F4-8807-EA3E783A4302,,,,,,,ODN0000508436,z,right_only
E5A7084B-9BA8-45DD-B644-348E8FC3BE4F,,,,,,,ODN0000063348,z,right_only
D6CB3614-A41C-4214-A0DC-6EA34DD50F04,,,,,,,ODN0000489924,z,right_only
691E75D9-A498-4281-8982-84467BE5CCC5,,,,,,,ODN0000449334,z,right_only
2BE05075-0108-4288-BB58-4D2F3E319F1C,,,,,,,ODN0002013414,z,right_only
2B363DE4-F14F-452D-B70F-9034F294D843,,,,,,,ODN0000472090,z,right_only
A3C4AA6C-A109-4830-8D2B-BA37E7B6C5D2,,,,,,,ODN0000715870,z,right_only
4B1E7340-A33D-48F4-BA2C-EB9432EA04BA,,,,,,,ODN0000075703,z,right_only
5F209EBB-6A0C-4020-A887-6EB1F7F9E0EA,,,,,,,ODN0001981142,z,right_only
4F35951E-8D5A-400A-87D9-953605F89F7D,,,,,,,ODN0000480313,z,right_only
A80D5424-66F6-42B3-9C4D-CDFA7334BE15,,,,,,,ODN0000537021,z,right_only
F2476044-E706-4764-91D5-8A8C2BDFB8AC,,,,,,,ODN0000034601,z,right_only
E221A6A6-54F7-4A8E-B6F2-7FA39810693F,,,,,,,ODN0000355069,z,right_only
2C040995-56D6-4B55-85B4-ED881D8194B0,,,,,,,ODN0000318507,z,right_only
DC078F0E-B212-4088-BC41-7E6302257DD7,,,,,,,ODN0000715909,z,right_only
1C0DF6F1-011F-43C6-B72C-D02DB3567B9A,,,,,,,ODN0001282773,z,right_only
E65B3106-9A29-41FB-A297-D6EAA9E11D9F,,,,,,,ODN0000199296,z,right_only
148BD7F7-FBC9-496F-82BB-1F52FCD844B1,,,,,,,ODN0000480667,z,right_only
4168EC8A-E7CB-4755-BA1D-60941280B471,,,,,,,ODN0000053413,z,right_only
EA6A0358-E4E1-44CA-9C4B-06792739EDCB,,,,,,,ODN0000053411,z,right_only
11FC7F6E-3496-4249-A3F4-D62EA97EA837,,,,,,,ODN0000053410,z,right_only
EC7AFEF2-9D72-4B10-920F-59129BF40F01,,,,,,,ODN0000507698,z,right_only
9511D4EE-5ED1-45D3-BA2A-5DA5553D74CF,,,,,,,ODN0000480826,z,right_only
A5392F77-CAFC-439F-A2B6-381BCEF4E92E,,,,,,,ODN0000859189,z,right_only
C24BF98F-76CA-4CD5-86D9-C5327FB989D4,,,,,,,ODN0000148151,z,right_only
6EF62071-2834-4449-A41A-3C07120C80CA,,,,,,,ODN0000148491,z,right_only
D6979019-B62A-48C5-8E61-54C2C3D17BD6,,,,,,,ODN0000034636,z,right_only
A0CD84F7-289F-4436-9FE8-AA054C1CD406,,,,,,,ODN0000053412,z,right_only
79329138-7EE1-4C2A-A64A-3BDE943F1001,,,,,,,ODN0000481621,z,right_only
8D53CBFD-BFF1-455B-B23A-80F06171ADF3,,,,,,,ODN0000481646,z,right_only
E77D6CEA-9144-411E-B619-6DADFAA7BA8E,,,,,,,ODN0005043022,z,right_only
786552AC-939F-4F07-B62F-C4716196E7C5,,,,,,,ODN0000456602,z,right_only
05A7F8B2-2CFC-49F8-91C0-48060D5BBFFE,,,,,,,ODN0000508405,z,right_only
090D75AC-ACF0-4244-A05F-F3CDFCB747F9,,,,,,,ODN0005231632,z,right_only
4A654A5F-5988-41E0-B1B3-42A9AD6B4D10,,,,,,,ODN0005274889,z,right_only
B512E0AF-2930-4F72-9CAE-F34534D421F7,,,,,,,ODN0005167716,z,right_only
19526BC2-C264-4F0B-9021-F8F84A6AB838,,,,,,,ODN0005185986,z,right_only
8D27875E-5002-499C-A492-87200581EB3D,,,,,,,ODN0001316393,z,right_only
68E33615-C70F-44E8-A0F7-50D8D5CA5CFD,,,,,,,ODN0004483716,z,right_only
BED3378E-F004-4F62-82F6-187BFF001467,,,,,,,ODN0005043278,z,right_only
DAF3C60C-8439-4FB1-8523-300AE08395C9,,,,,,,ODN0000621133,z,right_only
70C92398-3CB4-4F91-AD87-883919F89623,,,,,,,ODN0004483744,z,right_only
6BE58BED-4546-4303-9359-AAA92DDE3CCA,,,,,,,ODN0005293563,z,right_only
43F4F19C-ED98-47D6-ADEF-952711033713,,,,,,,ODN0005216172,z,right_only
2635C564-DEC2-40AE-A178-3C7BE9B5414D,,,,,,,ODN0002035003,z,right_only
616DC9E4-69FA-496B-9139-6094ABB198DF,,,,,,,ODN0000069240,z,right_only
56D40856-E6A4-460A-8C98-44225E8ADB5A,,,,,,,ODN0000480154,z,right_only
78681235-18A4-4A7D-A93D-89200B5478A6,,,,,,,ODN0004669481,z,right_only
FB9F0789-3626-4A9E-A825-3E1310FBE53C,,,,,,,ODN0000449758,z,right_only
6FD955C8-0BFB-405E-96D7-18845DD5D785,,,,,,,ODN0000480558,z,right_only
3052E258-069B-4CF4-972E-D168AF1F302B,,,,,,,ODN0000167991,z,right_only
F6407894-4217-482D-934B-626FE4D2E17B,,,,,,,ODN0000635497,z,right_only
0015FD29-7FC9-43C8-BAA3-DAEC74EE5662,,,,,,,ODN0000481367,z,right_only
DCC06A8F-360F-4F96-90F4-58BD44DC946C,,,,,,,ODN0001510317,z,right_only
EBCCA287-CFB6-4531-AF62-E6740105860F,,,,,,,ODN0005152946,z,right_only
B216BA4B-46D4-4D10-B76A-47329E89B764,,,,,,,ODN0005231646,z,right_only
BA023C26-29CB-4593-A7B3-5EA65C9068E7,,,,,,,ODN0005153120,z,right_only
8A660313-B13E-42B6-9713-8326B6A23806,,,,,,,ODN0002013411,z,right_only
3FED97F3-B14D-44E4-84CF-42793781E46B,,,,,,,ODN0005092525,z,right_only
6C848400-761E-4491-A98F-1099628FFA7C,,,,,,,ODN0000565858,z,right_only
8B9B7F20-028E-4B68-8662-588F10158865,,,,,,,ODN0000565867,z,right_only
5CC872A3-0384-487C-9DDC-015D284E8E29,,,,,,,ODN0004317603,z,right_only
56A505A7-8837-4934-A836-7D172FAE5EE7,,,,,,,ODN0005043225,z,right_only
1FC4EA0C-5621-42D3-BAC3-02F41E09BB9E,,,,,,,ODN0001209650,z,right_only
D89CB22F-39AE-4FEB-91A0-66DD9E173D80,,,,,,,ODN0000224103,z,right_only
38544E9C-D4E2-4412-8EF7-4EB84FABF886,,,,,,,ODN0005167736,z,right_only
DB5A3C48-1492-4A6D-8205-46F480C02DB1,,,,,,,ODN0005256153,z,right_only
F7128105-415C-43B4-8CE6-4DFC732D1804,,,,,,,ODN0005605627,z,right_only
D45E59C8-9313-4F82-88EB-1A3C06001C83,,,,,,,ODN0003151377,z,right_only
39E5C68A-25D1-4FBB-93AF-26529A459928,,,,,,,ODN0005153262,z,right_only
ACFD3298-9D46-4610-A9FE-E0F3AA6EFA37,,,,,,,ODN0005284961,z,right_only
FACCF7B3-507D-483D-BC7B-87E90DCB2F51,,,,,,,ODN0004601214,z,right_only
C77066E7-4475-492D-8E92-2DF6278A70A5,,,,,,,ODN0005131073,z,right_only
940EC2EC-90DC-412D-B0B1-FA56D6A523B6,,,,,,,ODN0004604096,z,right_only
C6EB2BB7-12A2-4FCE-AB54-CE445D44E87F,,,,,,,ODN0004604097,z,right_only
15FE16D8-A126-405C-9B6D-626F087428B3,,,,,,,ODN0005152977,z,right_only
BE69EDE0-F2DE-4F5C-A5D5-D9F3524465E2,,,,,,,ODN0005152998,z,right_only
40E5F709-8E82-48EF-B13F-0C00424BDA6B,,,,,,,ODN0004505876,z,right_only
CB848D0A-A248-40F4-83B7-B5C405E480CA,,,,,,,ODN0005090930,z,right_only
FF3570CB-A445-405F-8682-D215F495B526,,,,,,,ODN0005153101,z,right_only
9EFD1DB6-CA68-402F-A926-44F1F523F67F,,,,,,,ODN0005131466,z,right_only
B2C2FB43-F827-4825-AA31-575366A2C2EF,,,,,,,ODN0005153122,z,right_only
80940F3E-37E1-4944-849C-EE99C0C77300,,,,,,,ODN0005043255,z,right_only
F75519C8-77D3-4E25-BB67-1DA14A4CAE60,,,,,,,ODN0004604261,z,right_only
FCCF77CD-454D-43D0-8812-22538E365044,,,,,,,ODN0005428550,z,right_only
761B0F22-AF97-4DF6-83CA-F1A8FB410798,,,,,,,ODN0005404221,z,right_only
8511AD4D-E5A9-4490-AD32-5C6EC9198F6B,,,,,,,ODN0005285352,z,right_only
C4E554FE-8C14-4648-A795-7838B63E6530,,,,,,,ODN0005131931,z,right_only
0087DB61-3BCB-45DD-973F-8581B3D2DF32,,,,,,,ODN0005131745,z,right_only
412C750F-5CBC-488F-BEF9-EF85593618FB,,,,,,,ODN0001944685,z,right_only
938F2BFE-02BB-4E83-900D-74C35A9486B7,,,,,,,ODN0005151655,z,right_only
B38B2842-2869-4950-92A9-6488BC393E08,,,,,,,ODN0005317923,z,right_only
883D8C10-8B59-40FA-8960-CFB685E6561C,,,,,,,ODN0005652801,z,right_only
1E8E7C17-1E6B-4D28-9A16-CA0FD0A00F88,,,,,,,ODN0005018483,z,right_only
F20D14BF-E412-406D-A598-D3D74F24D704,,,,,,,ODN0000626626,z,right_only
E228BD13-B798-4542-A9F2-3B305CC8828B,,,,,,,ODN0001189104,z,right_only
32384534-67DC-4FAC-B200-F71C655C1F56,,,,,,,ODN0000650748,z,right_only
61C2456D-5C5B-4E1A-A4C5-65ACB5AB3A6A,,,,,,,ODN0004570191,z,right_only
8AC27FD3-8A6C-4990-B804-2954B8C3EE4F,,,,,,,ODN0005243238,z,right_only
F94BD80B-FC7B-4556-BDE6-AA08A85C5F18,,,,,,,ODN0003565750,z,right_only
B9765B6D-72BE-40E5-AF5A-92FDE0225628,,,,,,,ODN0002686177,z,right_only
F9DC09BC-EA51-4BCB-9C5E-46B3D7E4B5A9,,,,,,,ODN0000389405,z,right_only
8D780B12-7794-44DD-943A-65E7ED3043D5,,,,,,,ODN0005067311,z,right_only
3BE3140F-B0B7-4F7F-B8FE-030C1BF402F1,,,,,,,ODN0005293557,z,right_only
3DB7B8DB-89EB-4829-81BA-45D65DE07B96,,,,,,,ODN0005003878,z,right_only
FD3ECEDB-F16B-4238-9395-69C4F3D62CFD,,,,,,,ODN0005572379,z,right_only
58818F83-6D32-4D2E-A2DD-3451AFFAE17D,,,,,,,ODN0005167743,z,right_only
B517B9C5-424E-47B5-A423-9415DB8275AF,,,,,,,ODN0000160143,z,right_only
0B351357-5933-452D-8434-102B93D8C791,,,,,,,ODN0005216148,z,right_only
7946C004-666E-4D38-AD1F-D32CDEBB1C6B,,,,,,,ODN0005043390,z,right_only
63A8066A-0340-4C1F-BEB1-2E3D734A51F1,,,,,,,ODN0000481471,z,right_only
F66B5452-A22F-4A3F-A1A1-5037AAEA9DAA,,,,,,,ODN0002066831,z,right_only
705D09E4-C829-4E4B-AF6D-FF3A2D067928,,,,,,,ODN0002168089,z,right_only
24A6DB6B-8DBC-4FB8-8CE7-C5F6DE445496,,,,,,,ODN0004639579,z,right_only
E28DF740-0656-423A-9215-40DF22C72357,,,,,,,ODN0004357489,z,right_only
D8B0F2C8-D776-4407-90DD-056A8B5882EA,,,,,,,ODN0003232433,z,right_only
C0ACF3C4-30A1-48F7-9EA5-86C3D072EDA7,,,,,,,ODN0003149965,z,right_only
3E1A4F4D-E37C-4C1D-B220-255DCE4796D1,,,,,,,ODN0002168144,z,right_only
8D603738-A2A7-4F68-B459-8D0CB90048EE,,,,,,,ODN0002168146,z,right_only
4E951B4D-F2DE-441C-8BFF-21B4B601CC48,,,,,,,ODN0002168145,z,right_only
4D3D0DC8-9F80-408A-A0F1-146912C215FA,,,,,,,ODN0005461019,z,right_only
DD0BE611-D9E4-4AE2-93F4-A5377D3873F7,,,,,,,ODN0003995154,z,right_only
ACBA9E64-2E15-4C95-92DE-4389588742EB,,,,,,,ODN0005461784,z,right_only
D72A11D2-AE5D-4501-B828-9EE603C0E20D,,,,,,,ODN0003044264,z,right_only
5F9AB9BE-0C9F-4C7B-ADD5-103C43DA8EEE,,,,,,,ODN0005116197,z,right_only
77B3F6B1-9CD5-442E-9422-EB4AF6CF5D9A,,,,,,,ODN0000159315,z,right_only
FA2989DC-F7E8-4DAA-99D5-F7556E8D28D0,,,,,,,ODN0000086263,z,right_only
7AC302E9-5E7E-46C0-AE73-1576407DA5F3,,,,,,,ODN0000211505,z,right_only
D4A3975F-21C8-4307-983C-B5258002A61E,,,,,,,ODN0000148582,z,right_only
B8D84DDA-08A0-47BD-833C-CE8D58544FEE,,,,,,,ODN0000212113,z,right_only
D163AE67-735A-4B59-B437-D46CC36B3312,,,,,,,ODN0005216160,z,right_only
3C0256EB-8C16-4060-9354-57562AAC0666,,,,,,,ODN0001967639,z,right_only
7A9981FA-4D5A-45FC-8AB3-FDB11429F39E,,,,,,,ODN0000484928,z,right_only
A08A9053-ADF4-4092-8CE5-A01CE99A8543,,,,,,,ODN0005537749,z,right_only
99DFB329-4C81-4378-BDF7-694B3A39B395,,,,,,,ODN0000580798,z,right_only
01064DD0-1A85-4C62-80B5-F71D2180F7E9,,,,,,,ODN0000766297,z,right_only
4CFA799E-8568-4881-B64D-22FD3A98005E,,,,,,,ODN0000769315,z,right_only
4E0C1E10-239D-445E-B7B0-BA79314B184C,,,,,,,ODN0005043223,z,right_only
D00359F0-C903-4A21-BABD-DD622FE230B4,,,,,,,ODN0000580807,z,right_only
D5430533-C493-4B31-9F10-4F57923ACF71,,,,,,,ODN0000489937,z,right_only
BABC8340-4C1B-487E-97DC-CA5FEEA56751,,,,,,,ODN0000986718,z,right_only
60C919FD-CFB8-4BB6-A047-462F5B081176,,,,,,,ODN0000580719,z,right_only
28DE9842-0F39-43D2-8C20-6FDC7C71CA77,,,,,,,ODN0000580740,z,right_only
410466FC-D81E-4747-A388-2D7A0EFD7021,,,,,,,ODN0001518350,z,right_only
B25DC122-8ECC-4523-9CC3-EE30EF201C32,,,,,,,ODN0000580753,z,right_only
BCEAFCA0-A97B-4778-85B7-962499155E14,,,,,,,ODN0005151967,z,right_only
B96A18C8-B294-4E19-A3B2-46583417EC39,,,,,,,ODN0000580763,z,right_only
9EBD81D9-0EF9-445F-8687-5312530BF21B,,,,,,,ODN0000580770,z,right_only
ECF50CB2-A6AE-4E7E-A73E-637D9FD5CED7,,,,,,,ODN0000037879,z,right_only
05F6450A-BDAC-48D5-A65E-CCC139467120,,,,,,,ODN0000580830,z,right_only
2D4CBF12-7F94-4B96-B2D9-20D971D2B7A0,,,,,,,ODN0000507736,z,right_only
7539BC21-5224-4FE9-B26F-0490998C8510,,,,,,,ODN0000580840,z,right_only
314A8AE6-7F7D-439A-81F0-188C2B967D48,,,,,,,ODN0000354508,z,right_only
81018ED6-60E4-4AAB-BA92-5B8E6330AEEF,,,,,,,ODN0004570625,z,right_only
D41BC180-6B6A-4544-A764-A7D96F829C77,,,,,,,ODN0004680679,z,right_only
C054593A-0167-45E9-A9FB-FE4705795CC9,,,,,,,ODN0005274951,z,right_only
8CDA1796-8966-449A-86B6-D266D5C8FC7B,,,,,,,ODN0005055675,z,right_only
8CFA203E-5597-4B61-822B-6D02345660BC,,,,,,,ODN0005092318,z,right_only
CB79461B-B01F-45C7-AD74-001D9C22AFE7,,,,,,,ODN0000159077,z,right_only
50358027-87C5-4ADB-9C47-3E8A06673CB9,,,,,,,ODN0000211863,z,right_only
3744DDA7-824F-4CE1-802B-13B005D1E8A6,,,,,,,ODN0001386877,z,right_only
01DAB2D5-1FE9-41EF-BDB3-A6472C7D7D34,,,,,,,ODN0005275062,z,right_only
5521C9D7-1EDC-4C54-A940-CDA093CA21D8,,,,,,,ODN0004738135,z,right_only
19B0CBB2-DC2D-437C-A931-4E47E254B300,,,,,,,ODN0005285280,z,right_only
1C0E2899-37E0-4BC8-AF10-1FDFE62EEB07,,,,,,,ODN0005340886,z,right_only
F92E73B1-319A-4F50-AB0A-5DF058D2E1C5,,,,,,,ODN0000621080,z,right_only
59778629-2FB0-4070-BB2D-88AEDBCAF44F,,,,,,,ODN0002704176,z,right_only
9E5BA360-94C9-406E-B890-2E9197E356A8,,,,,,,ODN0000507369,z,right_only
8F155691-B030-41AA-BFD7-840C1795388D,,,,,,,ODN0004570173,z,right_only
8B7916FC-30BD-4E84-8A02-3F8D482D827C,,,,,,,ODN0000481283,z,right_only
16405F7F-46AB-448B-B21E-744D523A6DAA,,,,,,,ODN0000871104,z,right_only
D826CFB6-B13B-47F7-87FF-10F90E94F649,,,,,,,ODN0000479816,z,right_only
F08891CF-3D74-4908-8B32-D92546A6FB30,,,,,,,ODN0000480927,z,right_only
01A8D23C-3D7D-424E-A142-DFD292BD9CBF,,,,,,,ODN0001242293,z,right_only
9A0BFD57-7DF0-4006-BCA0-E3259ED668D0,,,,,,,ODN0005558882,z,right_only
CBE00E55-3D11-4618-8184-904F385F265C,,,,,,,ODN0004941604,z,right_only
C3A5FF20-999E-469F-BA9C-2C7966A8F440,,,,,,,ODN0000481642,z,right_only
832FC525-7017-41F2-995A-1BD6A93F433B,,,,,,,ODN0005243186,z,right_only
DA6B8484-FC6A-400F-BFB1-1C9721FCFCF4,,,,,,,ODN0000318610,z,right_only
981B0A9D-29B9-4F2B-85CB-5A6AA00F9AA7,,,,,,,ODN0000318611,z,right_only
17738655-8E25-40AF-8BF3-3EB377C616D2,,,,,,,ODN0000318612,z,right_only
7FC76884-C97E-4FDC-B876-4FB2F508E591,,,,,,,ODN0002013162,z,right_only
88575048-C8EC-4522-A70E-DA052A3E5CEB,,,,,,,ODN0000479294,z,right_only
E405A7FD-109F-4328-925E-B38AA26DD345,,,,,,,ODN0000615994,z,right_only
58561B2A-9EE1-433C-9D8F-6B52F3C488BA,,,,,,,ODN0000715873,z,right_only
BDA816C5-C650-48A8-9479-2A97E817D347,,,,,,,ODN0000035740,z,right_only
CCCC3A2B-B938-4FC6-BFC8-35A22FB31944,,,,,,,ODN0000570083,z,right_only
C57EF12D-5B40-4833-BC3F-84F8841BD37F,,,,,,,ODN0000318628,z,right_only
7828BF18-5D56-4367-800E-D92E1A509DC7,,,,,,,ODN0000318630,z,right_only
B2ACFC4C-8E17-4CB9-8F9E-8E5116768278,,,,,,,ODN0000621120,z,right_only
B320F3FF-E717-4D5A-916F-17489F558B18,,,,,,,ODN0000318602,z,right_only
F5B66284-13AE-4880-9140-0BB391C7FAD2,,,,,,,ODN0000318632,z,right_only
6C2A5E15-5B7E-48B3-B545-6F347EF80CB7,,,,,,,ODN0001741069,z,right_only
7301905E-DF1F-47AC-B4ED-58508761B7FA,,,,,,,ODN0001256160,z,right_only
C86B0FC9-EF95-48FA-9101-74FAC652F159,,,,,,,ODN0000318606,z,right_only
62D40C92-8665-4897-B01E-B692E19A157B,,,,,,,ODN0005216146,z,right_only
674CFAA5-0B00-48F1-9F56-C949FB732FF9,,,,,,,ODN0005152989,z,right_only
57BB91DD-C771-4DDC-A8D3-8EBBD3901D16,,,,,,,ODN0005090384,z,right_only
5A6BE90E-A3BA-4228-9777-FD0DBB0C48F1,,,,,,,ODN0001813079,z,right_only
E654EB64-C351-43BC-8188-3DA2151CF1CC,,,,,,,ODN0005055671,z,right_only
BDB6F770-2B16-4822-882D-0256BE914B2E,,,,,,,ODN0005067294,z,right_only
8B041703-BF20-4FA9-B4A4-F3A7B1A707BE,,,,,,,ODN0005043386,z,right_only
25284A5A-02F3-4EBE-8A33-4A0778D7FEF8,,,,,,,ODN0005039020,z,right_only
0B9F9628-42ED-4A8F-9A7F-1DE62B04E4A5,,,,,,,ODN0005274944,z,right_only
CA6A2C55-C30C-4661-92ED-A46D422D8BB5,,,,,,,ODN0005055674,z,right_only
392E5372-149A-4142-A6E0-62F83335DB52,,,,,,,ODN0001746038,z,right_only
D8780B38-2B68-42D4-955F-05AF1026839E,,,,,,,ODN0001209031,z,right_only
525CDA3E-B718-4312-8C99-AB1A4FCCE0A4,,,,,,,ODN0005067313,z,right_only
F8FC7CF0-1615-4A60-8992-064936DE700F,,,,,,,ODN0000552169,z,right_only
C6C3D6CC-7C90-4E18-A46C-22DF8CB37F04,,,,,,,ODN0001981167,z,right_only
B7A5BB51-D279-4B67-9CBD-011761575824,,,,,,,ODN0001010179,z,right_only
4C785C6E-27AC-4053-A97E-6C924FF0FF95,,,,,,,ODN0001742879,z,right_only
49542F7B-EB3D-4510-AD03-3287ED6DC5F5,,,,,,,ODN0000494140,z,right_only
D270BC1C-8D77-423F-9B4B-785C7AB04620,,,,,,,ODN0000494141,z,right_only
A94D0D32-E640-49CB-9154-B97B903CE525,,,,,,,ODN0000494142,z,right_only
2C282FB1-E6F7-4B58-B5B9-35F9635C8313,,,,,,,ODN0000494143,z,right_only
EBFFEBE8-B9D3-4489-8F49-0F39C1706D97,,,,,,,ODN0001741038,z,right_only
AFDA682C-9D0E-432B-88DE-D09B799989D7,,,,,,,ODN0000494144,z,right_only
F29564ED-7591-48CC-995D-8D907A923ECE,,,,,,,ODN0001741039,z,right_only
15E075C2-6734-40F7-93EA-DE257366ADA7,,,,,,,ODN0000494146,z,right_only
0BCA85F5-934E-4C53-B4EE-5C60AD2287F7,,,,,,,ODN0000494147,z,right_only
A176782C-729B-4C56-B876-C025FBD5973B,,,,,,,ODN0000494148,z,right_only
678608C4-8900-477B-A688-F61E5A13E4A7,,,,,,,ODN0000494149,z,right_only
5C53FABB-6B2F-4949-B124-B207B67D1CD0,,,,,,,ODN0000494150,z,right_only
40E6ED6D-3D19-4EF2-A8A3-F5D99133C1C4,,,,,,,ODN0000494151,z,right_only
26DA70F3-DF0F-4AB5-BB26-D69867DA55AC,,,,,,,ODN0000494152,z,right_only
0B974C78-A912-4FCD-86EC-5FA5C8CAE6C8,,,,,,,ODN0001746012,z,right_only
7722FFAF-3F47-4ECE-9CBD-0DF1C8C8EC25,,,,,,,ODN0002012381,z,right_only
0B01D715-F463-4AC3-8B10-02947C5A406C,,,,,,,ODN0002012382,z,right_only
7888A009-98EA-4A99-8ABC-A20C1FA80DAC,,,,,,,ODN0000660567,z,right_only
9E06083D-291A-4272-BD5F-268279721916,,,,,,,ODN0001046726,z,right_only
0850E381-EA44-4F4F-B858-949DF01C9EDD,,,,,,,ODN0000615985,z,right_only
2B71F919-D88D-4D84-A0A8-5969BE35E179,,,,,,,ODN0001746004,z,right_only
DFADA237-2487-42C5-9E7E-D10D43D35521,,,,,,,ODN0005329734,z,right_only
A7FA7EBE-E642-49C3-8944-F56AFF519559,,,,,,,ODN0001862217,z,right_only
D7072777-D981-4113-81A8-4C436431C4F7,,,,,,,ODN0000022492,z,right_only
EF8475DA-54C0-4F88-8CF3-51B4FDF49CC3,,,,,,,ODN0000331546,z,right_only
6E7534A9-B9BE-4E10-8550-E74FAFDBD96F,,,,,,,ODN0000449974,z,right_only
95CD03AD-9306-4897-A3A7-AD1B9EA4D447,,,,,,,ODN0000336024,z,right_only
7E42B0E9-6FEF-4E83-812C-EB0270F52DCB,,,,,,,ODN0005216157,z,right_only
5732A942-3208-4D3E-8D3F-FCF5E71EEC92,,,,,,,ODN0004455822,z,right_only
CFAA7587-2C39-4009-B0A4-68668126092C,,,,,,,ODN0001678319,z,right_only
0E42F086-133C-4271-AB40-65E4DA9DBB6D,,,,,,,ODN0001393698,z,right_only
44D60983-5715-424C-9F82-550E83F79441,,,,,,,ODN0000663842,z,right_only
41238EAC-E143-46FB-89FF-FA14F2B4E074,,,,,,,ODN0001678370,z,right_only
8A712B93-177D-4247-AEF5-641E7C155ED1,,,,,,,ODN0000506264,z,right_only
D885DBD4-328F-4AEB-A739-8C0BE29FC1FB,,,,,,,ODN0003231997,z,right_only
9B609ADF-F5CD-48B2-9FA5-FF1638271679,,,,,,,ODN0005101820,z,right_only
AA23FFB3-6221-48B9-AE7F-E7811F4D691E,,,,,,,ODN0003213851,z,right_only
3C5862BA-559A-4025-8339-BD74C3A1AE64,,,,,,,ODN0005285027,z,right_only
CDD52029-D079-4F96-8FD1-E6BAE60E069E,,,,,,,ODN0005373648,z,right_only
47CC886E-C986-4461-9361-F210C642E2AE,,,,,,,ODN0005358889,z,right_only
A5DF40AE-991E-4597-AB46-E5E149B29A43,,,,,,,ODN0000661284,z,right_only
406A359B-88BA-453E-9C4F-93DBA0FA2C9F,,,,,,,ODN0000506385,z,right_only
A096D712-0C74-47AA-8E7F-0724B1BD33E0,,,,,,,ODN0000506386,z,right_only
B62D84FE-F04E-42C1-BCC2-4CAE67681C9D,,,,,,,ODN0002888551,z,right_only
C4F9ECC3-5F8B-4CDA-B7BA-315080392CCA,,,,,,,ODN0005043316,z,right_only
DE5B5323-39C5-40DC-9CD0-DDAAE0F4654E,,,,,,,ODN0005131467,z,right_only
EC16FFF2-A4A4-4B48-B663-6641657E8869,,,,,,,ODN0005043067,z,right_only
686CAA36-393C-4F80-8130-221888FEB6A7,,,,,,,ODN0005231707,z,right_only
6F601BB3-4BD8-42C4-BEAF-94610F399DDE,,,,,,,ODN0005131463,z,right_only
D22B60FB-6BB3-4D07-9809-B6F3BC88088A,,,,,,,ODN0005231694,z,right_only
732F34EA-4D47-463E-B99B-6041FCB569BE,,,,,,,ODN0000507248,z,right_only
403AAF13-2526-466B-AB6D-FE316861A3BF,,,,,,,ODN0001377499,z,right_only
37D12335-2782-418D-9F7B-2E3F436AA9C4,,,,,,,ODN0000626658,z,right_only
74A052C3-2EB5-487F-8455-0123F4D1B827,,,,,,,ODN0005243219,z,right_only
8C40F310-C4C9-4556-B3BF-BA3F7639F463,,,,,,,ODN0002754195,z,right_only
E9208100-709B-41B0-9BB6-9481403CB406,,,,,,,ODN0000246683,z,right_only
71F1DB66-E02E-44D6-ABC9-97C65BAC51B7,,,,,,,ODN0002019246,z,right_only
1AB1C0C7-FC11-4462-A6D6-A717AC4E0C2C,,,,,,,ODN0001994731,z,right_only
7F735EB5-E6A8-4F69-8939-2BC65D66282E,,,,,,,ODN0000271338,z,right_only
F668FCA0-D6FA-4D30-B16E-8E889695040E,,,,,,,ODN0002066839,z,right_only
19A5E33F-E837-4838-BD96-36EA25B4138B,,,,,,,ODN0000271380,z,right_only
6F70B291-7816-485D-9B25-188D3D5D3935,,,,,,,ODN0000291399,z,right_only
8EBE497A-ED9D-493C-9EFB-1EE081E34F7D,,,,,,,ODN0000252615,z,right_only
6F675FE6-96F8-4E6F-A644-2E1393456AF1,,,,,,,ODN0005340403,z,right_only
12D19FB8-6BC7-468A-812B-8BD0B76171A0,,,,,,,ODN0005043049,z,right_only
CB352FBB-AFF8-4AEF-9A84-1A045EAB0920,,,,,,,ODN0005167699,z,right_only
2146B1BD-AD99-474A-850C-C20902FD9831,,,,,,,ODN0005116122,z,right_only
214CFA27-5800-4527-BEE6-4D741EA2871A,,,,,,,ODN0005043451,z,right_only
A69C157D-CD5F-4C16-A177-07F99D89A225,,,,,,,ODN0003318259,z,right_only
00ADCB76-5644-4AC3-A688-1C22156C5814,,,,,,,ODN0005043071,z,right_only
0C277837-D6C3-453E-A5EF-6D0843C2F63C,,,,,,,ODN0005167715,z,right_only
128F777B-D12F-4762-9295-DAEC5C4611D4,,,,,,,ODN0005043164,z,right_only
831596E7-5C38-44D4-87C1-5A40B7DFD7B0,,,,,,,ODN0000654433,z,right_only
683991D6-07DD-4995-B0AC-AA7E5E81FD6C,,,,,,,ODN0005087244,z,right_only
4448597F-BDE6-4574-8D97-2E7F458961EA,,,,,,,ODN0005243239,z,right_only
C1BFCA60-9247-4A07-BEF5-359C7948A83E,,,,,,,ODN0005055769,z,right_only
FDD1A95D-7259-4D15-9EE3-8DF6D52927C7,,,,,,,ODN0005186175,z,right_only
F9B7762A-89AF-45CC-ACB3-52980DDDC1EE,,,,,,,ODN0005038985,z,right_only
ACDFB799-B73B-4D67-B157-E863DD343577,,,,,,,ODN0005195522,z,right_only
8F27552F-55BF-4A94-AC60-ED447AC2E57A,,,,,,,ODN0005043036,z,right_only
8797BB8A-EF89-4AA5-9F49-21C7D6CC8A62,,,,,,,ODN0002013304,z,right_only
19E895FB-0BEB-4893-9DB7-24F55850E533,,,,,,,ODN0005167739,z,right_only
3DEC4AF2-4C2E-4453-9222-89394E43748E,,,,,,,ODN0005275056,z,right_only
8C1D514B-93BA-4EAE-BDA0-C67AFE25F9EA,,,,,,,ODN0005116192,z,right_only
0883213E-0E67-4100-8B36-9AB500F10E97,,,,,,,ODN0004965647,z,right_only
16719FC8-F845-42B7-AD8A-1675324A1341,,,,,,,ODN0005101862,z,right_only
66D655A9-215A-41DD-B1E1-5C1CA917BCD7,,,,,,,ODN0004455812,z,right_only
7AB38AA4-06A8-4092-AA73-3077D9F011E2,,,,,,,ODN0005055656,z,right_only
FE9A2E44-6845-40DC-BDF7-C96B6DB50754,,,,,,,ODN0001742889,z,right_only
01C398E7-5069-4286-9041-86B5C5CB374C,,,,,,,ODN0000576859,z,right_only
0A6744D8-ED9E-4820-9E94-C6FBD53AD480,,,,,,,ODN0004941595,z,right_only
4F3824CE-5246-4743-8B0A-F7291A7FDC20,,,,,,,ODN0005429060,z,right_only
FFE4343B-1801-4D3B-A48D-25FA02ADDFB0,,,,,,,ODN0005043246,z,right_only
0CF75720-F7DE-41B8-8346-2C255A326D7C,,,,,,,ODN0000480703,z,right_only
66071817-7932-4612-94FB-1A07B745BACD,,,,,,,ODN0000642630,z,right_only
7B049144-1D35-4324-9694-16B9A9C60EC0,,,,,,,ODN0005285163,z,right_only
8E64F1E9-E7EC-4F56-A89D-150A2C1A88D9,,,,,,,ODN0000159309,z,right_only
0C2800C6-28ED-47F3-8560-9AAEE9C01DAD,,,,,,,ODN0000468733,z,right_only
DE0336E2-B565-42C4-9203-2F716AEBE48F,,,,,,,ODN0004877114,z,right_only
83FAE438-0FCB-4EDA-8C9E-DB49465F52E5,,,,,,,ODN0005274876,z,right_only
DE4A147C-88FB-412A-A9BE-02FE518166A0,,,,,,,ODN0000352961,z,right_only
34C682EC-40F3-4181-9518-AEBDA69AF878,,,,,,,ODN0005043034,z,right_only
8F097D5A-710D-46C7-A0BC-A37B0E5DB697,,,,,,,ODN0002966615,z,right_only
852E0BF6-8A66-46BD-B1FE-F286849CD361,,,,,,,ODN0001756569,z,right_only
4AB5F7BC-BE0A-48D5-BAEA-E3791FFD11C1,,,,,,,ODN0001756540,z,right_only
066DF324-DF2F-456C-8F89-40AFEDC12BF7,,,,,,,ODN0003510252,z,right_only
B3469F31-FDAF-407C-B6BB-5B4D7EB65B9E,,,,,,,ODN0001665212,z,right_only
29CC6B6A-3BDF-4098-889A-CB825BF5F4B0,,,,,,,ODN0001741042,z,right_only
BF3C038A-451A-4A06-9E1F-DF7FC5C692E2,,,,,,,ODN0002466214,z,right_only
E93378C9-B404-463E-8E21-BFC007CFD154,,,,,,,ODN0002671010,z,right_only
3DA5179F-182D-4572-BE4F-E09C5CB36E8E,,,,,,,ODN0001742973,z,right_only
CBD435BE-DB11-4A31-A96B-6FFEBB8A0C11,,,,,,,ODN0001742975,z,right_only
59482BA3-7BD9-480D-8C36-433107542B84,,,,,,,ODN0001684767,z,right_only
8B7EC924-CBB5-4E7F-AD77-D6CD4188F216,,,,,,,ODN0000481453,z,right_only
11243218-E8FE-414F-A67B-180534841637,,,,,,,ODN0005018711,z,right_only
EE4F3F29-6F3B-461D-94DB-D923CE0007D0,,,,,,,ODN0005255275,z,right_only
210D7C32-F959-4B70-B571-A430C9D06AAA,,,,,,,ODN0000552116,z,right_only
FC30EAA6-B385-4D66-AEE9-1FD1BBAE7100,,,,,,,ODN0001742936,z,right_only
A9B48A16-A673-4104-A9D4-B426E8489A2C,,,,,,,ODN0005067300,z,right_only
797F9D4C-220C-4067-9E6C-35387BDD09C2,,,,,,,ODN0005429397,z,right_only
399B8940-553D-47AE-B69F-A3A0272B4033,,,,,,,ODN0000179593,z,right_only
BF91C22E-0A66-48F5-8E47-3BBFE09097C3,,,,,,,ODN0000520194,z,right_only
2CBC2826-11F3-4B5C-A9B4-F9F34C2428F8,,,,,,,ODN0005216150,z,right_only
36A6F8E3-8468-4ECA-B81E-50773CB60D5C,,,,,,,ODN0004581725,z,right_only
2FF56553-E7C5-41C7-8CF4-6124762E9207,,,,,,,ODN0000096315,z,right_only
872A4A26-4925-4B8B-A304-1E1759904AE8,,,,,,,ODN0005293544,z,right_only
7029DAF7-02B5-4A31-B70B-EEDF76EC11BC,,,,,,,ODN0004639655,z,right_only
3EC48D59-7EB9-4EAC-88AD-54C8E7331A11,,,,,,,ODN0000552332,z,right_only
E14FE0E9-DD15-449A-BE2D-487FA4237A2D,,,,,,,ODN0005319097,z,right_only
907B237F-FBE1-4697-90F3-B387E5975E82,,,,,,,ODN0003272729,z,right_only
1832E8BD-31A1-48DF-A515-D673CF73C67C,,,,,,,ODN0001475481,z,right_only
E686831C-2483-4F6A-9B61-525E0E7B53FF,,,,,,,ODN0001475483,z,right_only
14C21160-0DAD-449F-B225-D19846EA87E1,,,,,,,ODN0004335092,z,right_only
C80E5377-FE78-4A89-B685-60B7143A8094,,,,,,,ODN0005293491,z,right_only
62B03715-9DA9-4B75-B02B-542166E8E200,,,,,,,ODN0001475463,z,right_only
D6F19608-6CED-4DE1-AC2D-5D9349CDC041,,,,,,,ODN0001475464,z,right_only
8ECFFC0B-27B8-4F5E-B78B-18382C516E09,,,,,,,ODN0001475505,z,right_only
0D56BBBA-032D-4732-8BA4-72BCA173E286,,,,,,,ODN0005195514,z,right_only
070D1D4E-8F3F-44AE-922F-8716E194DC88,,,,,,,ODN0005243205,z,right_only
DB76B52F-0094-4133-B7AC-59352DD26520,,,,,,,ODN0003752198,z,right_only
55269299-3274-4311-8ABD-CFCB293B5BA9,,,,,,,ODN0005216119,z,right_only
7AF0A6F8-43E0-40FE-8D6E-9B8E4C91E38A,,,,,,,ODN0005055737,z,right_only
B4F95E65-FD74-4B16-A876-D001486DF967,,,,,,,ODN0005101853,z,right_only
33134D85-D931-484D-94F6-A494565E91E3,,,,,,,ODN0005216153,z,right_only
4951C26E-CF5E-4021-A6FD-F6020756E6F0,,,,,,,ODN0001366106,z,right_only
CDC116DD-4E53-4D2F-89B7-0C667858A8AA,,,,,,,ODN0005167760,z,right_only
F1D7B2C3-F762-448B-B716-BDED94F9DDFA,,,,,,,ODN0005043220,z,right_only
C120F434-D870-444B-BA62-C3BA3BD00CD6,,,,,,,ODN0001903972,z,right_only
B8C367DA-E521-490B-8DD3-2B8C9C3CFB74,,,,,,,ODN0004591699,z,right_only
3615CC13-FE48-4A74-BA43-90E32E4F7C79,,,,,,,ODN0005043190,z,right_only
78E69DCF-21A0-43D2-8FD8-61AD46A782D4,,,,,,,ODN0001742849,z,right_only
B25C9CC8-F44A-4FAD-A756-B6E4C3E94145,,,,,,,ODN0001638080,z,right_only
B83AAC3F-3B4E-4247-BEFB-C93FEB00E9D2,,,,,,,ODN0005231711,z,right_only
66E3C48E-A6C3-4440-BA41-591A6D00FBBF,,,,,,,ODN0000480537,z,right_only
1765B31E-FF8E-4C12-8733-AC2A9150BCF2,,,,,,,ODN0005153088,z,right_only
1EA1ADAF-C36F-4117-8B05-FD0DA4627198,,,,,,,ODN0005319150,z,right_only
C2D21A36-F2BC-4FC5-922C-CCF6F012C8E7,,,,,,,ODN0005043420,z,right_only
850A0B3A-B641-4E86-89CF-0B86B7C14B1B,,,,,,,ODN0005195531,z,right_only
E2AF6568-E620-42E4-B506-8D204FB95D7E,,,,,,,ODN0005043039,z,right_only
502FC41F-4FBC-42E7-904C-9F7165F9B736,,,,,,,ODN0005092228,z,right_only
497A1717-CBAD-4BD7-AB86-BA1955F7B726,,,,,,,ODN0005043076,z,right_only
F0A2CBD9-917E-48F8-A010-8048029F60DF,,,,,,,ODN0005152968,z,right_only
1F05EAE4-0A52-46E8-A536-CC9660991ABA,,,,,,,ODN0005216115,z,right_only
8305C9CA-DBD5-4FDC-9A80-C869A1BD8C78,,,,,,,ODN0005216121,z,right_only
EC423DEB-9272-4C4A-960B-0DD78972408B,,,,,,,ODN0005293551,z,right_only
C24F195D-A53D-4FCE-B4AB-24BD462F478E,,,,,,,ODN0005216111,z,right_only
507093EC-CBD4-493B-AD88-BEF5308BD7E5,,,,,,,ODN0001811742,z,right_only
D7B1B94D-D6C8-45F1-A8A0-B2604452F496,,,,,,,ODN0000578997,z,right_only
F89C5586-0CB0-4F9E-B61F-808CB1AE2B51,,,,,,,ODN0002116659,z,right_only
1EEA3604-0354-4AD2-B7C1-47E6E8A70159,,,,,,,ODN0000608889,z,right_only
4D10A630-ECE0-4230-9B47-87D5DD47FE2E,,,,,,,ODN0000588456,z,right_only
1E315FFD-4215-40B5-A94A-1F7F69586E0F,,,,,,,ODN0000494240,z,right_only
4A07FC75-0324-4028-92F8-38155799B628,,,,,,,ODN0000525334,z,right_only
FDF0CFDF-4C72-48AA-82D2-6DD6BAACDD77,,,,,,,ODN0001741028,z,right_only
D6EEB9C7-1459-4905-BF6B-7CFF3EDDA34A,,,,,,,ODN0001741029,z,right_only
946181DF-48D6-4FC4-957E-2B0489AFEEA6,,,,,,,ODN0001777606,z,right_only
7CDBB2CA-682A-4B68-917C-B8CD54564C96,,,,,,,ODN0003879250,z,right_only
9F13105F-17C4-4AA7-AAE0-2AA5297A522E,,,,,,,ODN0001942643,z,right_only
C6222B26-3B66-49E6-BE59-DCDA02F194EA,,,,,,,ODN0000660075,z,right_only
9C7FA16C-7DF0-4D2F-A0CD-BE656235EEF5,,,,,,,ODN0005231625,z,right_only
5A3E60E5-9D1F-487F-9AC8-8EA9996F93B8,,,,,,,ODN0005167702,z,right_only
678D9B0D-0900-4733-ABD9-C97CCBA12B0C,,,,,,,ODN0003716820,z,right_only
772D2539-C0F5-4F16-AF4B-F1B61EDA0C94,,,,,,,ODN0000453192,z,right_only
1EC2F049-90B3-45FE-8892-CFAD33C03880,,,,,,,ODN0001741134,z,right_only
9E959EDE-8417-4339-8177-BD4BB99D91E4,,,,,,,ODN0005186042,z,right_only
2C0E598C-B7AC-4D3D-A952-42187599BD50,,,,,,,ODN0001681900,z,right_only
16128577-E6C3-417A-BB8B-21A70DC09FE8,,,,,,,ODN0001263605,z,right_only
A7998187-D028-4294-882F-5F7F20FB13B2,,,,,,,ODN0000453190,z,right_only
59B0CCF8-A058-4BF1-AF3A-267388773EFD,,,,,,,ODN0000114913,z,right_only
3C5374B3-61F1-4442-A7FA-49578B3EAD55,,,,,,,ODN0005043326,z,right_only
C099E2E8-8D9A-4D5E-A740-44552010F7CE,,,,,,,ODN0000870999,z,right_only
70159BF5-E314-43FA-9745-1D549224165A,,,,,,,ODN0005092204,z,right_only
62AF8D5C-C671-4CFF-810E-284636D42D53,,,,,,,ODN0000479341,z,right_only
5028034D-F598-4E60-B992-8AD034BC2AB3,,,,,,,ODN0000576832,z,right_only
2CD06A0A-11C0-4862-8571-626070BB81BD,,,,,,,ODN0000480012,z,right_only
3BA2153C-B5D2-4200-A69E-EB7F8530E2BC,,,,,,,ODN0005087045,z,right_only
85179B82-2242-4C5E-84A3-5DABBD235B74,,,,,,,ODN0005116081,z,right_only
16A42678-02CF-4739-8ACB-C015B99D6ED9,,,,,,,ODN0000220467,z,right_only
61620759-90C4-4F21-8C54-3330C325CD28,,,,,,,ODN0005101846,z,right_only
335BA0B4-B72F-4D0C-8904-E39FF8A8910D,,,,,,,ODN0000522099,z,right_only
BAA25964-8872-480E-A9B8-002A51387E79,,,,,,,ODN0000657466,z,right_only
B6C047AB-D6F3-4649-BDD2-D681AF4382C1,,,,,,,ODN0005255268,z,right_only
627DA256-C0E0-4326-B1A0-318B255E6EDC,,,,,,,ODN0000525330,z,right_only
F6D9ABBA-2D3D-4D7B-B9DF-9EECC7871E00,,,,,,,ODN0000559796,z,right_only
A033ADC9-7F51-4AFF-951E-5A283D419A8C,,,,,,,ODN0005231692,z,right_only
CF395822-B2DB-4688-A2E7-CBA302586EC5,,,,,,,ODN0005043247,z,right_only
6FF4D8F1-3A71-4CCF-A1DF-8D3263F8D477,,,,,,,ODN0000480719,z,right_only
2EAD5B49-811C-4425-B0D5-184B95350C8F,,,,,,,ODN0000180130,z,right_only
A252D3D2-EB91-4BAD-8A26-728B0924057C,,,,,,,ODN0000148518,z,right_only
42DFB539-FDDA-4522-B7B5-5B43DD1CBEC0,,,,,,,ODN0000480827,z,right_only
092D5E7E-D001-4B4F-9D92-D7619BF38CD3,,,,,,,ODN0005067304,z,right_only
31D0B271-4D00-4120-AC9A-A7CF34D91D18,,,,,,,ODN0000005302,z,right_only
FD31372B-31A5-4C94-820A-930AC72EC6F9,,,,,,,ODN0000480972,z,right_only
70A3AAE9-4F1B-4024-81C3-DCD4D069BA21,,,,,,,ODN0005055723,z,right_only
C872AA3D-2B76-4207-81F0-EFE57DCC436F,,,,,,,ODN0000479360,z,right_only
C6FCE9BB-66E6-4BF1-BCA3-AEDF1D1B7F91,,,,,,,ODN0000452843,z,right_only
0E6D32DB-EFFC-462D-B4BA-1B6DC100115D,,,,,,,ODN0000481447,z,right_only
C2C552E1-36C7-44B6-BB65-130E93D8CCED,,,,,,,ODN0004571723,z,right_only
7BF6EAAD-0CFB-4C83-97C4-88DB64D89FA9,,,,,,,ODN0000481564,z,right_only
1B63AEBE-D4F4-4870-AC9C-7E1D0B5DFFE1,,,,,,,ODN0005167768,z,right_only
271A60F2-83B0-4A0A-BA82-05B91910A6DE,,,,,,,ODN0005243242,z,right_only
2924DFBE-419B-48DB-950C-648674D03167,,,,,,,ODN0004571714,z,right_only
5737F228-C785-47E5-BE69-40C734993B3B,,,,,,,ODN0000479284,z,right_only
6BD5D583-82A1-48F8-90E9-D169B027D0F8,,,,,,,ODN0005055629,z,right_only
A2C8EC23-83E5-4A06-B33D-2CB80F60817E,,,,,,,ODN0003402251,z,right_only
3C75CD67-5486-4017-A272-38604A3D6D71,,,,,,,ODN0005055632,z,right_only
A7B103E8-B0CA-4562-8181-4D8159A8E9BF,,,,,,,ODN0005534781,z,right_only
2EB8AB89-B159-4093-B4B1-10458E56C8FA,,,,,,,ODN0005055735,z,right_only
DAE6AA86-352C-4B22-8F0D-6E6AC598A25D,,,,,,,ODN0003209038,z,right_only
28AF075F-BF3E-4F73-A52E-5F95974E3E1B,,,,,,,ODN0001091477,z,right_only
989802A6-5D3E-4FFC-9215-2EE6AD9E0780,,,,,,,ODN0005055642,z,right_only
4B114CF6-C56E-446F-AD90-DEB4E764E2D2,,,,,,,ODN0005274937,z,right_only
AE805F36-4F3B-4E96-B768-8223DDEFB759,,,,,,,ODN0005055684,z,right_only
956F30CE-3626-491D-A309-CD7A634B4E94,,,,,,,ODN0005274942,z,right_only
9D7ABF5D-64D8-4188-A5EE-57BCDE767FC1,,,,,,,ODN0004288202,z,right_only
AF9B008D-FC41-49B0-AFD4-9AD29CFFED99,,,,,,,ODN0004837103,z,right_only
75137758-7929-43F8-A16C-6547FA0BD5B2,,,,,,,ODN0005275032,z,right_only
849879ED-194E-434C-B273-960A2C38A550,,,,,,,ODN0003031092,z,right_only
D34E5069-F4B3-4988-BC46-BF997AC19764,,,,,,,ODN0004281412,z,right_only
E1543ABA-D941-4157-9DA0-44442FFABC10,,,,,,,ODN0002399541,z,right_only
72CA97B5-4074-42A4-B2B5-705F8D147883,,,,,,,ODN0005055734,z,right_only
49B74DE0-61AB-468D-89DA-4161CB94675C,,,,,,,ODN0005546082,z,right_only
CEE8EC91-119B-4070-8C45-2EAC174A0185,,,,,,,ODN0004617779,z,right_only
DD841B6C-0B07-43E5-A86C-0F3DB5574F06,,,,,,,ODN0005293560,z,right_only
9B2D681B-565E-49C5-A784-6E71EFD5C8CE,,,,,,,ODN0005373672,z,right_only
C861F1E5-4FFB-4D72-AF9F-347634CC3FB3,,,,,,,ODN0005055676,z,right_only
1D79C1D5-81F5-480F-BE6D-E0CF622E36A4,,,,,,,ODN0004503107,z,right_only
CD721265-0EA5-429D-9222-A7187A6A1650,,,,,,,ODN0005055681,z,right_only
F925E92E-BC4D-4DCD-9D7E-69BF22F396EC,,,,,,,ODN0005274882,z,right_only
B4DD3F5D-B7A4-4021-9768-549487F02EF4,,,,,,,ODN0004948289,z,right_only
BBE0B8F6-CAD0-494E-AF95-B8D29ADEE449,,,,,,,ODN0003940867,z,right_only
E62B2FF4-602B-4772-AE8E-89A91480DFCD,,,,,,,ODN0003565762,z,right_only
1D86F336-3383-4CF8-A395-D56CD94FCA6E,,,,,,,ODN0003565763,z,right_only
DB987128-717A-4CCB-837A-CF0472E26441,,,,,,,ODN0004522602,z,right_only
EA512207-EE11-4AF3-A11C-89DD4FBB353F,,,,,,,ODN0001756601,z,right_only
A8730891-B477-4681-804F-1A44B20914F3,,,,,,,ODN0001091504,z,right_only
2F4F6522-16B3-4E92-811D-3A99C6F7F25A,,,,,,,ODN0005275038,z,right_only
BF5F5EFD-9B2E-4680-8F1C-2BD3D4D60434,,,,,,,ODN0003209037,z,right_only
E5E4F2DD-BFAE-4EC6-9164-726E2D137D4B,,,,,,,ODN0005038968,z,right_only
BA57EAB8-8391-4F3B-9DAF-C219FD17FBF7,,,,,,,ODN0003631124,z,right_only
7E644E36-EAE1-4F71-B3C5-A8825068754D,,,,,,,ODN0004394890,z,right_only
CDA2068B-ABBF-49D7-8F78-85E77E4C191A,,,,,,,ODN0005055714,z,right_only
996A6626-32E3-406D-BB2D-7783AB644FF3,,,,,,,ODN0001927176,z,right_only
413C465F-370B-4C25-AFDB-1FD26D725E2D,,,,,,,ODN0004941554,z,right_only
CF04EB21-191E-4A7A-BDC4-4EBE585E408B,,,,,,,ODN0005055719,z,right_only
D8CD417E-F9A7-41B6-8429-E9F6C64EDCAB,,,,,,,ODN0005055721,z,right_only
DAA702C8-5D9D-45FC-8B6B-F4CB00468182,,,,,,,ODN0005055745,z,right_only
4E0587EE-E094-4DA3-BCA7-D6E5FD0707D8,,,,,,,ODN0005293503,z,right_only
9EBCB996-5CA6-40CB-ADA0-E50D09DC631E,,,,,,,ODN0004857453,z,right_only
D2552705-519E-4E48-9EF2-9C5228BB3268,,,,,,,ODN0004522615,z,right_only
5E61C23E-E04D-41E9-B29C-B6B87C4E61AC,,,,,,,ODN0005319160,z,right_only
198214CA-C6F3-4550-9210-6239203719D1,,,,,,,ODN0004177292,z,right_only
B453B999-B76D-4CFF-8D0F-BB5E4D37DE31,,,,,,,ODN0002139881,z,right_only
AD0D5FB8-A86D-44FD-9C97-A1F92DF6B085,,,,,,,ODN0002903293,z,right_only
D33890C6-9F5E-4A41-A546-46DE95B4B998,,,,,,,ODN0005274936,z,right_only
B699C2C6-2BCC-4340-8F2C-884ACE79BBFA,,,,,,,ODN0005275037,z,right_only
9494AB87-A884-4B21-BB19-F0D623FBAAA9,,,,,,,ODN0005275017,z,right_only
89C3063E-6938-487D-8375-163DEA65A68F,,,,,,,ODN0001013288,z,right_only
57BDBB92-433D-4DF7-857B-B90F8443CFF7,,,,,,,ODN0001581645,z,right_only
5967F048-6AE8-4303-8528-8CA7A607AA85,,,,,,,ODN0001489242,z,right_only
891647BB-B31B-42B4-BCDE-2B2BFFC24D78,,,,,,,ODN0003337044,z,right_only
23D65B71-CB15-476A-B0A6-0D0B2FCB00F9,,,,,,,ODN0004667017,z,right_only
50195930-F81C-49C7-9F69-C7D06CF0818A,,,,,,,ODN0003565736,z,right_only
645CCA2B-33BA-4107-9225-7C5BA3559BF1,,,,,,,ODN0003878514,z,right_only
21264F96-5EE5-4178-906B-ED8B5D515E89,,,,,,,ODN0002963187,z,right_only
1F0494B9-6EE0-43CA-B59B-8FC3050836C6,,,,,,,ODN0004503111,z,right_only
CF010862-568C-452B-8B71-44CEC8DE6EBD,,,,,,,ODN0004876814,z,right_only
EEE09934-EAF0-46C2-9B3A-80864EA4DC60,,,,,,,ODN0002963264,z,right_only
344B5211-E132-47C8-92B4-A744C1F73824,,,,,,,ODN0002545452,z,right_only
6059D3D7-70FB-4149-896A-0F4DDBD19215,,,,,,,ODN0003488315,z,right_only
95955D3F-658C-47A0-8E9F-332E70094B96,,,,,,,ODN0005507574,z,right_only
CD34E2E1-1BB3-442B-97DD-64DCC80BCF21,,,,,,,ODN0000663863,z,right_only
FE65802F-7670-41C3-9368-E9D7CAAEA7A1,,,,,,,ODN0002041337,z,right_only
EC645A00-CC84-442B-9E83-F3F82BB880A4,,,,,,,ODN0002041263,z,right_only
89EA35CD-7D78-4FC9-9CE7-AC13A75A677C,,,,,,,ODN0002236020,z,right_only
1C60A144-3F35-4918-B9BA-14A119A5A384,,,,,,,ODN0002674694,z,right_only
BF6B33A8-FBA5-498C-980A-22721B05DEE7,,,,,,,ODN0003825580,z,right_only
7424ECCD-0506-4571-B861-BA198B6ED18E,,,,,,,ODN0003924255,z,right_only
D9E2C673-D6C3-4330-9920-505ED4636459,,,,,,,ODN0002199003,z,right_only
AF8BF3C4-E74C-44EF-AB78-1FA6A7B4456C,,,,,,,ODN0005216158,z,right_only
076B7B20-A426-4C88-BE4B-375B25D47E8D,,,,,,,ODN0005231634,z,right_only
07B8F485-A0DC-4553-BD4B-C24E4D0F503A,,,,,,,ODN0005195518,z,right_only
8C63B2EA-AFCC-41BF-882C-810C62C92707,,,,,,,ODN0000537002,z,right_only
ACFBD5BD-79EA-4511-97FB-BACCB39A7660,,,,,,,ODN0005293553,z,right_only
F0A25D91-DBFF-474E-8DA7-E3FA94A1C387,,,,,,,ODN0001429706,z,right_only
A9C6A4CE-17C8-4BA0-AE30-2649F56031BD,,,,,,,ODN0000356356,z,right_only
C08681FE-339A-4976-8447-D89FB91EDF13,,,,,,,ODN0005274943,z,right_only
16B8317F-3A2C-4EC3-BF68-5FB87FA3802F,,,,,,,ODN0000356360,z,right_only
7A9B5BC6-6013-43F1-A44B-EAD8C23920E0,,,,,,,ODN0005275001,z,right_only
FDBB5DA2-3FE7-473B-9A19-E1DAE1D4D11F,,,,,,,ODN0005275004,z,right_only
E344288B-2FB8-42FD-A531-9D2C102072D1,,,,,,,ODN0002081624,z,right_only
C38B58F8-6B1C-48E3-AA66-140A4976A92E,,,,,,,ODN0005285221,z,right_only
B03E644A-DB14-4BCF-81DD-D00B17C555C3,,,,,,,ODN0001777642,z,right_only
54B80C49-4272-4985-B21C-69DDF93D4349,,,,,,,ODN0005091922,z,right_only
DF316F1C-C994-4705-949F-137054751485,,,,,,,ODN0005274872,z,right_only
596FA73D-D7D7-4FAD-A2F7-14F2103F3988,,,,,,,ODN0005055722,z,right_only
136B4910-F652-499F-868F-A08F7DDD8F78,,,,,,,ODN0005285341,z,right_only
B82DE80B-FAA3-48D7-8099-8ED02A7EEA92,,,,,,,ODN0005092209,z,right_only
BD9266F3-5011-4A83-B8E3-591C17D70718,,,,,,,ODN0005152970,z,right_only
5035F4D9-001C-46EF-BCF6-AD254C0BEF94,,,,,,,ODN0005043366,z,right_only
C7993120-F205-47F0-8BA1-131249AFF16C,,,,,,,ODN0002475971,z,right_only
4871353C-66D3-405B-AC5B-4A50A4D05D9A,,,,,,,ODN0001897965,z,right_only
F9B583A6-F3F7-4513-AC93-511A7C048BB9,,,,,,,ODN0004738137,z,right_only
4C89293F-09DD-41E9-92BC-4D5667B62C3E,,,,,,,ODN0004884275,z,right_only
108B37F0-47C0-490D-A1F8-93769D0D6BA2,,,,,,,ODN0005255278,z,right_only
21D3E6F0-1AEB-4306-9E09-FA8E000F2439,,,,,,,ODN0004347495,z,right_only
1E74DB2D-21D2-44C6-BEDD-65A8A288D47C,,,,,,,ODN0001742864,z,right_only
9E43822E-B0A2-4DC0-BEBC-FF5DE307E3A9,,,,,,,ODN0004570354,z,right_only
6DA04137-D551-4723-87B7-A47056DBF6B3,,,,,,,ODN0004570359,z,right_only
9CC676CC-E857-4145-8552-E7A2AFC88819,,,,,,,ODN0004571715,z,right_only
6F05E510-7AED-4CBD-B4B7-C16747FC4FFB,,,,,,,ODN0004570185,z,right_only
CC696849-33D4-4472-B359-A6333911CAF9,,,,,,,ODN0005043230,z,right_only
C42527E4-4340-4791-A9A4-5A2D0BB013CC,,,,,,,ODN0004581713,z,right_only
9E0DC45E-E3C4-4CB7-82B1-879274AE2DFA,,,,,,,ODN0005043293,z,right_only
8BCB247E-9472-4D94-90A0-BADDF8C1C8B1,,,,,,,ODN0005359202,z,right_only
2973BAD9-493B-478F-8127-41938AD386A1,,,,,,,ODN0002631005,z,right_only
24418FD1-7303-4CC9-834C-D87157626311,,,,,,,ODN0002631732,z,right_only
84183504-37F8-46EE-B3E2-13CF73936453,,,,,,,ODN0002582613,z,right_only
BB33AE31-A67A-4003-9901-536A49A59B87,,,,,,,ODN0003984633,z,right_only
AB0C15E5-4191-4966-A8A8-813B278F573C,,,,,,,ODN0002583262,z,right_only
6C967AE4-B1D3-4F13-B461-9DFB14E9062D,,,,,,,ODN0002631680,z,right_only
3682BC59-5D3F-4FAE-9B7D-90A1465ED2AC,,,,,,,ODN0002584977,z,right_only
5140F867-AEF9-478F-908B-7F9C18A51040,,,,,,,ODN0000480059,z,right_only
FF0D5A6A-53BA-4C3A-AC81-1D5759D5BD71,,,,,,,ODN0000355084,z,right_only
1EF48772-47B2-4F98-BACF-A2B9E1A2FFC2,,,,,,,ODN0000920307,z,right_only
480C1C62-5B40-46FB-BAFD-696FAFC259AE,,,,,,,ODN0000564631,z,right_only
BC066CD7-9A8A-4A91-A574-C1847B6C6D26,,,,,,,ODN0000795931,z,right_only
F96135AA-CB2C-47A7-937E-44262A6999C4,,,,,,,ODN0001436029,z,right_only
40ED4006-E639-4BDB-8758-6A7409B2550E,,,,,,,ODN0000462550,z,right_only
B1E3EE4C-1F17-462F-A643-15B205F75C87,,,,,,,ODN0000472162,z,right_only
C634E4A4-802B-41A5-9399-8F1F6F17D420,,,,,,,ODN0005151844,z,right_only
4117473A-B83C-4426-B382-D251766AE2B5,,,,,,,ODN0003265769,z,right_only
AF0EA396-FD03-4351-87B0-9C0FB9DCDF27,,,,,,,ODN0005151675,z,right_only
6548BDF2-04E4-4366-A0BD-F6A56047A35A,,,,,,,ODN0005359173,z,right_only
762BDFD5-DE99-483F-ADC7-726B0FC8E489,,,,,,,ODN0000468695,z,right_only
E2820525-7253-440F-8750-893FFD685D42,,,,,,,ODN0005216112,z,right_only
81BF503E-4007-4B9F-A3E4-6745D3F0E2DD,,,,,,,ODN0000356362,z,right_only
0C1C4A55-39B2-4D79-9022-CE7EAB080225,,,,,,,ODN0000571658,z,right_only
590928DD-B4BA-48B5-AABB-3E347F280EDE,,,,,,,ODN0005043192,z,right_only
92D0DAFD-5E2C-4924-90FD-88B76B08663C,,,,,,,ODN0005285119,z,right_only
C5EE5AB9-2EA0-4228-9C4C-C0C963599A8A,,,,,,,ODN0001586919,z,right_only
3BF05F1E-3B61-4D67-87B3-93CC5611F4DF,,,,,,,ODN0005243232,z,right_only
86EFC4F1-3BC7-426F-8622-1638C3D8204B,,,,,,,ODN0003488412,z,right_only
F73F1B57-013C-4797-8E2E-2146D717320B,,,,,,,ODN0005231696,z,right_only
4A0A7CDE-D4C6-4DA7-A0BB-A6E6ECD57C83,,,,,,,ODN0005243212,z,right_only
A77BC096-A842-45D9-A589-E8E9EC16F3C2,,,,,,,ODN0000686201,z,right_only
83E81A94-8221-476E-A11E-2200B50ED50F,,,,,,,ODN0001289949,z,right_only
9ED67639-480E-4031-B413-1B037EFC1511,,,,,,,ODN0002021018,z,right_only
C404A36E-C0B7-4E7B-B7FD-CEEB43A3F6C6,,,,,,,ODN0000480994,z,right_only
BC4B6E11-C10F-4F85-AF05-453CC7D72848,,,,,,,ODN0001153116,z,right_only
E454A506-B4F5-4249-9A5B-ACE02325EE35,,,,,,,ODN0001477013,z,right_only
D7C9A84E-DA1A-49AF-8528-AD1DC9D511C4,,,,,,,ODN0004617836,z,right_only
A9B12FFE-527F-4FB4-A635-A0BAA2224535,,,,,,,ODN0000166380,z,right_only
FDE791B0-EDE6-48F1-85E5-922D0DD51F5F,,,,,,,ODN0005340399,z,right_only
7093A779-064F-4A3D-8BB0-77CCE7A67260,,,,,,,ODN0000269181,z,right_only
423AE6A0-C367-4D3E-9A36-E66E621C1206,,,,,,,ODN0005285286,z,right_only
888D2C4B-C247-4C89-9948-245B4A5EC243,,,,,,,ODN0005428616,z,right_only
A32BD362-68D4-4F1F-9CAF-AF18C500D161,,,,,,,ODN0004693638,z,right_only
1DDB93B6-1530-4839-93EE-F3720238F56E,,,,,,,ODN0005285307,z,right_only
3C902DD0-54BB-4593-BBC3-830B92275018,,,,,,,ODN0001973800,z,right_only
75472EFB-D6CA-4DE3-81B9-12134A35ED96,,,,,,,ODN0005285116,z,right_only
D8C52CFB-05B6-408B-BAC9-777B70BED37B,,,,,,,ODN0005285195,z,right_only
0C15983A-5BF5-4BDA-BEBD-7E90F8984BD6,,,,,,,ODN0005285364,z,right_only
69D0FFB0-D391-407E-82E0-068B7A23C20E,,,,,,,ODN0000479283,z,right_only
87F620CB-9845-455B-91E6-6DC3C22C54C4,,,,,,,ODN0001136182,z,right_only
49D0A55C-38C9-4B76-A89F-4FA31796B4CD,,,,,,,ODN0000480560,z,right_only
316D26B6-677F-4006-BB9C-CEB74A6DA7CC,,,,,,,ODN0000647287,z,right_only
A61BEC47-E37F-4765-A7E6-D675ECAAC748,,,,,,,ODN0001760353,z,right_only
BABA4093-6310-4DD5-913C-DEF3C68EB14D,,,,,,,ODN0005043104,z,right_only
DDB3B777-495A-47F0-AB77-5AE8EC8E283E,,,,,,,ODN0004680671,z,right_only
8F37F04C-BAEF-455C-8698-4E9B5EFE609C,,,,,,,ODN0005055680,z,right_only
D58E9725-930E-4E14-9ECD-51BCE0EC59CB,,,,,,,ODN0001986486,z,right_only
9F1B1327-65C5-467B-954A-3C0CEE8822F9,,,,,,,ODN0004543741,z,right_only
ACF51413-22CC-4F6E-A360-5FCBC60D0EAE,,,,,,,ODN0005043242,z,right_only
410BEED7-9758-4291-956F-F96FAE811971,,,,,,,ODN0005153184,z,right_only
8D99F61B-B66A-468B-8A0A-B928E469E150,,,,,,,ODN0005043180,z,right_only
5D25E463-24C1-4D59-8F47-B611AAD17BFA,,,,,,,ODN0003591506,z,right_only
7354E984-46B6-4863-932E-8997BA697B66,,,,,,,ODN0000601623,z,right_only
8C714278-0A59-49DF-AC8F-F6EF529103C6,,,,,,,ODN0005092307,z,right_only
43EF2B85-77F2-469B-95FA-7D60503EE347,,,,,,,ODN0005043189,z,right_only
BC4B3E27-8EE0-4F4D-ABF5-C1FFC572CFF6,,,,,,,ODN0005038780,z,right_only
47C25086-10A2-457C-995D-48BFB0DDFC58,,,,,,,ODN0005151738,z,right_only
EAA7B0D4-EA0E-4331-99A8-2D06461DEA35,,,,,,,ODN0000588444,z,right_only
0233A049-5F99-4ADE-8B89-1D4CDAD84819,,,,,,,ODN0000588446,z,right_only
48AC7433-94B6-4006-A155-4C07176D91FC,,,,,,,ODN0000588452,z,right_only
E145B94F-5554-4310-9830-2F0920164BCF,,,,,,,ODN0000592626,z,right_only
777BA697-7E0C-4FC4-8F52-43F19F3C1663,,,,,,,ODN0000588462,z,right_only
DBBA7B72-D936-412A-8022-CA3A90B91944,,,,,,,ODN0000588465,z,right_only
7717BC7C-21C9-4FC5-8C5F-229099DF328D,,,,,,,ODN0000566852,z,right_only
D9A1AA5E-50B5-4DA2-B421-061DA9E20BA6,,,,,,,ODN0000566833,z,right_only
33695FB7-2AB3-4877-9F43-69B4F7361B4C,,,,,,,ODN0001742932,z,right_only
02EC093E-87B6-4BF5-8B01-ED98C98CB75D,,,,,,,ODN0001344694,z,right_only
B422953B-6C56-4990-981C-B1D3A041A12B,,,,,,,ODN0001228745,z,right_only
59F25609-DE2A-4717-BA59-A5BF8675307B,,,,,,,ODN0001742883,z,right_only
0AE93DBD-9C3C-4312-BF82-E37B8B135B39,,,,,,,ODN0001742891,z,right_only
83D42BA5-6F2F-49C8-9EA8-955E3BCF7579,,,,,,,ODN0001344794,z,right_only
2CA10912-0BA9-4DFA-8D0B-1BC3002EAC31,,,,,,,ODN0003232491,z,right_only
8267AD2C-1772-41E2-AD8D-4237A2264603,,,,,,,ODN0001742921,z,right_only
15A1AF85-11BD-4343-91E9-6B6404B1BD42,,,,,,,ODN0005285348,z,right_only
25A17652-DF92-4EFB-A202-558708381B17,,,,,,,ODN0000480925,z,right_only
091453E8-A56E-497C-B79B-5ED862B04DE9,,,,,,,ODN0000343798,z,right_only
74B336DF-BEEA-4C4A-A844-2A79DD726A5F,,,,,,,ODN0004721088,z,right_only
C8782B0E-98A5-4577-A7B7-6438C7B230A2,,,,,,,ODN0004567946,z,right_only
FC4D7084-377B-43B8-ABFA-F8C3529CBFD0,,,,,,,ODN0005186144,z,right_only
BBA6BE7D-2218-40F8-AE6A-52C5AC0F1CF2,,,,,,,ODN0000543602,z,right_only
B5B84D85-5193-4BB8-BB2D-CC34418E8D4D,,,,,,,ODN0000507271,z,right_only
954335E4-A4B3-436A-B62F-2AFFB1B5F250,,,,,,,ODN0004581660,z,right_only
814DE4FA-AEB4-4D22-BC14-5BAE975E0643,,,,,,,ODN0000308467,z,right_only
84C99494-B207-450A-84D7-3DAC8E7842A2,,,,,,,ODN0000642605,z,right_only
C4666235-3565-4538-83FB-E79A31C45D21,,,,,,,ODN0005185918,z,right_only
B7E58964-4C85-4E20-93BE-E7E467525A89,,,,,,,ODN0000674874,z,right_only
1BA71939-61BD-452A-A81E-247F5C198FE9,,,,,,,ODN0000569984,z,right_only
8E073BE1-1487-482E-9F70-C19CB592DF5A,,,,,,,ODN0000318553,z,right_only
0BB20A51-77AD-453D-B539-70BDF8C38139,,,,,,,ODN0001381649,z,right_only
ECC65A59-80AC-4167-81AB-2A5B5D9B767C,,,,,,,ODN0000657454,z,right_only
06FDEC1D-D5D6-46F9-ABF3-0525DA902111,,,,,,,ODN0000800075,z,right_only
67AAFEF1-3292-4DC0-B6C5-0D35F466C511,,,,,,,ODN0000800076,z,right_only
82CDD641-857A-45CA-8775-34EEDE35B238,,,,,,,ODN0000800077,z,right_only
CB68E4DC-CDC0-492C-AAD6-BC41DD87FC1E,,,,,,,ODN0005678955,z,right_only
781F7694-AC87-4F1C-937B-26CCAA5596FC,,,,,,,ODN0005067282,z,right_only
B1D3F1B5-3F72-49B7-8FA3-0C2D913369BB,,,,,,,ODN0000481184,z,right_only
47301166-6190-4BD7-9F22-7D893E387319,,,,,,,ODN0001741085,z,right_only
0FB1F6E2-0E91-496D-BCDE-E73E1E7183F6,,,,,,,ODN0000449739,z,right_only
6CFAB5A2-24B8-4197-B90F-79F2211C7C25,,,,,,,ODN0001013169,z,right_only
30B1625B-BD00-471C-8BD7-424C9A4E8EE7,,,,,,,ODN0000481232,z,right_only
E02586A7-8969-44F8-A86F-BE5B8C41AA5A,,,,,,,ODN0000457096,z,right_only
2BFBD6D1-18FB-4078-A09D-18F6283851B1,,,,,,,ODN0000060530,z,right_only
81C2D53C-9FC4-478B-B579-B426AC921AC2,,,,,,,ODN0000570028,z,right_only
3FCF1875-016A-4D1C-AD17-0637AAFF7E3A,,,,,,,ODN0000467512,z,right_only
3F1B080D-1FBC-4BB7-8CF2-F38FECA67719,,,,,,,ODN0005403786,z,right_only
DCAA3DA9-F2B2-4C57-899C-10C8505E83FB,,,,,,,ODN0000480505,z,right_only
C066399F-6E68-45D0-B3F3-856A41BEA8A3,,,,,,,ODN0000789274,z,right_only
2C436A3C-C34E-48BB-A62F-5026781E59F0,,,,,,,ODN0000462580,z,right_only
D8536B6F-2730-4835-BF59-B7DA9C68347B,,,,,,,ODN0000480593,z,right_only
3647C023-6D39-4C5A-9497-84D577A79EC3,,,,,,,ODN0004581841,z,right_only
1D52A159-BA5E-40A2-AED5-0D39D8EC2A31,,,,,,,ODN0000534259,z,right_only
E7409D9F-4363-4FC5-8B1C-91E3A59EF46D,,,,,,,ODN0005404238,z,right_only
DDD58FAB-E851-4E0B-AFFA-8DC9DF722CC5,,,,,,,ODN0002926147,z,right_only
4EB85A2D-DBC6-4F12-B725-E29CC5346F44,,,,,,,ODN0000333001,z,right_only
2F16923E-1EA3-4C3B-B00D-743CAE19423D,,,,,,,ODN0000537144,z,right_only
747F92CB-BCA9-450A-A180-60508211A60F,,,,,,,ODN0004581774,z,right_only
ECC1EBC4-3C66-4063-AA6E-87F9BD435C0A,,,,,,,ODN0000514503,z,right_only
C29FD4FE-587E-4D81-B121-47283EE36103,,,,,,,ODN0001238714,z,right_only
BF3727C9-9A58-4174-A6C3-01BFC2BEA11C,,,,,,,ODN0000507610,z,right_only
E77CE3C6-8375-458C-83F6-665E1FDCDD44,,,,,,,ODN0001013276,z,right_only
A90BB59E-216F-47B1-B1E6-5EDC6D9C845F,,,,,,,ODN0004571721,z,right_only
8E2E0A29-C340-4A92-8D14-10F3EA957858,,,,,,,ODN0000537293,z,right_only
32BA96CC-0EAB-4966-B0C2-66FE6BDEC739,,,,,,,ODN0001209374,z,right_only
A2F814B0-1B65-4938-A093-68FFD22F3C99,,,,,,,ODN0002013352,z,right_only
0BFAC8CD-A0AE-4409-AF14-FE30A7986D78,,,,,,,ODN0000571684,z,right_only
120ECBB8-78B3-4056-BD5E-C0666DEB1FA8,,,,,,,ODN0000647415,z,right_only
9DDA506E-0076-426B-B695-B0E18C560FDA,,,,,,,ODN0000227198,z,right_only
4E07D6B8-F508-47D7-8322-DAAD1836117C,,,,,,,ODN0000343128,z,right_only
B96CD1B4-FF82-41A1-812B-B24EA01F3CA1,,,,,,,ODN0000481451,z,right_only
98A79ECC-3BA8-4987-BEFB-0B04BC8FE5DD,,,,,,,ODN0001530609,z,right_only
56DA548A-8377-4D29-B3BE-E73916BCAFFB,,,,,,,ODN0005403989,z,right_only
BE60DA99-ABC7-4237-ACD3-FCCA00F59308,,,,,,,ODN0005404199,z,right_only
321786B3-726F-4F32-9734-48487899047F,,,,,,,ODN0000576919,z,right_only
4F791C54-329E-4F2D-A280-BAEB5C625DEF,,,,,,,ODN0001742969,z,right_only
BE3E3120-A047-41A2-851A-313352446327,,,,,,,ODN0000531407,z,right_only
721DDE4C-1575-4210-93EF-FFD69E240FA0,,,,,,,ODN0005167741,z,right_only
6221F8A2-CDCC-427F-9124-DED44CA91F8D,,,,,,,ODN0001777631,z,right_only
41B15B19-55C2-4127-A081-D78B7B6BFE95,,,,,,,ODN0000667323,z,right_only
8D9CC908-95C0-4CE6-BC69-762CC40DE798,,,,,,,ODN0005243206,z,right_only
E307172E-2EA8-4B20-B0E1-EDAD2647D13A,,,,,,,ODN0002148211,z,right_only
D77E66DC-7D16-4702-A063-7467EFFAA114,,,,,,,ODN0005055677,z,right_only
D93C33CB-637F-497C-A384-F0FA614F5DB9,,,,,,,ODN0002148052,z,right_only
D71C4F4C-12D9-4A52-9F97-5966A548C33F,,,,,,,ODN0001777596,z,right_only
938D1B7A-32E4-4565-B211-E5C2F7C28363,,,,,,,ODN0001777637,z,right_only
28A716D0-46E9-4268-931D-5D27AF864797,,,,,,,ODN0001742923,z,right_only
FD8AF235-6D73-44A6-8F1F-4D1495930C88,,,,,,,ODN0005055627,z,right_only
E2FF4025-5ACB-4D74-B061-132D20285A61,,,,,,,ODN0005055662,z,right_only
79BC5481-1027-48F9-92C3-0F8F46E9BA69,,,,,,,ODN0005274962,z,right_only
6958DB38-CB54-451F-B0D3-B71B86DCCA7B,,,,,,,ODN0005055698,z,right_only
49ECC631-89CE-40B0-A134-C8D6AB480068,,,,,,,ODN0000199297,z,right_only
1D77352D-1B22-40DC-8204-4B7CE8FDCD68,,,,,,,ODN0002963649,z,right_only
A74BC071-8D17-482F-AB43-AE3F6AFD29EC,,,,,,,ODN0000576894,z,right_only
1796B6D0-1825-46E5-A93F-59FDAE6ED6C0,,,,,,,ODN0000037559,z,right_only
7B70CCBC-F18B-4F01-917A-32C43A941569,,,,,,,ODN0002115524,z,right_only
C324EB51-1D7E-4EE4-B17E-9BFFCB951DC4,,,,,,,ODN0002115267,z,right_only
C4A5F56E-4AA0-4DE3-8D2A-CE3C1D17CDC0,,,,,,,ODN0002120616,z,right_only
DDC07B75-841C-4567-A1C9-46663E039D7E,,,,,,,ODN0000271318,z,right_only
98EBD2B7-459B-4DC5-924C-ED479C84BFED,,,,,,,ODN0005605111,z,right_only
C7A8DEEC-2E62-493D-BB5E-FB944C07EC99,,,,,,,ODN0005437957,z,right_only
872CDA63-BC68-4D85-A8B7-FB3B0897B7CE,,,,,,,ODN0005635524,z,right_only
2CFB222A-5460-4053-85A6-E9BA75E3CFD8,,,,,,,ODN0005635525,z,right_only
8B495403-4D04-4952-9D40-3187F51AAB88,,,,,,,ODN0005771652,z,right_only
44D7CB67-838D-4BCD-B56C-43C950B7D79C,,,,,,,ODN0005635543,z,right_only
7FD49721-AE36-463D-A10F-0AF4AB35562A,,,,,,,ODN0005645688,z,right_only
991F0EAC-C529-41D6-B170-F8BBE4D2CF8C,,,,,,,ODN0005605109,z,right_only
A66EB40E-42B4-43D9-AD89-D7AC73A06C25,,,,,,,ODN0005545056,z,right_only
AD39CF76-4965-419B-B5B7-8FFF4FFD7F8E,,,,,,,ODN0005577126,z,right_only
8B2C3FEF-E4E7-4BE7-9EC5-5706462B61AE,,,,,,,ODN0005528344,z,right_only
FA8BA93A-D92F-4268-B83D-3345FDC2042F,,,,,,,ODN0004987036,z,right_only
2FE140F1-06E8-4A4F-960C-179F89A920F3,,,,,,,ODN0005555189,z,right_only
6F67484E-7D08-4615-BED7-682B53A2123C,,,,,,,ODN0004964787,z,right_only
E44D97D3-427C-4554-BCB8-13C9D226FC4C,,,,,,,ODN0005577145,z,right_only
EF046C25-96B7-414D-BD08-1FE446AFB814,,,,,,,ODN0005622527,z,right_only
8C61792A-F50E-48C9-B9E4-D9E658B85706,,,,,,,ODN0005545057,z,right_only
61595F26-6471-4010-84AB-2DF5B8A5A079,,,,,,,ODN0005528357,z,right_only
D5F35571-2181-4F47-A7D8-E8AB0A29E8FC,,,,,,,ODN0005712365,z,right_only
3052A48C-441E-4AE3-8EAA-27DDA15D4D6D,,,,,,,ODN0005555201,z,right_only
6C97975B-22F8-4148-953E-CB979471C7BF,,,,,,,ODN0005605123,z,right_only
B4061D62-53B8-4580-B48F-DD7427818731,,,,,,,ODN0005645687,z,right_only
C0C10C8B-FCFC-44FE-B26F-E538E0188564,,,,,,,ODN0004979390,z,right_only
13F437F9-E6C7-444B-B8D5-5D40B403556C,,,,,,,ODN0004974663,z,right_only
9EF840CE-3E74-45B2-BFD6-87768621261F,,,,,,,ODN0004981191,z,right_only
5280B9AD-B473-410E-AE75-B3F3CA4A8E95,,,,,,,ODN0000661258,z,right_only
A42197C6-6B3E-49A4-91A3-B2E13A721D5E,,,,,,,ODN0000661259,z,right_only
9C7E21A5-2016-437B-BB6F-373D24E4470D,,,,,,,ODN0002023547,z,right_only
AAA77CD9-5DDC-4391-8B9B-97B6901FA0B2,,,,,,,ODN0002023679,z,right_only
82B62CBB-3943-48B6-B2BE-EDB27BB4C153,,,,,,,ODN0000012307,z,right_only
5559D27E-79FF-4E45-8B2F-97733E8B4DD3,,,,,,,ODN0001532685,z,right_only
EFAAFF82-40EE-4506-BE1C-582685B635AC,,,,,,,ODN0001579129,z,right_only
0348E858-EC79-4A89-85A1-22990AD2479D,,,,,,,ODN0000106660,z,right_only
E2187106-757C-4CBC-8DA9-E14795DA5EBD,,,,,,,ODN0001485744,z,right_only
8FAF97CE-9CDC-4A2A-BA58-D18EEDAEDF6B,,,,,,,ODN0000661082,z,right_only
71E82001-2E68-4FE0-ABF8-B1708D67EB7C,,,,,,,ODN0001485752,z,right_only
21A8BF54-B3C8-4855-9618-F807D1B7C239,,,,,,,ODN0002009761,z,right_only
52EA1A82-2E7E-4CE9-B4DC-4485C4C66113,,,,,,,ODN0001351190,z,right_only
DF2EC636-A479-4598-872B-817F5F9F68CF,,,,,,,ODN0001485764,z,right_only
1765D034-9778-4794-BBFC-829352BCDE65,,,,,,,ODN0001467873,z,right_only
52EAC92C-33B8-44BD-9A98-DBD2C759BCA0,,,,,,,ODN0000240776,z,right_only
19E87700-E8F4-4AF6-B9E6-D516F43B1637,,,,,,,ODN0000129537,z,right_only
00B3F215-8BCE-4C47-AF80-993D00C9DF94,,,,,,,ODN0000661437,z,right_only
133494FB-3BCF-47A9-8742-F3F5DA8C1141,,,,,,,ODN0002009777,z,right_only
2AA26577-DAFB-414A-826A-F78FCCB41A21,,,,,,,ODN0001093896,z,right_only
7E5CC236-03F8-4EDE-819D-AF0C175F7F25,,,,,,,ODN0000327131,z,right_only
AABE40D8-6489-4598-8FA7-A21CDB27F204,,,,,,,ODN0001319069,z,right_only
FB483526-5627-4C79-BD64-F48E1D5AEC73,,,,,,,ODN0001448792,z,right_only
341E57F4-B609-492D-A4A5-42A431A89549,,,,,,,ODN0000661690,z,right_only
1538B1BD-2077-4D2C-8262-D3840B822E4F,,,,,,,ODN0002023435,z,right_only
96D79A22-0F23-4B0E-952F-6A1408E620B1,,,,,,,ODN0000255095,z,right_only
47779F15-CD8D-4CAA-AC76-538B1BCF7DA6,,,,,,,ODN0002009796,z,right_only
F8E5648D-4AD7-4644-9E95-8891D494A8CC,,,,,,,ODN0002009799,z,right_only
761B759B-44AD-431D-9C4F-ABEED5545AA0,,,,,,,ODN0002023459,z,right_only
18F1385B-C830-472F-8337-8300DECDC526,,,,,,,ODN0001532698,z,right_only
D370E5B1-6FD0-44AB-8381-34F928D0AACA,,,,,,,ODN0001328623,z,right_only
4FAF405B-A5F5-4F62-AE1F-A87FBFD26883,,,,,,,ODN0003452979,z,right_only
CF9A3138-00CC-4A5D-93AB-F48FB5B5A05C,,,,,,,ODN0001485818,z,right_only
68631D71-E57C-4BEC-B15B-817DB584ACF8,,,,,,,ODN0001485821,z,right_only
30ECA935-6638-4931-A374-BD05AB754713,,,,,,,ODN0000125786,z,right_only
D51F3F3A-B43C-4D85-B1EF-D282274680FB,,,,,,,ODN0001485839,z,right_only
67F4F70E-2613-4579-9C39-1F40371456F1,,,,,,,ODN0000662441,z,right_only
B7746432-8032-47D9-8E89-9869272B2F59,,,,,,,ODN0001532704,z,right_only
A00BDDDC-7EFF-493F-9757-67A6AAF758E8,,,,,,,ODN0001532705,z,right_only
26429FDB-004C-434D-9344-00FA50293A70,,,,,,,ODN0001532706,z,right_only
94888C15-4384-4509-8F20-07E2DC92DE6D,,,,,,,ODN0000352944,z,right_only
59A79ECB-B6EA-4901-984B-13739011F796,,,,,,,ODN0000662620,z,right_only
6ACAC6C5-5E46-407A-8EAC-6120CD078CEA,,,,,,,ODN0000290561,z,right_only
C62FFBA5-1004-440A-A5AC-01B9A3DEB41B,,,,,,,ODN0000662649,z,right_only
43FB6F18-7985-49C6-8D51-C7E6DBD91CA9,,,,,,,ODN0001485867,z,right_only
0319C2D0-BFDE-49CE-AEA8-65D4E4003462,,,,,,,ODN0000703066,z,right_only
AB7D56C6-5EFD-431B-852E-D913977701E7,,,,,,,ODN0004530189,z,right_only
C43A09F6-DEBF-494D-AFF4-758E71F41DED,,,,,,,ODN0001485871,z,right_only
BB05F83D-C18A-4141-B724-E8C8620B8068,,,,,,,ODN0003578683,z,right_only
5303E482-1E44-422D-8CBE-728F699D08AD,,,,,,,ODN0001475259,z,right_only
BFC22CD0-3882-49C2-BD64-76E17B003819,,,,,,,ODN0000333997,z,right_only
005294E7-A28C-465D-9FDD-C6C52332CA1D,,,,,,,ODN0001448809,z,right_only
E186CED8-7C51-4011-939E-3E7E37D7DFE3,,,,,,,ODN0001448810,z,right_only
3F24F120-B120-4EA6-8451-87E04F257B2D,,,,,,,ODN0001237137,z,right_only
28536A96-9C5F-4ADB-A997-22AC691D7B8A,,,,,,,ODN0000712590,z,right_only
4854E126-0A48-4F31-8C9C-1530EC91FD79,,,,,,,ODN0000069973,z,right_only
1AA647F5-1141-4F69-ABA9-D22286F2E4BB,,,,,,,ODN0002023657,z,right_only
6007FE7A-E5A0-4359-BCEC-04C63EEBE1AD,,,,,,,ODN0001485909,z,right_only
4F0E01A2-0CDC-43BF-A821-D42E118405B6,,,,,,,ODN0000663977,z,right_only
7F40050D-9D62-4207-8A16-DFA9E0705E60,,,,,,,ODN0001485914,z,right_only
61A714F0-567B-4C4F-BF90-CEED9BD419F7,,,,,,,ODN0001485915,z,right_only
30A7E997-B22E-4396-9883-7F574BE542E7,,,,,,,ODN0002023666,z,right_only
517EA1EE-2442-4E84-9A2F-8DCD7AD745DC,,,,,,,ODN0000125525,z,right_only
F1F73ACC-2988-4D03-851E-44EF5AAC4ED3,,,,,,,ODN0001448817,z,right_only
6231C115-7DF4-49D8-A21C-FEA142E10455,,,,,,,ODN0002023694,z,right_only
2ABFD356-F307-435C-93C3-7B276987DB07,,,,,,,ODN0002023697,z,right_only
1934A131-A721-4F60-BB5E-ACD6E3A9463A,,,,,,,ODN0001757009,z,right_only
3CC0C136-7BBB-47A1-9A11-252D8EDCA878,,,,,,,ODN0000334016,z,right_only
0C6485AF-02D1-45F9-A2E5-6D501EADEF2F,,,,,,,ODN0000665853,z,right_only
E842852A-4CC9-4A50-9264-816B88CE3F87,,,,,,,ODN0000665874,z,right_only
E700C09E-0C16-4A77-9035-C27725D7E873,,,,,,,ODN0000105679,z,right_only
8D557BC6-11A5-4924-90A5-BC3C05F0086A,,,,,,,ODN0001485988,z,right_only
94BD0F38-9E9D-4DDE-961D-CA884F3D8359,,,,,,,ODN0001485995,z,right_only
71736C2E-6CD7-495D-9D82-D3EF3EA5E931,,,,,,,ODN0001517555,z,right_only
A126492F-A0CC-4699-92B6-D95A16E83783,,,,,,,ODN0001485996,z,right_only
603AB325-5F55-446C-94D6-A27536F080F3,,,,,,,ODN0001677587,z,right_only
05F5A52B-EA5E-473F-AA0C-A99BA80079E8,,,,,,,ODN0001231597,z,right_only
1695F481-D235-48C8-92EB-74BDF01C2EBA,,,,,,,ODN0000666882,z,right_only
03433ABA-FBC1-47E6-9900-0A179F794478,,,,,,,ODN0000670073,z,right_only
715116B1-8B80-487F-80CC-48E475189081,,,,,,,ODN0000662133,z,right_only
D3EC056B-D6B5-435E-A7AC-E4B486CD11D8,,,,,,,ODN0000662143,z,right_only
7F3A4FC9-AF43-4900-9340-C93361C2DE08,,,,,,,ODN0000662153,z,right_only
8B75FE4B-DB2A-4D79-BFCD-0EDF6E900BC5,,,,,,,ODN0000662162,z,right_only
049691EA-68F8-435F-9A0F-9843FD49F458,,,,,,,ODN0000662165,z,right_only
35450A1D-6198-4A1A-94EB-D1ED511C39DE,,,,,,,ODN0000670075,z,right_only
0811934A-8F67-424D-97B9-CC638DCC4BBA,,,,,,,ODN0000051501,z,right_only
EDA9A963-58CA-472E-9963-37E0AE473A07,,,,,,,ODN0000662217,z,right_only
C596B370-711C-4170-84EB-C9BA220CB4FF,,,,,,,ODN0000360217,z,right_only
A696A9BB-6165-47D1-9FF8-5D2DB9B812ED,,,,,,,ODN0000661097,z,right_only
E5CAF5F5-2275-4319-940E-D8FD76D5F240,,,,,,,ODN0000097106,z,right_only
7BE42B5C-F3C0-406F-9EF5-A6432E33D073,,,,,,,ODN0000661269,z,right_only
2B10D904-D369-41BD-88C4-D4D3F096353C,,,,,,,ODN0000166463,z,right_only
F9272A1E-C563-4758-901B-606EBFDB8A9B,,,,,,,ODN0000661807,z,right_only
E2547138-4E91-44AC-9F58-7FA4F27C706F,,,,,,,ODN0000661973,z,right_only
4F590A57-685E-4047-A4E2-D9DBADC353BC,,,,,,,ODN0000214365,z,right_only
17935A8A-EDA0-4BD1-AFE1-D4427E92C8B1,,,,,,,ODN0000703313,z,right_only
D1EEEB77-7EDA-4C5F-AC1B-9A3BA841B145,,,,,,,ODN0000131157,z,right_only
CD617D55-DBAD-4744-9C8F-E91119C50235,,,,,,,ODN0000665666,z,right_only
8C367769-E95C-418A-81EE-BF3FB78800A6,,,,,,,ODN0000106690,z,right_only
D76EC8EE-AC19-4B6A-B9DF-76E60F67658E,,,,,,,ODN0000665792,z,right_only
78CF9855-55D9-47AE-801A-C80BDEC5A40E,,,,,,,ODN0000666613,z,right_only
2C20ADD4-FE0D-4E77-A347-0DDE7D3F6434,,,,,,,ODN0000703350,z,right_only
A104AF76-2911-46E2-B353-60C92809CADC,,,,,,,ODN0000262312,z,right_only
3DBC8757-EBD8-4FCB-995E-01FD8BD7EC1A,,,,,,,ODN0000664555,z,right_only
21CA88D1-21F1-4378-A3F8-487967B77B9B,,,,,,,ODN0000313307,z,right_only
BF318227-618F-4CE8-BE50-5701334EF5E4,,,,,,,ODN0000246852,z,right_only
6476F89F-7B31-40C0-AA26-898124171C87,,,,,,,ODN0000662426,z,right_only
1D88EC98-4508-48C2-B93A-7A49321DD474,,,,,,,ODN0001485964,z,right_only
FDDF6C80-4786-4528-8D35-8F145470DAB8,,,,,,,ODN0000792570,z,right_only
7974E7DF-1ABD-4B50-A51F-2049246268A4,,,,,,,ODN0000665731,z,right_only
50A5DBDE-A14F-4E0D-8E74-BE26D54B52F2,,,,,,,ODN0001561234,z,right_only
DB01B8DF-11E8-4531-9E1C-8456925E44C1,,,,,,,ODN0000666749,z,right_only
48BB19BF-349F-4DBE-A673-5638CE6F6160,,,,,,,ODN0000661141,z,right_only
FD4A97A3-B791-4639-8EC2-2CF7AA6CE34C,,,,,,,ODN0000291091,z,right_only
079C00B0-C5EF-4900-9AEF-8E368D1119CD,,,,,,,ODN0000668404,z,right_only
D2D395A1-9BD5-427A-A470-CC4407CDD464,,,,,,,ODN0000389310,z,right_only
9CCA4DD7-9D90-43F7-9BC4-64F8370BB6E7,,,,,,,ODN0000668419,z,right_only
04DAC07A-EA8B-498F-906D-C1CDD424FF15,,,,,,,ODN0002023715,z,right_only
3DF48B83-DAC2-4EA9-A75B-72E00B39695E,,,,,,,ODN0000670109,z,right_only
D33D9BC4-A525-4550-859D-D23F00CA9681,,,,,,,ODN0001517523,z,right_only
7BDBEDFA-BC47-4E27-8BF3-96A9D26300B0,,,,,,,ODN0001552040,z,right_only
E153CC25-D45C-4838-A60D-034A2CC24D4A,,,,,,,ODN0001532717,z,right_only
1F6EBC10-52B5-459E-9165-50D898D707C5,,,,,,,ODN0004516670,z,right_only
84B59B37-794A-45D3-85A5-F992C09D30EC,,,,,,,ODN0001265020,z,right_only
080CFE35-8DAE-4EBD-9EAC-FD964A38B7EF,,,,,,,ODN0002023724,z,right_only
788D1610-AC5D-4E1E-9655-7C3D0C26E81A,,,,,,,ODN0004936752,z,right_only
40FA77E2-21C0-4ADA-AC06-15265C3B3C95,,,,,,,ODN0000132565,z,right_only
CE73E563-224C-41EC-A272-FD094D410FA5,,,,,,,ODN0001129978,z,right_only
8FEBE3C9-061B-45A4-B371-E64E1D7843A4,,,,,,,ODN0001218041,z,right_only
B8C2E657-06D4-48D4-AF29-D3D20301CAA9,,,,,,,ODN0001346342,z,right_only
D9BCF576-4DBA-4B5E-9C14-59EAA0B76483,,,,,,,ODN0001448796,z,right_only
72375B21-44D7-4800-AE65-C5EEB93E300A,,,,,,,ODN0000662051,z,right_only
53EB61A0-3FA2-491C-8DEB-6EEB5CD4DB3C,,,,,,,ODN0000132577,z,right_only
C29627D2-E656-4199-ADA2-8239B264A664,,,,,,,ODN0000173723,z,right_only
A3119A30-2A53-475A-BF32-81C63CDA3548,,,,,,,ODN0000662262,z,right_only
F8AB84AE-C925-4E13-8F4E-CAD970099E35,,,,,,,ODN0000105779,z,right_only
1F382DB1-1C8D-453B-ADB1-F7A80E5013F4,,,,,,,ODN0001517388,z,right_only
E4B038C8-0C98-4895-AA8B-A7D5F93676A4,,,,,,,ODN0000670083,z,right_only
B1569CE7-C0C6-4B05-BC65-F9D3253F7564,,,,,,,ODN0001251676,z,right_only
12DF19B4-6468-46C5-AB77-D3B80B9BFF13,,,,,,,ODN0001199866,z,right_only
501B4F8E-BFA8-4E2A-8B9A-2298A840E501,,,,,,,ODN0001093992,z,right_only
16D433AD-F88B-4D9C-B06D-470991856DEF,,,,,,,ODN0000985069,z,right_only
1EC7E869-9CB6-48D4-A28D-1A84024939C2,,,,,,,ODN0001492712,z,right_only
D5B7C4DD-89A8-4EF3-8198-54234525F293,,,,,,,ODN0000662646,z,right_only
0D27D195-30E0-4415-8A17-2A383DFA38B0,,,,,,,ODN0001517533,z,right_only
713AB267-7929-41DE-8FEE-0AD698E0E005,,,,,,,ODN0001448806,z,right_only
DE8A52C6-1C15-4DFC-867A-48873E78390B,,,,,,,ODN0000730026,z,right_only
AC30162C-869E-47DC-83B7-7AA991172553,,,,,,,ODN0002702976,z,right_only
7B703DAE-F86C-4E96-A55E-89526741C3EF,,,,,,,ODN0000668399,z,right_only
73511DA0-1C14-4513-A0E3-C48E01C30A4E,,,,,,,ODN0002023634,z,right_only
BCF58650-1BD8-4538-9447-C38EEE90ECBD,,,,,,,ODN0000174544,z,right_only
E41D6708-6213-4EBA-928E-9F8508E54347,,,,,,,ODN0005226062,z,right_only
8DC0DAF3-E39E-434E-AE29-604D576DA7C0,,,,,,,ODN0001485968,z,right_only
F25D8B40-12D5-4932-B15F-CD39EA6A3985,,,,,,,ODN0000874714,z,right_only
F4F8E733-BBCA-4640-883E-FD7BCE7F8A42,,,,,,,ODN0000665663,z,right_only
7677D79B-D99C-4B7E-B474-8C75D7C18636,,,,,,,ODN0000126362,z,right_only
193902DE-6A09-419E-B60A-5D51D99FDFFF,,,,,,,ODN0002023702,z,right_only
96E367E9-373E-4D36-9A83-F91BDF9583C4,,,,,,,ODN0000668411,z,right_only
302C880E-0E7D-49DF-8428-21BB9E73E868,,,,,,,ODN0001239471,z,right_only
AC6BCAE0-EFFE-433E-9021-B4FF4141AEE7,,,,,,,ODN0000054785,z,right_only
633597AC-6CD4-4B97-82CC-859BC691E0A5,,,,,,,ODN0001150404,z,right_only
89D0208C-AF8F-4E9D-9F5E-63043D28382F,,,,,,,ODN0001218056,z,right_only
5047F633-995A-4D6E-9160-83F3ED1F7AC1,,,,,,,ODN0000105792,z,right_only
5322D04E-E8C8-4F29-9259-2879DBAE0C85,,,,,,,ODN0000105793,z,right_only
A261308E-DB75-42DC-BABF-50F18B615635,,,,,,,ODN0000004331,z,right_only
629A90E9-9F08-4CFD-823B-C7051FDE3D04,,,,,,,ODN0000389554,z,right_only
AD0625B5-496F-4601-AA1C-41689F1D1523,,,,,,,ODN0000389555,z,right_only
2BF369ED-F77F-47F5-ADB9-647487FA57E2,,,,,,,ODN0000666813,z,right_only
1EBA3497-5F15-4868-9182-0C22625B20E7,,,,,,,ODN0000035906,z,right_only
3181A79D-E6BF-4138-B437-B13F38C778F4,,,,,,,ODN0000025364,z,right_only
E2BAE6D0-0B72-4ADA-83F5-3A4B24DF3EAC,,,,,,,ODN0000242560,z,right_only
13A5AEA7-1749-4E1F-8CDB-D856090E460F,,,,,,,ODN0001094204,z,right_only
1EB2217A-CB7F-4086-8C3A-8E0AE49D8C81,,,,,,,ODN0000066103,z,right_only
80F2DA40-D2F7-478B-AF73-9B37020F2D13,,,,,,,ODN0000666915,z,right_only
3E1C5FDD-2D73-440A-BF1E-0FBB0DCD017E,,,,,,,ODN0000659852,z,right_only
6BA6C995-4B5B-471B-8231-96E4C9F5A518,,,,,,,ODN0000662758,z,right_only
2E9271B5-5150-42F7-B266-1FCDE5AA7B8F,,,,,,,ODN0002023623,z,right_only
58F9467F-09BC-4B48-8FB0-642B83FEECCE,,,,,,,ODN0000666867,z,right_only
DB579894-B6E5-454B-B9F3-43849E980B5B,,,,,,,ODN0000052724,z,right_only
0C04D009-D755-4972-BF87-AEABECE22EBA,,,,,,,ODN0000105776,z,right_only
96F7074C-ED73-411E-8F3B-3CC62FD206DA,,,,,,,ODN0000668386,z,right_only
7BCA611A-E618-4B63-A451-3D8BDE7A925D,,,,,,,ODN0000661186,z,right_only
EA80111A-7D51-4632-BED9-3C781F269178,,,,,,,ODN0000055092,z,right_only
4F54914C-9F4F-4B93-9F1F-657662650D55,,,,,,,ODN0001175005,z,right_only
7DD659F7-11B8-4409-BE50-F2EAE77A2117,,,,,,,ODN0003287938,z,right_only
890AD5A0-9274-4C56-AA63-4D7641F0ADE0,,,,,,,ODN0001562148,z,right_only
8B7410BD-154B-4D74-9A9C-2312A19A7364,,,,,,,ODN0001028619,z,right_only
9A28EB65-AE66-4B73-BEE5-3D333C07A7FD,,,,,,,ODN0002665615,z,right_only
40A29259-7D45-46B4-BB52-96F2D6EDE2F1,,,,,,,ODN0005376613,z,right_only
28963A24-B46B-48A7-B416-C531E1EE8DE2,,,,,,,ODN0005376570,z,right_only
FC7984CD-1118-4739-8838-4975BEE73444,,,,,,,ODN0001004693,z,right_only
55A09D9E-1CED-415F-9A53-2EC0D86174E2,,,,,,,ODN0005376583,z,right_only
AA850427-207C-4AC3-B545-D1F175F0EFB9,,,,,,,ODN0005496486,z,right_only
D8833DBC-8AB3-4EB4-9A62-FC48690A2DC5,,,,,,,ODN0005376596,z,right_only
E4388A5C-8A23-4353-9DAA-CA5C26BFD191,,,,,,,ODN0000643131,z,right_only
4976A913-EA40-4CC6-A489-98BF0FD6A826,,,,,,,ODN0002412152,z,right_only
2DB3A016-7ED0-43E0-8CB8-18B4C1006201,,,,,,,ODN0004687876,z,right_only
D2AD9139-5A9B-4CF3-9050-5CCE198025F1,,,,,,,ODN0004755007,z,right_only
2441C09C-89ED-4AC9-B5A7-DB70D20595F6,,,,,,,ODN0004755008,z,right_only
638A0933-A43C-4059-921A-050F1EE38FEA,,,,,,,ODN0000643386,z,right_only
346D74D7-BC99-42A4-BDC5-68703D0CB385,,,,,,,ODN0004687883,z,right_only
70A25C34-0338-40B1-8043-C838E9409DDD,,,,,,,ODN0005376634,z,right_only
6DC7F794-5C51-4A31-A29D-249599AF51E4,,,,,,,ODN0005660984,z,right_only
9892737B-2A00-4002-B43B-FC70B26A2761,,,,,,,ODN0005338907,z,right_only
8B18C07D-D18E-42F8-968B-996D465A37A5,,,,,,,ODN0000532012,z,right_only
9F24A41B-C269-47E6-A3AE-C6059E975ACF,,,,,,,ODN0003311184,z,right_only
D3FBAF95-5F4F-42B2-B6A0-A1243A6B7AC4,,,,,,,ODN0003594670,z,right_only
F5F3CDD1-B37A-4151-BAF6-890619413784,,,,,,,ODN0004812672,z,right_only
20562415-6620-4EA7-893F-01F71E52DE45,,,,,,,ODN0005660998,z,right_only
1CEA7BA0-82CC-4130-92AD-407502C36F27,,,,,,,ODN0005376560,z,right_only
A4049F75-A3BF-4497-BAE4-E2D5C651AFB7,,,,,,,ODN0002016727,z,right_only
0BE9A0CB-29B4-47A1-BFA4-0D14B4B42D28,,,,,,,ODN0001895341,z,right_only
C04AF900-28A3-4F7E-A934-F1FC3B0901F5,,,,,,,ODN0005376611,z,right_only
18465CBD-DA69-44B4-BADF-4CF7CE403835,,,,,,,ODN0004539208,z,right_only
70D775D5-123A-4EFF-BE43-16124D8D436F,,,,,,,ODN0005376568,z,right_only
94DF3FFA-BE6A-409B-9499-A532A4FBF829,,,,,,,ODN0002040930,z,right_only
45EBD2E2-AC31-46AE-A529-0EE49AC839D6,,,,,,,ODN0004539210,z,right_only
A723E7A7-1821-4C47-9A23-CBCA876536CC,,,,,,,ODN0001514195,z,right_only
A2676C33-E09C-4642-BEC9-37B62DFD9165,,,,,,,ODN0004460884,z,right_only
9B988006-8ACB-4DD2-91C8-4E4E65A1A26C,,,,,,,ODN0001474152,z,right_only
0A152128-2C3E-49AA-9C1E-A0D13F457934,,,,,,,ODN0005234460,z,right_only
A46318A6-8AF4-47C3-ADDD-6AA2A785B9A5,,,,,,,ODN0005282384,z,right_only
FC43163B-414D-44DA-8FB9-C3487F778283,,,,,,,ODN0001352591,z,right_only
4D50573C-1695-42FD-830B-043DE1BE1800,,,,,,,ODN0002901944,z,right_only
2AB213CE-581A-49D7-9CC8-39FBEA745CF8,,,,,,,ODN0005619789,z,right_only
879B10AF-479F-4FD3-98E6-76171C0CB248,,,,,,,ODN0005376590,z,right_only
7AC69A9A-6AC7-44D0-BFCA-FDC70D7831FE,,,,,,,ODN0001287314,z,right_only
6A03A10C-D810-4258-B604-BFDF60179D05,,,,,,,ODN0001047577,z,right_only
4AB62826-0DFD-4132-BCD6-7BE8A89223FE,,,,,,,ODN0001514191,z,right_only
78904E37-17D1-4734-B9D1-140BC396A220,,,,,,,ODN0001514192,z,right_only
252444DB-6340-4142-8EE2-7DADC6751EFD,,,,,,,ODN0001318443,z,right_only
D55BABA3-DF71-4FB4-9FA0-9918D3359500,,,,,,,ODN0004492862,z,right_only
4E6F49A2-2CE8-4651-9D9A-8953C7027D9C,,,,,,,ODN0004539215,z,right_only
9ED9E9E2-DD4C-4251-8F66-56C255F9AF91,,,,,,,ODN0005376604,z,right_only
2ECB84A2-6766-4E79-B1E5-CD416C4BD68D,,,,,,,ODN0004492863,z,right_only
D96D97C8-D1A2-4147-A0B9-A5DB926A7605,,,,,,,ODN0005252639,z,right_only
7AC48CFE-B8A2-43AC-AE8B-B72A1245CCF3,,,,,,,ODN0004755015,z,right_only
17D5E36D-2AB4-4DFB-9DC8-E18C60731C3F,,,,,,,ODN0005619772,z,right_only
0A5CE4B2-BB79-46CB-9FDE-53A905286FFD,,,,,,,ODN0005376610,z,right_only
2AE818B5-93F1-4E9D-AD5E-94A37CD495B8,,,,,,,ODN0002016726,z,right_only
0ED42062-98F1-44CD-8C56-93A9792CB3CE,,,,,,,ODN0004492865,z,right_only
31BB5CBB-98AB-4052-BC9E-8D32B4BA91E9,,,,,,,ODN0005167048,z,right_only
7A1AA45F-C1C0-4D05-897B-A816D46E4577,,,,,,,ODN0000642773,z,right_only
D184A076-F27B-4782-AF55-07F5CA717D11,,,,,,,ODN0005376629,z,right_only
2374D809-8B26-4FEF-92CB-11C3C4B92444,,,,,,,ODN0005031590,z,right_only
CFA7FFF4-45B1-4AC4-88DF-D9EC6CC4C2DB,,,,,,,ODN0003233891,z,right_only
5E258C27-69FF-4B7C-9534-16CFE0A291FC,,,,,,,ODN0005704273,z,right_only
BBD3DBFE-7071-48F3-BE7A-D43F3B1000E7,,,,,,,ODN0003123909,z,right_only
A1A2ACC1-8360-459D-ACB2-8888F21C965D,,,,,,,ODN0004987134,z,right_only
D2905C5F-FCAD-4FE0-AE4E-8A1CC7D8EDB7,,,,,,,ODN0005031589,z,right_only
939181C9-D92F-432F-938C-8515A4349777,,,,,,,ODN0005770165,z,right_only
55EEBD5F-0F6D-454D-82A6-4321087A0AB1,,,,,,,ODN0002016728,z,right_only
85806C6F-96C0-40BD-A45D-D5B9BF303F35,,,,,,,ODN0002016719,z,right_only
DF0A5623-31DF-4883-B8F3-370F259AF72A,,,,,,,ODN0002518044,z,right_only
994CEC55-F1C8-49B0-89E7-4ABE72D9E76D,,,,,,,ODN0005167032,z,right_only
D02E069D-DC31-4425-911F-B1869E6077E0,,,,,,,ODN0005376618,z,right_only
8346819A-3233-405D-AD8E-E828F03F2048,,,,,,,ODN0003594685,z,right_only
18365CDB-EBC8-4979-AA9A-5C8B56648CF1,,,,,,,ODN0004650799,z,right_only
1903928F-872B-4F30-981F-79CD4DDB91CA,,,,,,,ODN0005376589,z,right_only
038E75CA-5A5C-423E-B892-66D1FBEAC42A,,,,,,,ODN0005376592,z,right_only
13573CA3-359B-4EDB-AD54-34555F68AA61,,,,,,,ODN0004755004,z,right_only
2110F08E-2FA4-4EAA-A92D-860A1D172542,,,,,,,ODN0005118985,z,right_only
9605C0A2-0256-41C9-8EBD-11D82259DC27,,,,,,,ODN0005728890,z,right_only
DF4E8DC8-2093-4335-8A65-8CD6A15925E6,,,,,,,ODN0004842277,z,right_only
B095B6C1-F8DA-4072-BB82-CD49E7E07AE1,,,,,,,ODN0004460888,z,right_only
F14EE8FE-C7AD-456D-9DAC-705B8B072097,,,,,,,ODN0004650804,z,right_only
E3ED0E82-C25A-4372-B576-CEBDFF10DFD9,,,,,,,ODN0005234474,z,right_only
03FC2E31-8739-47AD-9917-203EDA34C7F6,,,,,,,ODN0005376623,z,right_only
503E588E-B16F-49E1-8DF1-576A3FCD4E4B,,,,,,,ODN0000323910,z,right_only
516F793B-994A-4231-86DF-84BC9ED5A797,,,,,,,ODN0005376606,z,right_only
68CB244B-9B91-41E0-A043-258803FC913F,,,,,,,ODN0001895255,z,right_only
FE6513C9-E693-4D82-ADAB-7091B2B3FD58,,,,,,,ODN0005376628,z,right_only
DB62788C-5CF3-4780-84B5-441351B4C80B,,,,,,,ODN0004650809,z,right_only
BCEBED62-EA26-4E88-AD9D-88F4EBE17727,,,,,,,ODN0001232272,z,right_only
9AF30FD1-4218-41AA-B361-A2513842DF37,,,,,,,ODN0005619781,z,right_only
2AC6A120-76D9-4500-B1BB-114E368796BD,,,,,,,ODN0004640561,z,right_only
8646D087-7260-4A13-8D5A-ABD702185209,,,,,,,ODN0001895322,z,right_only
CDAF7799-240F-4C5A-A6A0-FC4A4D485211,,,,,,,ODN0005167024,z,right_only
A6F6BB96-F53C-4949-A60C-265B76E567CB,,,,,,,ODN0004701852,z,right_only
48AE3520-0425-4832-AE9C-10D273859DB0,,,,,,,ODN0005282385,z,right_only
5B335F25-57E5-43E9-A254-F681149773ED,,,,,,,ODN0005376635,z,right_only
BEB983A7-5301-4400-8B28-9A2AA18F322E,,,,,,,ODN0000083576,z,right_only
D09874FE-027E-4D3C-A2E8-3490B8A0249C,,,,,,,ODN0000158760,z,right_only
C5E9C544-C10A-4DBE-9158-8E27DC98E801,,,,,,,ODN0000094974,z,right_only
25CA87F9-FCAA-433A-9C93-7A55D35AAAE8,,,,,,,ODN0000083581,z,right_only
92C47033-B4EF-4853-8624-5AEA226040C8,,,,,,,ODN0000094982,z,right_only
5D5483DC-1B99-4058-93D7-10D8BB887635,,,,,,,ODN0000094985,z,right_only
837028D2-2386-4784-895D-220069151460,,,,,,,ODN0000083568,z,right_only
95FDB305-2DDB-48C3-9057-E9205DA2BEA5,,,,,,,ODN0000094998,z,right_only
B1805FD1-847B-4755-927A-CE4855226971,,,,,,,ODN0000083572,z,right_only
1247D2FC-34A8-47AB-A51B-ADE243088611,,,,,,,ODN0000083573,z,right_only
B7E3817C-7782-47A8-B1EC-4BC4069A8B49,,,,,,,ODN0000083575,z,right_only
F1B534ED-F10A-484B-BFDB-0E088B834C33,,,,,,,ODN0000020182,z,right_only
02FB51A6-7FD7-4AD6-93BF-FA140FA4CFCA,,,,,,,ODN0000094999,z,right_only
DC330075-BDD2-4149-9AA2-56BD418DC118,,,,,,,ODN0000344672,z,right_only
289F47AA-19A5-4492-88D7-67F3A88AD5AF,,,,,,,ODN0000344462,z,right_only
4A04DBB5-C811-480C-96A0-8AE1ED639B78,,,,,,,ODN0000004383,z,right_only
AD24EA53-49B6-4BA5-B2A1-274333FC97EF,,,,,,,ODN0000355973,z,right_only
B837CA39-3FC3-47CA-AFD9-16364968ACB8,,,,,,,ODN0000355974,z,right_only
F6C2EBB5-2409-4DA8-B6F9-556306256870,,,,,,,ODN0000344500,z,right_only
D0BBF326-F528-469A-AAE2-9611F94D1CBD,,,,,,,ODN0000344667,z,right_only
84DBD73F-B999-4880-8172-D2500E49FAB8,,,,,,,ODN0000344826,z,right_only
D1125666-D669-4D05-BF14-B0EAD09EFB35,,,,,,,ODN0000333894,z,right_only
E9FF3416-75ED-4AA6-9268-9FFD92855590,,,,,,,ODN0000356031,z,right_only
6A2A3512-2B31-4143-AFDB-A59B6156E1E1,,,,,,,ODN0000344577,z,right_only
D1CB6C08-F3ED-4855-B96E-E8DCE3F9F08B,,,,,,,ODN0000801729,z,right_only
4600FAB6-D0C5-4DBD-ACBA-0C6606E94312,,,,,,,ODN0004243413,z,right_only
D16381F9-97F0-457B-92D2-25389B104A19,,,,,,,ODN0000356028,z,right_only
E96A03D4-6D91-4CAB-A5B3-A4D6329284CB,,,,,,,ODN0000344604,z,right_only
6F450507-A28B-4EE5-9171-EBFE440CD649,,,,,,,ODN0000006915,z,right_only
7FF0C972-208E-4C0E-B3D6-DE4A0929A5C1,,,,,,,ODN0000035708,z,right_only
5F27DF8C-D201-4A7D-824D-75AE712DEED2,,,,,,,ODN0000035236,z,right_only
EB5D0A1E-FE9B-42FD-8505-2C83A52FA548,,,,,,,ODN0000035237,z,right_only
D94B4886-49D6-4762-9071-ED1E02C2551A,,,,,,,ODN0000042082,z,right_only
CEBECE59-F7B0-4EF5-845E-6427A5459179,,,,,,,ODN0000042120,z,right_only
CC99595A-5D36-476B-B9CF-04C1949798B9,,,,,,,ODN0000047289,z,right_only
45E903C4-BD39-48DF-AC0E-CFE481D45DB7,,,,,,,ODN0000042287,z,right_only
911FC814-5320-4C4B-9021-CC0922CAA4C4,,,,,,,ODN0000042380,z,right_only
5A6389F6-8C23-4E3D-A45A-CDC0798FA624,,,,,,,ODN0000047589,z,right_only
55833B67-415A-457D-A91F-3A354BFCBC05,,,,,,,ODN0000027461,z,right_only
99DFCBCD-E423-4A49-9A11-C4F4546FD2F3,,,,,,,ODN0000557142,z,right_only
2D591E25-4DE2-4078-8382-103528E82DD5,,,,,,,ODN0000027909,z,right_only
2221020D-949A-4523-AA4C-D37095082393,,,,,,,ODN0000028485,z,right_only
D102364F-539D-48F5-B087-D423FA647293,,,,,,,ODN0000044345,z,right_only
D2B2D0E7-E829-4F4A-8201-5298F688C9EF,,,,,,,ODN0000044349,z,right_only
44DD5D9A-46F9-48BA-98AE-88F06D978635,,,,,,,ODN0000471163,z,right_only
958C5C5A-02A5-410D-ACE4-28AD2C940246,,,,,,,ODN0000639871,z,right_only
BF5EB699-2082-4749-AAC9-FB87A0F9EBFC,,,,,,,ODN0000619986,z,right_only
C702B840-4B29-40BC-923F-33394B81DDE1,,,,,,,ODN0005417860,z,right_only
76724FDF-6495-42BC-A592-944B62F43E31,,,,,,,ODN0005376649,z,right_only
C83C8F2B-AD58-4666-B7E6-EA037B43C1D5,,,,,,,ODN0005444855,z,right_only
956473AA-CA5C-4AFD-8EDF-66754870DD91,,,,,,,ODN0005444469,z,right_only
AEEED5D8-EE32-480B-ACAC-ED0628B8A130,,,,,,,ODN0005428759,z,right_only
7B15A67B-C376-4BE4-98C5-2918F9112D24,,,,,,,ODN0005359310,z,right_only
749AB8E0-34EC-4BE7-9FBC-485255F0F3B5,,,,,,,ODN0005572929,z,right_only
186DB668-74E3-45D8-A005-E1B6CEFC92B4,,,,,,,ODN0005537328,z,right_only
7834D48F-A9FD-4BD8-92D1-8C00CF02FE9A,,,,,,,ODN0005186151,z,right_only
DDF17F6C-500A-4D54-965A-8F98207D9FA0,,,,,,,ODN0005340862,z,right_only
034A95FD-A48F-405E-B33F-DACCA5C00529,,,,,,,ODN0005295209,z,right_only
A6424352-143B-402C-B557-84D67AD867A5,,,,,,,ODN0002942952,z,right_only
1A13FE1E-11D0-4578-8F86-191CD7AF46E2,,,,,,,ODN0004500536,z,right_only
0BD8D55B-76C3-44A7-9B8D-4049AFE5B7E6,,,,,,,ODN0005522257,z,right_only
CF1AA5C2-5551-4B15-8405-13EA85C72BC4,,,,,,,ODN0005487721,z,right_only
191AB2F5-538B-4930-B7B1-D4D880AB85F2,,,,,,,ODN0002597107,z,right_only
A1511A58-E443-40C7-A094-B0E2C0C1D8F7,,,,,,,ODN0005359271,z,right_only
ADDB1CF9-0A74-430D-BCC9-B4329C76D99C,,,,,,,ODN0005329302,z,right_only
3AB0AFA5-52BF-4272-B5E0-8BE4179BE7D6,,,,,,,ODN0004434351,z,right_only
1E9C95F7-7DCC-48D9-8611-C19FA1A9E5C6,,,,,,,ODN0005626687,z,right_only
2CB2611C-907C-41BD-88D0-92487A7251DE,,,,,,,ODN0005167884,z,right_only
421E5C38-A491-4200-857F-B6EE4D5FF4E4,,,,,,,ODN0005340870,z,right_only
4EB33645-CC8E-45B5-9E6E-89E3C3845AB9,,,,,,,ODN0005305174,z,right_only
EE1F8500-AB7A-42EB-8764-F1F4914B987B,,,,,,,ODN0000345925,z,right_only
F7B8BD7A-8881-4611-B378-CAC9488E8824,,,,,,,ODN0005546152,z,right_only
669166F9-38D5-4B33-B7E2-BFDA04E19DCE,,,,,,,ODN0005444917,z,right_only
4890D62D-1D1B-4BF7-B226-6E501479BCCA,,,,,,,ODN0000354191,z,right_only
C6658DB9-0426-4A5D-8049-6A742BDCB3C8,,,,,,,ODN0001004233,z,right_only
4C0D5FE4-F1CD-4772-8593-BFE0C1B881C1,,,,,,,ODN0001188635,z,right_only
9BA30DD1-B5B4-439C-8C10-F12C6EE762A8,,,,,,,ODN0005153017,z,right_only
ACDFBA88-64F7-4709-AC03-BB3C4E8F0F16,,,,,,,ODN0005153053,z,right_only
F21BCCD1-C552-46F0-8DD1-F28F586A2317,,,,,,,ODN0000319104,z,right_only
9CEE16FE-5543-4A51-B558-AB5CDCE04FF8,,,,,,,ODN0001265331,z,right_only
DCD4F071-B139-4BE6-8832-A1F2FABB5E67,,,,,,,ODN0002396665,z,right_only
0E19C444-97D1-4A8A-89C0-69FD230572FD,,,,,,,ODN0002670666,z,right_only
1B27D45B-938D-487B-97E4-586C493A0563,,,,,,,ODN0004335313,z,right_only
8C41F427-8BAC-4536-AA85-9BC01DB8DD55,,,,,,,ODN0001172975,z,right_only
064D9C57-284D-46C1-8058-EAD32AC8A49E,,,,,,,ODN0000978740,z,right_only
226A436F-7383-4C68-9E23-33D79E5C7219,,,,,,,ODN0000912702,z,right_only
E7CF8DFD-BF6A-478F-B0D2-2754000A3F28,,,,,,,ODN0005444719,z,right_only
90F036B9-B57C-4B17-A686-5B0A3AA501D3,,,,,,,ODN0005305170,z,right_only
A53043B0-1960-4555-B59B-027040CCDD0F,,,,,,,ODN0001508384,z,right_only
995BBB2E-07CF-41CB-9A94-77FE9A435349,,,,,,,ODN0003210602,z,right_only
9AD059EA-A6C0-4EFB-B1BC-A955294127CF,,,,,,,ODN0004559384,z,right_only
D814D0EF-09EA-4428-977B-55321C8A11CC,,,,,,,ODN0002620616,z,right_only
D2FE0D58-05E3-4A42-9FEA-898E8B60A51C,,,,,,,ODN0003210194,z,right_only
474EACE3-2EB3-490D-B054-10436DCDF141,,,,,,,ODN0004869804,z,right_only
B28C0F54-85C8-4167-BDA6-31225E79E571,,,,,,,ODN0003209697,z,right_only
8B93DE46-D779-46EC-8CE0-5BAEBF91FE3B,,,,,,,ODN0001674439,z,right_only
35E8C451-8009-4ACC-BF16-4072289292E3,,,,,,,ODN0002046684,z,right_only
88ADA07C-83E3-40C8-9F9F-661C48E2C611,,,,,,,ODN0000505789,z,right_only
F80AE8E5-26F5-4F10-9192-DF701ED82258,,,,,,,ODN0004754229,z,right_only
3EB885E3-5B2A-45C4-B29A-1F63F778C9E9,,,,,,,ODN0005167676,z,right_only
AB60CACC-EE1B-498C-8F34-BD25462CD679,,,,,,,ODN0000146323,z,right_only
51FC188A-64BE-40A5-9759-1CFEBBA56DEA,,,,,,,ODN0000103666,z,right_only
3E166ACE-4A05-4565-916C-F09697A33361,,,,,,,ODN0005195660,z,right_only
5C2524F3-462B-4ABF-A2E9-28AF4498547E,,,,,,,ODN0005089593,z,right_only
8FA3F72F-736D-48BB-B2E4-9764EDBDAE70,,,,,,,ODN0000663044,z,right_only
D4D9FD2C-AE74-4653-9324-B0F956D70EB5,,,,,,,ODN0005283978,z,right_only
CEA46DEC-81D9-4BF7-90CE-F49F9AF0043C,,,,,,,ODN0005195665,z,right_only
755BFA41-E5E4-4F28-B5B4-B36E6CF705C4,,,,,,,ODN0003865309,z,right_only
93D4C0A7-AF48-4C57-AEDC-318E03FCC8AE,,,,,,,ODN0005195667,z,right_only
0E695888-ED99-4F8D-BD12-8FE2D5B5037B,,,,,,,ODN0005403978,z,right_only
94511023-9F41-4C1F-82CB-DF3B079621A0,,,,,,,ODN0005195670,z,right_only
F29E7A53-3CA5-4FA4-8354-3B6971A26284,,,,,,,ODN0005004946,z,right_only
7074F0A5-ADEA-4942-A69D-BBF1C38C0995,,,,,,,ODN0000676348,z,right_only
7C0E46ED-4980-49CE-82D1-09F3C269CB02,,,,,,,ODN0005152921,z,right_only
A7E03A91-1C05-4D21-AB4C-677F248159AC,,,,,,,ODN0004434183,z,right_only
0E8209C7-C81D-48BD-A4E3-6A97B0C58709,,,,,,,ODN0005305250,z,right_only
C31D1BE2-A023-4743-8952-0AEC8184CB0B,,,,,,,ODN0001574316,z,right_only
528DD5AA-BB37-4302-A7D5-ACFC347EF44E,,,,,,,ODN0001085445,z,right_only
4F35BCFA-4A84-4EDE-934E-656E6FE6B2E2,,,,,,,ODN0004824822,z,right_only
A65DF5A3-5CC6-4AC5-BBE5-62D893D9D801,,,,,,,ODN0001329329,z,right_only
FE0F5E17-5AB9-4F68-9F7E-8243815C54EF,,,,,,,ODN0001574311,z,right_only
FA38AF65-2653-4BF7-B0FA-A3AEAAE214A0,,,,,,,ODN0005232723,z,right_only
FBBB167A-09D1-4CC6-A647-F2281328D06D,,,,,,,ODN0005373604,z,right_only
A237FE2B-006C-45BD-9016-171995492BBF,,,,,,,ODN0004715787,z,right_only
3665E990-5D55-4DAC-8FD5-2A48ACB9406E,,,,,,,ODN0005033444,z,right_only
A55F9C5C-75D1-476F-AE93-F370B6CCCFF9,,,,,,,ODN0005254577,z,right_only
23AED6F5-DF77-4D5A-A853-F70B147993A0,,,,,,,ODN0005167657,z,right_only
54FFCD23-9BF0-4E4B-8A40-7FB6AA31FEA0,,,,,,,ODN0005456752,z,right_only
9DF668E3-0672-429A-BA42-0E205C01E029,,,,,,,ODN0005152868,z,right_only
D0D09967-DC9E-4910-A48C-15D446FBFC2B,,,,,,,ODN0005195669,z,right_only
4C7AF13C-EF9D-461C-9F94-489E4A003972,,,,,,,ODN0005486769,z,right_only
BB7B615F-3100-4038-B06A-E11814379053,,,,,,,ODN0005305214,z,right_only
3DDD4C2D-FFD8-4C5C-9AFA-585192B3F145,,,,,,,ODN0005167668,z,right_only
8FA48D06-4E3B-4ECB-B497-C03D3404344A,,,,,,,ODN0000530547,z,right_only
D0FD205E-FFC7-4CF4-BEBB-7CC016A2AD47,,,,,,,ODN0005152873,z,right_only
13B5DB9E-6CB8-42C3-98E8-D831D58F1C64,,,,,,,ODN0005417100,z,right_only
59948F32-6528-42D4-8228-7B0B6D009E0C,,,,,,,ODN0004896545,z,right_only
E3391542-8B94-4CD6-AC5A-B0FC4DD1483A,,,,,,,ODN0003716782,z,right_only
023353A9-ADDE-4137-8D4D-A58A0639A1DE,,,,,,,ODN0005033470,z,right_only
0E8922AE-0F24-47B3-A296-706BCE3E7A3C,,,,,,,ODN0004965998,z,right_only
6624CFBC-3B1B-4F1C-BFF0-9EC0AF368E03,,,,,,,ODN0005185858,z,right_only
A8B07B12-7DE7-45B3-A3D4-72D5270B08CD,,,,,,,ODN0004754221,z,right_only
695F62B4-08E1-44C6-AB00-34B965ABB42A,,,,,,,ODN0004867942,z,right_only
BDF39112-62F2-4FD4-AEBE-4A2A752EA8E0,,,,,,,ODN0004867951,z,right_only
BA0046D2-F976-46B2-96FA-A14C22E8FF8B,,,,,,,ODN0005101907,z,right_only
7AE7BA97-AA23-4423-8951-590DFDA8154B,,,,,,,ODN0005195678,z,right_only
F1C1170A-528B-424D-9223-F01564A6E766,,,,,,,ODN0005273619,z,right_only
2C12B617-AB93-488E-9918-98F3DADA4331,,,,,,,ODN0000681348,z,right_only
D5225E1D-1EBB-4E48-A6B7-B84DF56FD509,,,,,,,ODN0005242493,z,right_only
75084A99-8A87-473C-8BF4-B8C6CA038F9A,,,,,,,ODN0004395776,z,right_only
DB8D3A2E-348C-4131-910B-36B2801586B1,,,,,,,ODN0005167654,z,right_only
62940860-CA05-4C36-BCA8-EB38C51DBE07,,,,,,,ODN0005185868,z,right_only
46251CBC-1B04-4796-8493-1CA0F7396602,,,,,,,ODN0004503157,z,right_only
2BFAF43D-10DD-4634-8DB2-AF854A8FF09F,,,,,,,ODN0004965799,z,right_only
6C2F12C3-4FB7-4CBE-A3B7-998754660AF4,,,,,,,ODN0001999851,z,right_only
7D653B3E-B73C-407D-95F2-1AD905F73237,,,,,,,ODN0005284000,z,right_only
55DF1404-E742-42C8-BCFC-9AEE90406C81,,,,,,,ODN0004947938,z,right_only
88365299-5170-4665-BE5E-A42F5245E33F,,,,,,,ODN0005167635,z,right_only
912F692E-249E-4247-90A2-7C9287B47CA3,,,,,,,ODN0005697201,z,right_only
2DFB91CA-54BD-4070-B24A-62C725C00600,,,,,,,ODN0005019538,z,right_only
E542D298-A7D1-48EA-B794-765F727B9CD0,,,,,,,ODN0004503165,z,right_only
ADBFA58C-1095-4B94-9D6E-2492A8DFC282,,,,,,,ODN0004230361,z,right_only
10939B0A-589C-4687-B37D-17B3672B9C2D,,,,,,,ODN0005389014,z,right_only
16A207D1-4648-4136-B6F9-E3A5D581B11F,,,,,,,ODN0004128464,z,right_only
AAEC53A1-B32E-4DF0-8002-9BB2267625CB,,,,,,,ODN0005745305,z,right_only
294182BA-F7E4-436D-8238-FA2ED85CF22D,,,,,,,ODN0005167680,z,right_only
43993815-E5C1-4E8F-9F4D-4B7E0B4BEC5C,,,,,,,ODN0005284004,z,right_only
26EBBA30-26B4-4CEA-9A10-39B92109EC15,,,,,,,ODN0005042051,z,right_only
5D974DAF-C4F6-41CA-9785-CCBF6E70747B,,,,,,,ODN0004384942,z,right_only
D7B63535-175E-4D89-AEF2-0105499E3CA2,,,,,,,ODN0004455239,z,right_only
7FBD8652-D8F6-4568-B36D-5169E6F55426,,,,,,,ODN0005283983,z,right_only
30E38384-B879-4754-BD74-D310024174E3,,,,,,,ODN0003318255,z,right_only
7622D931-EFE5-468D-BC30-72197378A920,,,,,,,ODN0004295509,z,right_only
41E8917F-A1B2-43E1-A7E9-35534941185B,,,,,,,ODN0000644968,z,right_only
987A08CD-BBD8-4DBB-B1E4-ECF3DCC535CF,,,,,,,ODN0005606469,z,right_only
8C356858-E0E4-4056-8999-F874D62F3AAA,,,,,,,ODN0001242479,z,right_only
F38D43D8-16D2-449E-994D-FF18D7ACFAA3,,,,,,,ODN0005167666,z,right_only
C2609EFD-EF21-4474-BABC-41D3BD0FADDD,,,,,,,ODN0005273630,z,right_only
1616262E-271B-47B0-852D-21CBCA7187E4,,,,,,,ODN0004907094,z,right_only
E7544339-49D3-445F-997B-D872BED8B591,,,,,,,ODN0001043289,z,right_only
A7C1849B-41C6-4259-A50C-E3920616D151,,,,,,,ODN0005254594,z,right_only
0485067B-DBD5-4A72-B90E-063272FCD4AD,,,,,,,ODN0004896544,z,right_only
9DEA5A4C-99AB-46E5-BC9A-955C14A00014,,,,,,,ODN0001862073,z,right_only
95B2D0EA-717C-4F11-9060-F76CBB1310DA,,,,,,,ODN0000629952,z,right_only
12282D09-6474-44ED-BEA6-FAEB857AA5CA,,,,,,,ODN0005283998,z,right_only
DE73C55D-738F-42A7-9C29-D275F2BDE0E6,,,,,,,ODN0004965803,z,right_only
343FB992-1345-4E87-9EFE-F74BD5A808A7,,,,,,,ODN0000681326,z,right_only
81A04849-B5BF-4709-ABAE-E0F42452FDF0,,,,,,,ODN0005004960,z,right_only
C8DA24C6-9E7F-4193-8EC6-925DBB8D9D7D,,,,,,,ODN0000564341,z,right_only
8DD0A6DD-1BAB-4EBD-A0E5-D7CD27211BA3,,,,,,,ODN0004788220,z,right_only
0240D395-4D59-46D6-80E9-6E26EFF542FB,,,,,,,ODN0005273622,z,right_only
45EABFA2-B0D2-4BCB-B18E-B85F89D77E51,,,,,,,ODN0005033435,z,right_only
02ACDF3F-803E-4E59-BF3C-D91FA60C2702,,,,,,,ODN0005273290,z,right_only
75E40810-D8BC-4B11-A1BC-3647E8B760EE,,,,,,,ODN0004876210,z,right_only
FB5CC76E-F009-49BB-AF92-B0E11830CE46,,,,,,,ODN0001085161,z,right_only
BE08E24E-D4D1-412F-BE40-821F9CD01A13,,,,,,,ODN0002240034,z,right_only
B96C469F-0CC7-42F1-8B14-524E7642D7F9,,,,,,,ODN0004907023,z,right_only
D54ADA02-1E59-469B-8CDC-5000B51FAB8D,,,,,,,ODN0005115607,z,right_only
5701D15F-93BC-4220-8E4A-05C76B85F6EA,,,,,,,ODN0005130270,z,right_only
6AD1991C-6BE4-4BA4-85F4-D2BF7A66EC6E,,,,,,,ODN0004766344,z,right_only
129E90F0-DCF8-4D31-A932-4C098C83E2BE,,,,,,,ODN0005665566,z,right_only
EE43478A-17C3-4B7C-86A1-5A13AF9CE977,,,,,,,ODN0001897801,z,right_only
FB976A4B-57A3-4133-8928-273B5D5C3741,,,,,,,ODN0002405071,z,right_only
297B4D07-D249-4B54-AAC9-1AE3EFE46B7D,,,,,,,ODN0005522040,z,right_only
0B0A9B5F-A440-4D96-AFB4-C3E13CE2F0E6,,,,,,,ODN0005745265,z,right_only
A392E518-4D0D-4E49-936D-89AEAD1B1612,,,,,,,ODN0004704004,z,right_only
90A4F0BF-DBBF-49B8-9808-E993D1655287,,,,,,,ODN0004824738,z,right_only
DF2A9923-67D1-493E-9720-A71988C13C4F,,,,,,,ODN0000530555,z,right_only
827E99BD-AC74-4FB2-B38B-7ED4FBC74F57,,,,,,,ODN0004876225,z,right_only
3055D9B1-FD79-4F02-8E5C-172BAD9AA5DA,,,,,,,ODN0004940941,z,right_only
3D82833D-F918-4988-BB0F-3E4592B8A4FC,,,,,,,ODN0004965905,z,right_only
AF196083-A349-4E60-9D40-FD49E316F2F8,,,,,,,ODN0004295511,z,right_only
929BBF7E-055E-49C2-946A-92D71A8E1111,,,,,,,ODN0005232780,z,right_only
F35FE7C2-0DCB-4BE9-8898-F977DCA78EAF,,,,,,,ODN0004728761,z,right_only
C43BA3A4-640B-4302-986D-C1F06074C695,,,,,,,ODN0004528540,z,right_only
BCCE230F-6800-4198-A7E7-63EBC6F0C345,,,,,,,ODN0003830427,z,right_only
681EE5C2-397D-4C2C-AE70-28EF204B0BD4,,,,,,,ODN0004948001,z,right_only
F304143C-14DB-4352-A5B5-985DF3F0A7FA,,,,,,,ODN0005195676,z,right_only
14D5467E-1283-4832-BD53-1E0A4972A149,,,,,,,ODN0005389025,z,right_only
AD745059-03A4-48C3-BD37-F25D82DA2BEF,,,,,,,ODN0005207439,z,right_only
D3B79813-F4C4-43F2-A21B-BAEC793E0204,,,,,,,ODN0004147775,z,right_only
10088C40-C43E-4C90-934C-26FCC1DB60ED,,,,,,,ODN0000096525,z,right_only
714EAFDA-012E-441C-8225-7F74B9CDA56F,,,,,,,ODN0000319274,z,right_only
032382D8-5A24-40E2-8E41-FBE161684174,,,,,,,ODN0005254574,z,right_only
BA8901B1-5429-4E2E-953C-589FDF8CF3D2,,,,,,,ODN0000454251,z,right_only
DAB743F1-129B-47CA-A599-D56E9273C889,,,,,,,ODN0000141781,z,right_only
6AE6249C-0632-4BDE-B811-5C6BB5F01C8E,,,,,,,ODN0000062940,z,right_only
DAE90D2D-B9FA-41DB-A51C-C8E82BECDF8B,,,,,,,ODN0000521863,z,right_only
C302B2D1-A818-4356-BCD0-3436DF89C552,,,,,,,ODN0000096882,z,right_only
C3C29B86-B9E5-48C1-A35C-F9785CB49C92,,,,,,,ODN0005232800,z,right_only
ABEA0B1B-94B8-49DB-8826-03A6B4DE8BE0,,,,,,,ODN0000887084,z,right_only
FDC89954-2476-405E-9F40-5C61FC8DCDE8,,,,,,,ODN0000139871,z,right_only
9F89F450-CC35-4200-A790-A53F340F93C6,,,,,,,ODN0000139857,z,right_only
296431FE-8872-49EA-9742-C74E937E9062,,,,,,,ODN0000146650,z,right_only
32DFEFC5-7E77-464D-82B6-BADE26577E23,,,,,,,ODN0000103182,z,right_only
A8E39F8A-A5F7-47C9-AEDF-F91127958DEA,,,,,,,ODN0000191517,z,right_only
C71EF056-4398-4C53-ADFB-3310C75E1E31,,,,,,,ODN0000008276,z,right_only
137F3029-5CA1-4942-A683-BCDBBF5EFB2F,,,,,,,ODN0000220644,z,right_only
768A98FA-F7C8-4007-975D-772A6AB8B5DE,,,,,,,ODN0000096883,z,right_only
B3F2388A-0B40-4754-A182-B7507044286F,,,,,,,ODN0000103183,z,right_only
8C334EBE-0027-4278-9A4E-13335AC15C9B,,,,,,,ODN0002534883,z,right_only
0D16698B-23D7-4D90-8A76-7750796D91B3,,,,,,,ODN0000142902,z,right_only
859BD646-5A8A-48BF-BC40-15C34187B7C0,,,,,,,ODN0000565942,z,right_only
202BE3E2-966F-4BF2-8F86-3F028472095A,,,,,,,ODN0000504983,z,right_only
9D7E6E8D-D403-4B7F-B390-63BEA4C5ECF4,,,,,,,ODN0000527928,z,right_only
D2621D92-6D70-4895-B796-7C347CAB5DDC,,,,,,,ODN0005152843,z,right_only
90946984-CCD6-42EB-9F08-99C7E4E2C39C,,,,,,,ODN0000142018,z,right_only
757F37FC-F5D3-46DC-AA20-4C25223DE77C,,,,,,,ODN0000521830,z,right_only
D259CA67-0EBB-42D9-ADB0-3337C48DB0BE,,,,,,,ODN0000103184,z,right_only
9891CF51-8152-4FC6-BD17-A6730AC8C7BE,,,,,,,ODN0000218186,z,right_only
43236DEA-A74A-4965-8EBB-3D6246FEBEBE,,,,,,,ODN0000103669,z,right_only
947ACA05-6D99-4D23-A0C4-8B7BE81313F0,,,,,,,ODN0000103670,z,right_only
6AC055F1-EF25-4CD9-B3E3-57F085AC210A,,,,,,,ODN0004847857,z,right_only
66EFA806-3308-4AEC-AA83-40F03EB5073E,,,,,,,ODN0001042556,z,right_only
E3AAF6B7-BB70-4F38-8734-052BA942814B,,,,,,,ODN0000342849,z,right_only
24972862-34E3-4BC8-AE68-0E15F7F9CEC8,,,,,,,ODN0000103185,z,right_only
BE120213-F3AF-419D-ABB5-4802F308FC3F,,,,,,,ODN0000454836,z,right_only
67860CD7-285A-4FCA-9854-C3C2CF53D0E6,,,,,,,ODN0000508251,z,right_only
C9C198EF-4C35-41FD-A1C1-0F84B42A0443,,,,,,,ODN0000168012,z,right_only
09C491F9-6CC9-496B-AE4D-FB94F4067D80,,,,,,,ODN0000229119,z,right_only
0BAED0A3-195C-450A-ADE7-16ABC390E5E9,,,,,,,ODN0000103665,z,right_only
FA8090CC-A9B8-4C78-9FD1-8FA7C222F316,,,,,,,ODN0005273298,z,right_only
DAFE292D-2454-4D00-941D-4112B8CD9DB7,,,,,,,ODN0000161855,z,right_only
6AF70901-A47B-4C53-AEAD-2D24278480AE,,,,,,,ODN0000103672,z,right_only
5D0C0E33-EA8F-4D2F-B8D1-E32A52E285C0,,,,,,,ODN0000121340,z,right_only
C4BC339C-765B-4EEA-B582-D51475097C86,,,,,,,ODN0000208025,z,right_only
F6C6A5E7-2B91-40A1-BB7F-E2AD1E24F28B,,,,,,,ODN0000103683,z,right_only
76672CA4-B401-42FB-B73D-1DFB6FD363F4,,,,,,,ODN0000008281,z,right_only
B64BC48A-D10E-465A-B1D1-F953D0B2BF38,,,,,,,ODN0000644937,z,right_only
60FB487D-12B2-4634-BC72-3995625FDD0E,,,,,,,ODN0000161077,z,right_only
34E27858-8E54-4D3E-A1B6-FA2DD0ED1D96,,,,,,,ODN0000096880,z,right_only
CB839F8A-69AA-4398-ADDA-6E5676BE25A3,,,,,,,ODN0005185857,z,right_only
918F258B-ACD7-4423-973D-A3F447BF62BA,,,,,,,ODN0000523334,z,right_only
62674604-1E74-4D2C-96F2-47655F31D5FB,,,,,,,ODN0000133192,z,right_only
E72B1C44-7105-4F3E-AB1F-7CCE6B3A92C8,,,,,,,ODN0000103186,z,right_only
402AD4C5-87C5-42D5-9410-DD1D8FB8C2BC,,,,,,,ODN0000527938,z,right_only
07F25445-1AD0-457D-921B-485342A63294,,,,,,,ODN0000103675,z,right_only
E1063DFE-DA68-440F-9B21-4DC9A553FACF,,,,,,,ODN0000096529,z,right_only
47642400-B2C2-41CE-8C47-69BB642ED8EC,,,,,,,ODN0001926976,z,right_only
44D0884A-4B0C-4ABE-8D95-5DCFC0F72448,,,,,,,ODN0000146657,z,right_only
0C53EB93-A386-49EA-8D57-2912FF14387C,,,,,,,ODN0000527939,z,right_only
7734FD49-87EC-4CB5-8691-1A499182CB9B,,,,,,,ODN0004884307,z,right_only
A0EA0330-A372-459A-B6AE-CA751F8A743C,,,,,,,ODN0000096884,z,right_only
3038CC07-B84F-4B2E-9000-75C0F92FFF6C,,,,,,,ODN0000481939,z,right_only
2BC7C8FC-3DC8-4B1D-A007-8AC0614FA8AB,,,,,,,ODN0000096885,z,right_only
D7F82836-F8DD-476E-A831-CF03B211DDBA,,,,,,,ODN0000152618,z,right_only
7EA94E21-55B5-4E58-B343-98E2A804FB99,,,,,,,ODN0000096886,z,right_only
AF816D85-F999-4F86-BC94-29DBD4181917,,,,,,,ODN0000103187,z,right_only
92BED22F-3419-46F5-86AD-F0D4435557D8,,,,,,,ODN0000142034,z,right_only
C8F23B7F-ECBB-4F3F-8975-BA6C9FD59627,,,,,,,ODN0000103677,z,right_only
275E4A9E-1C6D-4A45-A148-6B168CBF8F7D,,,,,,,ODN0000142035,z,right_only
65B6784D-DBB9-4222-B4C4-BC279CE1ED46,,,,,,,ODN0000096887,z,right_only
4DC68B44-863E-42F9-91B2-063AD21C8E7B,,,,,,,ODN0005167665,z,right_only
4276BBA2-F02F-4FC9-BF34-D488C47059CF,,,,,,,ODN0005273601,z,right_only
2473CA97-0E6B-4178-8DEA-09268E6A7536,,,,,,,ODN0000096894,z,right_only
E2666665-BC58-4EB9-B960-C962A34E46C8,,,,,,,ODN0000181641,z,right_only
4C959E4F-EA06-48D9-B312-8BB4DFCCA2FD,,,,,,,ODN0000106438,z,right_only
04249757-67CF-45AB-BCE6-172B4A13540E,,,,,,,ODN0000454614,z,right_only
83197285-5170-4B0A-AC88-A184D11CDB59,,,,,,,ODN0000155050,z,right_only
06884FB2-81E5-477F-8FF6-7875BD83FDD0,,,,,,,ODN0000103678,z,right_only
C850ED5C-4050-47F4-B3EF-39E3711268D0,,,,,,,ODN0001860590,z,right_only
B08B7E0C-486C-4F05-8A13-8AF0DF5EA5A1,,,,,,,ODN0000161877,z,right_only
9C811801-44CC-4C62-A22C-E03C8D7409FA,,,,,,,ODN0000103190,z,right_only
00121803-F571-4F53-91B7-0A5085D65107,,,,,,,ODN0000530566,z,right_only
105C7472-2C99-4ABD-A71C-DCE05C7B6809,,,,,,,ODN0000103188,z,right_only
5B19D57B-B336-4C55-9DDA-37F2832E0AAD,,,,,,,ODN0000113861,z,right_only
EB02600E-137E-4222-BB42-6E61DA4A262B,,,,,,,ODN0000454647,z,right_only
8BC64572-8466-481C-9E38-197FAB4BC5F2,,,,,,,ODN0000155631,z,right_only
E760A7B5-E065-46D7-942C-93DE0CD7DC4C,,,,,,,ODN0004715797,z,right_only
B821B6DF-5CF5-49B1-B766-F538C8C53B01,,,,,,,ODN0000075537,z,right_only
91778606-9050-4E83-9A5D-FE09E2601198,,,,,,,ODN0000146669,z,right_only
2E8ED069-3697-48F6-AEF4-948FD1FDB793,,,,,,,ODN0000103191,z,right_only
173082C5-F189-4C65-8CC8-BE9458CEA7B7,,,,,,,ODN0000103189,z,right_only
C9A36F90-A7CE-4945-900A-61D61154B9EB,,,,,,,ODN0000420754,z,right_only
AFC16F5B-A077-4A2D-8714-81D26A49E8FD,,,,,,,ODN0000161902,z,right_only
F2215A82-22C9-4CEE-805D-6668BF020B8C,,,,,,,ODN0000146332,z,right_only
AEA8E4BA-245B-486F-916F-D6041F7FABAD,,,,,,,ODN0000096889,z,right_only
1FA3CDED-2704-409C-93BD-CDFF74CA1E49,,,,,,,ODN0000155632,z,right_only
E71AA1B2-29EA-4784-A66C-F00C1FF7F6BC,,,,,,,ODN0000096534,z,right_only
FEF6F040-2333-4163-BA68-3FB9584428A1,,,,,,,ODN0000145969,z,right_only
6E383D66-C5F1-4690-A8BA-A5F582654B22,,,,,,,ODN0000527951,z,right_only
5436CE57-A0D7-4DB6-A952-3A116369908B,,,,,,,ODN0000122190,z,right_only
9B7A1265-A80E-4DB1-BECE-E1095EC9978A,,,,,,,ODN0005283995,z,right_only
0944CCCA-19C0-4189-908D-9D3E4E2E4C40,,,,,,,ODN0000454705,z,right_only
19DA38F4-AECC-40C5-9E6E-08B793BCBB9F,,,,,,,ODN0000146683,z,right_only
34675C49-6220-40F3-9728-38AA190AF420,,,,,,,ODN0000145971,z,right_only
C5B719ED-9653-4073-849E-04EAB33076C6,,,,,,,ODN0000146333,z,right_only
6F0441A7-E21A-4857-83AF-1ABDC2831235,,,,,,,ODN0000123070,z,right_only
3C0BC8D8-2E64-40CC-9677-DD6DC854B2C0,,,,,,,ODN0000146673,z,right_only
A66CD4CE-7870-4081-A247-61407790F46D,,,,,,,ODN0000122192,z,right_only
1B8D79DF-6080-4EF4-80A1-5DBF296B6F64,,,,,,,ODN0000155622,z,right_only
80B27997-9339-47CE-A989-21FE2F4E8099,,,,,,,ODN0000075529,z,right_only
14F2A9B3-A61E-4D64-ADE8-E8DE0B7D8B7E,,,,,,,ODN0000139219,z,right_only
FCF08572-91CE-48F7-9903-D44DF7ED2752,,,,,,,ODN0000146674,z,right_only
D84EE4D0-0A2C-46C0-AE4F-9E5E8F9F4932,,,,,,,ODN0005295161,z,right_only
0D2C9445-F060-40D8-9A3F-88BD9BAECD12,,,,,,,ODN0000145972,z,right_only
F363EE0D-6ACC-428D-A82A-117495B838AC,,,,,,,ODN0000148627,z,right_only
0098C189-AB4A-4962-B1A2-A2DAB7660737,,,,,,,ODN0000637325,z,right_only
837FEE35-1325-432D-9878-5B96C8862269,,,,,,,ODN0000964431,z,right_only
73CD795C-7886-40EB-AE0B-A805334FF9F2,,,,,,,ODN0000120807,z,right_only
A7053518-F927-4E2C-9FDE-8C070BC5D283,,,,,,,ODN0000527953,z,right_only
2D2D865D-7672-4B99-B9CF-68D9D774969C,,,,,,,ODN0000146675,z,right_only
1DAF78AA-51C4-4DBF-AC8D-C6272BB648E7,,,,,,,ODN0000145973,z,right_only
64979154-E240-4188-9DA7-D59C6F5BD47A,,,,,,,ODN0000103681,z,right_only
13F8A1F6-3B25-45BE-8C10-A17DFA7B9594,,,,,,,ODN0000065451,z,right_only
56A8B93B-B351-4257-927A-2203DA346BF5,,,,,,,ODN0000145974,z,right_only
896A5160-94E8-4F0F-A1F7-2D5FB926CF04,,,,,,,ODN0000103192,z,right_only
1DBC6C40-38BF-4A02-9488-716B8C07ECC2,,,,,,,ODN0000079617,z,right_only
2DBCD2C4-E326-4E3A-8101-BE7F0620A981,,,,,,,ODN0000123826,z,right_only
FBBDDE72-1300-4538-A017-5FBB046AA473,,,,,,,ODN0000146334,z,right_only
4E9B180F-4806-4261-A236-FF54588D099F,,,,,,,ODN0000036836,z,right_only
F20EBF69-FA95-4966-8440-320DEC6F3B54,,,,,,,ODN0000145975,z,right_only
2061BF02-D0CA-4707-ACA8-7ABA819DB5CD,,,,,,,ODN0005004948,z,right_only
CC9332D7-9173-4864-ABD7-7A195F37AE1F,,,,,,,ODN0000146341,z,right_only
4ED758E5-4FC1-486E-A88C-B3F72888ABCB,,,,,,,ODN0000075539,z,right_only
4D3C0324-F323-4A90-AA74-3FF6339AD530,,,,,,,ODN0005254592,z,right_only
AECF7228-B13E-4537-8588-486E2EB647DB,,,,,,,ODN0000505016,z,right_only
F9E0CCC6-16F7-4942-9863-6EF007EB8F81,,,,,,,ODN0000146685,z,right_only
ECFD43B6-C745-467A-8F96-6FE98AF30EE1,,,,,,,ODN0000146684,z,right_only
6329EDDE-FB5A-404D-B16D-02729EFC01B5,,,,,,,ODN0000137433,z,right_only
ED546470-DE3A-414A-B067-F55C19120797,,,,,,,ODN0000145982,z,right_only
8215454F-6857-4969-B0BB-EA10517766C3,,,,,,,ODN0000161102,z,right_only
8890F471-CCB3-491F-8ED4-B651203DD23C,,,,,,,ODN0000085876,z,right_only
AB740BFB-58C9-4379-AD42-E7797072BA6C,,,,,,,ODN0000261973,z,right_only
BFF1BF84-E8B6-4DCF-BFC7-E0AFC1439E3D,,,,,,,ODN0000145981,z,right_only
D4CF636B-E10F-4095-A78E-069D7F79B8F2,,,,,,,ODN0000505014,z,right_only
C1D25DE3-379B-43A3-BE9C-497182D49C29,,,,,,,ODN0000103687,z,right_only
9B4B8CB4-BE0F-4734-A317-3BA6700DF3D1,,,,,,,ODN0004501253,z,right_only
A51C0BD7-570E-4642-94DD-1673D338100B,,,,,,,ODN0001678473,z,right_only
D19BDC41-BC69-46BD-9959-755B67750940,,,,,,,ODN0000103688,z,right_only
411D7455-44E1-4DC4-BEFB-8E220708CCDE,,,,,,,ODN0000132100,z,right_only
456031AA-D8F7-4A51-8ADD-0ED296E670D1,,,,,,,ODN0000151557,z,right_only
C3797F52-4F8B-4A53-8DC1-50C0378660F0,,,,,,,ODN0005295185,z,right_only
8294D9FC-1B0F-4723-8B7B-C0C93E869F7B,,,,,,,ODN0000505018,z,right_only
A21D692A-FC05-4876-9674-B1DFD0C6C58B,,,,,,,ODN0004940968,z,right_only
83C41E8D-CDB9-488C-B43C-B88E0121423A,,,,,,,ODN0000139248,z,right_only
3F0C604E-4EF2-482B-8CF7-9B174912DF99,,,,,,,ODN0000132712,z,right_only
B81A8F3F-45A2-4334-A9F7-D907D1394FCF,,,,,,,ODN0000142920,z,right_only
6104D2CD-2D7E-4EF3-8911-FB4230BBD8DC,,,,,,,ODN0000122204,z,right_only
65DA8AE0-7355-4A2C-B3D7-09F8CCBF4BC8,,,,,,,ODN0000107454,z,right_only
9DE9DD65-14FC-4A5D-A8D4-703F11694D51,,,,,,,ODN0000622315,z,right_only
59AB81C7-895C-4283-B732-C15264DBE7DF,,,,,,,ODN0005004967,z,right_only
5BC18C52-6E25-4748-9E32-4630FD12E4F1,,,,,,,ODN0002356443,z,right_only
3C570C00-6ADB-46B5-B6F5-E31ACAE26FCA,,,,,,,ODN0002033076,z,right_only
A29A6ABE-7CD0-4373-9278-F078DBB5AC4A,,,,,,,ODN0002148278,z,right_only
B4E8C57B-889F-434E-9EC8-BEF2AC7C2000,,,,,,,ODN0004127988,z,right_only
16BD0A14-39A4-4E8C-AAD5-65A869A928AB,,,,,,,ODN0004788145,z,right_only
067F3055-8CC5-4960-8623-D70FD27311A3,,,,,,,ODN0004847845,z,right_only
F3461D43-29ED-4554-8E13-95F6A17D74A2,,,,,,,ODN0001042654,z,right_only
B0B25092-4CDE-414A-A2F5-2FA2B3FD4931,,,,,,,ODN0001042656,z,right_only
DC4DE70A-7238-40E2-8CEC-BC0E548C38B2,,,,,,,ODN0002148299,z,right_only
16765A7F-A808-48FC-AC6D-2AB87D6775B6,,,,,,,ODN0002411532,z,right_only
30CEB5B2-F259-4266-85E3-A0641D21F185,,,,,,,ODN0004581640,z,right_only
E2F7543B-87A9-4992-AFDC-1C7B69417003,,,,,,,ODN0004528529,z,right_only
E52135B1-39D5-4E74-B18D-3B6B1D802108,,,,,,,ODN0000104697,z,right_only
0DF8383B-6692-4A28-B038-56D382EA98DB,,,,,,,ODN0005678039,z,right_only
BBA778F8-CA7D-4CF0-AF4C-B534BB26F685,,,,,,,ODN0004788144,z,right_only
89788563-2FD3-46F3-8483-F54D944B4CE1,,,,,,,ODN0000523338,z,right_only
34156DDD-6A4D-46C5-B02D-6FE30F6D5C82,,,,,,,ODN0003402271,z,right_only
883F2C54-890F-43B5-9B20-F76806818B41,,,,,,,ODN0000148616,z,right_only
F1D67207-270C-46C5-A7D0-53E8F5BD3723,,,,,,,ODN0000523360,z,right_only
FC7C981E-AFA9-4D47-8DE5-0D7430B86A08,,,,,,,ODN0000075524,z,right_only
E641CA5F-4EE9-4805-9145-9980836AFE98,,,,,,,ODN0004414593,z,right_only
DEB02712-8DEB-4492-9E4B-B034C7669F96,,,,,,,ODN0000145970,z,right_only
EDC906B8-6796-45C7-A86F-7AD219A7B3F3,,,,,,,ODN0000145980,z,right_only
05528BE8-4CCC-4528-8118-C5F004D3F12C,,,,,,,ODN0005546871,z,right_only
4B9BD77D-7973-41E3-A009-957210D90CC5,,,,,,,ODN0005167633,z,right_only
4BB2768B-4232-4C5C-AC9C-587663D27698,,,,,,,ODN0005152874,z,right_only
8F325FFE-21ED-4F4E-BBA7-7B3AB5F9CF81,,,,,,,ODN0001777787,z,right_only
1E3F92BA-9B31-4DB0-B358-30B19738DD8B,,,,,,,ODN0004948013,z,right_only
FBEBC38B-114E-4172-83BC-8DEFEC4881A6,,,,,,,ODN0000008255,z,right_only
B3E10D75-AC58-4ACA-9295-A529EF440B77,,,,,,,ODN0001954750,z,right_only
C3589364-E04F-450D-9ACE-0A7D98FBB5D1,,,,,,,ODN0000008296,z,right_only
BBD62732-1AFC-4B42-BF16-61DBD5FB2DD5,,,,,,,ODN0004177385,z,right_only
6AFF6691-EFE5-4B67-BF29-5574F9F0D7E1,,,,,,,ODN0000008252,z,right_only
14E1252A-EF14-4D56-8D0F-3308E4F47820,,,,,,,ODN0000008253,z,right_only
12D00572-3430-49B4-AAFB-AFCB9B016A61,,,,,,,ODN0005055974,z,right_only
2772E8EA-9B1E-4A91-BB19-A82A2D334731,,,,,,,ODN0000171118,z,right_only
8C2607EA-AE49-4F83-BB2B-A53EAC2258B1,,,,,,,ODN0004739492,z,right_only
A9EC6BD3-A975-4424-9760-2892691D4E6A,,,,,,,ODN0004824823,z,right_only
644A14ED-64F8-4B48-BE39-9209FCFA5C35,,,,,,,ODN0000008254,z,right_only
7F9E316F-68A6-474B-83B4-19D004C4F7A0,,,,,,,ODN0005232792,z,right_only
D58D32D8-94E3-491E-BCEB-A402D757B51E,,,,,,,ODN0005283985,z,right_only
73C11C5B-B29D-4D30-B3FF-24F0A9AE66DA,,,,,,,ODN0005217131,z,right_only
E43506F1-0A02-47F9-ABFE-AA43613B9488,,,,,,,ODN0005389118,z,right_only
44158310-4B23-4344-B9DA-E9ABCF977C69,,,,,,,ODN0000527921,z,right_only
918104CA-BDA9-446D-88D3-CDC11EEC891D,,,,,,,ODN0004766166,z,right_only
09D3F5C2-8FAE-416E-A4C7-8F5CDB8AC77C,,,,,,,ODN0004775246,z,right_only
40139011-0320-46B9-9055-782269D60A09,,,,,,,ODN0004395775,z,right_only
88A18D90-F56D-44AA-B64F-9E0CC9DB9A8D,,,,,,,ODN0005089599,z,right_only
0C73DCD6-105B-44CC-AF26-CD82125EA496,,,,,,,ODN0005089620,z,right_only
86A825BD-9629-4353-8AB9-5FC564B47FFE,,,,,,,ODN0004384936,z,right_only
56B6FD7F-092E-4C4B-ABFD-F6CD2B5782C3,,,,,,,ODN0005403998,z,right_only
5FFA52CB-94A6-4ECA-9E67-BCBE9C5F5A74,,,,,,,ODN0000478012,z,right_only
B9979A3C-859E-44B8-96E7-10E76E3920CC,,,,,,,ODN0004728735,z,right_only
88F9B676-1D05-48B4-AD9C-33961AAB48DC,,,,,,,ODN0005403914,z,right_only
4801568B-25B8-4821-B0BC-1BEB68D68DEA,,,,,,,ODN0004884320,z,right_only
F71D6C23-F21A-439C-8036-EABDF12E0CDE,,,,,,,ODN0005089600,z,right_only
B7C273F9-6748-4C11-BD01-64059314F1D6,,,,,,,ODN0005217125,z,right_only
4F5F5E9F-7E83-4DF3-8DD9-E15B9843297E,,,,,,,ODN0005389119,z,right_only
B83DA8EA-0BF0-4152-97E4-3A49DFAB9107,,,,,,,ODN0002583417,z,right_only
B32E7FEC-2A35-4F59-A7AB-8E3D28CFA44A,,,,,,,ODN0001004517,z,right_only
C2850F4D-4E92-4ED9-9AA8-F16B21FFBF92,,,,,,,ODN0004147754,z,right_only
4585D193-2408-4BEF-8081-520FF497C842,,,,,,,ODN0005305244,z,right_only
DA499FDB-A550-40EA-9545-A7D6A93747CA,,,,,,,ODN0000681367,z,right_only
EF774E89-6450-47C5-8F2E-BB3E921C175C,,,,,,,ODN0001574313,z,right_only
6CDBF46F-E1E9-453A-A283-B255AD22A6ED,,,,,,,ODN0004395783,z,right_only
6DBC1E3A-518C-4A3F-95CC-EAEE927CD737,,,,,,,ODN0001223252,z,right_only
B0A52419-1D44-4168-9409-B83967AC78ED,,,,,,,ODN0000105724,z,right_only
B878F627-7F07-4EC5-800C-802C8F803CDE,,,,,,,ODN0001329195,z,right_only
8DD7D15E-1DF9-4443-815C-0750EBD7E0D2,,,,,,,ODN0000104691,z,right_only
C865C436-3600-490F-A249-968874B78150,,,,,,,ODN0000637300,z,right_only
A97A546E-33B6-44C4-9756-6BAF3AD59FA7,,,,,,,ODN0005207429,z,right_only
424A4CE4-249B-4509-BBF1-0A09EA8AE287,,,,,,,ODN0000521818,z,right_only
4DE4561D-591F-47CB-BDFA-1A1E394C30DF,,,,,,,ODN0004230318,z,right_only
E1676161-3A02-4D4C-A1EB-7E5E89BE7D73,,,,,,,ODN0000103667,z,right_only
7B3711EB-BAA7-4292-A423-9E05946D2A6B,,,,,,,ODN0000103668,z,right_only
68F73AAB-77C0-4C37-9FA2-668A13DE9B19,,,,,,,ODN0000969802,z,right_only
2A93704B-3C4C-4FB1-A956-3264675BBCB7,,,,,,,ODN0004147767,z,right_only
8892561C-E2EC-46A1-96D2-9AC16EB6EE84,,,,,,,ODN0005358224,z,right_only
39119B9A-0D97-4D7F-9B88-E6C6B2EC124E,,,,,,,ODN0004965999,z,right_only
6D5697EF-B05D-464A-B53A-D46F02130BED,,,,,,,ODN0000103671,z,right_only
442F7067-E929-44DC-A967-A7E0DAF01FB2,,,,,,,ODN0005273629,z,right_only
A5F62EA5-C05F-48B3-B631-6956C5EA7000,,,,,,,ODN0002854850,z,right_only
B31930B3-8DC3-479D-8C32-2B0696408E6A,,,,,,,ODN0004838341,z,right_only
73D5574E-E913-49DB-8753-F837D93B2916,,,,,,,ODN0005167653,z,right_only
B34B1AEC-F6B5-4E67-9F4F-FC0579BC088A,,,,,,,ODN0004884322,z,right_only
8DE0EBB1-0F77-48BC-BBC7-33D64192FF8C,,,,,,,ODN0005185856,z,right_only
A7896DF4-1DB3-45BF-8A38-18C6D7C51525,,,,,,,ODN0000103673,z,right_only
130E7280-909F-4F50-B30C-40205F39F806,,,,,,,ODN0000103674,z,right_only
6B22A877-FB66-47C1-8E0B-B42074330513,,,,,,,ODN0000454869,z,right_only
0FDA299C-20B1-4ED5-AD7C-EA9ED0256706,,,,,,,ODN0004948024,z,right_only
5FCE2B3A-9494-4D0B-862F-1B6BC9A0C83E,,,,,,,ODN0005273625,z,right_only
BD95C1C3-BA5F-4DB4-B3BC-6306786E625D,,,,,,,ODN0005004954,z,right_only
5B25620C-D82F-425F-80F0-849F73310380,,,,,,,ODN0000508247,z,right_only
6E3D2B80-B1E2-4BDB-BE6C-78CD70DA1702,,,,,,,ODN0000606422,z,right_only
9B88DCDE-9423-4296-80F1-F211630D4086,,,,,,,ODN0002405105,z,right_only
0142A2DA-A769-4D07-865A-43A5016AECAB,,,,,,,ODN0005185861,z,right_only
3F11308A-836B-41C6-82E0-A1B9A9CA70B7,,,,,,,ODN0000075522,z,right_only
D67EE1B2-16CA-48AB-A21A-DB0D585C044B,,,,,,,ODN0000141798,z,right_only
C0F6C305-C5C8-4DFB-B559-E30612A08026,,,,,,,ODN0000103679,z,right_only
31ACE11F-5E7D-4E18-A67A-17B8CBC2A3ED,,,,,,,ODN0000103680,z,right_only
39307216-299A-4011-9DA3-33DDB3BDA918,,,,,,,ODN0000146668,z,right_only
01FB4CED-6AFF-435D-8EEB-71DD61068520,,,,,,,ODN0001518239,z,right_only
57A11460-2578-426A-8E0C-7CD36370B5FF,,,,,,,ODN0000146681,z,right_only
7CC2792E-A4B0-43A9-B605-B55C9AD89C5A,,,,,,,ODN0001085312,z,right_only
813B9413-AC3F-4626-8478-FA21C0655E96,,,,,,,ODN0000146682,z,right_only
C3B0CC14-8C47-4633-99F2-0B7C9B6062D1,,,,,,,ODN0000146670,z,right_only
4DCA65A5-6CB1-407D-AF49-293C4810783B,,,,,,,ODN0000146671,z,right_only
FDF59849-690D-4C4E-83D1-6684A3ECBA68,,,,,,,ODN0000075527,z,right_only
859FBD46-5E36-4CCF-AE7C-F64277A892E0,,,,,,,ODN0000149803,z,right_only
1C6C6794-B7FC-4F3B-A799-21D4F05C2899,,,,,,,ODN0000075528,z,right_only
23E3E837-9E8A-4D83-8D37-55940EE90D05,,,,,,,ODN0000146672,z,right_only
D1B4BF54-85E9-4D9E-9CDC-B41ACF1E9ECD,,,,,,,ODN0000141806,z,right_only
3B2862F1-23CD-44FF-A616-D443B1420D68,,,,,,,ODN0005207426,z,right_only
830FFDC3-564A-4F44-9B6F-77CF96F53769,,,,,,,ODN0000107451,z,right_only
53DB3DB3-15FC-4E55-A6DA-CE965F1A1EF2,,,,,,,ODN0004395781,z,right_only
21EBD391-4BEE-421F-989A-0AC7DE8ED3B3,,,,,,,ODN0000146676,z,right_only
DC7817F0-7FAE-4048-8340-7904A15EFD1D,,,,,,,ODN0005042053,z,right_only
95445645-6B9A-4E3E-9909-2F55A162BAF3,,,,,,,ODN0001330631,z,right_only
B8612499-39CD-47CD-99EC-70EEDF4693A6,,,,,,,ODN0005089625,z,right_only
44CD0ACA-DE21-4F89-A1AD-D1E9183FEF8D,,,,,,,ODN0000146324,z,right_only
9C98885D-7479-4DEB-AC91-BAC88D4BC71C,,,,,,,ODN0005185875,z,right_only
7049946C-93DA-420B-B619-C4231F6C9088,,,,,,,ODN0001927218,z,right_only
CE6B601D-8F2E-4B89-9FBF-46DC83EDB88E,,,,,,,ODN0001420449,z,right_only
68BA3AE0-05A6-44DD-96B7-795D42E2B2B7,,,,,,,ODN0001574318,z,right_only
692C023A-1B34-4060-B784-F4DF564454C7,,,,,,,ODN0000075541,z,right_only
432A88D9-F38B-414B-88FB-7D3E8D511900,,,,,,,ODN0005329031,z,right_only
3CDB2BB5-5264-4726-A114-F986BBE27BFD,,,,,,,ODN0002938200,z,right_only
BB892D54-942F-40BA-B133-AD98017A257B,,,,,,,ODN0001745892,z,right_only
EF4429FD-68DD-4298-AD04-46DD9212234F,,,,,,,ODN0003951820,z,right_only
0ECC2056-FB05-4F74-9311-258B8FF29F39,,,,,,,ODN0002039855,z,right_only
E89A4803-6114-43BB-B591-478FEDEC47CF,,,,,,,ODN0002360549,z,right_only
EE9B3664-CE2D-4356-A856-31E374E63B65,,,,,,,ODN0002017277,z,right_only
022220A2-F98E-4E99-9F96-12710E14C08F,,,,,,,ODN0005740408,z,right_only
3631DB15-1A17-4F07-B194-ADAD82AD58AB,,,,,,,ODN0005373514,z,right_only
D7589F04-E44D-41DC-8081-C31A27F10F24,,,,,,,ODN0004605266,z,right_only
8256B3B3-F193-4DCA-BA68-4A1253C45228,,,,,,,ODN0005113561,z,right_only
5592CD5D-E633-4AF4-97AF-43E9CC975C1E,,,,,,,ODN0005543511,z,right_only
C4E9111C-2BEE-45EB-B568-F4580C3A5C32,,,,,,,ODN0004757846,z,right_only
A875BA7F-E0DA-48E7-85AF-0B258CEBA8AE,,,,,,,ODN0004745713,z,right_only
C8299792-1755-44A6-A457-199CAA8AF7B7,,,,,,,ODN0005672647,z,right_only
88D5BC88-E8EE-42A1-95A8-E1A04E4BD1B7,,,,,,,ODN0005437521,z,right_only
F65C538D-DB3E-407F-A47E-EBE981FBA908,,,,,,,ODN0004203199,z,right_only
DF6D2D42-999F-43B8-8A5F-1160CEAE0147,,,,,,,ODN0005636011,z,right_only
5B74274C-FB66-47AC-AFF8-AC5526D323D2,,,,,,,ODN0005600230,z,right_only
8AE36C88-EA7D-48BC-81C3-203439C2A184,,,,,,,ODN0005567414,z,right_only
7BB02E78-AD45-45DF-BB54-CBB8F5DF21EA,,,,,,,ODN0005567415,z,right_only
511B8347-0D6A-4750-96C9-EAAEE049DF12,,,,,,,ODN0005567416,z,right_only
0989CC30-08E5-4B8F-90B6-4099B3196069,,,,,,,ODN0005567417,z,right_only
994B6368-AE7A-49B2-B3E5-27C1FBC8DA99,,,,,,,ODN0005645174,z,right_only
2E857064-269C-4729-AF79-00E2F44BA296,,,,,,,ODN0005672614,z,right_only
F4EC00E9-7998-4CBF-9D10-E53B95FD8E1D,,,,,,,ODN0005645175,z,right_only
559DAF60-7955-4A54-AF0D-A8C0977E36D9,,,,,,,ODN0005567418,z,right_only
B7888357-B206-4554-94D7-643BEFE29A23,,,,,,,ODN0005672615,z,right_only
47BF8690-D36C-4391-8392-2A03BF06CD94,,,,,,,ODN0005567419,z,right_only
0550EDE1-FC13-4939-877C-FA3860181FFB,,,,,,,ODN0005028423,z,right_only
4E59F085-494B-42B7-9CCC-CC7AD8752756,,,,,,,ODN0003586939,z,right_only
C40E4041-AFCB-4948-AE35-0C5655E3B2CF,,,,,,,ODN0005794375,z,right_only
50BA2EF5-DD0C-4236-B064-9B8FDCABBF53,,,,,,,ODN0003483867,z,right_only
58C9AAF9-1CD6-4F87-94AD-C4203060A9F5,,,,,,,ODN0005437522,z,right_only
712ED888-0316-4CC3-9728-CE8252D59AA5,,,,,,,ODN0005384628,z,right_only
6E1DF9CD-28B8-4846-9464-C5DCB7BBB5F8,,,,,,,ODN0005740432,z,right_only
6260A4C8-7A8D-44B9-859A-518EB8315D81,,,,,,,ODN0005782631,z,right_only
0A4B667D-96DC-4C0B-A3F5-B5E2CF5833E7,,,,,,,ODN0004281006,z,right_only
0FC23F0B-81A5-475C-AB1C-0DBCBB7A899B,,,,,,,ODN0005485310,z,right_only
15CBC9BC-C5F7-4ECF-8587-C300FAB13FAE,,,,,,,ODN0005516065,z,right_only
F0A75C0A-E807-447E-B2F2-D1107E60258E,,,,,,,ODN0005543516,z,right_only
37665DCB-D50B-4B3B-A4B3-07F93A9EE23B,,,,,,,ODN0005300761,z,right_only
3FDDEF8D-78F4-4FD6-ABE0-92983719CC2E,,,,,,,ODN0002039882,z,right_only
E91505C8-52BD-40B2-9FA7-03D780A5DC1F,,,,,,,ODN0005054238,z,right_only
521A9789-DD8E-414A-8BDC-CBBD427AC7BC,,,,,,,ODN0004186403,z,right_only
62FE6341-A521-4CA7-A4B3-37438D17B86E,,,,,,,ODN0004878605,z,right_only
CC93954D-C84F-4EE7-AF23-DD03FE54E811,,,,,,,ODN0005214407,z,right_only
3649C02B-B31C-472C-9759-09A17DCF229B,,,,,,,ODN0004855096,z,right_only
3430D063-6491-4915-A3BA-5124DA384DEC,,,,,,,ODN0002274773,z,right_only
B9A7DC83-7ABD-4D68-87F1-4546731F543D,,,,,,,ODN0005672643,z,right_only
18D6CCE1-CA37-47FF-8386-ABE90E7EA5A5,,,,,,,ODN0004497289,z,right_only
1A244990-8AAB-4B9C-A908-B41771748E98,,,,,,,ODN0005352243,z,right_only
1DD0CD3A-FABD-47AF-9FCC-9C4DCBE1A125,,,,,,,ODN0005437530,z,right_only
38491BBC-35FD-4F96-BF2E-6A193C6DD504,,,,,,,ODN0004845728,z,right_only
B2E2435E-3B79-4E2A-9F74-F7BF1E69A9AD,,,,,,,ODN0004998454,z,right_only
AEAE84C1-0812-450A-96EA-C21805C6B497,,,,,,,ODN0005063329,z,right_only
D04E8A3E-AF1E-467A-8B0E-86BEB839B51B,,,,,,,ODN0004195019,z,right_only
C541C8C9-F666-482D-A871-44192D3C75EE,,,,,,,ODN0003702466,z,right_only
AC99A13C-AC04-4F92-A989-22717B2C37C9,,,,,,,ODN0005451136,z,right_only
F03C1422-856A-4478-952D-A75744685A4A,,,,,,,ODN0003514001,z,right_only
0E010D76-6BFA-4E34-932D-76099692D600,,,,,,,ODN0004379611,z,right_only
EE0E403D-C769-48C2-BCC1-706ABF76FB33,,,,,,,ODN0003820570,z,right_only
91B0B701-D928-4717-970B-56082D4B5708,,,,,,,ODN0005394814,z,right_only
4E300A93-1A91-488A-9C91-4D3CA19B078C,,,,,,,ODN0003439568,z,right_only
67247CF0-8AEC-47BC-8B8F-EBF3749BEE2E,,,,,,,ODN0005782629,z,right_only
976859A9-79A3-4635-81A1-8B662DD1C4DE,,,,,,,ODN0002124425,z,right_only
0F98172F-D036-49BA-B15D-F41F3C6D34EE,,,,,,,ODN0005516057,z,right_only
C81C519B-4A31-4F68-9A8C-857FB8CAF3CA,,,,,,,ODN0003238688,z,right_only
5AB12407-2739-411C-9241-722DE9FC06D7,,,,,,,ODN0005394811,z,right_only
41F8122E-DC70-4580-8423-BCB93396196E,,,,,,,ODN0005722193,z,right_only
5F6B32D6-C32E-4524-8527-19B1D9392860,,,,,,,ODN0005753934,z,right_only
54F6259D-9A4A-495C-824B-8CB8C5D8FC0C,,,,,,,ODN0002385932,z,right_only
944FA2EB-4EEE-4A68-B962-4EF95F2F2FCE,,,,,,,ODN0004845727,z,right_only
0C993F39-5521-4A5E-B518-4E2FC92735F6,,,,,,,ODN0005740431,z,right_only
04262564-8074-48AD-B83E-732329C5821A,,,,,,,ODN0005352232,z,right_only
05DF7877-1C2F-4346-9B2B-53B73800201A,,,,,,,ODN0005740397,z,right_only
49E18DA3-54F5-43D0-85A5-7DED89D3BF11,,,,,,,ODN0005338184,z,right_only
07291ED7-890C-475D-AA0D-DCBC37C75BA5,,,,,,,ODN0004546708,z,right_only
FE43D895-2478-4118-9ED2-C268D45CEF77,,,,,,,ODN0005124194,z,right_only
CCA999E1-CD4A-4C0A-863F-98D62B782751,,,,,,,ODN0004855099,z,right_only
0AD9417B-8468-4205-982D-C2EAEE09D07D,,,,,,,ODN0005701173,z,right_only
78E908F5-05E2-47F6-AB38-C92A42BAABB7,,,,,,,ODN0005262846,z,right_only
DA9A0FCE-B023-4E49-A008-6BDF745ADC0D,,,,,,,ODN0004813809,z,right_only
038FD822-3E1C-4390-94A4-2A5AF59046B2,,,,,,,ODN0004614159,z,right_only
F8DAAC95-91C6-4430-A0FC-B27D8EAEAD2E,,,,,,,ODN0004554916,z,right_only
807E8C09-AFCE-41AC-AC49-70934782FEB1,,,,,,,ODN0002960847,z,right_only
437D6971-78E6-448A-8CD0-2CDFC12DFEB8,,,,,,,ODN0005722190,z,right_only
A1DA57BF-D498-476C-91D2-C63CAABB5A2E,,,,,,,ODN0004636205,z,right_only
D00BEEA3-FE9D-40E0-8487-FF663DE7A0C2,,,,,,,ODN0002274760,z,right_only
0D9F62E5-248D-468D-8D9E-11782C3666B4,,,,,,,ODN0005437523,z,right_only
39CB12F5-DA3E-4249-88A5-9F75FDA12929,,,,,,,ODN0004614162,z,right_only
91C4D04F-9E6A-43DF-A216-B381A44D13A5,,,,,,,ODN0005543505,z,right_only
57694475-9E8B-46BC-89CB-5C109087509F,,,,,,,ODN0005124217,z,right_only
D2AD5C13-8659-4017-BDC5-E10CCFF96A2D,,,,,,,ODN0000011043,z,right_only
D13BA383-2DC7-44DA-810A-5ED2E8B00E77,,,,,,,ODN0005224542,z,right_only
1A1B8A3B-26EC-46CE-A659-D946647BEAB5,,,,,,,ODN0004757883,z,right_only
62CE47D7-5F28-4D48-A9E5-896D83C45229,,,,,,,ODN0005495958,z,right_only
656B257D-46FA-41F7-8A1E-FA87AECD0307,,,,,,,ODN0005262845,z,right_only
B4FD44A5-D488-4216-B2FD-27C2EED9891B,,,,,,,ODN0005672653,z,right_only
0E680ABC-1FCC-4F6C-9383-F6D7BFA78FC3,,,,,,,ODN0003246241,z,right_only
79C5C161-1E82-4FF7-B23D-5E4A9C2E6F9F,,,,,,,ODN0005753937,z,right_only
FD0545D7-A330-406D-98FB-B855CAD54552,,,,,,,ODN0005672659,z,right_only
83A2E9C2-B659-4D2B-BA83-C815AFE67AFC,,,,,,,ODN0004534740,z,right_only
60D4CD8C-B1D5-4477-A531-B5E2AA55571D,,,,,,,ODN0004757891,z,right_only
2A7C823E-6745-452F-BD16-0C3E1AD1A24D,,,,,,,ODN0005247578,z,right_only
34BFD9E6-BC34-4ABB-90D3-0A5D41FCC7FE,,,,,,,ODN0004614169,z,right_only
0DC17BC1-040B-4540-B10F-C2198990F5B2,,,,,,,ODN0005722195,z,right_only
04B9664B-48C2-4D0B-9413-C69F97314260,,,,,,,ODN0000965571,z,right_only
D958B615-FAF3-444C-86A4-6D473C0A05E6,,,,,,,ODN0002196366,z,right_only
95BAACCD-1433-4726-AC11-6C210E6A8838,,,,,,,ODN0000603714,z,right_only
59884BDA-5DCC-47FC-A2AF-295F779959EA,,,,,,,ODN0005102493,z,right_only
B8899520-5A83-49AB-851A-F81B024F3353,,,,,,,ODN0005340636,z,right_only
C1567D53-116B-46C4-A0E9-A5EE81920162,,,,,,,ODN0005102506,z,right_only
C4115B09-0FDB-4271-BE80-EDF6DE62EE0F,,,,,,,ODN0001764742,z,right_only
37A80898-5162-46D5-B542-68DF8355217C,,,,,,,ODN0005340591,z,right_only
482B906E-8318-49EB-8711-656E1AA682C5,,,,,,,ODN0005340593,z,right_only
3F6A9A44-14D1-4ED5-AC63-BC2083E2FE10,,,,,,,ODN0005102486,z,right_only
7CFC4C62-6837-4A6A-99A7-B5431CE89DC8,,,,,,,ODN0005102511,z,right_only
FC4FE4BD-833C-4DAD-85DF-10FC847AF8B7,,,,,,,ODN0000603285,z,right_only
D669ADB1-A71E-4595-B68D-39C410A9B472,,,,,,,ODN0005340609,z,right_only
581EA3DB-F090-4DD6-9479-6D7A33FAF31B,,,,,,,ODN0005102519,z,right_only
F59CD07A-5EE3-4242-B5DA-C996BD1DAAFD,,,,,,,ODN0005340618,z,right_only
0FE08140-6810-4C43-9F2A-62B84C73742E,,,,,,,ODN0004815169,z,right_only
4EDBD39C-9DE8-45D5-A800-0BFE7F7BB413,,,,,,,ODN0005102553,z,right_only
C241E81F-7FA3-4A9C-81B9-AD0B873519B0,,,,,,,ODN0005102537,z,right_only
7603833C-A614-46F0-9BFF-FE8ABBDCCC58,,,,,,,ODN0004127846,z,right_only
8EDDCF45-91BE-4843-BB32-C8E05D79CC41,,,,,,,ODN0005102538,z,right_only
2D642D6C-EC96-4807-84CB-7E15F4B8E095,,,,,,,ODN0004395245,z,right_only
61240B36-3CD9-45BB-849A-2CFCD5F6D080,,,,,,,ODN0005102540,z,right_only
8C5A722C-086A-44CC-95EA-F235EC3EB1E9,,,,,,,ODN0005102566,z,right_only
9B2F5341-FA90-488F-A4D7-EB6C9CD76FEF,,,,,,,ODN0005102565,z,right_only
10EC0800-68CC-4368-8686-8CE5EB1DB99D,,,,,,,ODN0001381464,z,right_only
1F6C59C1-2995-47E1-B9B7-B281DA5F8A9B,,,,,,,ODN0005102594,z,right_only
DE181789-38E2-4FE4-9940-1A8A5ADC7AD1,,,,,,,ODN0005042285,z,right_only
51D0F830-5B69-4C8D-8D01-EA86E977E4C4,,,,,,,ODN0005340746,z,right_only
9DB34C51-F272-4BD4-895A-3F54699CE506,,,,,,,ODN0004825571,z,right_only
8E8B5AC3-A6DC-41D4-AE08-3AB5FC1AE134,,,,,,,ODN0005102612,z,right_only
1E98DEB4-9277-4B01-A268-1B47843A0343,,,,,,,ODN0005340743,z,right_only
796A6F8C-5C92-418D-8438-21FCA0A4DBC4,,,,,,,ODN0005359304,z,right_only
62A61409-841E-456D-98D2-EA6E7DF2B3BF,,,,,,,ODN0004128012,z,right_only
1DB7A809-5106-4DCC-83B2-B942C83FE212,,,,,,,ODN0005102637,z,right_only
559EFF28-EA3A-4DDF-819D-A2595A8B933D,,,,,,,ODN0005340809,z,right_only
D4AC05AF-5F03-458F-B398-116387857687,,,,,,,ODN0000207096,z,right_only
242BD8EA-C4FE-4C1D-9520-61B6402445F5,,,,,,,ODN0000080313,z,right_only
4E385C0F-D9C7-4040-B919-DF94ADF06ECA,,,,,,,ODN0001987112,z,right_only
4B47E359-6854-4178-AE66-663071973442,,,,,,,ODN0003602142,z,right_only
77BD45EA-A790-4421-8BC6-BD90D7C5BE5E,,,,,,,ODN0005454649,z,right_only
A700D962-00D1-4326-A72C-C0CE6E77C4FF,,,,,,,ODN0000729186,z,right_only
FC73DF26-A105-4859-9F8B-A6D8BDA87D83,,,,,,,ODN0000066125,z,right_only
DE83C70A-EB87-4B40-85FE-6DACB19BE368,,,,,,,ODN0001140256,z,right_only
E8A6B77C-D3F1-45AC-950F-597E244DDFCF,,,,,,,ODN0001140258,z,right_only
9673BD50-322B-45F4-A651-D3528B573732,,,,,,,ODN0001140262,z,right_only
F8C8120B-37F3-4CF5-AC16-2A8F996BF03B,,,,,,,ODN0001140263,z,right_only
9CC5BBBF-8496-45CD-9309-67351911F775,,,,,,,ODN0001140265,z,right_only
DB093248-6FC2-4961-B5D3-BBE9F89090B5,,,,,,,ODN0001140230,z,right_only
2D6E65E9-5CE8-487C-AF27-82A71422B73B,,,,,,,ODN0001140270,z,right_only
E4A6EAA2-8EDA-45B0-9CCE-BF6B8709C21B,,,,,,,ODN0001140285,z,right_only
AFC32790-54BE-4038-B55A-CD6742603A7D,,,,,,,ODN0000011119,z,right_only
8E21517B-1AEF-4920-BC87-FBED4C7716AB,,,,,,,ODN0001489237,z,right_only
0B7336AB-6C71-4020-B200-39337EA7E082,,,,,,,ODN0001140237,z,right_only
801CE060-D5DE-4256-B5C2-0454BD55F2FB,,,,,,,ODN0000011123,z,right_only
FF218648-381B-4A83-9441-FAD8295C480A,,,,,,,ODN0000011118,z,right_only
58B20A0D-2066-401F-9176-5D327CD06A41,,,,,,,ODN0000011117,z,right_only
428F8D15-1A9E-4A64-B48C-5103DD7C5C09,,,,,,,ODN0001517051,z,right_only
1636DBCB-06A1-48AA-B0BB-820636CD9AC4,,,,,,,ODN0000721185,z,right_only
1C81A5C6-A066-4A17-AA4C-AFC7EC410848,,,,,,,ODN0001140275,z,right_only
E968B6D9-17AF-4E36-8FD7-B798722C0187,,,,,,,ODN0001260966,z,right_only
20DF0D22-7C02-43D3-A59F-52A032DE9F05,,,,,,,ODN0001320717,z,right_only
DB1B664B-AC62-4CAA-AECC-D89F38D37A2E,,,,,,,ODN0000011121,z,right_only
8F4D0082-E99B-46F1-BF81-7ADBCC1B31DC,,,,,,,ODN0005102136,z,right_only
49B8F692-DD63-4F3E-8E02-7C67BA42C233,,,,,,,ODN0003035750,z,right_only
6C854C01-981A-4DF0-917C-5713F4FEFA73,,,,,,,ODN0005340348,z,right_only
74DD1EDD-EF43-4FB9-A8B0-E5DAF69C613A,,,,,,,ODN0005102131,z,right_only
E7193476-CC06-4E7A-9121-2D45B7F7F96F,,,,,,,ODN0005340343,z,right_only
9BDCEBC5-5A60-4F93-B4E2-FB9BCDFEDCA1,,,,,,,ODN0005102143,z,right_only
F709CD3C-52AB-41ED-8C13-1736843090A2,,,,,,,ODN0005102132,z,right_only
09D8DCC2-046B-48F7-826A-C0DC09429E78,,,,,,,ODN0005340352,z,right_only
ACD0FB52-D4F6-442E-87E9-A24CC1C76DBE,,,,,,,ODN0005102137,z,right_only
34A0EA94-8608-468F-B99C-ABF21D571B06,,,,,,,ODN0005102144,z,right_only
49F8AE46-1A74-44E8-873D-08F1EADA9905,,,,,,,ODN0004897008,z,right_only
28BF8E05-9343-4DE5-9F12-7C9CCFD7F9C7,,,,,,,ODN0005340350,z,right_only
AF88F9BD-A8F5-45A1-859A-2098F01141B1,,,,,,,ODN0005340358,z,right_only
88299AA0-9D2B-46CF-A0E5-EC604ED9B688,,,,,,,ODN0005102145,z,right_only
AD25F9A5-3777-45A6-815A-13A96F1AB20F,,,,,,,ODN0000011633,z,right_only
5F4F8FE8-A9C6-46B9-9BD8-6AEBC3C8B6C2,,,,,,,ODN0005244519,z,right_only
B5CA9E49-AACB-4ED7-90BC-6F84F063DAD2,,,,,,,ODN0002017103,z,right_only
9D58D88D-BF12-43B4-9B81-BC02981A51E6,,,,,,,ODN0002017105,z,right_only
D12E76F3-BDB6-4F9C-AB89-A6FAF563D6BC,,,,,,,ODN0002017110,z,right_only
8B14166A-3E9F-46D3-BAEB-F1FE48E1AC42,,,,,,,ODN0002017115,z,right_only
BDB7AE75-9BA4-4FF7-8DB5-6A96A9E25D4E,,,,,,,ODN0004760808,z,right_only
2E6AB1D0-4219-4E5E-994C-6F6F901EA119,,,,,,,ODN0003513637,z,right_only
0A6F1063-6385-4AC6-9428-5BEB8C68B1C0,,,,,,,ODN0004421911,z,right_only
B8F963A5-65E2-40B1-9864-492846146F0B,,,,,,,ODN0004261030,z,right_only
9D443AF1-D66C-4BC2-A7F2-EBCB359CCB6B,,,,,,,ODN0005667966,z,right_only
7ABD3041-F374-4E16-9D77-82D33E7B7ED9,,,,,,,ODN0004760619,z,right_only
84799414-C15B-440E-B8D2-19F20F2BD885,,,,,,,ODN0004367668,z,right_only
5F1635BF-7298-408C-9E72-8C844F40DCB0,,,,,,,ODN0005277899,z,right_only
92A77467-B64F-4C09-A2D1-B7AF33AF15EC,,,,,,,ODN0004576383,z,right_only
32B04528-2AA6-487C-8711-A20859015A4C,,,,,,,ODN0003866362,z,right_only
885A5D56-4920-4F41-88E9-A9E9D3E9B0DF,,,,,,,ODN0005278061,z,right_only
83F9B371-376A-47D6-9B2E-4336C14027F0,,,,,,,ODN0005278062,z,right_only
95CD7F76-8613-412E-833F-2429586432E5,,,,,,,ODN0005667972,z,right_only
0644C9F4-276C-49AB-B46B-D525C2B0AC5A,,,,,,,ODN0004888275,z,right_only
679ABEBF-0FF1-4666-9233-4BAFCB3AC1F6,,,,,,,ODN0004844668,z,right_only
0301F675-84CD-44D8-B103-126A536B50C8,,,,,,,ODN0003927538,z,right_only
75B1D0F3-27CC-4F39-B9D8-6F0E589E34B2,,,,,,,ODN0003866373,z,right_only
5AF1218A-058D-4105-AFA4-517B1C18CAA3,,,,,,,ODN0005564558,z,right_only
34F233C6-FED7-44A0-92A2-E49503E94D61,,,,,,,ODN0003866382,z,right_only
8D6AD09E-3505-412C-91C8-79A8F3DBDCE8,,,,,,,ODN0003513655,z,right_only
BE2CDA28-B261-4237-8475-23FE35B25C74,,,,,,,ODN0004540956,z,right_only
FEFDC219-CC46-4543-B51E-75B530C16F9D,,,,,,,ODN0004915900,z,right_only
DDAD16AC-A8B6-46B0-87CF-D2C61C2B3912,,,,,,,ODN0005680401,z,right_only
637EF3ED-F7C0-41BE-B004-1DA76DD2BC63,,,,,,,ODN0004888346,z,right_only
72F0547B-EA77-47ED-967C-8B9C0BB6B5CC,,,,,,,ODN0003892861,z,right_only
1C4320DB-1F9C-4E8C-B9D3-03EE6781F51A,,,,,,,ODN0001647506,z,right_only
79D51559-A55D-482E-9828-947E8ADEEEC3,,,,,,,ODN0000091667,z,right_only
0EA2C367-C846-4674-A976-F1800334D7D0,,,,,,,ODN0003169730,z,right_only
DB7E79D5-A6EA-402A-AD91-956AE085233F,,,,,,,ODN0002030249,z,right_only
88802C6E-198F-4822-8636-BAC62ADB973B,,,,,,,ODN0002707816,z,right_only
21E5A41A-9B82-457E-9E1C-80834CB8A298,,,,,,,ODN0000133169,z,right_only
E5AA8F8E-E655-4E8F-8DD3-E59EDB7F0CC7,,,,,,,ODN0001073619,z,right_only
904B886C-221D-4988-8F98-C687FB96ECBE,,,,,,,ODN0001994676,z,right_only
D1F75D5A-1CBE-41FA-911E-1F12394CC153,,,,,,,ODN0004888267,z,right_only
CA021A22-99F7-48A5-A2B2-83111502512B,,,,,,,ODN0002390786,z,right_only
60DC7F1E-6588-4679-A9DF-93AADBF7186C,,,,,,,ODN0005576358,z,right_only
52DAFA5F-6175-4C9A-861D-724BA911E250,,,,,,,ODN0002017143,z,right_only
45E84FFC-7027-47C3-B197-62267E620917,,,,,,,ODN0003037357,z,right_only
3465FDE7-F379-4BED-ACAF-F38D944421D0,,,,,,,ODN0003813532,z,right_only
128CDEB7-7239-4527-8585-58486E4EA2B0,,,,,,,ODN0005524049,z,right_only
13EBEC80-EC40-4970-97FF-C02F219FED7E,,,,,,,ODN0001994786,z,right_only
9FCCC6FB-33DF-47ED-9EAA-E1113A7C0E04,,,,,,,ODN0003037358,z,right_only
19D9E1B0-4140-4DF7-B02F-8CF37E66E0B9,,,,,,,ODN0005188385,z,right_only
2C0F2136-CA7B-49F6-A2D5-7262BD982CA7,,,,,,,ODN0000133662,z,right_only
E9A9CF88-5C4C-4F05-B0B6-0B981349874E,,,,,,,ODN0000133968,z,right_only
0ACB8A71-5562-4481-933A-2D5F3E4D7FCD,,,,,,,ODN0001994807,z,right_only
31684EDE-FF9C-43AC-85BF-3F881ED3B037,,,,,,,ODN0001541688,z,right_only
E51B464E-8589-4ED6-8591-B7AD59311084,,,,,,,ODN0002017224,z,right_only
4AD5F86D-E1C4-45D8-8D88-6B848586DA76,,,,,,,ODN0004760823,z,right_only
60FDD1CE-C943-4D24-B706-5C16C0BD9162,,,,,,,ODN0000253370,z,right_only
48640D15-548F-4CDB-9B74-3D4A792A9043,,,,,,,ODN0004599941,z,right_only
DD8A801C-0905-488B-BE33-78ED36819509,,,,,,,ODN0004760701,z,right_only
409813E1-C728-4E05-A86C-BCBCC914DD04,,,,,,,ODN0005391487,z,right_only
71CC8254-E15B-4894-A2F8-AB38D58B2486,,,,,,,ODN0004600063,z,right_only
F0060E4A-6DFD-42A6-BFF4-0A6BBEFE3644,,,,,,,ODN0000665141,z,right_only
2E72B5A3-F0AE-4C74-B8C3-1666C014FE1B,,,,,,,ODN0003573670,z,right_only
BDBA9366-CF76-407E-B657-0FB9FADA0406,,,,,,,ODN0002974228,z,right_only
783D447D-635A-4AE4-BCFC-08B584A55F8F,,,,,,,ODN0004760725,z,right_only
876D22E9-8917-4F8B-BD25-2F8AFDB8A250,,,,,,,ODN0002156001,z,right_only
54D8DF7F-F99C-489C-891D-20F25DF53DD7,,,,,,,ODN0005331730,z,right_only
1149D514-E4D1-414D-89F4-5FADA74DC408,,,,,,,ODN0002132940,z,right_only
266F2594-0388-45D8-90E7-9CD1BD13B8E1,,,,,,,ODN0002132945,z,right_only
7E778619-371C-4731-BE54-D933C00AC819,,,,,,,ODN0002132894,z,right_only
68AE1A34-F340-4791-9CF8-0C3E2AE3CEAD,,,,,,,ODN0002132929,z,right_only
5E2A23F7-D3B5-4D3D-AC04-6798DE54446C,,,,,,,ODN0002132950,z,right_only
021ACCD7-0276-465C-974A-4C721D44D6D1,,,,,,,ODN0002132974,z,right_only
89E680F1-7B55-43ED-AC6F-D0A7C562593C,,,,,,,ODN0002132861,z,right_only
7362C012-6053-43F1-AD3A-CA390980D8A1,,,,,,,ODN0002017221,z,right_only
A8453EF9-9D8B-465E-A313-CCABB6BC9227,,,,,,,ODN0002132960,z,right_only
27735B9A-B174-4698-9704-2DD2D657DEBC,,,,,,,ODN0000088223,z,right_only
DA9BF70A-8B13-4AE4-A109-D2B9D091EF06,,,,,,,ODN0004532350,z,right_only
2C6E48EC-1CFA-4668-A76A-39C605528554,,,,,,,ODN0001408147,z,right_only
BF7BDAD4-F36E-4A4D-AB8E-088BBA697189,,,,,,,ODN0000284308,z,right_only
CF9EDB64-1270-4359-9851-FFD2C9CB0E2A,,,,,,,ODN0005629377,z,right_only
42DE6291-C81F-403E-948C-70EA92586CAC,,,,,,,ODN0005802024,z,right_only
C3B7D8DD-35BE-44F6-8D3E-5DFC96CE1B12,,,,,,,ODN0001360464,z,right_only
5B850EC8-73F6-4F81-ACEF-14D1E19048EC,,,,,,,ODN0005749393,z,right_only
ED4567EC-9F48-4D46-A91C-87B6093A17CC,,,,,,,ODN0005256917,z,right_only
32549154-1625-40E7-9285-1FA4EDDBEC4F,,,,,,,ODN0004744104,z,right_only
7CE10AC7-908A-47B5-9124-AB8370DF3665,,,,,,,ODN0001073550,z,right_only
D2FBFA53-2B03-40BA-884B-ADAD2B91075F,,,,,,,ODN0003560922,z,right_only
BC4FC351-F330-4969-8B31-F0B007DB56AB,,,,,,,ODN0004233018,z,right_only
29294C76-4FC1-4C7A-B335-7E0FA42DB28A,,,,,,,ODN0004250852,z,right_only
6C39E020-A5C0-40B8-B49D-26FB80D9BB75,,,,,,,ODN0005237218,z,right_only
DCABDA90-59BA-4829-8832-B44A816B481E,,,,,,,ODN0005307947,z,right_only
2FDF883C-B02A-43CC-926C-3FEAD800E77A,,,,,,,ODN0002861955,z,right_only
AC323548-09FB-44B6-A29B-095C0731E01A,,,,,,,ODN0002861998,z,right_only
69932CC7-0F3E-4D83-B051-458ACD6AFB7F,,,,,,,ODN0000457314,z,right_only
78B4CAFA-3AA9-4D45-BDB8-CB740DA69762,,,,,,,ODN0005607448,z,right_only
9A5925F8-6707-4074-A824-F48317045CCD,,,,,,,ODN0001278545,z,right_only
92EC2DC9-C7C3-4073-891C-FE11DB3067B7,,,,,,,ODN0000457187,z,right_only
7ED9F4CE-BB0D-42C5-BDA0-D8952101F7FA,,,,,,,ODN0001160134,z,right_only
55ACF0DF-14CC-4E20-A1E9-DCB6FDE0AAAA,,,,,,,ODN0000014500,z,right_only
46D4964F-60C1-4F27-91E3-AA0CD614E85A,,,,,,,ODN0000536428,z,right_only
C248B5B1-E710-4D3F-A2A2-821E8FCD474A,,,,,,,ODN0001278539,z,right_only
267F8201-A890-4E1A-97F7-DCD652ADDCFB,,,,,,,ODN0001408201,z,right_only
D23DBB55-9CF8-4079-A433-35D73BF907CC,,,,,,,ODN0000664162,z,right_only
F624CD29-6558-4D3F-B0A8-887F9015753F,,,,,,,ODN0000912503,z,right_only
2E72EA44-085B-4F21-9BCB-6F590CF9DAB9,,,,,,,ODN0000798113,z,right_only
2D1F52BE-1366-41D4-A78D-8133F7DBBA6D,,,,,,,ODN0000451165,z,right_only
A6AE342E-16AA-41BE-BF6F-B38D27BAA61D,,,,,,,ODN0002015680,z,right_only
BB7B9F34-ED68-4B09-A27E-9B9CF7579213,,,,,,,ODN0000798119,z,right_only
115B968A-C50C-42BB-AC8D-29F5E4A8FCDE,,,,,,,ODN0001160190,z,right_only
C3B0C3E9-1A64-426E-85A2-2FD64C771FF2,,,,,,,ODN0002504693,z,right_only
1F4F3C5B-CE9D-4EBC-95CB-AE1FA4DBDA33,,,,,,,ODN0000701666,z,right_only
275DE742-2616-4BEB-8DF9-47354D25F444,,,,,,,ODN0001475781,z,right_only
716422A1-5290-49A1-A5E5-4C1157F22447,,,,,,,ODN0004500882,z,right_only
8DD5DCF1-8460-41AC-8EC9-DAA4D8112F29,,,,,,,ODN0005588729,z,right_only
E7F31FF8-3450-4CD9-986E-6F966E64D117,,,,,,,ODN0005042536,z,right_only
3E0F94E0-8C32-4439-BD52-5D49BB1315A8,,,,,,,ODN0005042537,z,right_only
E35A0DE6-9E6C-43EE-A15A-8E35B9F8F936,,,,,,,ODN0005274358,z,right_only
6B2D7BC2-B446-42E9-B655-2A37FEAAED88,,,,,,,ODN0004592873,z,right_only
0DA661B5-90D3-45D8-A5E7-E76824CEC258,,,,,,,ODN0004815319,z,right_only
94EDB416-0EFB-4A74-A8CC-5BCCAB21A89E,,,,,,,ODN0004245902,z,right_only
28F14CCE-FF83-4E91-BCCF-EFE824ED1561,,,,,,,ODN0005274443,z,right_only
B75436BE-F7CC-46F4-BC1A-35F2100D005B,,,,,,,ODN0004592915,z,right_only
1BECFE9E-7135-44CC-84B6-DEEB8F6B4B35,,,,,,,ODN0004815349,z,right_only
B7BFCFEA-558E-447D-9DA3-3222DFAAC8A7,,,,,,,ODN0004500968,z,right_only
0B603827-B18C-4CBC-BE7B-6E8B3A2833FA,,,,,,,ODN0005042441,z,right_only
A6694EB8-50D4-4A34-ADFB-BBCE8243B93D,,,,,,,ODN0005042566,z,right_only
6296335E-3A88-4CC6-8018-5CD5E0C9CDB2,,,,,,,ODN0005042456,z,right_only
354F8B38-02F1-4316-8D76-CEB2B139EA07,,,,,,,ODN0005042457,z,right_only
D2DEC77F-8316-4491-B4CB-D44119528132,,,,,,,ODN0005274606,z,right_only
F92BCE33-7B09-416A-B091-068D1AB8431B,,,,,,,ODN0004246373,z,right_only
DA4B697E-94D9-49DF-B9EB-D03C84F2C7F9,,,,,,,ODN0005042516,z,right_only
7EEBF679-B223-4F6E-A5F1-D303FFBF3ED8,,,,,,,ODN0001400415,z,right_only
8923F394-DC1D-4315-BDB7-868EDCD62685,,,,,,,ODN0005274865,z,right_only
02AC2C63-E21F-4DC5-BA78-F4568B7AB6BD,,,,,,,ODN0001967063,z,right_only
745DA3A2-ED75-4244-B815-EE537A925CBC,,,,,,,ODN0001899159,z,right_only
B1B07767-E713-4489-8B5E-949AB574BBEE,,,,,,,ODN0001966859,z,right_only
A32EBDDE-5DA6-4498-A77E-4A9C0AAA3F06,,,,,,,ODN0001898847,z,right_only
2CB43993-B5DE-46E0-B11F-F3E834033558,,,,,,,ODN0002185087,z,right_only
849AF44F-B4CC-4126-84C6-F607F9578EB3,,,,,,,ODN0002189283,z,right_only
219CEF6B-AE5C-4E91-AE78-DA92F3965016,,,,,,,ODN0001899106,z,right_only
4E2B475A-8DAD-4792-85C6-2CF71B01FD9C,,,,,,,ODN0001644777,z,right_only
748627A2-8ADD-409A-BC3D-9D3F4D8F5A8A,,,,,,,ODN0002189573,z,right_only
CF23670D-84C3-458F-9877-C6336CACDA79,,,,,,,ODN0000330288,z,right_only
E9EA99EE-4DF8-41CA-BBB7-012D39B2AFAC,,,,,,,ODN0005042534,z,right_only
AC3F0F66-80BC-49A1-BECB-34298D92535F,,,,,,,ODN0004592883,z,right_only
06F3640D-D63B-49A5-9982-B2C4A0F16B46,,,,,,,ODN0000571702,z,right_only
10AE357D-F0D0-4259-8A49-248FD05C777D,,,,,,,ODN0001055358,z,right_only
5DF678DC-A265-421B-9EB6-086177128347,,,,,,,ODN0000630348,z,right_only
8A6185DE-9CE7-4AE2-BB7C-090CE8D02679,,,,,,,ODN0000017456,z,right_only
9120C61B-816E-4A7A-9575-1E81A1C9BFE1,,,,,,,ODN0005042377,z,right_only
C0586716-07C3-4B6C-8C01-62B8DD35D66F,,,,,,,ODN0000330374,z,right_only
1C83C1D3-E637-4D1C-9441-4AC2AC615CAD,,,,,,,ODN0000330390,z,right_only
D3396A9B-EE07-49C9-A0F2-7E0FB9EA7F1C,,,,,,,ODN0004503209,z,right_only
93CBC232-CCF8-4A0D-A193-C06EA344D95E,,,,,,,ODN0000330489,z,right_only
FD3AA789-2FD3-494C-ADF2-A2DE1E02E1D2,,,,,,,ODN0005042499,z,right_only
0EA54B39-097E-424E-A371-9B9795C9AE98,,,,,,,ODN0005588366,z,right_only
8DA8F329-0BFB-41EF-A65A-5D7C4F2E3C9B,,,,,,,ODN0000571745,z,right_only
E237C165-EC35-4DAE-8F5A-22002DBEF8A8,,,,,,,ODN0005042272,z,right_only
28EC1D5B-94A7-4033-8881-2060182EFC8C,,,,,,,ODN0001055369,z,right_only
C229334D-7E90-4C4C-82FD-CC25F3DA0CE5,,,,,,,ODN0000571770,z,right_only
C5B9B4B0-A5C6-4D40-9E69-62411B5205A1,,,,,,,ODN0000667404,z,right_only
85668049-8207-4074-9110-DA7D838E4EC4,,,,,,,ODN0000571765,z,right_only
B7C3D413-F940-4B00-8C5F-8813FD838124,,,,,,,ODN0004245836,z,right_only
2346B93A-6F0F-434A-B14A-B8C5985C7E6D,,,,,,,ODN0005042302,z,right_only
86AC31C5-5B74-44FE-AA87-83FE55237E1C,,,,,,,ODN0005274741,z,right_only
6EAF7AFB-7329-4695-96CF-4933DE4C1B92,,,,,,,ODN0005274654,z,right_only
24D21503-E982-44D4-945E-5242D0A7450B,,,,,,,ODN0005042601,z,right_only
DC23BC48-AF21-481C-A5B7-8371E07A5FA6,,,,,,,ODN0005444047,z,right_only
BA9E9397-60E1-411A-A17D-058FBA4BD542,,,,,,,ODN0003818044,z,right_only
CA997311-C03E-475E-93F1-61BCA1517D82,,,,,,,ODN0005428126,z,right_only
9354C825-C0C9-4843-BCCE-37EFF30F894F,,,,,,,ODN0005444138,z,right_only
2D551413-F226-4415-9D38-35EE8FE314B3,,,,,,,ODN0005444135,z,right_only
D9607E4D-8828-4B3E-A879-CF9757D2F8D6,,,,,,,ODN0005444144,z,right_only
1F8BEAEB-5E1C-461E-B635-DE7AC5D54C05,,,,,,,ODN0005444128,z,right_only
4B570B19-3F6E-4DD1-B4AF-9B16D758810B,,,,,,,ODN0005444140,z,right_only
E69FA4AD-DEEF-4C86-AB88-5473E63AB243,,,,,,,ODN0005444269,z,right_only
42D1BAA2-EE8F-4FD1-B776-3264DDE766CE,,,,,,,ODN0005428127,z,right_only
F23EF4D5-5ADB-436D-AC9A-4A67B3EEA5CB,,,,,,,ODN0005444266,z,right_only
BE3C0E8D-27A2-443E-B300-017EBDA21A53,,,,,,,ODN0005444283,z,right_only
837C3693-4D32-44A8-81AA-3A8B5397E0FA,,,,,,,ODN0005444274,z,right_only
10B19D3F-C899-453C-94D8-4D40416D3BFC,,,,,,,ODN0005444281,z,right_only
DCA5B64C-0975-4246-8006-B1AABA73C7B3,,,,,,,ODN0002140631,z,right_only
3CE5F522-A49E-4B8E-A95A-8BA534786324,,,,,,,ODN0005274510,z,right_only
D3423440-9300-43FE-9F1B-61FFF6C5D210,,,,,,,ODN0005274562,z,right_only
B3C76A96-A251-471D-9BBA-85E8970CF436,,,,,,,ODN0005042464,z,right_only
B54FAA08-1812-43B6-A7FF-0A4A05D1DF79,,,,,,,ODN0000568634,z,right_only
6E383ED1-F31D-4E5A-9064-EB9A3D09E5E9,,,,,,,ODN0001557889,z,right_only
84582C9B-22BC-4317-BD27-B6CB68CE2941,,,,,,,ODN0004848299,z,right_only
7DFC97F8-B1B3-42F7-A06A-F804DEA1FABB,,,,,,,ODN0001200258,z,right_only
E3252222-EEFB-4FE5-B382-E1AC4E147D1C,,,,,,,ODN0004815221,z,right_only
2BD57783-4D62-4644-BA6C-A461BA1C2797,,,,,,,ODN0005042300,z,right_only
7D57BE3C-5C3E-40BA-92C1-23B894AC4DD6,,,,,,,ODN0005274355,z,right_only
84806FA5-3EC5-49A7-A379-5CA2E62F22C7,,,,,,,ODN0004500917,z,right_only
DC582E68-4443-4223-A870-97846B4E3582,,,,,,,ODN0004815294,z,right_only
7BFE1F18-6466-434F-BEA7-F2E2BF94FAA7,,,,,,,ODN0005274717,z,right_only
77A8479F-A667-4EE3-945D-63A567393B61,,,,,,,ODN0005042347,z,right_only
736F6541-B223-49D2-B1A8-4C4FF2EBFC6B,,,,,,,ODN0002412365,z,right_only
73D487DF-C158-422C-A7AE-D913B0ECC564,,,,,,,ODN0005042352,z,right_only
B396BBAD-63FF-474A-83F9-46147CA5634B,,,,,,,ODN0003441598,z,right_only
BEC4DC54-D6D5-4634-B0E6-05728E550A57,,,,,,,ODN0004815352,z,right_only
8628C263-EC6B-4B2B-9FF3-B31D2E90CB3A,,,,,,,ODN0003962349,z,right_only
E0C1253F-0711-4C74-B383-DF65D5DE7014,,,,,,,ODN0005042452,z,right_only
1A242A59-6523-40E8-9E53-8D5727B9B96E,,,,,,,ODN0003717982,z,right_only
2600FEA1-52C4-4A2E-86AE-6CDC0852B8FC,,,,,,,ODN0004593000,z,right_only
60CBA95D-926E-4714-A4EB-B7359347BE12,,,,,,,ODN0003962541,z,right_only
E0029B51-6951-4B72-9E66-4D8AC8DE3D1E,,,,,,,ODN0004246397,z,right_only
08EF50A2-0F9C-4038-849C-C2DFC6AA1C8D,,,,,,,ODN0005042523,z,right_only
FB80D3AA-FBD9-418D-8C82-B6BBF78BE7A0,,,,,,,ODN0003718145,z,right_only
2307A3C1-E118-48DF-803F-3B1E9179F67F,,,,,,,ODN0004815280,z,right_only
3CA8C6B2-8183-4CC3-A574-6AD8BAF3C3E3,,,,,,,ODN0004471502,z,right_only
CA96603A-244E-46D4-9DD4-BF12EED5F153,,,,,,,ODN0000284925,z,right_only
7102C130-BEC8-46BB-A1F5-86E66F1F60CC,,,,,,,ODN0000284926,z,right_only
DBACB35D-F6FA-4E66-915E-B776B3E6EAB6,,,,,,,ODN0000451575,z,right_only
7CBCCD2A-E520-4685-8685-981D08F912E8,,,,,,,ODN0000674514,z,right_only
0805E771-C30B-4E45-846F-D1E95C833574,,,,,,,ODN0001255866,z,right_only
CE69C75F-FD21-4A64-B535-9C68A72C43CF,,,,,,,ODN0005274423,z,right_only
95AD20D6-5637-49E9-B490-24843FFC445B,,,,,,,ODN0004245924,z,right_only
539C9B51-A7DC-4DE5-BE8B-0521CA505C50,,,,,,,ODN0004500975,z,right_only
395BF773-04BC-415A-B59F-624E039B5E16,,,,,,,ODN0000285502,z,right_only
C7B97A26-5CBA-4629-8504-24227FA233E0,,,,,,,ODN0005274552,z,right_only
106C26D6-909F-419E-9727-9F4945D5B8C8,,,,,,,ODN0002142450,z,right_only
7D2E6CFD-6FDE-4890-BE50-D34C2B5A4786,,,,,,,ODN0005274615,z,right_only
9315B41C-8DC6-4DD8-8B9D-A37D86770075,,,,,,,ODN0000312219,z,right_only
39FCAAB6-647B-4117-8AF5-51197968381E,,,,,,,ODN0000354656,z,right_only
40C6C301-5425-4E6E-BA12-FF4AECA2DBB1,,,,,,,ODN0002014964,z,right_only
B4EDEECB-BD81-4C14-A535-225BBF25CE81,,,,,,,ODN0002014981,z,right_only
A8B2A32A-F546-48B5-AA52-042733889474,,,,,,,ODN0002014986,z,right_only
5532095C-E922-4501-85E8-B4EF95CA5E92,,,,,,,ODN0001898760,z,right_only
D1932D36-8568-4751-A121-60FF51B19580,,,,,,,ODN0001928470,z,right_only
866C8B8F-587C-45ED-AD49-342A136C1FEC,,,,,,,ODN0001336463,z,right_only
A27FE53F-C0C6-4F8B-85E2-8E64A62D9DA8,,,,,,,ODN0002014568,z,right_only
E50851D6-CD2A-4C50-ACDE-E396A1E53073,,,,,,,ODN0002311040,z,right_only
FA7A6693-52A9-4FA6-9C88-E140580BD0CB,,,,,,,ODN0002311083,z,right_only
6B2F752D-34EC-4AD0-A13B-07342A1F3B10,,,,,,,ODN0004754458,z,right_only
BD1984DE-91A6-4F8F-A631-0A8BF7646C9D,,,,,,,ODN0002309651,z,right_only
0F00DB1C-7649-41B1-BC6B-931E32B72A75,,,,,,,ODN0002309741,z,right_only
B84E1316-13C9-4C85-83F3-BB30B4299F14,,,,,,,ODN0002310975,z,right_only
C04E4869-9DB3-4EF4-B0C1-544EF1AD7EF8,,,,,,,ODN0002632520,z,right_only
9F06CE4F-AA0A-40BE-A4A2-77407499383A,,,,,,,ODN0004414948,z,right_only
4247F91A-2EE6-4FB8-905B-D52333C18016,,,,,,,ODN0001742901,z,right_only
EA1EA393-6782-4E69-811F-376E2D60C9A1,,,,,,,ODN0004500899,z,right_only
8D8BBFA0-6BEB-4F0B-B258-03DF31B302A4,,,,,,,ODN0004592991,z,right_only
BD67E349-C315-46B1-9720-A6B352205B3E,,,,,,,ODN0001665189,z,right_only
DF1B970A-24CD-43BF-89F8-9BB1855C5FCE,,,,,,,ODN0004501177,z,right_only
699E2C89-5855-474F-B5E0-F104A7D1CC25,,,,,,,ODN0000288437,z,right_only
3E75DC94-7EF9-4220-A7E1-5F0CC415C558,,,,,,,ODN0000288680,z,right_only
15E1CD80-8BE7-4192-9DE3-190FBF623538,,,,,,,ODN0001746002,z,right_only
EE4E186E-DAE9-4D26-AF56-F7ECA3079009,,,,,,,ODN0001756558,z,right_only
171BDD64-6AA1-408B-939E-904071ABBB62,,,,,,,ODN0004592859,z,right_only
70EB086C-905E-413D-9746-F7D26EFCC1BC,,,,,,,ODN0004593075,z,right_only
DD6A1ED9-4147-4949-871B-A7914D9420E4,,,,,,,ODN0004592918,z,right_only
6EF76B0D-6598-4E8E-B499-49925946E59C,,,,,,,ODN0000285598,z,right_only
5065DCB5-082B-4BBD-B573-B100AC6C2FC4,,,,,,,ODN0004500859,z,right_only
77DA55E5-7837-4D73-96F0-441D08C58866,,,,,,,ODN0005588379,z,right_only
99FA9E89-99FA-4E63-80C3-0FB316C01D45,,,,,,,ODN0002139582,z,right_only
D0ACDC2C-044F-48E2-A0F8-A792BE3E7000,,,,,,,ODN0003216949,z,right_only
B750D0F7-F664-480A-AF1E-BEFEA7A58D4D,,,,,,,ODN0002139747,z,right_only
228D0D59-4F11-462A-8AC1-AE071F1627E8,,,,,,,ODN0005042543,z,right_only
39D93419-26BA-45E8-B733-B1CE741F8E5F,,,,,,,ODN0005274402,z,right_only
EB3FAE37-2143-449C-BA0B-DF129F2CBDD1,,,,,,,ODN0000285224,z,right_only
D28D4F67-8D9E-4542-A632-E97FA9AFD4D0,,,,,,,ODN0002582918,z,right_only
D3C389E2-17F3-49F9-8BC6-C7B592302A2F,,,,,,,ODN0000346232,z,right_only
F1B7ED8D-5D0E-4BF6-AC0F-F0869B93604D,,,,,,,ODN0005042440,z,right_only
5C4067DB-0E47-48D7-8F5E-56AB1C6FD7A0,,,,,,,ODN0005274575,z,right_only
96B24B70-433B-436B-8946-F3EB9428D7DA,,,,,,,ODN0005274749,z,right_only
57602020-5012-448A-8AA5-A0A049D9CE1B,,,,,,,ODN0005274752,z,right_only
6B2F7091-3A11-49ED-A70B-F60E8499B028,,,,,,,ODN0005274612,z,right_only
F54256FE-5583-48D0-8DBC-649A1191C729,,,,,,,ODN0002143250,z,right_only
4394780E-AB4E-43C3-84C5-A5E507E7F028,,,,,,,ODN0000504761,z,right_only
7650A440-6930-4944-8970-0D379CF22B41,,,,,,,ODN0002237300,z,right_only
E5DD0F42-28C2-40A4-8688-6E033ECAB0F3,,,,,,,ODN0001962837,z,right_only
0D48EB91-AF1B-4D42-A536-AAB9E611EAC7,,,,,,,ODN0001446422,z,right_only
B1212A43-D2C8-4F19-945B-CE1129762326,,,,,,,ODN0001001727,z,right_only
844CCA31-B658-4DB3-ADE4-C3687D47A3BA,,,,,,,ODN0001014545,z,right_only
9346FC39-4C78-47AE-846C-DF38AE70D5DC,,,,,,,ODN0000982447,z,right_only
40D93B5D-16C0-45DB-BCA4-C433E05EC0C4,,,,,,,ODN0004815616,z,right_only
A7522B74-B365-4C68-A0C2-429E37E190A7,,,,,,,ODN0000570224,z,right_only
4B7AECB0-0F80-4D76-BA23-3F5E85ECACEF,,,,,,,ODN0005042621,z,right_only
B831E495-69AE-4C2E-94CC-A889E0222F47,,,,,,,ODN0005042562,z,right_only
3C68BB8D-FEB8-4706-9423-0D57BCA3DDC8,,,,,,,ODN0005042501,z,right_only
EFC04234-6328-4B71-AB54-0D5F07F73253,,,,,,,ODN0005042502,z,right_only
27A8A49C-D4AF-4E64-8B53-936E6A0CDA81,,,,,,,ODN0005274850,z,right_only
B6EEE3F1-FFBA-470F-89FF-B4DCE63B0323,,,,,,,ODN0004500906,z,right_only
BCF3B3DF-7E64-4025-9657-67E5A0147E85,,,,,,,ODN0004500928,z,right_only
AB7FBF67-6F85-4308-880B-EE68CA87A559,,,,,,,ODN0000285155,z,right_only
238604DB-7815-4D05-B6DF-F651B46BA222,,,,,,,ODN0003249586,z,right_only
90421CA5-25B2-45E5-A9C2-2D42DC952951,,,,,,,ODN0000286043,z,right_only
51514D40-5D55-4C79-A25B-A70938E2BA56,,,,,,,ODN0000286249,z,right_only
A9154DA6-5901-4759-BB8C-CA202EC2D672,,,,,,,ODN0000286996,z,right_only
C451F0FB-E5BD-4EEC-AD75-D84271B59FD7,,,,,,,ODN0004815623,z,right_only
8EB0D7B2-9B69-4E58-914A-074BC196657F,,,,,,,ODN0001091340,z,right_only
E9F1ABC7-929E-4536-A249-03A65AE5A5CD,,,,,,,ODN0002582989,z,right_only
361110F2-A71D-41C7-BDED-39744F0FEF94,,,,,,,ODN0003249563,z,right_only
D88C4515-0A9C-4E57-BB7A-4EAEFD2DB26E,,,,,,,ODN0001914309,z,right_only
58D0E55E-3BC6-4906-88D9-E7811A5A0779,,,,,,,ODN0000621247,z,right_only
76ABF1D7-2891-4731-81EE-06025DC6BEAA,,,,,,,ODN0001010693,z,right_only
D0348765-6920-4B21-8B6B-ED99D90E96BF,,,,,,,ODN0002142392,z,right_only
C1FDE549-F136-4522-9499-FA2D92E43AC3,,,,,,,ODN0005588740,z,right_only
63C71336-245E-45CD-A9FF-AB09B46FFF63,,,,,,,ODN0005042316,z,right_only
7563C494-3F4C-495D-BFCA-975337D3E368,,,,,,,ODN0005588415,z,right_only
EAF6E0CC-90B4-48D6-805C-9A43EB82047E,,,,,,,ODN0005588433,z,right_only
D4AC493A-E0D7-4770-84FD-F5CC6FFD74FB,,,,,,,ODN0005588440,z,right_only
75C638D0-1369-4FDF-A780-362FF89B3CE5,,,,,,,ODN0005588441,z,right_only
82854C82-4FC6-493F-B5AF-9D97618DEFCE,,,,,,,ODN0005588446,z,right_only
1C2E462F-1601-4C57-B179-C0B7A916B28F,,,,,,,ODN0005274307,z,right_only
86E4F8E2-AF41-4DCC-B54A-7549CED56753,,,,,,,ODN0004815373,z,right_only
72CB2097-A588-45C3-979D-79953FD51BD5,,,,,,,ODN0005274522,z,right_only
5EEEC058-910F-4B4C-958C-C622A874E2B1,,,,,,,ODN0005588626,z,right_only
4155D9D4-CAE1-41B8-9C9B-2840B06EAA27,,,,,,,ODN0005588647,z,right_only
5ED47597-DD97-477D-9101-1B6D1B4AD4C4,,,,,,,ODN0005274638,z,right_only
BC9B19DA-6EA0-4C7E-A71B-A88540E0F434,,,,,,,ODN0004815483,z,right_only
7CF4AE9E-2EEB-473A-8034-7831AB794FE9,,,,,,,ODN0003042567,z,right_only
1C52BA42-4F09-45F9-AF74-9B6B0C5AA46A,,,,,,,ODN0002830213,z,right_only
7590394F-0754-4A93-969E-65EA32BADFAE,,,,,,,ODN0001643609,z,right_only
411FD1D8-54DE-4CE6-826E-AB792EEFA67D,,,,,,,ODN0002813714,z,right_only
787FBEC0-664C-4B5D-9453-E8077821B58C,,,,,,,ODN0003397728,z,right_only
158E6EA1-58ED-4FD0-979D-D402402F84F0,,,,,,,ODN0003281726,z,right_only
CE342708-CA43-483E-A102-A1FA300FDE8A,,,,,,,ODN0002813757,z,right_only
6292EFFC-497D-4AB8-A243-1B9E7C46A11A,,,,,,,ODN0001644002,z,right_only
448B581C-C0FB-432F-8A5D-DA4BBF4E0F4E,,,,,,,ODN0003313563,z,right_only
9A25BE83-E7BA-4BD6-AC9A-BD202BC5B142,,,,,,,ODN0002188942,z,right_only
0A0B7711-F290-49B1-9304-B5A52452B9FC,,,,,,,ODN0001644129,z,right_only
C4FAFB51-C67D-4D1B-8E2E-F8CF8779CE8C,,,,,,,ODN0003089667,z,right_only
31D3F2C1-9F08-41B1-A5B2-974EDB540943,,,,,,,ODN0003281763,z,right_only
8052AA0C-73EB-4866-AF97-5D4BDBC7A85B,,,,,,,ODN0003281771,z,right_only
6B1ED32E-6ECF-4336-938A-7E734CD53B23,,,,,,,ODN0001644333,z,right_only
353587A3-F656-4A5A-90B0-531F26A9DF31,,,,,,,ODN0002356130,z,right_only
D35F9CE8-C76B-452B-83A2-6543E6F47567,,,,,,,ODN0002670904,z,right_only
1E49BCEE-7648-4EAC-8D59-2692797FEE61,,,,,,,ODN0001188041,z,right_only
6E756E25-A11B-4E0C-97E9-6EE536314283,,,,,,,ODN0002181849,z,right_only
B8979943-035A-45FC-A172-1587F343E7C1,,,,,,,ODN0003281323,z,right_only
DFD6AB27-9EF2-4609-86BC-A696D8A03BF9,,,,,,,ODN0001751555,z,right_only
5480051D-1391-4961-A82F-D3496AD18540,,,,,,,ODN0001966779,z,right_only
C4A6A962-65D7-4054-A07E-DF47DB1F9CEF,,,,,,,ODN0001967085,z,right_only
64D88FEB-A4E5-48F5-83CA-968CFDD1F93C,,,,,,,ODN0001988038,z,right_only
CB78DBA3-E78E-4331-8545-497A1C19950B,,,,,,,ODN0004848499,z,right_only
A923ADFF-AA62-4CE2-90D2-761255CF34B7,,,,,,,ODN0003281574,z,right_only
4E15D301-1A7C-4075-AEE1-05F958A9E911,,,,,,,ODN0001967138,z,right_only
74FFF3CD-7BE6-4A6E-8E48-7B291116E0E6,,,,,,,ODN0002015488,z,right_only
EF46E885-5B66-4FD1-B484-B310479B5D62,,,,,,,ODN0001967022,z,right_only
CE048523-7316-4027-9D4E-E3FB6B1C2418,,,,,,,ODN0001967221,z,right_only
3DED8E7B-C42E-4BFF-A20D-23330E048769,,,,,,,ODN0001966872,z,right_only
64BC59D2-F680-4B21-915E-BAE296A31959,,,,,,,ODN0001683363,z,right_only
736B0ADD-DEAB-4E86-B9D4-B12CD2B7F760,,,,,,,ODN0002876107,z,right_only
B8E65E69-3AB4-4DA2-A409-1E45A65BCFB3,,,,,,,ODN0000914395,z,right_only
CBB6A87B-41ED-479A-8749-6342E0CF19BF,,,,,,,ODN0001272071,z,right_only
7FAD24EA-D973-4705-8FFD-B727CEDE350F,,,,,,,ODN0001363501,z,right_only
E2DDFE18-37A0-44A4-8AFE-1FE71CE5E7E6,,,,,,,ODN0003625144,z,right_only
8EBBB7C9-897B-4447-B748-2A74C69B7E2D,,,,,,,ODN0004501063,z,right_only
D39CE62F-A11F-4BD2-9A06-823EEF3925E9,,,,,,,ODN0001556909,z,right_only
75CEE021-77A9-426D-A7B7-B22FCC86BD95,,,,,,,ODN0001324636,z,right_only
690FB427-E3B6-48DA-A201-4D58B10E4745,,,,,,,ODN0000085955,z,right_only
F665C4E9-B9F9-4CA2-BCBD-2A7329DA9D54,,,,,,,ODN0000085954,z,right_only
31E62664-9E9F-40FA-AC43-8A1D0BF3556E,,,,,,,ODN0000086013,z,right_only
D34901F8-248D-405B-B4F3-8D8CBEA10267,,,,,,,ODN0000086014,z,right_only
7CCF18A6-735E-46A6-8755-544BF56D928B,,,,,,,ODN0000085962,z,right_only
AFEE1C76-7397-4725-8462-F43C25B922F8,,,,,,,ODN0000085963,z,right_only
DE89B73C-AAA8-42DB-886A-0B8AB3D65C6D,,,,,,,ODN0000086015,z,right_only
4824F244-2944-45D8-8E70-F0E6550247E9,,,,,,,ODN0000085966,z,right_only
29100768-0A89-4D51-9A7D-B13C510B0EA3,,,,,,,ODN0000085967,z,right_only
E641F044-2FEB-444D-9734-D2616B0F53C8,,,,,,,ODN0000086016,z,right_only
93E9CC37-3F74-48C4-91FF-459591829B94,,,,,,,ODN0000086017,z,right_only
B786E0D3-0068-488E-A430-4ECF69659361,,,,,,,ODN0000086018,z,right_only
F5737F0F-6CCB-4D6A-808D-8D8A9ABF88C3,,,,,,,ODN0000085969,z,right_only
C2E78FF0-935F-47DA-BAEB-E9A07E2DA588,,,,,,,ODN0000085970,z,right_only
DD01BCE8-813F-41CC-86CF-1530C0F8AACA,,,,,,,ODN0000085971,z,right_only
AB942CBF-340C-4159-B873-3773BEACE2A3,,,,,,,ODN0000086019,z,right_only
1A0B0A9D-39FF-46B1-9496-C742CF0F6134,,,,,,,ODN0000085974,z,right_only
A8BE7838-940F-4412-8003-E2E7774A4823,,,,,,,ODN0000085995,z,right_only
B20B812C-50F6-45C9-AE45-BD5A477F050A,,,,,,,ODN0000085998,z,right_only
48377ECC-B2B0-448B-A3C6-438F42E07A3A,,,,,,,ODN0000086008,z,right_only
6A8DD9F1-DD67-4B8E-84C4-F05E8E9FA88D,,,,,,,ODN0000118696,z,right_only
854A51AD-A30C-48DF-A0F1-5B969494D542,,,,,,,ODN0000141549,z,right_only
7E346194-837F-421C-9C6E-3557DE02ED29,,,,,,,ODN0000118702,z,right_only
F82215F4-7532-4A21-99AA-C82D7ED5CBBE,,,,,,,ODN0000056424,z,right_only
21EF90B2-AD98-47B9-9B46-3D06E9FCC6E6,,,,,,,ODN0000056403,z,right_only
1F58CA16-CF24-4265-BAB2-4DB2C571E66C,,,,,,,ODN0002462932,z,right_only
E5E3C837-AB6E-4DFC-BEBA-2B6AA5B9F2D2,,,,,,,ODN0000086007,z,right_only
37377F28-33D5-4E6A-B131-DD65DC4BE569,,,,,,,ODN0000085964,z,right_only
5B9BAF1F-0F33-46D1-AE96-330B538B1620,,,,,,,ODN0000146620,z,right_only
8DBC5020-B7F0-4A96-9343-047939BC4C9F,,,,,,,ODN0000086005,z,right_only
E1461598-829B-4B7D-BC6E-A158948ED085,,,,,,,ODN0000085958,z,right_only
10895BB9-8E5D-4FB7-AB98-787D45E3814E,,,,,,,ODN0000085986,z,right_only
76667E9A-16BC-4B4A-8F9D-401D2F6A29CF,,,,,,,ODN0000086004,z,right_only
5D380338-820F-4EC3-BAA3-668B6BF49170,,,,,,,ODN0000086010,z,right_only
7EE672A6-A8D7-44B6-A3F4-0B09DE87C6D8,,,,,,,ODN0000086024,z,right_only
67E9CF4F-C9E0-4C19-AA40-342B1255FDA2,,,,,,,ODN0000070047,z,right_only
DCD6CF3C-BD1F-4276-88D8-4D1C4EE546F1,,,,,,,ODN0000085965,z,right_only
28005B50-1D02-4B95-B521-A2B89990A0E8,,,,,,,ODN0000085984,z,right_only
CE4A4231-D68A-4D1A-BD00-3C0700A968D9,,,,,,,ODN0000141558,z,right_only
B84055B7-B8E3-406C-B2DF-501CCBCC4AEC,,,,,,,ODN0000014744,z,right_only
33F52A25-9EC4-43E6-AB72-B1EB7536F520,,,,,,,ODN0000014776,z,right_only
CD3C9010-FDA2-45C1-A289-6FF1132D0196,,,,,,,ODN0000024720,z,right_only
45B14F74-98C5-4EC0-ADFD-979F2A94AA54,,,,,,,ODN0000022813,z,right_only
2E52B7FF-1156-4E09-AB3B-94385D77970E,,,,,,,ODN0000022883,z,right_only
FA350B51-70ED-408A-A4E9-301DCCAFD4A9,,,,,,,ODN0002232503,z,right_only
0497668C-47A7-4D02-84B8-1E74A930F083,,,,,,,ODN0003949450,z,right_only
C4E48BA5-878A-47BE-ADD3-8B1F3B277EC1,,,,,,,ODN0000053002,z,right_only
69452242-4C32-477F-B46D-9767DC1F59CC,,,,,,,ODN0000087147,z,right_only
575E1CD9-DE12-40E0-A1C2-E3D625391BBA,,,,,,,ODN0000066262,z,right_only
991FCFB3-2696-402A-9795-5CFF5E197FCA,,,,,,,ODN0000087144,z,right_only
C561FBFA-9801-4834-9D21-02F44069F2FD,,,,,,,ODN0000094926,z,right_only
34477C84-4376-4665-B26B-4E783073FF59,,,,,,,ODN0000066261,z,right_only
5A0F0B78-C400-4428-8482-DABD0F32D350,,,,,,,ODN0000066330,z,right_only
41ECF0DC-4D7D-45F0-866F-6D81EBBCECDE,,,,,,,ODN0000087145,z,right_only
73DCEC4B-950E-476E-920F-A55C8AD9F645,,,,,,,ODN0000087149,z,right_only
981BFBC6-C509-4B46-B91E-ECD0D285D10C,,,,,,,ODN0000066346,z,right_only
B4D5ED57-CED3-4F22-9A1A-9B441A714283,,,,,,,ODN0000087148,z,right_only
F5C5B4E3-8C14-4DA8-B219-8A279B43AC69,,,,,,,ODN0000091452,z,right_only
7B5A5C56-E3C0-4607-BE83-AE6F8F55B724,,,,,,,ODN0000087150,z,right_only
D9E50127-C086-447A-AEBF-EC0725B3B5BB,,,,,,,ODN0000061544,z,right_only
F8FBC952-71E8-49A9-A669-34CFF43F5E9B,,,,,,,ODN0000061558,z,right_only
A57E8DE4-D093-4F9B-96F2-33C4F9C244D7,,,,,,,ODN0000061832,z,right_only
1D8AC20A-C5BB-4E97-A0B6-F23447357D56,,,,,,,ODN0000095004,z,right_only
B3CDED2B-66F9-4A37-AED3-EEABD2F9CDC3,,,,,,,ODN0000061553,z,right_only
D0828FB6-945E-45CF-B8C8-9748BE820495,,,,,,,ODN0000091453,z,right_only
CD483BB1-DB58-48FE-9813-82C87AADC25E,,,,,,,ODN0000094844,z,right_only
4726A6AE-EEB6-4A0E-AC0F-25FADAC18416,,,,,,,ODN0001058379,z,right_only
4B9160B5-FA62-4BE5-B5A1-71DBFD1AF727,,,,,,,ODN0000322024,z,right_only
A0A7E486-F8BB-4D0D-9844-14EB93CBCD2D,,,,,,,ODN0000058183,z,right_only
25B12443-236F-40C6-B14B-460245D55771,,,,,,,ODN0000058705,z,right_only
DCE2B989-B600-41F2-8D59-737C84C59ED5,,,,,,,ODN0000058182,z,right_only
8A24EC8F-47E9-461C-829D-044F97ABD061,,,,,,,ODN0000054712,z,right_only
E8A1AF99-EF15-4197-B91E-08D956DE0CB3,,,,,,,ODN0000055967,z,right_only
BF7CC01C-2A0C-446E-B13A-CB87F46D5275,,,,,,,ODN0003247409,z,right_only
8B2239C5-D90C-4BCD-95D5-2128B34639B0,,,,,,,ODN0001440567,z,right_only
CB75849F-9B87-4E97-B3A4-92BA7F20E1B8,,,,,,,ODN0001152306,z,right_only
30C72040-53F4-4895-9BA2-CC8830DD6D1F,,,,,,,ODN0004763099,z,right_only
6DD13D2A-CDB8-41CE-A778-F5DD56108428,,,,,,,ODN0003261539,z,right_only
223922F9-693D-40B1-AD75-7A31C3ACC5B8,,,,,,,ODN0003261565,z,right_only
1E3E847C-25B2-4C72-8CBC-1E6068849852,,,,,,,ODN0003946752,z,right_only
51E36C35-F6C3-4FB8-948D-F9542E9FC2AD,,,,,,,ODN0000118494,z,right_only
5AEA8E8B-ABAB-4B92-93FA-C5FC3E868A97,,,,,,,ODN0000059680,z,right_only
12E69BBD-1268-45AF-B756-114CDCF1EC3E,,,,,,,ODN0000109585,z,right_only
040E0576-40AD-4991-A7DD-5F7443BF91B4,,,,,,,ODN0000060037,z,right_only
CE403B2B-25FF-41C2-AA9A-EA2AA670A5D9,,,,,,,ODN0001043939,z,right_only
69A9601C-1463-4D98-BF62-7535C7B08701,,,,,,,ODN0004884086,z,right_only
FD3EF1B0-EAE4-4EF9-B4F6-7D346AF076F9,,,,,,,ODN0003359995,z,right_only
0E3A6E69-1FD4-4D34-B222-652E0455F41E,,,,,,,ODN0005116199,z,right_only
8279C999-92C4-438C-A047-E82FAD603B10,,,,,,,ODN0004787708,z,right_only
3EC36143-AA15-4933-AC7D-C9F83CE457A1,,,,,,,ODN0004837713,z,right_only
3D2CBF85-272D-45B6-9EA3-9C2D71BB144C,,,,,,,ODN0001045049,z,right_only
28811DB6-837A-478A-93F0-915D8B43D663,,,,,,,ODN0003609489,z,right_only
B51E81CC-4302-4B1E-A946-27C64D7B5895,,,,,,,ODN0002854359,z,right_only
4F749ADC-D55A-48DC-9B5D-9D39D8A98732,,,,,,,ODN0001044804,z,right_only
712F8FB3-BCEE-4D5C-A796-CBECA9560329,,,,,,,ODN0001895798,z,right_only
4328D664-2DFF-4922-8ED1-EC899B436F9E,,,,,,,ODN0000573363,z,right_only
02785C8C-E16C-494A-B51F-D85899192700,,,,,,,ODN0003758814,z,right_only
1116049E-33DC-424A-A2E9-E27BFD8DCFD8,,,,,,,ODN0004187581,z,right_only
2CB4FC08-D1A4-4595-944D-EC6BA301AF34,,,,,,,ODN0003148488,z,right_only
EA2E829A-583C-4630-9861-A32B5953347D,,,,,,,ODN0004489098,z,right_only
CAFEDC39-2418-4812-806E-2FC028DA0113,,,,,,,ODN0004027329,z,right_only
3D8EBAD9-DBC2-4737-9BC1-384633CBB758,,,,,,,ODN0000573604,z,right_only
96110945-087C-40D7-A162-6E24113813AD,,,,,,,ODN0002012328,z,right_only
93E7BEAE-A9B7-45DC-AF31-3A8089121FD2,,,,,,,ODN0002287348,z,right_only
1496892D-52C3-4C73-8FAA-280A90218A92,,,,,,,ODN0004787800,z,right_only
6CCBFFDD-5402-4940-8476-4D69EA5966B6,,,,,,,ODN0004815182,z,right_only
0ACE4A85-0699-418C-8ECD-3D7FD3B057B5,,,,,,,ODN0001691172,z,right_only
F3E41704-5B90-4205-A2F8-B857EB46F59D,,,,,,,ODN0004187607,z,right_only
20D2DEA6-2788-413B-A672-A85F98F5BB56,,,,,,,ODN0004489132,z,right_only
66A48EEC-B321-4112-9DD5-4570A2FD5ECF,,,,,,,ODN0005116233,z,right_only
04E95490-8F25-4C5D-978C-2C9CC0566427,,,,,,,ODN0004787768,z,right_only
EE7844CA-108F-4F5C-AA14-B34BCABDEA94,,,,,,,ODN0004876552,z,right_only
FE44A5ED-E3BF-40F5-AC61-4B9D1E10D984,,,,,,,ODN0000573045,z,right_only
5B8D2F69-9997-487C-B29D-089541ED6AAC,,,,,,,ODN0005216198,z,right_only
8664A976-5922-46FF-B3AC-3A323A78F4B9,,,,,,,ODN0004815183,z,right_only
CBBB83D3-4E36-4D6B-AF0F-BBBD1DE931E4,,,,,,,ODN0003707263,z,right_only
A08EDBE4-9B1A-4BC2-A767-A0436DA056E9,,,,,,,ODN0003707266,z,right_only
C2A2C4D8-0B33-42F4-9BEA-A05327F72020,,,,,,,ODN0000574783,z,right_only
DA0E38E8-595E-4C0B-8F03-74298958CFF5,,,,,,,ODN0003758841,z,right_only
3451340B-0382-4633-855E-00E4D38953AF,,,,,,,ODN0004027343,z,right_only
7C7F392C-03AD-4164-8465-A9DD4DC89E52,,,,,,,ODN0002946860,z,right_only
00C781E3-E226-40C5-B62F-9FEE8E4E4E6B,,,,,,,ODN0001045115,z,right_only
04CB4E6F-A253-4A02-B2C1-F99420298310,,,,,,,ODN0003758844,z,right_only
2B9DFB3C-EFBE-49D3-967F-36B090B96910,,,,,,,ODN0003758845,z,right_only
769C267A-8DF4-4617-BDB3-68B5C55C0B2C,,,,,,,ODN0005116243,z,right_only
29A3A0EB-82BB-4FB2-813E-2CC82BE6E662,,,,,,,ODN0005116244,z,right_only
0DA967F6-D01D-49EC-B31B-196D1BD41CA6,,,,,,,ODN0005116245,z,right_only
119CEBF9-D3ED-473B-A4F0-C0B9FB079366,,,,,,,ODN0005116246,z,right_only
55A556AC-0EF4-40AB-ABE5-AB61C9600DF7,,,,,,,ODN0005116247,z,right_only
80081B28-20E5-42AE-B797-3E67F72889DE,,,,,,,ODN0005116249,z,right_only
0B17E5F3-E634-44EF-9E21-7F9681AAACAF,,,,,,,ODN0005536482,z,right_only
D584ADD2-A9D2-4AAC-AD8A-AD8AF29DEB29,,,,,,,ODN0005116206,z,right_only
F2B26F7A-A6FB-431A-A2C6-64BA85252347,,,,,,,ODN0005536483,z,right_only
0B99989D-C448-40B2-B90B-0AD8D6AB07B6,,,,,,,ODN0005294311,z,right_only
53D5BAE0-9A26-4449-9526-0690FF06225A,,,,,,,ODN0005116252,z,right_only
D1C25BE0-3F84-41CA-B5F7-939C98A5C747,,,,,,,ODN0005231919,z,right_only
BF4677D3-F0ED-431F-87EF-46ADB23A6447,,,,,,,ODN0005116223,z,right_only
1DD1B65C-CD02-410D-85E7-8CE6571F2C43,,,,,,,ODN0004528228,z,right_only
8C1AFEFD-01CF-4266-B6B4-ECEF8433A070,,,,,,,ODN0005116224,z,right_only
A499D997-7AAC-4A80-803D-C28D9BAF1004,,,,,,,ODN0000573797,z,right_only
D4D46798-DF71-4314-99AF-F57E5336DEC2,,,,,,,ODN0000574526,z,right_only
124A564D-AD1F-49FC-B595-AB5FF32A6823,,,,,,,ODN0002001609,z,right_only
7C961430-5437-4E6A-A75A-1A54E2B3BF90,,,,,,,ODN0001547203,z,right_only
55A4CBAA-13C7-43A2-AFB0-2C070D4E8454,,,,,,,ODN0005676391,z,right_only
35111923-1144-464B-9AE5-AD6B3E9F3BA4,,,,,,,ODN0004787772,z,right_only
7C9BC332-9041-4C74-9DF8-D55A47C6C5E9,,,,,,,ODN0004787797,z,right_only
75609FA1-80AD-4AD6-B46D-93A5669661E2,,,,,,,ODN0005116236,z,right_only
71152422-7A99-4871-8B44-A7A83A75E5A3,,,,,,,ODN0005116262,z,right_only
C85C785E-4FFB-46D4-B12C-5AB8E298E9E4,,,,,,,ODN0002046661,z,right_only
9F68EB26-C1AA-43C5-84A4-7AE5C57AC4BA,,,,,,,ODN0001425289,z,right_only
F50F25BE-5F12-4315-B0F3-32C183F6C9A6,,,,,,,ODN0000573463,z,right_only
D3324D9F-170F-49C3-918B-C2B0D1E6D3DA,,,,,,,ODN0001044087,z,right_only
5B34EB56-DCF0-453C-A508-5EEDA5CFCDD4,,,,,,,ODN0000573592,z,right_only
EC8DEA6F-E157-4DD5-87EB-8C2C45E8A0F1,,,,,,,ODN0001546603,z,right_only
4C5029E2-D2CC-4DC1-88A6-2F36F494622A,,,,,,,ODN0004787791,z,right_only
377E4F6D-FBC6-4793-BC16-496286190500,,,,,,,ODN0000573681,z,right_only
80BFADA1-33B3-4AA0-A896-2850CBD516CD,,,,,,,ODN0002028557,z,right_only
16931107-F065-4437-8E13-BBF0D3568964,,,,,,,ODN0003742615,z,right_only
D04FAFDC-8B66-42E6-908B-DDDA9194906D,,,,,,,ODN0000574517,z,right_only
23C103D8-E40B-4E71-9548-CD1A13C3679A,,,,,,,ODN0001433530,z,right_only
3B436E31-F971-4FD7-B4AB-642A2B6630F8,,,,,,,ODN0004787801,z,right_only
5EDB5C7D-2951-495D-86EE-1EF8B6FDAF43,,,,,,,ODN0000713137,z,right_only
EE1251D0-4325-470C-A404-DA7DD79960D4,,,,,,,ODN0002001610,z,right_only
B08104F6-97CF-4A27-81BF-BFF7FFC60D1A,,,,,,,ODN0002032131,z,right_only
E3CC360A-CA39-4F20-BB57-979E3466646B,,,,,,,ODN0004187639,z,right_only
C6226E18-4435-4C6E-BE43-30179DA77AF3,,,,,,,ODN0005116255,z,right_only
14310064-0638-4642-9413-EA490FE71032,,,,,,,ODN0001547289,z,right_only
32C4456D-C325-4331-9E48-242EAC895530,,,,,,,ODN0000074566,z,right_only
7ECAB519-7D38-46ED-B76C-380EE2B6DDA7,,,,,,,ODN0000064863,z,right_only
5768760B-8315-46D1-BCCD-7B7B67F29B83,,,,,,,ODN0005658441,z,right_only
CD4A87F7-D698-4C40-9AFB-65492D1A922F,,,,,,,ODN0005702067,z,right_only
4D07F844-AF25-4FDF-8E37-E0BB6586CA7F,,,,,,,ODN0005801743,z,right_only
11203ACE-DA8F-45A3-ABCC-295511BC4382,,,,,,,ODN0005800540,z,right_only
53C3309B-6A52-413E-AAA9-81D6D00884B6,,,,,,,ODN0005723405,z,right_only
440CA1A5-5053-4DAC-8BF3-B002DE48BC87,,,,,,,ODN0005658438,z,right_only
4544308F-5863-44D0-9E6C-13BD3344F4EF,,,,,,,ODN0005642388,z,right_only
E36C1A1B-C95D-4B23-A295-2A497EE849BB,,,,,,,ODN0005723408,z,right_only
E3B72317-4CFB-4F53-9D33-C7A75340B2A1,,,,,,,ODN0000062570,z,right_only
5D86F6D9-B1B8-4096-BD6D-DD332EBE624D,,,,,,,ODN0000064969,z,right_only
294E7FBF-E328-46F1-A0F4-8580D5F1A889,,,,,,,ODN0000893648,z,right_only
DDD63119-0AB5-4CDA-B8F3-54B1BF21863E,,,,,,,ODN0001284682,z,right_only
A67C007A-7267-4BBA-B74D-38E4DD64CE4E,,,,,,,ODN0002585764,z,right_only
B6D09529-97C7-43C6-A3F7-334B87738F77,,,,,,,ODN0005536168,z,right_only
0E13CAA1-8976-4271-9E1E-BE83B619B0E5,,,,,,,ODN0005536171,z,right_only
AB06F8A4-0BDD-4FC0-9F18-52C5482F7F28,,,,,,,ODN0000479499,z,right_only
7E37BC9A-7DFB-4844-87F1-C1CCAFBAC7F1,,,,,,,ODN0000323008,z,right_only
8C721F24-A965-4AAD-A8B4-47A3E2AEFB87,,,,,,,ODN0004502728,z,right_only
52AED6F2-4787-4D97-96AB-FB42A75E7EE2,,,,,,,ODN0005561895,z,right_only
F6307937-875A-4816-A7C8-BECD35C8430F,,,,,,,ODN0003079200,z,right_only
DBE301F5-DBC9-4FDE-ADAC-1FE348A8F4D6,,,,,,,ODN0002900899,z,right_only
6A787237-7BE7-428C-82C2-52666D066DB2,,,,,,,ODN0004476013,z,right_only
3EFF1C28-14C9-4EF1-B6C2-642A0F3BB7D9,,,,,,,ODN0000106986,z,right_only
23BC0795-D08F-4DC4-8379-CE6A8F1CE1EE,,,,,,,ODN0002077537,z,right_only
A6AD0462-F42B-4809-A3C6-03A5364449CC,,,,,,,ODN0002033092,z,right_only
03AE6E9C-A1F3-45BE-B844-7963C0181BF0,,,,,,,ODN0001367478,z,right_only
B4E631F6-16CB-4674-B8F0-904D51045700,,,,,,,ODN0003079074,z,right_only
84DE10C7-4324-4B63-9701-9AC853E9CA64,,,,,,,ODN0003079075,z,right_only
8864A072-EF6A-4C09-AFE5-7B31B05CAC46,,,,,,,ODN0004207181,z,right_only
385D4784-7C3B-4E2D-9DBD-A47933B68BE0,,,,,,,ODN0003464472,z,right_only
7D4F492F-48CD-456A-A1A8-832E65D39B49,,,,,,,ODN0003079076,z,right_only
632420F1-836E-46AA-8D20-E5DEC0F5E8F3,,,,,,,ODN0003079086,z,right_only
7B5E2CA0-FD01-440E-B8D0-653871089683,,,,,,,ODN0003626558,z,right_only
EEDBC2E6-2CD5-417A-9AFB-9FC12BAC4A01,,,,,,,ODN0003626560,z,right_only
1E3598D7-B68C-481D-B574-3F0F16E4B5F0,,,,,,,ODN0003626561,z,right_only
12C89BBA-0C9D-4087-9604-D521823FC37D,,,,,,,ODN0003626562,z,right_only
5803B5E5-D699-4A09-9F4F-C38B9D117C69,,,,,,,ODN0003626563,z,right_only
EC80394C-0A3F-49F5-8F8D-CCD7D66AD280,,,,,,,ODN0003464490,z,right_only
34962590-E9F7-4E72-9F74-2297716EE04F,,,,,,,ODN0003951312,z,right_only
54E18124-EB44-490D-8286-3BE3F14A5961,,,,,,,ODN0003951314,z,right_only
7030FFF4-7198-4045-B0D4-193FB64EE910,,,,,,,ODN0003626564,z,right_only
D3424F16-51C5-4F23-81C3-25B198EF56D5,,,,,,,ODN0003951315,z,right_only
54FAB8EB-8A9E-4ED5-AAEA-B295AA432E55,,,,,,,ODN0003951317,z,right_only
F365CEE1-FB44-4673-91CD-BC846DA83B3B,,,,,,,ODN0004842435,z,right_only
B48D47C8-8455-4A6C-AA54-BCCA729DE02D,,,,,,,ODN0004842437,z,right_only
79F05926-8920-4A04-A29B-FBB5320CD0B2,,,,,,,ODN0004842438,z,right_only
6C6E553C-5D14-404B-A093-DA82D5D009A7,,,,,,,ODN0004842440,z,right_only
81DFB5F6-1AA9-49FD-8F81-8AC2181DBC6C,,,,,,,ODN0004842442,z,right_only
6AF82EA2-4109-4AC1-A888-787C074B5211,,,,,,,ODN0001049441,z,right_only
97F7519C-5BC4-4FF4-BB66-7F78F844E4F1,,,,,,,ODN0003464667,z,right_only
A114676C-B60B-43C9-A841-8716F2A7E36A,,,,,,,ODN0003464670,z,right_only
2583E68A-AF28-4CA7-8426-6987AEDBAF9D,,,,,,,ODN0003626627,z,right_only
281057AE-8A07-474F-AEF7-018ACCFF1C45,,,,,,,ODN0003464672,z,right_only
C48B76B6-7806-4DBD-9363-E7B0D6D2B7A2,,,,,,,ODN0001049614,z,right_only
0DB7664A-0F0D-4408-A3EA-3B951DA5570A,,,,,,,ODN0001907892,z,right_only
E9AB1910-5D89-46FD-9DD7-B82C068672FA,,,,,,,ODN0000258311,z,right_only
B4D52AB6-CD28-4CCE-B7EB-A4CFC90E4647,,,,,,,ODN0005560686,z,right_only
01E6C55F-ACD7-4F7B-BC19-F0D9B66EBFE5,,,,,,,ODN0003464578,z,right_only
E27465D8-2906-46D9-A1F5-582E13B1C146,,,,,,,ODN0005407950,z,right_only
CF1AC3FF-3CBA-414D-AD56-645F3875A24D,,,,,,,ODN0003218671,z,right_only
332D8386-0E9C-4E74-80FC-FB5AB74A9FF7,,,,,,,ODN0003465032,z,right_only
8E04664B-57CC-4084-9485-D8F0E84DB2BF,,,,,,,ODN0000144547,z,right_only
1FBEE0BE-D7E3-446D-8C5B-8CB65A874E35,,,,,,,ODN0003626796,z,right_only
2427FB00-7CF3-458C-B5AA-06F78526C980,,,,,,,ODN0004842447,z,right_only
038501B8-90A7-4E55-B3C6-ED1299B8EDF4,,,,,,,ODN0005561841,z,right_only
6040535E-B614-497A-A7E2-64CECCEADD3F,,,,,,,ODN0003465210,z,right_only
6EA5A61B-7A49-46FB-AB7D-0E366AEBE46E,,,,,,,ODN0004843157,z,right_only
5B906142-D9D1-455D-8704-9F3E276CB228,,,,,,,ODN0000109510,z,right_only
A1AA5645-5934-489C-8A0F-9634ED9B16C4,,,,,,,ODN0001528637,z,right_only
E0AAC128-A79D-4416-84EE-7FB49CB88F84,,,,,,,ODN0002398359,z,right_only
410D61CD-5105-4409-82A6-950BC17B6CB9,,,,,,,ODN0004207400,z,right_only
7EEE2A37-48E9-4AD2-87F9-4FDC1E1FECAC,,,,,,,ODN0002718791,z,right_only
2A7C4C3D-2232-4217-8C70-937FCD554519,,,,,,,ODN0005129216,z,right_only
5AF686A6-33B2-4F31-9296-D0CE8F8772B9,,,,,,,ODN0004475978,z,right_only
96C3F7DF-8FC7-4B57-9460-F56C1E70F84D,,,,,,,ODN0004842557,z,right_only
BF411643-57FB-40A4-B9A7-7D1E3D76FCC1,,,,,,,ODN0003079201,z,right_only
9914CBB6-0A1C-4DF3-A992-85C1ED47ACB6,,,,,,,ODN0003890762,z,right_only
91BE30F2-AEA6-4269-9BD6-32E92C332F0F,,,,,,,ODN0004843185,z,right_only
BA94B4FA-BD84-4CF0-A12A-024FA37B7107,,,,,,,ODN0004820052,z,right_only
525C0626-68C4-4C8B-BBCD-CCF06511BE48,,,,,,,ODN0004820058,z,right_only
BE0ECCD0-F5DB-40E4-9BF1-071CA2963FF5,,,,,,,ODN0005561604,z,right_only
3FE3F2C9-17EC-4038-A547-EA9BECBCC3C7,,,,,,,ODN0004820103,z,right_only
478199D7-76F0-49A5-B272-A23BAE8E42A1,,,,,,,ODN0000070410,z,right_only
B865EE08-2CB9-4EBC-947A-A208D6405F9B,,,,,,,ODN0000072052,z,right_only
1118B8F8-5B23-49B1-9A71-52E37EF8EAC2,,,,,,,ODN0000070527,z,right_only
C8DEDBCC-9682-4B4E-83C2-BC764F2163CC,,,,,,,ODN0000070615,z,right_only
7E23BA48-AA1F-4A81-9E21-BC8EDE99F65E,,,,,,,ODN0000310541,z,right_only
82FA9DD2-5BAD-47B6-B93B-34D793E88EC2,,,,,,,ODN0000075724,z,right_only
3CA7403B-6B20-47BD-8891-38536FA87E11,,,,,,,ODN0000602559,z,right_only
CABBDEC9-80E3-4AD8-A466-8369CE20CD52,,,,,,,ODN0000392030,z,right_only
D845EC39-B243-478F-9CE9-CC40891DF95D,,,,,,,ODN0000602560,z,right_only
73535D58-9FD7-4FB0-9464-4F816F4D02EC,,,,,,,ODN0000264816,z,right_only
40C80277-F0B4-4928-BBB2-9BB403849AB6,,,,,,,ODN0000602562,z,right_only
85A9E3A7-161E-4931-BCDC-C5B8632DA804,,,,,,,ODN0000152806,z,right_only
CEC1C623-C8B7-4B09-B65E-031805DB93AC,,,,,,,ODN0000602582,z,right_only
6EF00D81-E594-476A-B5F5-CA90F7859EA1,,,,,,,ODN0000264805,z,right_only
21E8536C-F646-4364-93A4-D39873541FA8,,,,,,,ODN0004373008,z,right_only
054E262D-9AB2-4718-B13E-479AE80530EA,,,,,,,ODN0000263981,z,right_only
E4C0A470-8EE0-4A6C-B793-6C2AEB271EE4,,,,,,,ODN0000263728,z,right_only
204AC5C7-A7FD-4734-89E4-F6AD05DED74D,,,,,,,ODN0000082409,z,right_only
6B276896-FB16-4D24-B57B-CCD831F2DC43,,,,,,,ODN0000083519,z,right_only
FBDD90B8-067E-4780-B0C6-99D2EC4A4029,,,,,,,ODN0000081574,z,right_only
C4D58B77-E2F0-4984-AAC2-FC2E49A8AA70,,,,,,,ODN0001743135,z,right_only
338E187A-6455-480C-864F-3A2702764589,,,,,,,ODN0005305503,z,right_only
D126D060-6B23-4E00-83FE-B06FFCCD115E,,,,,,,ODN0005522900,z,right_only
A500610F-8401-4F67-B407-A9BB76509E2F,,,,,,,ODN0005042916,z,right_only
E74D438A-33F8-4C9D-A3DB-A6340153006F,,,,,,,ODN0005253325,z,right_only
94F5FCC4-A12D-4A9A-A516-3B9EE98C617C,,,,,,,ODN0005404100,z,right_only
E1EFA835-1049-49DB-841A-321AE6B93F95,,,,,,,ODN0005232685,z,right_only
DEF08761-C79F-4223-83CF-332DA5429BC1,,,,,,,ODN0004570583,z,right_only
CD83EE34-C3AF-475D-978E-E0CD57DE1589,,,,,,,ODN0005232699,z,right_only
C26A40A7-2B51-4806-8A71-847592572AD3,,,,,,,ODN0005116853,z,right_only
8F64B45C-8EEE-4C49-BB99-599C420D3FDD,,,,,,,ODN0004538905,z,right_only
DD9806E0-DCC1-4FB5-9451-45D74B6A9350,,,,,,,ODN0005007081,z,right_only
A9FAAE9E-7ADD-4EC2-8D6C-B4C744F9F3D0,,,,,,,ODN0000142619,z,right_only
E1A6C58E-CCCB-4D5E-AFFF-C3DF3ABDC8BB,,,,,,,ODN0000146146,z,right_only
98C6A555-C8CC-4CEA-9F8D-86861596784C,,,,,,,ODN0001743032,z,right_only
C086DCC3-2265-4125-899A-C24B8C699241,,,,,,,ODN0001743128,z,right_only
44CE6D4D-2060-4F46-BFF6-6AF101DF2B1B,,,,,,,ODN0001940662,z,right_only
4600261A-640C-472D-856B-D243EF8301FC,,,,,,,ODN0002534471,z,right_only
AE13B7D9-F6AA-475E-8BC0-29E2B7A1E71A,,,,,,,ODN0001743137,z,right_only
174C6F75-29EC-488A-83BE-6A87DEFB29A7,,,,,,,ODN0001772297,z,right_only
6A90B4A6-B0BB-4FC9-B8A4-3ED85F0DE2E8,,,,,,,ODN0005042894,z,right_only
C5107085-FF84-4051-A2AC-A43CAD89C97B,,,,,,,ODN0001760603,z,right_only
E507E173-9F92-4C49-B9BD-459A90B1D333,,,,,,,ODN0001446251,z,right_only
DA3DFF33-A80D-48C6-AD5F-CFFCE9540F30,,,,,,,ODN0001940664,z,right_only
F8760F07-0B28-400A-8F13-2357805D01D7,,,,,,,ODN0001743090,z,right_only
11347819-60AE-47EB-BA37-ACC8765E1062,,,,,,,ODN0005243511,z,right_only
75AC0646-DB90-48BE-8439-41DD2BA054AE,,,,,,,ODN0005232692,z,right_only
4F6B1D48-7A12-4387-A1B7-B1B83A29C90F,,,,,,,ODN0005232693,z,right_only
456A73BA-0005-49C7-A8C3-6171F6E551C3,,,,,,,ODN0005243521,z,right_only
E03E6BC6-EF38-4A36-80B2-6C1FC8D82F64,,,,,,,ODN0005243526,z,right_only
CD40AAD8-BF8D-4F16-898B-AC5E10C85163,,,,,,,ODN0005243527,z,right_only
3980FEBF-70E0-4659-A6BA-3711523BC212,,,,,,,ODN0005232714,z,right_only
2945BB6B-4E8B-4BCD-87C2-45660742E54D,,,,,,,ODN0005232716,z,right_only
AB8845EA-8140-4727-904B-A5E6A30915A3,,,,,,,ODN0005376472,z,right_only
F4B2DE91-EE8D-4352-B6FD-8D6D70422787,,,,,,,ODN0005305495,z,right_only
5A28D9D6-DA44-4319-BBD1-A7E8AB0E263E,,,,,,,ODN0005305496,z,right_only
B9D42BBF-3F3C-404A-96B6-1BD53F289AF6,,,,,,,ODN0004434780,z,right_only
C0DBFC3B-0C10-4B2D-806C-CE1E94F1B8F4,,,,,,,ODN0005376490,z,right_only
60F4A725-11EB-4D02-A973-9772C2ABACF8,,,,,,,ODN0004434782,z,right_only
8EA49272-BA54-4A41-B358-1011B3C32AAE,,,,,,,ODN0005305499,z,right_only
587464C1-EEEE-4BDF-9713-B35AA2C3ADBA,,,,,,,ODN0005376491,z,right_only
F2EB8A7E-0A9B-4429-B904-5182631D22CB,,,,,,,ODN0004437684,z,right_only
A8412C7C-331C-4206-A54B-F9C833B08BBC,,,,,,,ODN0005376496,z,right_only
5DCA5293-6FF5-4A74-880F-FD42EDCEDE36,,,,,,,ODN0005376523,z,right_only
87078C7B-1239-4D96-86A4-0C610DDE6491,,,,,,,ODN0004437692,z,right_only
5D76805C-D50B-4949-BDA7-AD2A508E1FD0,,,,,,,ODN0005305502,z,right_only
1F8DB265-F4F3-4A2E-AC59-EABFE027CFD5,,,,,,,ODN0005305505,z,right_only
4E178DAB-9D3D-42CB-9AF6-C943393BD722,,,,,,,ODN0004438836,z,right_only
67E9D299-50D9-4702-BE2F-7A7E92FAF8AB,,,,,,,ODN0005329915,z,right_only
72534204-1421-4BF4-9402-A15A51E00313,,,,,,,ODN0004607448,z,right_only
68FD24EB-691D-4E04-9C15-BFABA11CB69E,,,,,,,ODN0005329920,z,right_only
A84F96D6-94D1-4631-9404-AC0CA565BF44,,,,,,,ODN0003403615,z,right_only
8E2CE38B-D6C7-4BE6-A5AC-76BE5BF16520,,,,,,,ODN0004607464,z,right_only
9041C59A-A578-43AC-91FF-4F400BC9C983,,,,,,,ODN0004607465,z,right_only
D0E6A56B-05E0-43BB-A985-D1D8B9D2E509,,,,,,,ODN0001446252,z,right_only
99E46E1A-CCDF-434F-B007-C8492A27A286,,,,,,,ODN0001446253,z,right_only
0BF02658-B660-440F-BFC9-D7E1F1785630,,,,,,,ODN0001940666,z,right_only
AAB2F912-863F-455E-9A4F-8321EC7C667F,,,,,,,ODN0005329924,z,right_only
87C57130-050C-4CA2-902A-2A72D05D2D72,,,,,,,ODN0005329925,z,right_only
43860166-38EE-49F6-8A13-F03647D71398,,,,,,,ODN0005329928,z,right_only
5F084F76-0225-4560-A8F2-9BE24EAA0215,,,,,,,ODN0005329929,z,right_only
E461AA91-3253-4F09-AB8E-1424B1DA90F9,,,,,,,ODN0004607474,z,right_only
76BCB473-952B-483D-BC42-C09D037B38FC,,,,,,,ODN0005329936,z,right_only
04EDA2C4-EDCC-4208-B5C7-BE375E6B0B8C,,,,,,,ODN0003279670,z,right_only
ACA098B5-722F-4B2F-9531-FBA922B8D9D2,,,,,,,ODN0004607485,z,right_only
4D1AAADA-3869-4EF7-9593-F834D27546F1,,,,,,,ODN0004607486,z,right_only
A8CF3A21-57B6-47DB-894E-E8912C2F0C83,,,,,,,ODN0005329939,z,right_only
D7CFEEB1-F7D7-44F4-8BC2-3C50FA85F783,,,,,,,ODN0005329940,z,right_only
610B3F9D-A75B-4A23-9DE9-A483EAA570C0,,,,,,,ODN0005329953,z,right_only
F25632B7-D493-4DEB-9D92-94C05AE987B6,,,,,,,ODN0005329941,z,right_only
DE0625C9-1D32-4850-B9EB-F3A0915B6D2C,,,,,,,ODN0004607491,z,right_only
2B379F25-76C2-4238-B4C0-5E5925163E05,,,,,,,ODN0005329942,z,right_only
21CDA918-3A91-4E15-8CCD-5B7B5A8D7FB4,,,,,,,ODN0001743122,z,right_only
01BAD9B3-46EF-44A2-B416-5A313013C42A,,,,,,,ODN0005329954,z,right_only
0AD88C93-84DB-4A38-9991-6C6F660D7AFC,,,,,,,ODN0005329944,z,right_only
ACF20D6D-1408-410B-82EC-9593C91E78AC,,,,,,,ODN0000593364,z,right_only
F9503BD7-5F46-4C71-B6EB-E07C379AFE6F,,,,,,,ODN0005329959,z,right_only
BF7B11ED-0A66-4CED-9571-D0F984DB6182,,,,,,,ODN0001947246,z,right_only
3B83AC38-635D-42AF-B03F-70DB5CEF968B,,,,,,,ODN0001947260,z,right_only
E2038047-0C66-48D0-B041-E78B9912207B,,,,,,,ODN0001947262,z,right_only
ABA5DC18-D07F-4B5F-8D63-16D68F78A6F4,,,,,,,ODN0001947284,z,right_only
FC18524A-4F11-422B-8203-FDA81F919489,,,,,,,ODN0001947268,z,right_only
AC6587E0-F540-45AA-81FB-9DCF5C6AC21B,,,,,,,ODN0000146096,z,right_only
A02EE5CC-579F-45CE-9EC9-9A579807AE5B,,,,,,,ODN0000146084,z,right_only
68FCAC2D-9A7E-46FC-BCC9-8E49B8EE9210,,,,,,,ODN0005362625,z,right_only
9247F10A-F629-4CCC-9763-8DD15840A445,,,,,,,ODN0005232680,z,right_only
8D304963-C659-409E-B2C5-E18C41A19123,,,,,,,ODN0005362975,z,right_only
4EF3F259-42E4-4A6C-84AA-19E231C4A922,,,,,,,ODN0004500082,z,right_only
C8DA60D7-27D3-4F52-B318-A15CF68F4ABD,,,,,,,ODN0005362960,z,right_only
B71A7D97-F02E-4713-A7FC-352BCEDFB615,,,,,,,ODN0005232686,z,right_only
58071B21-9D28-4D9C-9300-BE9AA50588E3,,,,,,,ODN0005232691,z,right_only
CCEDD1EF-58A7-4B97-A2E0-B2E627916599,,,,,,,ODN0005362969,z,right_only
780EBB1D-AD4E-4A47-8FBB-FE1F6B8D78AA,,,,,,,ODN0001743134,z,right_only
63CE92B5-1105-4A14-BAE3-E6D78379D88E,,,,,,,ODN0005362970,z,right_only
AD7E0E0A-84A4-4E2C-BDCE-6FDB25444967,,,,,,,ODN0005232696,z,right_only
909F30EE-6B75-4244-A880-EE3B6FEB56D5,,,,,,,ODN0005232698,z,right_only
F8A027BB-8C00-4919-9ED0-72594E8889F6,,,,,,,ODN0005420170,z,right_only
408963EE-83EF-4251-B1A8-02F64320E9A4,,,,,,,ODN0000142623,z,right_only
22A93BEF-1EC5-414A-8444-7427ADAD67F6,,,,,,,ODN0000146078,z,right_only
0EB54E42-6C42-40EC-A958-A8C7C38625B8,,,,,,,ODN0001756583,z,right_only
0E170791-EE19-4891-9FD1-BA0CE5497B4E,,,,,,,ODN0005285044,z,right_only
42B77907-5112-4094-8464-B6CAF1E4259F,,,,,,,ODN0005285029,z,right_only
D24076F3-9EC5-42B8-848D-88F3D6E17C04,,,,,,,ODN0005285046,z,right_only
D494B4D1-3824-4EB4-834B-D2803DA44938,,,,,,,ODN0004549599,z,right_only
95893412-E952-4BE8-9C43-AD2C4ABA90EE,,,,,,,ODN0004549600,z,right_only
BF14ACC1-7E88-4E6E-8086-AC73DFCA16AA,,,,,,,ODN0001446255,z,right_only
F071A4F7-98DE-432A-9FC9-FB5864CC906D,,,,,,,ODN0001359969,z,right_only
A02DE2D3-F333-4BAD-B03C-95DEC899220C,,,,,,,ODN0001940671,z,right_only
60E8B4A9-BE7A-4053-870D-4AA61569E67D,,,,,,,ODN0001940672,z,right_only
BF67A25C-8B17-4ED6-9222-25EC724E4BE3,,,,,,,ODN0005420268,z,right_only
C5200B4B-1380-43AA-BCBA-664211C469ED,,,,,,,ODN0005420269,z,right_only
E133CBFB-37E9-4F0E-8C66-07E422E82CCB,,,,,,,ODN0005285035,z,right_only
C85DFBE1-6F64-43CA-897C-C80F8F8C7979,,,,,,,ODN0005285036,z,right_only
6160E72D-7C76-4AFB-A2AD-ABD4665CF74C,,,,,,,ODN0004680817,z,right_only
0785F714-E2BB-4AB0-A7A7-D68FA73FD4D1,,,,,,,ODN0000146122,z,right_only
8B8E11EB-78E5-4C23-8E5A-A8011CBA558F,,,,,,,ODN0005420427,z,right_only
F0244678-CA27-48A5-A686-AB1A5A0B81B1,,,,,,,ODN0001756608,z,right_only
62892664-966F-4E07-B1F2-A85430BE1F0B,,,,,,,ODN0005285043,z,right_only
614CE577-D194-46E8-8CF1-71DE2F14F940,,,,,,,ODN0003241495,z,right_only
9681F6A4-DDB4-437C-ADEE-D5A6EDA5A7A0,,,,,,,ODN0000146165,z,right_only
2E65C5EB-FE5F-4783-9A1F-29C866EB6E6C,,,,,,,ODN0005285049,z,right_only
036036CF-92F8-4031-BF40-6E89724225BF,,,,,,,ODN0005419932,z,right_only
2DB9BEBF-4CBA-49FD-9B89-4156BFF56E65,,,,,,,ODN0005285050,z,right_only
A84CAAFB-28EB-4BDE-8F70-D04E4277CFF1,,,,,,,ODN0000786238,z,right_only
45BD0F04-A7CF-4F05-87E4-12CD688C2135,,,,,,,ODN0005420516,z,right_only
4884A130-D343-446C-9ADC-91809B1B2316,,,,,,,ODN0005420665,z,right_only
F9B8CC1A-F41E-4A63-925C-681B685B5532,,,,,,,ODN0005420635,z,right_only
D5BE1D05-3A8D-4565-84EF-1FEC5F10BEED,,,,,,,ODN0001756614,z,right_only
AC130179-43E1-4930-B53C-EB389F3A2600,,,,,,,ODN0004414674,z,right_only
B6B52AD2-2321-40E2-ABA0-44010FC67D31,,,,,,,ODN0000672067,z,right_only
B19F7DD7-2FB1-43A2-A862-8518FB541A61,,,,,,,ODN0005340457,z,right_only
9BCD2799-FE24-4948-AE30-C47790F2527A,,,,,,,ODN0005340458,z,right_only
D76153EA-98E4-4AEE-BA86-B82177077531,,,,,,,ODN0000142675,z,right_only
44C5C497-246F-4E16-BCB6-E6A2743B95F1,,,,,,,ODN0000142620,z,right_only
22DC1240-7D10-4BD6-A790-E48BFFD46763,,,,,,,ODN0000146097,z,right_only
8D223D92-FF6C-46E9-9F65-54340C837170,,,,,,,ODN0005460452,z,right_only
82529635-E933-45EC-846B-84D51BDD0214,,,,,,,ODN0001743031,z,right_only
B188E7DA-B9D0-48F7-8723-05A407123115,,,,,,,ODN0001743035,z,right_only
6F073279-1C17-438F-AD04-F16FC29010F7,,,,,,,ODN0005460456,z,right_only
1EA1E3B1-B3E5-4E58-9CBC-A1BB981568BC,,,,,,,ODN0000704321,z,right_only
D7F1D45D-8B86-416D-890F-69E79BE852B8,,,,,,,ODN0005340472,z,right_only
B130647A-C7B9-455B-857C-B31E0927340E,,,,,,,ODN0004414688,z,right_only
9618E7DD-C35B-406B-88AA-62DF191FBA30,,,,,,,ODN0004414687,z,right_only
5FC12695-CE92-4198-A8C4-518C7A6F18D3,,,,,,,ODN0001940675,z,right_only
116A5280-3343-4221-9374-38C53F301BED,,,,,,,ODN0005460477,z,right_only
A7A64D6E-7ECD-4393-B5C3-383FC371046B,,,,,,,ODN0005460478,z,right_only
29D0EECE-65F9-4D5A-BB45-E32DD99BBF1A,,,,,,,ODN0002387038,z,right_only
F850398C-5BC1-4AE5-B929-EAF6607AA734,,,,,,,ODN0002387039,z,right_only
2EF0C22E-2735-4B65-AF64-DA5827FCCC7F,,,,,,,ODN0005340477,z,right_only
5603D5AB-13B2-4E67-B87F-E0575E07391D,,,,,,,ODN0005340478,z,right_only
C3806A6A-3DC9-458C-8BA2-6B43BD743FD7,,,,,,,ODN0005460514,z,right_only
56D1AB4D-CADE-4B81-9175-B44201548F59,,,,,,,ODN0005340498,z,right_only
A8E43A8A-7702-4D72-BB45-2F9A7FB42204,,,,,,,ODN0005460528,z,right_only
B36F27D3-7925-4A7A-AAEE-2780E3876722,,,,,,,ODN0005340525,z,right_only
CBE29972-52CD-451D-A371-3DDE87C31F7A,,,,,,,ODN0004414698,z,right_only
275A87BD-B27F-4BDD-9C2A-131A9DFBD7B2,,,,,,,ODN0000704376,z,right_only
D4D41F5F-7902-43C7-BB33-BB3B6407D712,,,,,,,ODN0004414679,z,right_only
7360B95C-5577-4198-A90E-5B672FE4DBF0,,,,,,,ODN0005340548,z,right_only
A2D38FB4-B6DF-4FD8-BDF1-B1472EA512C2,,,,,,,ODN0005460557,z,right_only
9CDE213F-E0CC-4D5A-9A32-25809A08A58E,,,,,,,ODN0000146141,z,right_only
3956AC17-947F-4C59-BC70-3F124D610544,,,,,,,ODN0005460620,z,right_only
E7118331-8C15-4F6D-ADF0-57E7BBEF06F8,,,,,,,ODN0001916800,z,right_only
4D0B9412-2299-46B4-9B41-63878432408D,,,,,,,ODN0001916804,z,right_only
35776032-D9FD-486B-8E91-D74237ABD3DF,,,,,,,ODN0001742987,z,right_only
F5484F45-C974-478C-88EA-D1A070285FC1,,,,,,,ODN0000470220,z,right_only
91EE6C98-46A4-428A-B5C4-B934DCCAAFBE,,,,,,,ODN0001743045,z,right_only
120C4658-68B4-4259-8CEA-426FFE5909F3,,,,,,,ODN0001743112,z,right_only
34DCB5A5-7BA7-4155-95E3-16DA3ACD7AF9,,,,,,,ODN0002115347,z,right_only
A6D3C212-3514-4BC8-B8A4-2FB87D852D20,,,,,,,ODN0001743144,z,right_only
AEDB3C30-E273-45D8-9E33-9EBC800634D5,,,,,,,ODN0000234233,z,right_only
06D89BDF-C4BD-4B52-96F9-69385766047E,,,,,,,ODN0001812589,z,right_only
09E4FE2D-FA89-47B5-8058-FF63B604820E,,,,,,,ODN0001940680,z,right_only
80D25863-823A-4568-AEA3-EAD17C4CAA49,,,,,,,ODN0001813018,z,right_only
C4716793-7666-4D79-95DC-729F96652133,,,,,,,ODN0005428219,z,right_only
9B2DDA2B-E8ED-4594-A844-8D34849092FE,,,,,,,ODN0005340468,z,right_only
916780C5-43D4-4441-9C7C-A3287B0CD8EC,,,,,,,ODN0005340469,z,right_only
D929EFA9-E3AC-4C98-A176-AF073A3C7E62,,,,,,,ODN0005389415,z,right_only
364A3BAC-516F-44D4-A59E-991513442BE7,,,,,,,ODN0004570567,z,right_only
37481036-E168-455D-885E-1F5B620AE1E5,,,,,,,ODN0003404562,z,right_only
66266726-0C0D-432A-A9FA-B2F2A22093CD,,,,,,,ODN0003404565,z,right_only
BD6D6BF4-B0CD-4497-AA17-77BF1F396EFD,,,,,,,ODN0005389418,z,right_only
8A5E28CE-1884-45E9-87DB-70519EC095CB,,,,,,,ODN0005389419,z,right_only
6C69ED86-55EA-4CD5-B375-53422AC51F5A,,,,,,,ODN0005340481,z,right_only
F4B1A42E-994C-4F6A-B86A-9A02F44ADA00,,,,,,,ODN0005340482,z,right_only
FC3158E8-221A-4777-ABBE-02856B6AA869,,,,,,,ODN0005340487,z,right_only
A47783F0-B3CB-4987-B349-4DEFA3018C36,,,,,,,ODN0005389423,z,right_only
FC76639A-D2DD-43DC-99C4-B5823D1ED22C,,,,,,,ODN0005389424,z,right_only
D97CDA84-639B-4FEB-B815-193355D16BE2,,,,,,,ODN0005340563,z,right_only
AC985546-A4D7-4FD5-91E4-F583CDE945E3,,,,,,,ODN0001743098,z,right_only
CCF647DA-2326-4F19-8DCD-FF5BB4DC10EF,,,,,,,ODN0003407245,z,right_only
C40444E9-F105-4FFA-A431-1FC85933A58B,,,,,,,ODN0003407274,z,right_only
D7DADDD0-67D8-4B20-A769-B1D46FA66310,,,,,,,ODN0004570572,z,right_only
AEC9D845-1A67-4E98-973E-ABDD98E54ED6,,,,,,,ODN0005389416,z,right_only
9094BB0D-CF8E-4DCB-87FA-597E21854527,,,,,,,ODN0003318112,z,right_only
E074DE2C-8826-4C01-99C8-EF27A79C528D,,,,,,,ODN0004570608,z,right_only
07E961B9-82CB-4BB8-92CC-4C7D03A597DA,,,,,,,ODN0005389412,z,right_only
E2C0D7AC-BC71-49ED-B619-A3287AFD209D,,,,,,,ODN0001743125,z,right_only
B6CE4E9C-536D-4646-A5B0-6F9C0807F336,,,,,,,ODN0001743146,z,right_only
88D060DC-979E-4D91-8EB4-B7409EBA9CD0,,,,,,,ODN0005340566,z,right_only
FD4A9B98-3F82-4768-8D58-CA96052862FC,,,,,,,ODN0005340569,z,right_only
B31EF4E9-ED9A-4940-A074-53EE10BE7AB5,,,,,,,ODN0001740441,z,right_only
EFEC95DF-8B6A-48A8-8571-3AA00C84F31D,,,,,,,ODN0000146095,z,right_only
005F9805-A461-4097-A650-147B6D0F6550,,,,,,,ODN0001940682,z,right_only
AE6278A8-BF02-44CD-92F0-B6D7C28BA886,,,,,,,ODN0000614439,z,right_only
561974FA-9172-4840-932A-2291567417B1,,,,,,,ODN0001190427,z,right_only
184EF698-5DA5-4757-8879-B8C837E24623,,,,,,,ODN0004500069,z,right_only
E6E0E9CD-77D5-4015-B122-098233BA2206,,,,,,,ODN0000360182,z,right_only
2AFB2CC4-D4DA-49DA-87F2-F65FE2B0C116,,,,,,,ODN0001955519,z,right_only
A4C672C9-8656-4A7F-BC50-4CB9E943E88D,,,,,,,ODN0004372984,z,right_only
5C482587-85DE-44B3-A3F3-10402C6E1B5E,,,,,,,ODN0000340899,z,right_only
DC312E82-125E-455F-B2B8-938BEF5A2E50,,,,,,,ODN0000455200,z,right_only
E1DAED2A-17A1-43BB-9D4D-F0564CB60C04,,,,,,,ODN0005641290,z,right_only
A9DC4712-9736-40A4-95B0-E822146DAF1D,,,,,,,ODN0000315479,z,right_only
EF7C01A8-A484-475D-BDC4-9124F3AA7B55,,,,,,,ODN0000334662,z,right_only
B0AAD86A-70B0-4810-AC7E-E724C0505E29,,,,,,,ODN0005362764,z,right_only
C856ACEA-4E5E-4E83-AFED-EB6ADA5E86FB,,,,,,,ODN0000146147,z,right_only
77FB2089-A9A7-40CD-8ED6-D3C1B0194014,,,,,,,ODN0005626713,z,right_only
09C86A0A-20E7-454C-9B67-83E27EFB2AF2,,,,,,,ODN0005362795,z,right_only
E1DCAE50-6E89-4BF7-94BB-0A195F61FDA9,,,,,,,ODN0004372887,z,right_only
2F7E3C6C-4165-4F47-8693-F6197DD853D0,,,,,,,ODN0005232682,z,right_only
269560E7-4042-409E-8B48-F3C8A6996FFC,,,,,,,ODN0004372884,z,right_only
59AFCCD6-9870-47D8-BE64-4E8D194ACD59,,,,,,,ODN0005232684,z,right_only
2AB5331E-A9C8-4543-B9A3-6C6B728AE383,,,,,,,ODN0000582303,z,right_only
F87C6A8A-21E0-4C29-8404-445F73FE0582,,,,,,,ODN0005232706,z,right_only
E92F2CE1-E861-4FA3-8FE4-C2E9FD8318E3,,,,,,,ODN0000614425,z,right_only
47CC89A3-B8F0-4F0B-91B7-921B188AB471,,,,,,,ODN0005232707,z,right_only
54130D6B-3DED-4CD0-A612-8B13DFE9F170,,,,,,,ODN0004372894,z,right_only
237F8A99-124E-43B3-9EDD-766CCFAB8CAC,,,,,,,ODN0004372895,z,right_only
0E4749D7-FD80-4EF7-9D6C-D26706A0D1A6,,,,,,,ODN0001446260,z,right_only
DEC50D02-C43A-44B0-99C3-6FA6E0208FF6,,,,,,,ODN0001446261,z,right_only
E5B4DF8A-0B6C-4BB9-89B5-EA0DB6CFDC6A,,,,,,,ODN0001940685,z,right_only
E44F3415-A2C4-44E5-BA89-59DB9EE39341,,,,,,,ODN0005362961,z,right_only
E86E143D-88FF-469D-BFC6-E70C19FD0032,,,,,,,ODN0005362962,z,right_only
1F6742C5-549F-46A1-B16A-E224F81D0548,,,,,,,ODN0005232690,z,right_only
7D88F03F-9330-49B2-A8B1-0F08614492C9,,,,,,,ODN0000323216,z,right_only
2C355F7A-5913-4BBE-A726-512FD79AF689,,,,,,,ODN0000341189,z,right_only
A27D9BF1-D56E-4B0B-920D-0664356F87D5,,,,,,,ODN0005362964,z,right_only
7DE55BF6-2EB3-46D2-9905-D62BA5A1D248,,,,,,,ODN0005362965,z,right_only
04A712CF-7794-485C-9A7A-2C7B1B851600,,,,,,,ODN0000159506,z,right_only
49EB3CE5-8113-49E3-9494-5755766DB406,,,,,,,ODN0000217439,z,right_only
E7173FCC-F8C9-44A8-8504-87D21A7E7ED1,,,,,,,ODN0001765897,z,right_only
036666C5-B7E3-4953-8CE3-9ECDA40CA290,,,,,,,ODN0005232709,z,right_only
47009E80-707A-43CE-9B08-007A6518B480,,,,,,,ODN0005232697,z,right_only
BCAD292D-D1E5-4FB2-8460-CBABBD579F8B,,,,,,,ODN0004372873,z,right_only
936CEAB0-DBBF-4CA2-ADA7-44FE8BC07EFC,,,,,,,ODN0002902991,z,right_only
7546E5FF-86DD-4153-9595-A989135C6CD2,,,,,,,ODN0005362972,z,right_only
A1DC72E0-02E0-4854-A692-953A6F89E818,,,,,,,ODN0004372886,z,right_only
E5AD0013-6A38-4E45-97AE-ABE3D75340F7,,,,,,,ODN0000455352,z,right_only
F3E81E3F-6E48-4359-8212-319DF3A91331,,,,,,,ODN0000108562,z,right_only
B7004F0B-1319-48DB-A2D9-6769D682520C,,,,,,,ODN0000110288,z,right_only
4927D78E-8776-4163-99F3-7AD8A517F2E9,,,,,,,ODN0001743102,z,right_only
754B8F59-9942-488E-864D-671DF230D434,,,,,,,ODN0005362994,z,right_only
52DA69A6-0321-4205-98DE-7EFD99CC4102,,,,,,,ODN0000123711,z,right_only
BA04067B-54D9-45F0-A429-DA7C8F789E2D,,,,,,,ODN0005362995,z,right_only
33E8314D-45B8-4DC8-85AA-176D67CE1FED,,,,,,,ODN0005232700,z,right_only
E480AC15-20B4-4C3C-852C-340C9748DAAC,,,,,,,ODN0000455060,z,right_only
59242C84-73B3-44AD-9964-56E2FD39CD1C,,,,,,,ODN0005232713,z,right_only
43F51858-D3FC-4CE2-A37F-CF5B4B492381,,,,,,,ODN0000455252,z,right_only
CEC2A054-2352-42D3-8629-1FEBAB45C90F,,,,,,,ODN0000315539,z,right_only
EC1AAF44-BEC5-4A0E-A639-5A110CFFF70B,,,,,,,ODN0001743141,z,right_only
106C93F3-7898-4EE3-B8F6-F32FC31C6620,,,,,,,ODN0005363004,z,right_only
C2AA2C52-83EA-457C-80AD-AF1D60B807C2,,,,,,,ODN0001765770,z,right_only
5446A5E2-8A24-4F80-98CB-6F42DD0709B3,,,,,,,ODN0003390610,z,right_only
6D09129C-D7CB-4115-B5C5-E9C591B330C8,,,,,,,ODN0004570579,z,right_only
EABA16BD-5265-4F6B-9327-EB5F4FFC257C,,,,,,,ODN0000142677,z,right_only
D895CFFF-700D-4FB6-A5E5-C50CE3821B67,,,,,,,ODN0005340467,z,right_only
BD5A07D8-C73B-437F-8CC0-FCA50809B50B,,,,,,,ODN0004570594,z,right_only
7D44C5C8-FA7F-483A-97A1-6A2F39C96BF4,,,,,,,ODN0001940688,z,right_only
14E7AE98-3F87-4C2D-8D04-FE157CA71ACD,,,,,,,ODN0005389420,z,right_only
0AF5D2EB-1D5A-4452-8B7C-C441BC0EA46A,,,,,,,ODN0005340484,z,right_only
FF322045-7B4E-4351-9BA3-B6F0817548DF,,,,,,,ODN0005389421,z,right_only
4EBD843A-CF11-4565-BEFE-C8366403D644,,,,,,,ODN0000146112,z,right_only
8B047BFE-5197-43F9-A426-C17B36223FEA,,,,,,,ODN0005389422,z,right_only
9B11F914-35E0-4419-AD58-4DAA5181B4D6,,,,,,,ODN0005340561,z,right_only
1BCA2829-E8CA-4CFF-B5E0-14602DFD08ED,,,,,,,ODN0000146160,z,right_only
5C40E8C9-D857-4987-ADA6-3EC7312B2CAB,,,,,,,ODN0005340545,z,right_only
DAB52D74-0F5F-4210-BAEF-F8D77F6EA43C,,,,,,,ODN0003359934,z,right_only
C1B037F6-44BE-4492-8C88-765C16CA8FD3,,,,,,,ODN0005389426,z,right_only
861A1270-0549-4F29-8974-FF8634B86A41,,,,,,,ODN0000146134,z,right_only
6CEE6AC6-A57A-4354-A604-2E70EB224214,,,,,,,ODN0000146168,z,right_only
6F53451A-836F-4C75-907A-8C3E3A4CF67F,,,,,,,ODN0005389429,z,right_only
F09ED604-A26D-4A7C-9718-539BA0F06265,,,,,,,ODN0001765918,z,right_only
FEAFFCB2-0BBE-4959-A41C-825C267BCA80,,,,,,,ODN0004570624,z,right_only
8B049DF2-C562-45D4-9C64-457EC18BCB29,,,,,,,ODN0005340453,z,right_only
4738C2C9-D585-4C4C-8887-3608CB5471CE,,,,,,,ODN0005486687,z,right_only
8B28D589-302A-4C23-B149-E75E814AF90F,,,,,,,ODN0005340459,z,right_only
0DDF5AD4-26AA-4499-AC41-D6FB23B5AB4D,,,,,,,ODN0004538893,z,right_only
10CA564E-A94C-4958-B674-CED0FEE239D8,,,,,,,ODN0005486701,z,right_only
0D3C0DC5-1B7B-4DFF-9CD1-1B42DD84A117,,,,,,,ODN0005486703,z,right_only
70BA4BE2-C5FF-46B8-8522-93CB688FC236,,,,,,,ODN0004538907,z,right_only
F139092C-142E-4AB0-AEB3-CE6BF96BD390,,,,,,,ODN0005340464,z,right_only
51953F92-A166-453D-98EB-65C1545AA729,,,,,,,ODN0005486793,z,right_only
22AEDA64-E850-4AEB-9052-D547734F1DA2,,,,,,,ODN0001743037,z,right_only
84E7C2CF-CFF2-4F81-8DD0-21D548A955F1,,,,,,,ODN0005340466,z,right_only
83F79A39-85FC-4B01-9621-5F8F45B1F647,,,,,,,ODN0004538869,z,right_only
59DB3C55-F8A6-4D2F-B012-AC4575D725AB,,,,,,,ODN0004538873,z,right_only
9A993257-65FF-4AF4-8C4A-42682ED01707,,,,,,,ODN0001446263,z,right_only
54A3AC14-1327-4022-A933-7C29E6059731,,,,,,,ODN0001940690,z,right_only
87E4204E-6B13-449E-95F6-30FC42C10AD8,,,,,,,ODN0005486751,z,right_only
66698C82-81F7-4D1D-9272-1BBFCCDC74F8,,,,,,,ODN0005340486,z,right_only
10353896-F1FF-45FB-911D-6BACE2D15F37,,,,,,,ODN0001743076,z,right_only
44DE9C5B-7E09-4FD1-AD76-FE74FBB4894E,,,,,,,ODN0005340488,z,right_only
7272BA58-1AC7-4389-AFD7-9F9CA4C532A2,,,,,,,ODN0001743085,z,right_only
61926640-374A-431F-8C43-6EB932C816AF,,,,,,,ODN0000614494,z,right_only
FFD606FB-0EC9-4613-9D6A-FA4F2D2A82A8,,,,,,,ODN0003337451,z,right_only
7909CE26-421B-4636-807D-2A308868015A,,,,,,,ODN0004538852,z,right_only
B67A4180-85E6-4759-B218-38CCB3BD966A,,,,,,,ODN0005274490,z,right_only
CE16A7DE-F6E3-4057-8C90-B7E589EB778F,,,,,,,ODN0000779262,z,right_only
34D76A7D-F796-4E49-A9CD-F92B6734981A,,,,,,,ODN0001743039,z,right_only
050D203D-8425-4935-BFC7-35790FBC1E22,,,,,,,ODN0001208938,z,right_only
EA8C04A4-72E3-43F4-907C-0FE82BCB3693,,,,,,,ODN0004538877,z,right_only
85F01F92-7B5D-4E33-A3BF-CC8ECD3200E3,,,,,,,ODN0004538876,z,right_only
EDFED88D-E0A2-45A0-8E29-88DE15CEE13C,,,,,,,ODN0001446265,z,right_only
6A3970E0-8097-4FE4-A4FB-4F9B3F3546E9,,,,,,,ODN0001940692,z,right_only
B317056B-7FC8-44F2-AA51-9CAE62D52FDD,,,,,,,ODN0001940694,z,right_only
C61777C7-B679-4898-A3CE-0B990EEC6C3F,,,,,,,ODN0003231954,z,right_only
AAABEA0E-9366-48F4-8666-82959A09CC7E,,,,,,,ODN0003231953,z,right_only
2955BCEC-F5BA-47B0-8E54-2046736F782C,,,,,,,ODN0005537241,z,right_only
9DF85F29-7378-48F4-AEEF-0A6D8EE92EE0,,,,,,,ODN0005537242,z,right_only
6C899924-16DC-45E9-8B1D-EBDA8139F896,,,,,,,ODN0005274582,z,right_only
8D177CF2-450E-4F6E-ADB6-9E10D4531058,,,,,,,ODN0005274584,z,right_only
CEBD9FBF-3BDA-4C8E-8609-25B42FF11A9E,,,,,,,ODN0005537247,z,right_only
2068ED89-09EF-412F-990F-BC0A2A523A89,,,,,,,ODN0002192110,z,right_only
4AE8D666-A027-43AC-BA45-39B9D09DF245,,,,,,,ODN0005274616,z,right_only
C1FA9118-A8FD-4484-BB76-86C98C11DF1B,,,,,,,ODN0005274684,z,right_only
6C612225-E5D4-4A1F-8370-55F2873C7D7F,,,,,,,ODN0005537263,z,right_only
0FC84D2D-2AA8-47B2-B3B3-32BCB10394A5,,,,,,,ODN0005274689,z,right_only
D9931BB2-45BF-4A73-89A9-3FCAB02DE28A,,,,,,,ODN0002192388,z,right_only
6A06A663-6EEB-4A72-BFBB-D7BE9B0DE4C7,,,,,,,ODN0003231979,z,right_only
661FA924-35CB-454B-AC61-EC49AA5EDDA1,,,,,,,ODN0005537252,z,right_only
A470AB57-0931-448F-9CA3-3C459D1CF4B8,,,,,,,ODN0004538896,z,right_only
513DC10B-2F02-4F0A-87BC-D0DDE8056DE5,,,,,,,ODN0001743120,z,right_only
7CEE076E-259B-47E9-810D-619285E27A2D,,,,,,,ODN0005537169,z,right_only
A5D1E70B-2224-4DF8-AE14-F1575847D1D9,,,,,,,ODN0005274702,z,right_only
00BCDEF0-259D-47A6-AA37-DEF95783E3CD,,,,,,,ODN0001743138,z,right_only
9985F6BE-EB34-4B12-9E21-5391C61FB00E,,,,,,,ODN0005537256,z,right_only
219D66D6-06C9-4EF8-8EAD-0D7D873BC78D,,,,,,,ODN0005537267,z,right_only
970A7AF4-1F17-4782-ABD7-E712A8A93171,,,,,,,ODN0004538921,z,right_only
B88F8D08-C439-43FC-AB3A-2192767F8A63,,,,,,,ODN0003375724,z,right_only
374E2DFB-DC24-41F2-97F8-77093D76163B,,,,,,,ODN0000644628,z,right_only
6E8382A1-9618-4160-A70F-B40391468092,,,,,,,ODN0003461238,z,right_only
7A849A6E-36F9-4A04-989A-1C1A60F82850,,,,,,,ODN0003442933,z,right_only
4BE56092-61A9-41C5-B50B-BD2C262B3781,,,,,,,ODN0005641265,z,right_only
F292A6BA-ECAB-4F2F-8536-EE9091D3C966,,,,,,,ODN0000644638,z,right_only
0A29E798-1CFF-4500-8CF7-F1FCD2E6782D,,,,,,,ODN0004705644,z,right_only
1AB063C0-D981-4CEF-A96D-740CDE5A201D,,,,,,,ODN0003014790,z,right_only
76EAA85B-9EE1-490D-BC03-5107296D4691,,,,,,,ODN0003390766,z,right_only
F8E359D6-CF1D-420B-8D28-EA069103E550,,,,,,,ODN0005360917,z,right_only
CD484EFF-E299-4752-96E6-7E2233DD1E17,,,,,,,ODN0000644672,z,right_only
78F069AD-B0F2-4D22-97A2-F1FBCA486E14,,,,,,,ODN0003566623,z,right_only
19A71977-CC41-413A-B6BD-F8C51B56B068,,,,,,,ODN0000644679,z,right_only
568CCCC0-826A-4729-BF79-9F3F233CCFC7,,,,,,,ODN0004705658,z,right_only
5D9F37BB-A198-4138-B1F1-12BB38E14EA6,,,,,,,ODN0004705660,z,right_only
F4134B2D-3600-401B-9215-A8589FE7ED91,,,,,,,ODN0004705670,z,right_only
CB045CD9-0BD3-4555-93F6-77ABE9F1E954,,,,,,,ODN0005787812,z,right_only
F313DA50-252C-40C6-A050-A72384BF46D4,,,,,,,ODN0000146163,z,right_only
75A6F3D9-DFD9-424F-B6F9-417A7D08BA20,,,,,,,ODN0005745852,z,right_only
16FC10F6-7655-4BCB-9348-4B87CBC4D6AE,,,,,,,ODN0003390788,z,right_only
D7117EA4-1F26-4A05-B08C-9D61F6889745,,,,,,,ODN0005665117,z,right_only
70711C7E-826A-4FC8-BB09-69E1509DA871,,,,,,,ODN0003488585,z,right_only
79F7DD68-509E-44FD-9261-49B76379FF29,,,,,,,ODN0000142614,z,right_only
167E96EF-79D3-428E-9E73-2E5B99110B83,,,,,,,ODN0000142674,z,right_only
4FD8E8E1-B900-4B61-879A-40B24FBCE750,,,,,,,ODN0000146099,z,right_only
C892B819-14FC-45D2-BF0D-EB932AF0D167,,,,,,,ODN0000146104,z,right_only
8F48AC78-7292-489F-AC33-1ECCE0CDA67E,,,,,,,ODN0001940698,z,right_only
AFDD52BC-31EC-48D0-9A8D-464A32D85D4C,,,,,,,ODN0001940700,z,right_only
6E30F2B1-1234-4DC3-BBCF-F0E8DA08081C,,,,,,,ODN0000146120,z,right_only
6E0F4223-F54C-421B-8FAC-553024B8B274,,,,,,,ODN0001743096,z,right_only
EE4E4CFD-6474-458D-9CEE-9CEA29E208D3,,,,,,,ODN0000146125,z,right_only
043FFB1F-1B1B-473D-9FC0-24BAD8123961,,,,,,,ODN0001743139,z,right_only
1DFD5A1D-94AC-4E75-ABD8-8BF51D340E29,,,,,,,ODN0000146137,z,right_only
AFCDAD46-5F07-44D9-A9AD-67370C230A4E,,,,,,,ODN0002232875,z,right_only
D303A6D1-13B6-40B6-A1BE-96E783A5F9CB,,,,,,,ODN0001743145,z,right_only
16DC05B3-4D94-441F-865D-7A1D8E6495B6,,,,,,,ODN0000903431,z,right_only
72564360-EB56-4EBC-9B57-BA2653A11DA1,,,,,,,ODN0000525248,z,right_only
A92E776C-75ED-4F4E-A03B-DD377F238FFF,,,,,,,ODN0000489757,z,right_only
11BE3B03-4F8A-416F-855F-76BBBF1391D1,,,,,,,ODN0001305954,z,right_only
5A69D55A-67F8-4828-AFC7-9DAFE70BCE3B,,,,,,,ODN0000116389,z,right_only
5145149B-E40B-4373-B28E-97D47A47A366,,,,,,,ODN0001772304,z,right_only
42EAECD4-A017-4451-8A73-E23304BF294E,,,,,,,ODN0001742984,z,right_only
DBB3782A-7B79-490E-9E75-39908BEC8BFD,,,,,,,ODN0000509015,z,right_only
F5962457-11F0-44A6-9508-5119A035027A,,,,,,,ODN0000489729,z,right_only
7F9A80A9-32D9-4C8D-B749-88A57E7FA81F,,,,,,,ODN0001137983,z,right_only
DB57B88B-5837-4697-A4D4-6EBF8AF50139,,,,,,,ODN0001765698,z,right_only
AC7CFE55-47DE-42C2-A5DB-4F8E2BC47DEB,,,,,,,ODN0005665106,z,right_only
412905F7-E089-49E3-A923-51BA5E35655D,,,,,,,ODN0005007079,z,right_only
B6974D88-EA30-406D-A7D2-0A6E6E7E3780,,,,,,,ODN0005460937,z,right_only
DCF44D85-C325-4409-9CEF-6EA0A9B5D268,,,,,,,ODN0005704322,z,right_only
38115EEA-242E-42D4-81F5-D9FE97965959,,,,,,,ODN0005185939,z,right_only
B3F2D909-0671-47BD-B28E-568345499B7E,,,,,,,ODN0005677993,z,right_only
CE49A183-404D-4C9F-949D-7915F620E59C,,,,,,,ODN0005665111,z,right_only
737B07B9-EB90-4448-B434-30581FC91B83,,,,,,,ODN0005185940,z,right_only
2ECEAB52-9D75-49D0-8FD9-153DF8286CC2,,,,,,,ODN0005185943,z,right_only
21D42353-3932-4A8A-9763-71F57B827432,,,,,,,ODN0005537269,z,right_only
EA8FD8A1-8F30-4FDF-9402-D756CBB1C756,,,,,,,ODN0005376495,z,right_only
8B4D0000-4474-407B-A002-45492D41944C,,,,,,,ODN0005274451,z,right_only
6836473A-0832-467F-9E07-B540F605A591,,,,,,,ODN0001988118,z,right_only
C4C7618F-3154-45A5-8145-EE6ECBEE3C60,,,,,,,ODN0005185919,z,right_only
72A89ED0-8042-49AF-B9EF-17D513947DCF,,,,,,,ODN0004908833,z,right_only
9D1493B8-1F57-462D-9820-F811AE3AF5E1,,,,,,,ODN0005274697,z,right_only
4A3006C5-F474-4DD0-95F2-8F44BC76B9F7,,,,,,,ODN0005507834,z,right_only
4A00383C-9D9E-4066-B4BF-D87A163CD86E,,,,,,,ODN0001988093,z,right_only
0574E751-0E55-4C0B-AD8E-0880B00D1293,,,,,,,ODN0005186001,z,right_only
A3385E8B-3059-4D98-A4DF-41F98045A4A0,,,,,,,ODN0004908845,z,right_only
DA01778D-16D1-4F3A-B7E1-563BF2593F28,,,,,,,ODN0005186002,z,right_only
262045B5-3E7F-4E36-A2A3-ED030FAEB479,,,,,,,ODN0005019815,z,right_only
787CFE17-E6F1-4E59-8E62-042CB8ADEFF4,,,,,,,ODN0004026839,z,right_only
BF481B5C-6D02-4294-AEFB-54BBC1F02A23,,,,,,,ODN0005019828,z,right_only
38948C40-CC53-4E12-8015-282D65C719E4,,,,,,,ODN0005042910,z,right_only
2D3968F9-EA9F-4FEE-90D9-F050E477717D,,,,,,,ODN0005185991,z,right_only
0C907251-7791-49FE-A997-F178624C4B0B,,,,,,,ODN0005077484,z,right_only
B0AD47B5-CE1D-47BD-88B8-EACA99D4FD02,,,,,,,ODN0004669556,z,right_only
23774760-C377-4401-88BE-FDEB41EB0E36,,,,,,,ODN0000128229,z,right_only
4A2EFF3A-BB5B-44B9-BAE5-18A46A3E32E1,,,,,,,ODN0005153359,z,right_only
4089905F-75F2-43D6-A711-AB3A415CA24A,,,,,,,ODN0005153357,z,right_only
5F87EC62-7EF0-495B-9F52-75BE040CEB88,,,,,,,ODN0005362973,z,right_only
AFCA6819-92F7-432E-AE2C-E6A6E22A5850,,,,,,,ODN0005376521,z,right_only
D4F8D7B8-9D70-479F-B7E5-0C325338F285,,,,,,,ODN0005376493,z,right_only
3768636C-325C-4FB3-A1C3-5660465EE951,,,,,,,ODN0005362967,z,right_only
50315B7F-BA88-43C7-86F3-9116A1B00184,,,,,,,ODN0005362990,z,right_only
792B8DD2-B367-49EB-BFF0-BE5647AC6EA6,,,,,,,ODN0005376526,z,right_only
8292DC9A-535B-46F5-90BA-13804A41313D,,,,,,,ODN0005376528,z,right_only
214D7E1D-2B5C-41AF-A01D-498770431B47,,,,,,,ODN0005363005,z,right_only
922156A9-32EB-4A6A-A29D-8C34951DDC4B,,,,,,,ODN0001743023,z,right_only
C952B4CA-52BC-442A-AB0E-47BE44332077,,,,,,,ODN0005403980,z,right_only
EC52EF53-416C-438F-9D7F-E4AE92CCFC29,,,,,,,ODN0005295393,z,right_only
69924960-F979-4A01-98CA-CDB8A146B352,,,,,,,ODN0005295325,z,right_only
4E61FECA-8123-4905-B642-BD89CEFFAF9F,,,,,,,ODN0005404122,z,right_only
CBE7CFA5-402F-416A-B783-2A41B69B18BE,,,,,,,ODN0005389428,z,right_only
50CECCBE-0CF7-470C-8937-BBAEAAF48055,,,,,,,ODN0003286953,z,right_only
EB5B07D1-FCBB-4F4A-B9E9-DCA686C16117,,,,,,,ODN0001743034,z,right_only
9A9397E8-5D79-4FC6-8FB9-16261BDB0655,,,,,,,ODN0005428206,z,right_only
F15F66C9-81CA-40CA-BED6-94803F67785C,,,,,,,ODN0005340465,z,right_only
8A8F60AC-3BE2-4754-BCD9-AC69C09A864D,,,,,,,ODN0001743018,z,right_only
95CFD55F-76A8-45F9-B206-08192D24CC69,,,,,,,ODN0005404066,z,right_only
D5517491-2750-4252-B8E6-6344BAA233BE,,,,,,,ODN0005404067,z,right_only
2B802CEC-3820-47E9-B353-3ACA773EC94B,,,,,,,ODN0005295340,z,right_only
98C34284-B824-4A05-A489-579AC508BE0D,,,,,,,ODN0005295341,z,right_only
76294651-D927-40C2-819D-87BDD184E55D,,,,,,,ODN0005403939,z,right_only
84AB0D48-C4AC-4697-BDA8-5BFEC194C6E9,,,,,,,ODN0001743083,z,right_only
DD63BB62-F07D-4BE8-98B9-3E23F3FBDE26,,,,,,,ODN0001743084,z,right_only
A43FD109-ECF2-4928-A2D8-6477C5FA99F4,,,,,,,ODN0005404093,z,right_only
9ACC2199-1C6A-4C4F-9303-1D0F0D0465D6,,,,,,,ODN0005428208,z,right_only
ED43B5CA-8709-4646-980A-B39F317133EE,,,,,,,ODN0001743086,z,right_only
5ADF7A52-5920-4395-AC31-13AE5236B847,,,,,,,ODN0001743087,z,right_only
2C446576-5DF7-48EB-AF53-724C2B2BD455,,,,,,,ODN0005295355,z,right_only
ABB79B10-81F3-4848-9236-F8F40DBD62E6,,,,,,,ODN0005295322,z,right_only
1299910C-04CD-4B13-96D2-BFCE803287B6,,,,,,,ODN0001940750,z,right_only
7F4401B4-7401-4F92-9A8D-A239EBF69139,,,,,,,ODN0001940754,z,right_only
CE0151D8-76EF-4510-84A8-13AF818744D1,,,,,,,ODN0005295323,z,right_only
7E03D17D-B554-4BA8-AA1A-1C209354BAE5,,,,,,,ODN0005329938,z,right_only
F0523D63-EA1A-45E8-8131-08734F9460FF,,,,,,,ODN0005340543,z,right_only
E60A08D2-92E8-4977-8EDD-1E2D8E30756A,,,,,,,ODN0005428213,z,right_only
72D25A4C-6FE7-4502-A159-6F5C047DBB47,,,,,,,ODN0005340546,z,right_only
B35D3DAC-E52D-4D20-ABB4-E1FD363F7414,,,,,,,ODN0005404133,z,right_only
18119662-8282-46E9-9C08-B6F33F3436F5,,,,,,,ODN0001743121,z,right_only
2C56B295-270E-4067-9B79-C8968CDE21EA,,,,,,,ODN0005389413,z,right_only
3567A92E-984B-4997-ABC5-6D0B654B26EC,,,,,,,ODN0005295389,z,right_only
45927E96-B998-4D60-A2BF-BC8531C59A48,,,,,,,ODN0005404119,z,right_only
4AFA3E33-7CDA-449C-8CA8-E2BF43E2C2AE,,,,,,,ODN0005389414,z,right_only
CAF9FFB4-3630-4D5A-B447-2727F4F9812E,,,,,,,ODN0005295451,z,right_only
18F8F15C-F16F-4324-B58C-8C95DE2E5013,,,,,,,ODN0005404158,z,right_only
EDF9A52E-81E1-4E9D-B790-2B3553EDE7E8,,,,,,,ODN0005389430,z,right_only
BFAD5601-2144-44C1-A536-719884AAB7DE,,,,,,,ODN0000801198,z,right_only
F1AA7A38-B5F7-4DD6-89EC-E2B88EDEDE46,,,,,,,ODN0001752066,z,right_only
3A72331C-325D-4D1A-BD59-F1C1CE38B9E0,,,,,,,ODN0001752051,z,right_only
8AB7BB71-F383-4B7D-8668-D561DC51A4DE,,,,,,,ODN0003231937,z,right_only
9565F509-C29A-4757-A056-D94BD1D6E8C6,,,,,,,ODN0001940742,z,right_only
AD635162-3CBE-423E-9026-A4B82483F80F,,,,,,,ODN0001752044,z,right_only
CC455174-0025-479B-A654-A084B407FF63,,,,,,,ODN0001752060,z,right_only
3DCA24FB-9EE8-4277-8D47-26CDEF9EAA9B,,,,,,,ODN0003231982,z,right_only
E761A55C-40E0-45FB-B964-75279DF48AE6,,,,,,,ODN0005404025,z,right_only
E9737525-ADFD-4242-B6E9-7BB66725559D,,,,,,,ODN0005274503,z,right_only
50822476-1DDF-443A-96BA-378AF6488C22,,,,,,,ODN0005404155,z,right_only
F00EBA64-028C-4A82-9DE7-39A455E54814,,,,,,,ODN0001752047,z,right_only
C3F4AF89-4A3A-481D-8A4F-5DC2A68951C9,,,,,,,ODN0005404031,z,right_only
38F84D5C-797F-40A0-A919-BDE9A13FD718,,,,,,,ODN0005274513,z,right_only
EAB1E454-85AD-4584-89D6-2CA5F5554336,,,,,,,ODN0005404039,z,right_only
26B2A10D-2367-468B-80EA-D7ECA04A9ACD,,,,,,,ODN0005274525,z,right_only
4682C75C-7862-4840-A9CE-078244640B84,,,,,,,ODN0005274531,z,right_only
E7C81554-FB4B-4EF5-8F12-D092A636F4AC,,,,,,,ODN0005404052,z,right_only
7B756643-4AAC-4D00-B82F-556F1C0A24B5,,,,,,,ODN0005404075,z,right_only
0242DDDC-4C18-4157-9366-6BD96394CFA1,,,,,,,ODN0005404077,z,right_only
F18CBBA6-CA88-4A58-A83A-AADB424C316B,,,,,,,ODN0005274554,z,right_only
AD3A9A18-305D-4229-ADC6-CF29B440F34D,,,,,,,ODN0005274557,z,right_only
1A66D68B-0D39-4905-AA49-EF6B0F187B3D,,,,,,,ODN0001752049,z,right_only
ED3C7355-2116-4D1A-85E2-DB36AAE3CAAB,,,,,,,ODN0005745841,z,right_only
D726BA57-B3E4-4946-9DB9-80204020FB00,,,,,,,ODN0005404097,z,right_only
F4DBBCFC-8FE6-44C3-BAEF-D6BDF26DB34D,,,,,,,ODN0001752055,z,right_only
B1DA97D0-642B-43B1-B822-010746655EAE,,,,,,,ODN0004549609,z,right_only
79872E2A-27D0-4D5B-A477-11F9CBAF9A1A,,,,,,,ODN0005665113,z,right_only
EC92A2E9-8B51-43CB-9218-124A61CD5728,,,,,,,ODN0001940770,z,right_only
C01027CA-8780-4544-B324-3164E9EABE5E,,,,,,,ODN0001940775,z,right_only
BD66C164-8ACF-440A-8512-DBC93542724E,,,,,,,ODN0004549611,z,right_only
6F1C0D06-8D01-4D91-AC41-D4C3B8EEE940,,,,,,,ODN0001752058,z,right_only
A6900976-6CB7-4E16-8CD0-606DED431353,,,,,,,ODN0005274644,z,right_only
F91DE14B-0331-4814-94AF-C25CA16D43A6,,,,,,,ODN0004559082,z,right_only
7DED9038-79BA-43B0-9CA9-1B21B3314143,,,,,,,ODN0004549615,z,right_only
C7A2AB32-9195-4E42-924F-F830B7D3777E,,,,,,,ODN0001752063,z,right_only
F7E2C7FC-CAA3-4092-9A8C-A7CCB75C793A,,,,,,,ODN0003231975,z,right_only
F9C613BF-F28E-49D4-8600-CEF0C46E3CC9,,,,,,,ODN0005274715,z,right_only
B66A3516-3E83-4723-8F24-D1E33E7BB103,,,,,,,ODN0001752072,z,right_only
94A6B942-FBEB-4889-BFF2-F01E85813E73,,,,,,,ODN0005305491,z,right_only
87C68276-C3D5-4622-B927-94D1FCCBDE46,,,,,,,ODN0000137601,z,right_only
9B9BD0DA-6624-48AF-9696-BF6F75D973D2,,,,,,,ODN0005460934,z,right_only
54491E3E-66AA-491B-B49E-5111F8C1ADBC,,,,,,,ODN0005665105,z,right_only
DA62627D-6FCA-4D57-A5EF-ABBC66C391F2,,,,,,,ODN0004716005,z,right_only
07024321-BBA1-4641-8D82-D2F532F913F5,,,,,,,ODN0004607452,z,right_only
61B8B4E5-E388-43C5-882A-C8C23760F7C3,,,,,,,ODN0001430590,z,right_only
DE1196E0-4537-456D-9057-05A149AF306E,,,,,,,ODN0005090009,z,right_only
A966ECAE-5E82-44B4-AA63-EEA7891F2070,,,,,,,ODN0004729904,z,right_only
AED2FDCD-6340-4BD2-A8E5-285189F2B93F,,,,,,,ODN0003255169,z,right_only
FC8ED319-79E8-47B2-AEB3-7E834BF62303,,,,,,,ODN0000913307,z,right_only
DA8CB503-F5FC-4317-A9B0-F5ED99F4D3C2,,,,,,,ODN0005704324,z,right_only
1CE1BEDE-45BF-4C81-A92E-993889679241,,,,,,,ODN0004692601,z,right_only
5A2683BB-65F9-4FD7-A605-B27C40EA8AC1,,,,,,,ODN0005460947,z,right_only
F544CDD7-2AD3-4DD4-B745-CE0571A1C8B7,,,,,,,ODN0001740439,z,right_only
D2297038-2A81-469A-8E15-C772D8A3B27C,,,,,,,ODN0004768717,z,right_only
3E3DEDDD-FDE5-4726-A12F-8871388E4D3F,,,,,,,ODN0005665108,z,right_only
9A0468D1-787A-4F9B-A3C3-44281482D230,,,,,,,ODN0005089952,z,right_only
5FE078F7-F942-4269-B105-62A3C8993EB7,,,,,,,ODN0005460941,z,right_only
BF87F9C9-724D-4A42-87CE-4B271ADF1525,,,,,,,ODN0004607526,z,right_only
613E39D8-AF7C-4F24-90FA-8301F3A6473D,,,,,,,ODN0005626773,z,right_only
E275BFA9-7CA7-44E8-9487-B13CBF3923FA,,,,,,,ODN0004607461,z,right_only
CACC10EE-B978-4EE1-9E8A-4D4B6657B1AA,,,,,,,ODN0000331828,z,right_only
B928E765-AAEA-4C07-9DC1-B8C7A4A1E633,,,,,,,ODN0005607204,z,right_only
BB5CF64D-3629-4CBE-9C1A-0D8E4D32E27F,,,,,,,ODN0004639900,z,right_only
051AB133-FF52-495B-9E1A-64055749DECB,,,,,,,ODN0005704328,z,right_only
EBF919CC-DF24-4DB5-AE0A-B235B48F8851,,,,,,,ODN0004729900,z,right_only
9392D497-4673-4A2B-A14B-D5669499E6A3,,,,,,,ODN0004705654,z,right_only
5F053961-2169-4704-94C4-6F6327E6F94B,,,,,,,ODN0004729901,z,right_only
9B871AC5-75E4-4329-8DFB-EF201DC9BCB3,,,,,,,ODN0004716033,z,right_only
475345C7-14E3-4535-BEE9-79D078708E1A,,,,,,,ODN0004581865,z,right_only
42E81C69-3ADE-46DE-95E2-F8BEAD870D78,,,,,,,ODN0005460949,z,right_only
1ED085D6-A480-4BB4-B7CF-76166007089E,,,,,,,ODN0004372989,z,right_only
B3A2A592-6CDE-4C40-8C2F-91DB760B3BBF,,,,,,,ODN0005665114,z,right_only
F9CBDE77-D31D-41A5-90EA-D4C7586412A1,,,,,,,ODN0005089974,z,right_only
5DC8A52E-9800-4433-B943-4AA7C2D8D498,,,,,,,ODN0004581853,z,right_only
99DAC1C7-4E96-425C-9B18-42D0E21CAFCF,,,,,,,ODN0000125600,z,right_only
F53E5E41-88FA-4F7D-9426-14BAAF29FBFD,,,,,,,ODN0005420435,z,right_only
824200D0-154A-47CB-8314-FDFFC822F512,,,,,,,ODN0005733545,z,right_only
79CBE4F9-F5B1-4A45-8A87-27967079D6A2,,,,,,,ODN0000244351,z,right_only
004E32B9-FC32-4E5E-A3AF-9503C88940B6,,,,,,,ODN0002085102,z,right_only
8C42CEC4-BCC6-43DA-BC51-8A277239D3E3,,,,,,,ODN0004705672,z,right_only
6DA7881C-EB10-4E34-8C88-F773270BFCCC,,,,,,,ODN0004768719,z,right_only
8C55DEFB-7BE1-4000-BE00-43070B1BE300,,,,,,,ODN0005607211,z,right_only
9D21E307-55A7-40EE-BA48-17FB9091E566,,,,,,,ODN0000226257,z,right_only
2025953F-D821-4234-B6D1-6015E30D0176,,,,,,,ODN0000721827,z,right_only
DB3CA3B4-50E5-44AD-95F4-2DB5E8F98028,,,,,,,ODN0004729905,z,right_only
C803728E-E39A-4F06-94B3-B223753FAF68,,,,,,,ODN0004295254,z,right_only
6935765F-9B1D-4AAC-8CEF-76A3D3FF7849,,,,,,,ODN0004869025,z,right_only
7ED6D96D-C511-48B9-9441-976EC2E01B80,,,,,,,ODN0004716072,z,right_only
65038FAB-0190-41A1-A804-A3C5C4F5A4D4,,,,,,,ODN0004692637,z,right_only
4DFF641D-CBF4-41ED-80FF-891A82A4B335,,,,,,,ODN0005626915,z,right_only
8E094338-C1C8-44AD-8478-36FC66A0CCF8,,,,,,,ODN0003442941,z,right_only
C9E89721-8D30-4317-977F-394AEC1D697E,,,,,,,ODN0005168736,z,right_only
36CC6A09-6874-4E8F-9E07-3F2E6DD56CEC,,,,,,,ODN0005428537,z,right_only
FDFFCC0F-1D9A-45B9-9339-79EABD76431E,,,,,,,ODN0005665120,z,right_only
803E664E-CA44-4489-B717-A966CA13156C,,,,,,,ODN0005537270,z,right_only
DEF8D7B9-D80B-456A-AE84-8DC7604BDF9F,,,,,,,ODN0000525281,z,right_only
41667CA4-76A6-4565-B612-0BCC58E38B9E,,,,,,,ODN0005537271,z,right_only
B9DDA174-BB86-4B0E-BFC1-6885AE69F69E,,,,,,,ODN0004716074,z,right_only
BF0409FA-D05D-4FAB-893F-3783FBAE1CF2,,,,,,,ODN0005168713,z,right_only
B11A85B3-179E-43CE-9570-2DFCB17A5860,,,,,,,ODN0005168733,z,right_only
E952FD4E-CF5F-46EB-B71F-9ED677418911,,,,,,,ODN0005295320,z,right_only
491C30DF-6B7B-47BC-AF53-DE9023169AAA,,,,,,,ODN0000140494,z,right_only
57479C5B-45A1-40A5-9844-D580E009DDA0,,,,,,,ODN0000170139,z,right_only
5DD0A8A2-E46D-468F-96AB-74886DFADEC5,,,,,,,ODN0001153236,z,right_only
D56703F3-481F-4F4F-8B6D-ADE62B273918,,,,,,,ODN0000301829,z,right_only
A79F941E-3DF6-4DCF-9D82-C2084F1F9B4E,,,,,,,ODN0000308818,z,right_only
8D683A66-649D-4286-A5BD-A24044FBDFB2,,,,,,,ODN0005460945,z,right_only
1ADC7747-4A38-4DCB-951A-20C749D96A95,,,,,,,ODN0000109972,z,right_only
0FC10CD9-3AA4-4F9B-AE54-FD0DC76CD7AA,,,,,,,ODN0000471427,z,right_only
1D27EFA2-9398-4B2A-8767-E10134BD0566,,,,,,,ODN0001092667,z,right_only
CDB1C158-DB4D-403C-8D35-89A8DBD6DD97,,,,,,,ODN0000966121,z,right_only
AFBFF377-6FD6-426B-8236-9DC43F2E08EF,,,,,,,ODN0001092660,z,right_only
79345E27-0872-445B-B857-05C1AAE30305,,,,,,,ODN0001140508,z,right_only
DA24E740-54EF-4D04-B881-2A99041E3218,,,,,,,ODN0001380546,z,right_only
7B847A3B-C765-4D85-8BFA-9350BDFDF855,,,,,,,ODN0000482990,z,right_only
DAB4D09B-B3C5-4B5E-A4AC-08E72727AA4F,,,,,,,ODN0000913061,z,right_only
ABC8C697-0ED2-404B-B0F1-0145D4881C64,,,,,,,ODN0000572723,z,right_only
DA6EFA22-5F02-4C3C-9BA8-FFB8583A21B6,,,,,,,ODN0000708832,z,right_only
217C907F-4165-405A-A6F1-EF6CCD9A24F4,,,,,,,ODN0000151326,z,right_only
3F078419-11AD-4E29-A0D6-A06BE3DAE96C,,,,,,,ODN0000167102,z,right_only
5A7CFE0F-D889-47D7-ACC8-9885E2D745C7,,,,,,,ODN0005513642,z,right_only
B60FEE75-AFAE-41C7-87E0-CA920430C59A,,,,,,,ODN0000170414,z,right_only
35C1F7DF-9B5D-47D5-97CE-E5EB1074DC99,,,,,,,ODN0001715388,z,right_only
5E8FE1CC-9C50-4F59-B2E9-1CE495B390AB,,,,,,,ODN0002703060,z,right_only
D36D948D-94E6-4B20-AC75-D4EA30869257,,,,,,,ODN0002210719,z,right_only
6C67DD63-81A2-4AB0-9068-175927ECAE9B,,,,,,,ODN0000170456,z,right_only
688C82D8-33AF-4073-85D3-15179665C734,,,,,,,ODN0005352633,z,right_only
815A0564-4ECF-4BC1-894E-4D3B65F95847,,,,,,,ODN0005352635,z,right_only
9098B93B-DAF4-4576-98E6-161DEB3439D4,,,,,,,ODN0005513671,z,right_only
B54B65E4-A314-4CB4-9A2E-BEB9EC0139F8,,,,,,,ODN0003358190,z,right_only
0301FA3A-E5CB-481E-AED8-EFE3715B0CDD,,,,,,,ODN0005513638,z,right_only
949D6EE7-155B-4E39-A54E-A3A06E7A8F17,,,,,,,ODN0000107033,z,right_only
E6F89F65-0408-4B76-9381-81513D64655C,,,,,,,ODN0005513648,z,right_only
EAE5B03F-53C3-4DB5-B7E1-C7D30A2295CB,,,,,,,ODN0005513632,z,right_only
CAEF13B4-41C7-4E84-BD5D-511E199A908E,,,,,,,ODN0005450258,z,right_only
B44A922C-80FE-486B-86A1-8855BDAA6620,,,,,,,ODN0005513675,z,right_only
7682DA02-80B4-46FC-81EE-FBE5D46CF2FA,,,,,,,ODN0005477263,z,right_only
43611A9A-0C54-4E1A-AE68-BBF75F2E325D,,,,,,,ODN0005513676,z,right_only
0CFAE9BA-D0CA-4571-BDB9-A7D67720A486,,,,,,,ODN0005513666,z,right_only
75EF93E3-21DA-4118-BAEB-157018C8671F,,,,,,,ODN0000156646,z,right_only
8B6FDD49-F0E5-4EC8-9030-90F82256F709,,,,,,,ODN0000106879,z,right_only
260CAA84-D1DF-4847-B7EB-78404895DAF7,,,,,,,ODN0000146411,z,right_only
C598BE65-11D3-43E5-93C0-A4155DAB2009,,,,,,,ODN0000146413,z,right_only
3B2073DD-A4A0-426A-99A6-B788E5A60A22,,,,,,,ODN0000146414,z,right_only
9BD05C2E-D0C3-4010-A27F-F368AEA2AB5E,,,,,,,ODN0000146415,z,right_only
327D25B8-30E5-47F7-B0E9-4E4B5CEC35B4,,,,,,,ODN0000146422,z,right_only
71600A28-DB39-4922-AA00-69D40FEAAD4A,,,,,,,ODN0000146424,z,right_only
0899574D-09AA-4C63-889C-059D577B8618,,,,,,,ODN0000146427,z,right_only
7A35408B-9B7E-488D-8EFF-C92B508F9A7E,,,,,,,ODN0000146428,z,right_only
31566356-322D-4C26-B56E-58633F086ECD,,,,,,,ODN0000146430,z,right_only
E44BE1A6-DA31-47B3-A368-CF255FD8052F,,,,,,,ODN0000146431,z,right_only
75B376CA-26CE-448C-BF89-099EEE1467B5,,,,,,,ODN0000146433,z,right_only
D21B5075-1197-4CB8-AB10-91BFFAF5921A,,,,,,,ODN0000146436,z,right_only
BFCC0548-E088-4674-89D5-FA35F5293AE6,,,,,,,ODN0000146437,z,right_only
F080D526-E556-4F42-9F06-92BF249C4E44,,,,,,,ODN0000146440,z,right_only
5DD15D07-4620-4BE8-BBDD-ECA1D4D728F3,,,,,,,ODN0004832418,z,right_only
04E6AD9C-4D7B-4D97-99C6-ADF2A47978AC,,,,,,,ODN0005241051,z,right_only
EFEBDE6B-7A24-42AF-A1F7-DE44D32424C7,,,,,,,ODN0004829652,z,right_only
06C90A0B-34E1-4DB0-A739-315D73408688,,,,,,,ODN0004829910,z,right_only
9840B167-E698-4975-B83B-4420D3A1FFCD,,,,,,,ODN0004829911,z,right_only
9A8E4562-1905-4BFE-9C26-580CE5C5D283,,,,,,,ODN0004830281,z,right_only
327D6B91-4C39-4020-A9A2-84FAB74C3FEB,,,,,,,ODN0004833255,z,right_only
234D7D7C-A37D-4B91-930A-AF6C403F41A6,,,,,,,ODN0004831358,z,right_only
AACEC9B7-CB98-46CC-A302-9DB41FFC3B83,,,,,,,ODN0004831509,z,right_only
613FB7BB-9243-4458-8DEC-2314935517C9,,,,,,,ODN0004831528,z,right_only
F5343E0F-9B9C-4145-964F-9ABB328470D5,,,,,,,ODN0004832733,z,right_only
167FED3B-A5FD-4F61-82FD-C6F51BF17C6D,,,,,,,ODN0004833049,z,right_only
8A366104-9D58-4F8D-9BD8-F586DA6266F9,,,,,,,ODN0004833906,z,right_only
6F0CB842-18F9-4B5C-B673-0D56991BCB63,,,,,,,ODN0004833911,z,right_only
0AB7FA52-ECE7-4418-B4DE-755B0261B666,,,,,,,ODN0004834083,z,right_only
021D4714-29A1-423C-A490-4D1144CDEB71,,,,,,,ODN0004834106,z,right_only
5E81476C-972D-4465-9372-793B23619C66,,,,,,,ODN0004834354,z,right_only
90FA9093-BF4B-46DD-AD92-17A509313E49,,,,,,,ODN0004834462,z,right_only
62858FAC-0B05-4EA5-B8B1-E841B3FE1A70,,,,,,,ODN0000128359,z,right_only
CA4523A6-A78D-4F57-9A9C-57FC524A0D75,,,,,,,ODN0004831970,z,right_only
20F5F347-EF4E-4A54-8639-234424788379,,,,,,,ODN0005240570,z,right_only
87E0693A-2E51-4FE8-B0BA-D28E589201F6,,,,,,,ODN0005240572,z,right_only
F63E069A-023A-4E1A-8079-412DE505BE6F,,,,,,,ODN0005240574,z,right_only
8E974AB9-DDEB-4D27-B433-3975C3B9016D,,,,,,,ODN0005240575,z,right_only
074C183B-D9E2-4200-981C-72D985251280,,,,,,,ODN0004833192,z,right_only
66B17D0B-E39E-4A94-BE3E-C20136BE1DBE,,,,,,,ODN0003689979,z,right_only
DF7F9233-D8FE-4877-8C1F-C0111A78A175,,,,,,,ODN0000707733,z,right_only
419F4536-3D7A-4384-B733-6DE496FEBC7F,,,,,,,ODN0000707970,z,right_only
0367E988-49F8-4242-94BB-2B1902FB40BA,,,,,,,ODN0004832191,z,right_only
1B9BD481-9C17-4F63-A5E7-6A672C345107,,,,,,,ODN0004832364,z,right_only
80CB04D1-CEFF-469C-ADA1-6ED4FB3557A5,,,,,,,ODN0004832381,z,right_only
0E4B1FCA-2527-45BE-9642-506FF1D1E1EA,,,,,,,ODN0004832370,z,right_only
63ACFC80-BAF4-4D98-B228-BCF0B7C6A43D,,,,,,,ODN0004832371,z,right_only
B7D252E2-8D03-47E3-ADB6-F5EED001616E,,,,,,,ODN0004832480,z,right_only
213D574C-1208-4ED4-AE46-36F2471A3F33,,,,,,,ODN0005240937,z,right_only
6F63A420-4AAF-440B-A6AE-734A32534D5F,,,,,,,ODN0005240938,z,right_only
B9A7F9B4-C25D-47D5-A952-73DC49CDD8C5,,,,,,,ODN0005240939,z,right_only
E1A22694-DFC7-4F4E-B105-89E91167420E,,,,,,,ODN0005240940,z,right_only
71B38CC8-3EC4-4865-BE33-270AE6A66B32,,,,,,,ODN0000707484,z,right_only
E68B565E-C12B-4B15-987C-89462D19EF09,,,,,,,ODN0004830586,z,right_only
C00DDA46-9DFD-4405-BF22-8FB8987551DA,,,,,,,ODN0000707679,z,right_only
22C9DC23-0D9E-47D1-8ABD-233FA7250CBE,,,,,,,ODN0004830607,z,right_only
A11DAA2E-3E09-4189-BFA7-46FE23345986,,,,,,,ODN0004871315,z,right_only
D7417F12-D6DD-4E1F-8819-E9636CCE16B7,,,,,,,ODN0000708395,z,right_only
2B6189E6-9CDC-40BE-944C-B4C178ACC5A1,,,,,,,ODN0001913956,z,right_only
781BA82C-24D2-4249-999F-06C5C58B06E3,,,,,,,ODN0003690974,z,right_only
564B8C5E-E2DF-4C1C-BA74-EEABCBF3A8C3,,,,,,,ODN0000708394,z,right_only
C615494D-9E94-4048-98BD-B957000B6936,,,,,,,ODN0003690630,z,right_only
08CE1EDB-3C68-4A79-AD11-1490A321F185,,,,,,,ODN0000124257,z,right_only
ED52F6AC-0216-472B-BC8E-79312B3A0724,,,,,,,ODN0000124357,z,right_only
D87BC41F-E930-4EF8-B41F-3FDB7DAE636E,,,,,,,ODN0000124429,z,right_only
9D9FA9E6-1C4C-4C3F-848E-13D37B9BE988,,,,,,,ODN0000124632,z,right_only
555AFA2B-747F-4C64-9A02-0DA1CB2DE79B,,,,,,,ODN0004722306,z,right_only
06C1DFF4-ABD3-44EA-AE03-457BF0A3F054,,,,,,,ODN0003231676,z,right_only
7E264F46-05E5-4F1F-9672-D31873A5051B,,,,,,,ODN0000140249,z,right_only
60ABD478-4F0F-4405-81D6-0D40DAD9557F,,,,,,,ODN0003231679,z,right_only
5AFAB883-E20D-4B1C-B432-D60213DA793F,,,,,,,ODN0001408234,z,right_only
CD4930C4-DA9D-43D5-BCF7-F9C4D7EFE5FF,,,,,,,ODN0005281759,z,right_only
DBE7AC5F-A8E6-4CE7-AB0B-EDF15BD2CF90,,,,,,,ODN0003864716,z,right_only
393D2C45-0DD1-4300-918C-57E5B23B480C,,,,,,,ODN0001320706,z,right_only
5B44BE33-DA76-42AD-ACE9-C9EE96B124FF,,,,,,,ODN0003644420,z,right_only
D3C91619-0385-4952-A6C0-5DB9A08C8292,,,,,,,ODN0001284892,z,right_only
B29AA118-0A8E-4A86-998A-BBCA5142A8C3,,,,,,,ODN0003751008,z,right_only
E15B2C57-EA63-484C-A869-13F0FE9A2373,,,,,,,ODN0003231695,z,right_only
F7FEB88B-7D22-40D1-AF6D-C28B1AA79E7F,,,,,,,ODN0001320705,z,right_only
FAF00F6A-17FD-4543-A845-EB61FD14BF16,,,,,,,ODN0003390002,z,right_only
215F5E9C-C5AE-49FF-BD4D-1A88BB528F33,,,,,,,ODN0002400198,z,right_only
6775C76E-B893-4A73-BF96-3996204B2757,,,,,,,ODN0002635862,z,right_only
96D6084F-9BC7-4357-A026-5CC4F2B3C5CD,,,,,,,ODN0002855896,z,right_only
A5BCAF31-5D35-48DD-A97F-81E6B38985AF,,,,,,,ODN0000175067,z,right_only
1954D97B-4942-4767-8387-054270476822,,,,,,,ODN0002937205,z,right_only
245E942F-7204-43CE-826F-1F62FF91E497,,,,,,,ODN0003392666,z,right_only
151965E8-3345-48E3-85C4-40F9F24CC42F,,,,,,,ODN0003231704,z,right_only
32F36D67-45C1-4552-90DB-99D58E6DA4DB,,,,,,,ODN0001241527,z,right_only
A0449B0A-D05A-436B-938D-94A46B1A42B4,,,,,,,ODN0000140821,z,right_only
616BB8E1-5F85-4B58-BD7E-C196A2A49FC5,,,,,,,ODN0005170078,z,right_only
3ECF46CA-7224-4B5F-AC13-748572843C91,,,,,,,ODN0005739404,z,right_only
F243B6D0-51CB-4A93-8462-3A15C13FE652,,,,,,,ODN0003724221,z,right_only
F303D3D6-D9D6-48E4-B309-B536824FE9B4,,,,,,,ODN0003746710,z,right_only
1A9A0BA1-91B0-4A8E-9BDA-61254FBECB78,,,,,,,ODN0000505898,z,right_only
43BB33FB-7F3B-4174-991E-5259903FD710,,,,,,,ODN0000358796,z,right_only
6687A98D-DA4D-42F0-B0AA-CD372AF1BB56,,,,,,,ODN0000505922,z,right_only
9F41EC44-5D03-4DBE-96A9-0746B95AE064,,,,,,,ODN0003268940,z,right_only
880CD3EC-F37E-449E-B1A1-974CBCD03E19,,,,,,,ODN0001245115,z,right_only
832946A5-24CF-4422-8630-20EAEE60285F,,,,,,,ODN0001245128,z,right_only
2239970A-B8C7-471C-9A11-1CF20D023286,,,,,,,ODN0001245045,z,right_only
93440799-2E7B-4629-B549-E1E93960CA7A,,,,,,,ODN0001245140,z,right_only
FF319246-B0B4-4606-B327-1344CE46B6D7,,,,,,,ODN0001245144,z,right_only
CD02BE08-ABCA-4398-9A39-B647998087D0,,,,,,,ODN0002204559,z,right_only
B97459C6-6064-4167-B958-C5C622FFFBF9,,,,,,,ODN0001245284,z,right_only
37186492-DC47-46F0-A655-5BF0D0EFAFD7,,,,,,,ODN0003268971,z,right_only
D2639307-95C1-4406-8CEB-66C9544308FD,,,,,,,ODN0003268975,z,right_only
DD477D0D-E7DF-4268-9C2E-38A6F012F9CA,,,,,,,ODN0005155759,z,right_only
928B96A4-3F95-4AEC-AE36-90F3B0162435,,,,,,,ODN0001932299,z,right_only
5252E77E-84F9-4069-AC0A-94BAD07C6EE8,,,,,,,ODN0002204571,z,right_only
FB4C2B04-C4A0-4A42-A6E4-32CFBD76F122,,,,,,,ODN0001245341,z,right_only
8E6B53C9-9666-415D-9AF9-0B3DECE23833,,,,,,,ODN0003268981,z,right_only
0EC1D481-818B-4D59-AAF8-06B164EF6400,,,,,,,ODN0003268984,z,right_only
352753AF-8F03-4E44-AF18-DEA7C573CD97,,,,,,,ODN0001245384,z,right_only
9B41AC3E-D231-4419-8C2C-E8955FDDAE55,,,,,,,ODN0001245388,z,right_only
26B48633-DDD4-48B3-81A1-339EEFF73E26,,,,,,,ODN0003269000,z,right_only
F664A4FA-1294-4B66-B4DE-A85155C66E65,,,,,,,ODN0001334566,z,right_only
E0AED377-FF63-4BE5-B0A3-E6C45B1B2E90,,,,,,,ODN0002306230,z,right_only
82C242D0-FE41-4E33-9703-F6A1D740A1C3,,,,,,,ODN0003268961,z,right_only
7BDCC29A-B8D6-461C-8EC5-EA3B51193014,,,,,,,ODN0003268962,z,right_only
11417B78-4133-4659-B55E-DBAB1D30F8FD,,,,,,,ODN0003268963,z,right_only
6DA7C924-E75F-4031-A7E3-C3DAFAF8BF5D,,,,,,,ODN0000348131,z,right_only
83655C88-1739-44B5-8A10-94AA3BC5DAAC,,,,,,,ODN0003039969,z,right_only
55F1B96E-9E11-45C4-8F0F-CDDFB34AF649,,,,,,,ODN0003669810,z,right_only
3611B9DC-D762-4BB9-8C4E-88C88801A819,,,,,,,ODN0003039948,z,right_only
25FCFBEA-2FFC-48AA-BEB9-399E616E8578,,,,,,,ODN0003039950,z,right_only
D0018B90-E9F4-4624-B70D-D903508C354C,,,,,,,ODN0003268977,z,right_only
C25A0CAD-24BD-43CB-AEFB-FE513DE88EC9,,,,,,,ODN0002558628,z,right_only
CFE3649E-7B73-4E0B-BC99-68B3C1E4EA51,,,,,,,ODN0002558629,z,right_only
020E2B69-455A-463A-940C-03DF47BD129C,,,,,,,ODN0000583194,z,right_only
88CAB55F-467B-4CCB-8222-8CE2526F1A83,,,,,,,ODN0003669830,z,right_only
B57EB29F-DB47-4E7A-A027-CFCE25F170D7,,,,,,,ODN0001593573,z,right_only
11158A95-D504-46F1-83BD-1DAC19EC7949,,,,,,,ODN0001741569,z,right_only
62A88D92-F6B5-4978-A711-B6E28C115A01,,,,,,,ODN0000303822,z,right_only
793281C5-29A2-4413-BDB4-87445D98750D,,,,,,,ODN0000627928,z,right_only
707A94B5-4E0D-4D75-B345-D57117CC62F8,,,,,,,ODN0001743231,z,right_only
D7A947F2-12C4-4649-BF60-A36E45895A6A,,,,,,,ODN0001751771,z,right_only
310D7A58-67C8-4965-BDA0-BA224AB533B6,,,,,,,ODN0000507824,z,right_only
FF23CBD9-72C8-4FD7-BE42-8F6AE74826DB,,,,,,,ODN0000477941,z,right_only
29EB2F34-99B7-4F1B-BEC5-5F39D6100F30,,,,,,,ODN0002030201,z,right_only
EF7435A0-6DE5-4F2B-B444-967A161E9523,,,,,,,ODN0001143307,z,right_only
6B168F4E-213C-4760-9F9D-D9AF647BA0FB,,,,,,,ODN0000468548,z,right_only
10ECEED3-DAB3-4A4A-AED9-DB9AC5ABD738,,,,,,,ODN0002028069,z,right_only
C7D4468B-1E9B-4676-96A9-6FEDC5EBF8BC,,,,,,,ODN0001694355,z,right_only
67E344BB-83E2-4982-8130-77C89EFC0DB5,,,,,,,ODN0000718722,z,right_only
8629C569-97EE-4C24-91B2-9F0D6C783C9C,,,,,,,ODN0001549534,z,right_only
6920FB7C-58EC-4D3A-8DA9-50380564BEB9,,,,,,,ODN0001530246,z,right_only
52CE6820-C911-4834-AAF8-F55694EAB71D,,,,,,,ODN0001560351,z,right_only
F3FD3E75-DA9A-4566-ABDC-B8C1A8BF34B4,,,,,,,ODN0000478030,z,right_only
B586BD47-C99D-4047-B1F2-8E78D7553FE1,,,,,,,ODN0000637711,z,right_only
31CC378A-F365-4686-9ADD-91134B15CD52,,,,,,,ODN0000493328,z,right_only
27BC76E4-DF9C-4377-B8E8-422D11530BA7,,,,,,,ODN0000085783,z,right_only
DE44030E-A9BD-4A89-88F9-F983C42B8E66,,,,,,,ODN0000085777,z,right_only
1DAA0448-62FA-4B8E-8826-84977B33CAA2,,,,,,,ODN0002021038,z,right_only
8AD5340E-D934-47A4-952E-77212EC7BA60,,,,,,,ODN0001549624,z,right_only
FA016D93-A576-4A69-8D8F-03EC283FEEEF,,,,,,,ODN0001911134,z,right_only
94C8AA90-2129-44E4-AAA1-A70D33101DC3,,,,,,,ODN0001911130,z,right_only
9FF0E212-FF93-474C-B0EA-A4BCC0054C91,,,,,,,ODN0000630159,z,right_only
DB312689-B5F9-48A6-BB80-29B22C77E9D0,,,,,,,ODN0000477863,z,right_only
1E811015-CD3F-455A-B830-2E2EEAFA4A2D,,,,,,,ODN0001942407,z,right_only
A100AE3F-E5B2-4FA4-9D1A-2857DB999DDC,,,,,,,ODN0001560330,z,right_only
6DF8065C-044A-4767-8573-E7774DB270EC,,,,,,,ODN0001560366,z,right_only
427C19CB-26ED-4B51-ABAD-F28091CB09F2,,,,,,,ODN0001549628,z,right_only
1A90F29D-A489-4A4A-969B-788E642B53F5,,,,,,,ODN0001560414,z,right_only
B8325BDB-393F-4EF7-A422-A97C62CF8B0E,,,,,,,ODN0001560460,z,right_only
1CFA6311-C0E4-4CA5-9D54-5F533F6D001C,,,,,,,ODN0001549730,z,right_only
D85DECE2-5B6E-4F6B-804F-6998B1745371,,,,,,,ODN0001549736,z,right_only
9D249B5B-E55A-459C-A037-36CA949D3953,,,,,,,ODN0001560465,z,right_only
907D13F1-8D97-4D53-9460-64C59271AB09,,,,,,,ODN0001899295,z,right_only
A51CDDBB-8BF0-4B51-941B-073E1EEEBB80,,,,,,,ODN0001899308,z,right_only
1A12CE01-561B-472E-A0BB-F9B08F253D78,,,,,,,ODN0001442824,z,right_only
0678B3B9-E05F-461E-A6B8-901F78A4B9EF,,,,,,,ODN0001442829,z,right_only
321284E6-35FA-4C06-A599-4D54C3B6EA39,,,,,,,ODN0001471267,z,right_only
9A5C6D0E-6EAA-411B-81FF-8521BBAA2153,,,,,,,ODN0001442946,z,right_only
966AB801-31B2-4F0E-8810-F52804324913,,,,,,,ODN0003396406,z,right_only
95B5ABF7-B7A0-41C0-AE0A-1CD1B5F0E05A,,,,,,,ODN0000508144,z,right_only
6FEF6FFD-E6CF-450E-9AC8-F57EFA081360,,,,,,,ODN0000521469,z,right_only
635BCFB9-BDD6-4CDA-953B-DFE828162BF4,,,,,,,ODN0002017109,z,right_only
F432A460-F068-494A-9C58-E0D835DF8161,,,,,,,ODN0001912087,z,right_only
B491D203-6355-4793-92BE-CCDA3F7A5E67,,,,,,,ODN0002021112,z,right_only
998E8D87-7E60-4F8C-8DE2-4D5169D309A4,,,,,,,ODN0000300519,z,right_only
BB9E5D4A-A591-495A-9107-7C54F05EFDBD,,,,,,,ODN0000300521,z,right_only
24168150-CFB7-47EA-8CDC-CCECC7E24914,,,,,,,ODN0002021065,z,right_only
70A163FE-D0C3-48DF-BD13-749DA7D9B564,,,,,,,ODN0001912139,z,right_only
474A6154-3BD6-4C0F-811B-6DB88F29D854,,,,,,,ODN0001911556,z,right_only
FBF59975-5638-4F6E-9383-5F097B27641D,,,,,,,ODN0005709516,z,right_only
69AE96D5-DD54-493E-81AD-9552337E2216,,,,,,,ODN0001912193,z,right_only
ABC37A13-26EE-48E9-8FB9-0CF1E1D37F9D,,,,,,,ODN0002021113,z,right_only
CC50758E-4496-400C-A2CE-1961BF1C6369,,,,,,,ODN0001911724,z,right_only
A200429F-BC41-44A2-A270-518D74D891A8,,,,,,,ODN0001912383,z,right_only
8CE1FB79-B148-47D8-8996-D0EBCBE30603,,,,,,,ODN0005217563,z,right_only
72E79349-818F-4326-8304-59C40F34C3A5,,,,,,,ODN0005495018,z,right_only
2D3FFC98-54AD-48D1-A06A-04F47236616E,,,,,,,ODN0002245963,z,right_only
8A4C64E4-20D6-4707-9A55-696F5ED6C7BB,,,,,,,ODN0001286219,z,right_only
9B2306E0-393E-44E9-A519-3176C3A49A0F,,,,,,,ODN0005004958,z,right_only
C89BC5E9-3123-4B30-8858-AABD699A8B46,,,,,,,ODN0005217219,z,right_only
777E8577-404D-4269-B16E-DEE1228DF9EA,,,,,,,ODN0005373899,z,right_only
86BCEF50-E8C3-4F4A-A2F9-34114AF78EE3,,,,,,,ODN0005091970,z,right_only
4224A7B2-FC09-404B-B8B7-719560A426B8,,,,,,,ODN0000491179,z,right_only
C81F1A4B-7456-4EE8-A949-DE743C13C21F,,,,,,,ODN0005153353,z,right_only
1F7BE673-13B9-4C0C-850A-E51F9D73DAAE,,,,,,,ODN0000203624,z,right_only
8C0DC238-1773-44F0-A302-7F13ECC62F29,,,,,,,ODN0000522641,z,right_only
6CA9AA50-CC24-4F8B-BE90-056C1A988709,,,,,,,ODN0000292739,z,right_only
93008964-B06A-4245-B3EA-4E800E509A8C,,,,,,,ODN0004966912,z,right_only
B7D36EB6-F244-453B-A519-0B7287775D2F,,,,,,,ODN0005067571,z,right_only
D0040DED-14FE-49BF-8D47-CBD9E5A87F32,,,,,,,ODN0000204396,z,right_only
B9E292FC-99CE-4E11-BE7E-7E48EA2F6956,,,,,,,ODN0005116185,z,right_only
89672D35-E447-479C-A385-3E7F1451CA1B,,,,,,,ODN0000203447,z,right_only
DF8C4117-ECB1-48B3-B58F-C9B407893FF9,,,,,,,ODN0005340330,z,right_only
19CC3A5C-7729-4DAF-B2A9-6EA84B5598E5,,,,,,,ODN0005359745,z,right_only
70AFBD7D-CC87-4FE5-AD25-24F200249A78,,,,,,,ODN0005452054,z,right_only
E65A63DC-0C1F-4572-840C-0DF4579AA945,,,,,,,ODN0005340335,z,right_only
1F168578-F3CA-45FA-BCDE-F1725BDF3088,,,,,,,ODN0005217227,z,right_only
7E1124EB-746C-427C-9EF6-56D0D4FA5155,,,,,,,ODN0005390361,z,right_only
013A1625-E9C9-435F-BC71-0C6BD59597A6,,,,,,,ODN0005134336,z,right_only
43135353-9D3F-4663-AF88-32C599ACF677,,,,,,,ODN0005037121,z,right_only
56A02009-C079-4E2C-8075-94CD615389B6,,,,,,,ODN0004966506,z,right_only
CB2C6D8E-A3C9-4D43-B78F-C0C96C69579E,,,,,,,ODN0000203182,z,right_only
CA0C0265-0D72-4127-B643-270F4A2CFA39,,,,,,,ODN0005116135,z,right_only
F93FA164-2604-43F4-9297-CD0600BFDDB5,,,,,,,ODN0005116136,z,right_only
988FD33D-EB43-4F0B-90FD-8E74772DB875,,,,,,,ODN0000256021,z,right_only
29D1E187-1DB0-4926-8698-EA7C461E2D57,,,,,,,ODN0005153352,z,right_only
B3D594F4-0D36-45EF-BFC7-03291D23256C,,,,,,,ODN0005067488,z,right_only
037CDE34-EB0B-4837-9A63-3ABC7226A9C8,,,,,,,ODN0005102642,z,right_only
FADA2EC2-5E2B-4F84-8083-B6C30B5C9FE9,,,,,,,ODN0005256017,z,right_only
E104D790-AB24-4E85-841A-B455613B246D,,,,,,,ODN0005285370,z,right_only
5D13B181-13A0-4EBE-BB50-ADC3F4ECD380,,,,,,,ODN0000203350,z,right_only
9C2C18EE-90E0-4A72-AC02-533CF24A68D6,,,,,,,ODN0005153383,z,right_only
6B81BCB0-7019-4A3E-8A0A-E7EB27B89E5F,,,,,,,ODN0005067493,z,right_only
957E4F87-5D3C-4D2B-98F5-82CD1011A32B,,,,,,,ODN0005102309,z,right_only
6709DC6F-91D7-4354-94BB-EE16808FC339,,,,,,,ODN0005019879,z,right_only
9C7E6465-03CE-4264-8289-28F2A7634255,,,,,,,ODN0000203448,z,right_only
6F46C5F4-1E50-4B67-878C-05E736FDE067,,,,,,,ODN0005217224,z,right_only
AE972BE9-2DC3-48BD-B6B9-5D636F1E71F7,,,,,,,ODN0005102313,z,right_only
B69277DF-CD06-4661-B377-33334D72A122,,,,,,,ODN0000203584,z,right_only
45D74E17-91EA-442D-854C-737DD54B645D,,,,,,,ODN0000203586,z,right_only
291861D5-9D1B-4C4F-B364-33543971FF9F,,,,,,,ODN0000203599,z,right_only
8DBEE3B0-04B4-45BD-B2A7-60568429CAFC,,,,,,,ODN0004948120,z,right_only
729E58D8-D3AE-425F-8861-689F31ED5DC1,,,,,,,ODN0000203590,z,right_only
BE88AE82-A780-46C8-8A00-D7A328EEEC83,,,,,,,ODN0005005005,z,right_only
5BF151B6-DCBD-458B-A9A6-B5AE05EB2393,,,,,,,ODN0000204501,z,right_only
5BD4A6BC-A8BE-4A36-A503-D56839DA4DA3,,,,,,,ODN0005153422,z,right_only
21E4E66F-6A29-4A5E-A3C6-A4A10AF4B271,,,,,,,ODN0005005015,z,right_only
85CE90ED-23D5-4577-AB74-25B03D605B3F,,,,,,,ODN0005091980,z,right_only
FB7889AC-5F4F-47C4-AC9E-9AC03703DC56,,,,,,,ODN0005037334,z,right_only
C0ABEE12-5FAD-4631-B26C-B6595CDC02BF,,,,,,,ODN0000346913,z,right_only
9E4F1857-46AD-4468-9B71-8CEA695EBE15,,,,,,,ODN0001261947,z,right_only
A3620CC8-5AD2-4A65-8844-4E226FF0FAEA,,,,,,,ODN0004966754,z,right_only
968FDA6E-BA2E-4A36-8E7B-2BEB96C34961,,,,,,,ODN0000203851,z,right_only
A66C9E41-69AF-4239-9B4D-D6EC75215F1D,,,,,,,ODN0000204572,z,right_only
16504A2C-8B84-40E8-844E-13D963A0ED15,,,,,,,ODN0005102320,z,right_only
8D60E517-329B-4452-B858-831C6419DD7E,,,,,,,ODN0005091921,z,right_only
D2B89223-29F2-41B3-8B73-5F7112465B1C,,,,,,,ODN0005168319,z,right_only
52CE67CB-27C7-479A-8854-4C2728BF4A96,,,,,,,ODN0000349250,z,right_only
CF33104A-55F8-4EEB-AD75-D9A21E20466E,,,,,,,ODN0000203918,z,right_only
5D5051CA-0394-4BE5-89B8-AD86194A6427,,,,,,,ODN0000236646,z,right_only
7C394870-2CF0-46A7-ABE1-77DF43313EA0,,,,,,,ODN0000203919,z,right_only
42AF8617-7626-47C2-9996-4D3F44AFB06C,,,,,,,ODN0005198031,z,right_only
84C0C711-644E-452C-83B6-75E9071F702F,,,,,,,ODN0005042721,z,right_only
D70010D0-389D-41D9-BD4C-93AEA1D86EA6,,,,,,,ODN0000663105,z,right_only
7D61E2B5-7280-4FD0-8406-77679E40481C,,,,,,,ODN0000204589,z,right_only
E237C66E-60A7-4C2C-8E18-ACA613F5DC6A,,,,,,,ODN0005217202,z,right_only
D7D83438-E136-4EF7-BF5A-7D8AEAAAA573,,,,,,,ODN0005153457,z,right_only
64DC2BD3-7C75-4663-9E02-22572C8C813D,,,,,,,ODN0005153460,z,right_only
9C0FB0C1-6CE7-42FC-AA86-AA10DD4FBD5E,,,,,,,ODN0005067533,z,right_only
2244E8C0-7533-4B8E-BC5C-FA72899A2CB0,,,,,,,ODN0000245829,z,right_only
92734840-AE5A-40B4-8B5B-58082D22C76D,,,,,,,ODN0000471830,z,right_only
6F6326CB-2E8D-4B56-9915-62EDB8C27D5E,,,,,,,ODN0000204045,z,right_only
39C2293E-84E2-417E-920B-B7378406E10D,,,,,,,ODN0000209063,z,right_only
2FD396C9-51A2-45A6-B87E-210F92BB815C,,,,,,,ODN0005037367,z,right_only
A68DD23D-C618-4EB8-B00B-85876A5C9C0F,,,,,,,ODN0005168337,z,right_only
43DB6B48-AEEA-4475-B4DE-A813986893A5,,,,,,,ODN0005153354,z,right_only
91A659A1-A0DE-4C2B-AB09-15FB053DD757,,,,,,,ODN0005168361,z,right_only
22811966-54A9-4D68-A6EA-776285503144,,,,,,,ODN0005139838,z,right_only
5B0E8076-1095-4D7F-8265-144D24BB0989,,,,,,,ODN0005102324,z,right_only
4922C258-BD6D-4975-9198-E4914F0A5240,,,,,,,ODN0004680944,z,right_only
68C261B5-43B8-4AF1-B725-26B63EB9A686,,,,,,,ODN0005153556,z,right_only
D9EF8269-6005-409D-8779-2FD8274C9A95,,,,,,,ODN0000592187,z,right_only
F40899A4-9C84-4153-869D-F8D3105F4E28,,,,,,,ODN0005067540,z,right_only
44E1D823-80F7-4C49-B137-03A9845A18A2,,,,,,,ODN0005185814,z,right_only
F307DD9E-4F97-4C1C-91FE-02A7D11EA017,,,,,,,ODN0005231638,z,right_only
B5ADBFCE-2F98-4AD3-B7BD-3706237491F0,,,,,,,ODN0003590069,z,right_only
CB281788-5CE9-4136-879D-878F9AFDEACB,,,,,,,ODN0005243257,z,right_only
5B32C011-0E58-4D0D-8B28-060153283AFA,,,,,,,ODN0000302456,z,right_only
00CC82FF-51EC-4AF0-9508-6A4BBFB9956D,,,,,,,ODN0005198006,z,right_only
2906138A-705C-4C12-AABD-BBF9450BDFEB,,,,,,,ODN0000256011,z,right_only
FE8DE3D6-AF72-4C7A-9FC4-C00A48890ABA,,,,,,,ODN0005243258,z,right_only
369A3C36-791F-4D3B-A835-42167CF8414C,,,,,,,ODN0000242346,z,right_only
0E81FAB3-DA40-4B55-9625-BFB84A92D044,,,,,,,ODN0000204726,z,right_only
49DA4C4E-E396-4773-B234-A39BC75EDBDD,,,,,,,ODN0004347838,z,right_only
765EC272-B033-4A2B-8247-D0DEACEDF4CE,,,,,,,ODN0000204280,z,right_only
24C506EC-B19D-4E44-AB94-BC8C4FCE0C69,,,,,,,ODN0000471859,z,right_only
06F38CAB-3921-4BFC-888F-FA067273F9FF,,,,,,,ODN0005185865,z,right_only
A22B8D2C-7C60-468F-8203-C4FABABCD2A4,,,,,,,ODN0000300264,z,right_only
3372B14D-B162-49CD-BF48-185A3C5B0C08,,,,,,,ODN0004896531,z,right_only
BA4945F5-B72C-48FE-9A09-BB23C28B97DC,,,,,,,ODN0005198048,z,right_only
5A914EAA-5259-4622-8147-091DB6EDC763,,,,,,,ODN0005057252,z,right_only
F224F6B0-2998-4F21-823A-3D9B00E93019,,,,,,,ODN0005168311,z,right_only
CA4C9DAC-377C-4EC4-AB49-4C0B222806A8,,,,,,,ODN0000300274,z,right_only
E2809343-3E79-4DE9-B89F-A22FFC27653E,,,,,,,ODN0005329706,z,right_only
04F77E8D-FFB7-40B6-BAA7-FDC0D74A9784,,,,,,,ODN0005139950,z,right_only
281541C3-B81F-4F5B-A80F-2FC6C8B88951,,,,,,,ODN0000471798,z,right_only
F25682D7-6C2F-4D6D-A8A6-495C3FEFB06F,,,,,,,ODN0005102307,z,right_only
422E21E4-BDBA-4610-A0B4-99208B16B763,,,,,,,ODN0005273784,z,right_only
901ECE27-8E40-4BB8-8B62-060BDB139291,,,,,,,ODN0005057206,z,right_only
9E400698-F2A3-4BB1-9166-10A0C234F88F,,,,,,,ODN0005359743,z,right_only
B9D11C2F-7D8E-4E6F-AF6D-24A68E04F982,,,,,,,ODN0005243246,z,right_only
341F30F1-8CB7-4A01-84A1-7A8ED69BFDB1,,,,,,,ODN0005209406,z,right_only
08D216B4-25C8-4702-8A4B-DE41B88D03EF,,,,,,,ODN0005359747,z,right_only
09B27677-C313-4989-926F-F56FDC48BCFD,,,,,,,ODN0005091952,z,right_only
F9E45B6C-DD5E-4562-B7FA-84C73E2D1DFE,,,,,,,ODN0005019869,z,right_only
7E9BD2F7-CA80-4707-831E-8D3438E371CF,,,,,,,ODN0005080389,z,right_only
D747E356-0851-4B10-8DF9-FDCDAEBC92AB,,,,,,,ODN0001577263,z,right_only
79B5CBF6-BEB7-4BDA-8C86-689DE7ED577C,,,,,,,ODN0001766928,z,right_only
8E74EB97-4A9B-4CC8-AF73-53E42BACF413,,,,,,,ODN0004849268,z,right_only
09105689-89BC-456E-AA88-4BC87C580EF6,,,,,,,ODN0005091890,z,right_only
6D6597BA-F51E-465E-A117-2008A62AE7C2,,,,,,,ODN0001880931,z,right_only
53DF99F2-A582-4A0D-AB30-19C91B9755CC,,,,,,,ODN0004838403,z,right_only
68865241-BD17-4A72-9C01-F5D81C070F22,,,,,,,ODN0004908384,z,right_only
B159AB74-945B-4804-8181-B9DBB92C3AFD,,,,,,,ODN0002141692,z,right_only
3F999FCC-DAC3-4649-B2BF-D9D2D44C7231,,,,,,,ODN0004022768,z,right_only
EC0C3E95-614C-4EB6-8294-ED330E686366,,,,,,,ODN0005255895,z,right_only
3C34D924-5515-491A-98EB-DC889F65574E,,,,,,,ODN0003081660,z,right_only
736DD415-ABE8-4461-A1D0-463754683B79,,,,,,,ODN0005116128,z,right_only
17DC97DF-3616-48D1-B9FD-6975644CDB5B,,,,,,,ODN0005243263,z,right_only
9FDFB272-B873-4B4F-9BB4-5E4E3371A5FA,,,,,,,ODN0000346778,z,right_only
3BAB296C-48AC-4D6D-90B9-42FA9144424B,,,,,,,ODN0005168357,z,right_only
64678BC2-ABD5-424C-A237-1234BAAAEDB1,,,,,,,ODN0005185676,z,right_only
1595DCA2-BC92-4765-8E12-4117901858F1,,,,,,,ODN0005285350,z,right_only
88CEF30E-C855-4E75-930C-1FF42E4709ED,,,,,,,ODN0005168359,z,right_only
50579E4C-4BA8-411C-853F-5DBB12F5E17B,,,,,,,ODN0005042717,z,right_only
57C6DE34-CE74-4272-AC6A-9F6F7637D65D,,,,,,,ODN0005606636,z,right_only
AC1429A3-7823-43F1-8EF8-7ABC6DC1DBE5,,,,,,,ODN0005185853,z,right_only
421CA2FB-68B8-413F-952F-9A887DBF44AB,,,,,,,ODN0005116150,z,right_only
92EE56BB-5E53-4A61-A483-74D4932346F8,,,,,,,ODN0005102373,z,right_only
717F2863-287F-4381-A963-27E16C88D76B,,,,,,,ODN0004692570,z,right_only
298768F8-E311-4300-B4DB-830BDB527DEB,,,,,,,ODN0000471829,z,right_only
3F77643E-5A0F-4D0C-AE09-AE17FE8EDBD5,,,,,,,ODN0005067532,z,right_only
EF10202F-4C38-45D1-8337-72F250937B67,,,,,,,ODN0004966713,z,right_only
FD08F393-5CEB-4B1A-991F-8D3940CBA223,,,,,,,ODN0005037299,z,right_only
05E2B84D-BDB0-4471-B7AB-C855A992D080,,,,,,,ODN0004738025,z,right_only
5FFD45A7-B6C6-49CA-8164-7E4A7976F78B,,,,,,,ODN0005004985,z,right_only
04CADC69-CACB-4F98-9959-378146BCABCB,,,,,,,ODN0001538357,z,right_only
96637462-DFAA-46A1-B447-7179463CF61D,,,,,,,ODN0004669383,z,right_only
957B14FB-CCBD-45E3-A27C-6767F3A7BF05,,,,,,,ODN0003116969,z,right_only
35B19E87-BEA0-44C9-B130-566D98253214,,,,,,,ODN0002582463,z,right_only
D6E2508A-D125-4EB0-89E0-6F7162D55753,,,,,,,ODN0002582479,z,right_only
08E871AD-9C08-4F13-94C7-AAE9839CB1D4,,,,,,,ODN0002582482,z,right_only
E019E1B7-2536-439F-8238-65716B1FFEC8,,,,,,,ODN0002582432,z,right_only
7335CCE3-3353-4F9B-8672-66B227B5FA45,,,,,,,ODN0002582434,z,right_only
9AC8FE8A-716A-4562-AC3D-B0CF23727575,,,,,,,ODN0002582435,z,right_only
45C27941-1C07-403C-A2F4-E1F71F48707E,,,,,,,ODN0002582436,z,right_only
1BB32758-7A20-449A-A9B7-365BC7C1ACDA,,,,,,,ODN0002582437,z,right_only
97B01706-4981-4D64-92B7-50CC5FA94146,,,,,,,ODN0002582443,z,right_only
E72DA808-A396-4B82-8E7D-B724E4C6BA12,,,,,,,ODN0002582444,z,right_only
0CA97FBA-E9F5-435F-AEAB-40E856453045,,,,,,,ODN0002582454,z,right_only
A9A99408-91C3-4C03-8475-9B8D6BE86009,,,,,,,ODN0002582461,z,right_only
A2F580A1-DAAF-40B9-91CC-BB0953D71763,,,,,,,ODN0005042707,z,right_only
C1DCCB1C-C189-40A0-A2F8-C9AF75FA3FC3,,,,,,,ODN0005153356,z,right_only
5B4E0951-B762-4A95-ABEA-B2934B9D01E0,,,,,,,ODN0005042724,z,right_only
3D78A8B1-576E-4F0C-9BE4-179A2BD616B8,,,,,,,ODN0005139598,z,right_only
1A5B37AB-CE35-4FD2-899C-F610778996E4,,,,,,,ODN0005042725,z,right_only
2270CF68-E149-4F04-8C35-D12DDFA32C9D,,,,,,,ODN0005231245,z,right_only
2469E5A9-6BE6-4B2B-BAAA-F924D17DAC62,,,,,,,ODN0005067547,z,right_only
000873AA-D9FF-4FDC-BD60-2E4F90207ECC,,,,,,,ODN0005153398,z,right_only
AB95E3C3-B627-4E7D-979D-8EBF9A131303,,,,,,,ODN0000462187,z,right_only
8FF39A3D-BAC0-4149-8C54-DFE80D36632C,,,,,,,ODN0004966706,z,right_only
632EB50F-131C-479C-B05F-E1C044405F86,,,,,,,ODN0005019848,z,right_only
915F6ACD-E5D6-44EB-96A9-6159E5BF70AF,,,,,,,ODN0000471825,z,right_only
B0EDBA72-D19D-48B8-821E-6A18CA98AACC,,,,,,,ODN0005102375,z,right_only
2FAACADC-D5FA-45F0-A9F8-C04998DA7ABA,,,,,,,ODN0000592296,z,right_only
5868E134-7CFA-4853-B851-0375B3475C69,,,,,,,ODN0005057248,z,right_only
687A7EC6-780F-4779-8829-0C0AB605E1AB,,,,,,,ODN0005243268,z,right_only
30FC5419-E8BE-4BC1-A46E-6E9500F2C728,,,,,,,ODN0004966757,z,right_only
CED8B153-99C6-4533-A953-B4FE72400DF5,,,,,,,ODN0005102387,z,right_only
47B43202-E62A-4FB2-88CE-40A3EF133DAB,,,,,,,ODN0005005046,z,right_only
0A60CD6E-5BE9-484A-83F7-2BFC72686A22,,,,,,,ODN0005037500,z,right_only
6973F4C7-16A9-4B48-9127-BB1E7D59251F,,,,,,,ODN0005231648,z,right_only
4BB5329A-B7BF-4D24-88A9-4F652B92717F,,,,,,,ODN0005080201,z,right_only
F534D2B1-CF90-4BED-B42A-4B1F64D12535,,,,,,,ODN0005037475,z,right_only
39090CF8-CBC8-461E-97D9-1AF320B43267,,,,,,,ODN0005116229,z,right_only
9E7A8DE7-A9E9-434C-AAE8-97241E038CA2,,,,,,,ODN0005102383,z,right_only
FFCA8EE3-53AF-4B0B-9377-8F0ECB9F9720,,,,,,,ODN0001134311,z,right_only
50E1DD3F-8174-4E92-9B55-2860AF86BEDF,,,,,,,ODN0004692584,z,right_only
F64CFA3D-5DC4-40FD-B932-427605AEA716,,,,,,,ODN0004849327,z,right_only
DB495DD0-E6E9-4AAC-B537-F0B9B761CDD4,,,,,,,ODN0004896512,z,right_only
67708B0C-259F-4AEE-8935-9416ECD575B7,,,,,,,ODN0003985048,z,right_only
48538231-D18B-41A1-A052-C6759A2875BA,,,,,,,ODN0005067492,z,right_only
5B234445-8B03-4BC1-A560-AADB7AC8B745,,,,,,,ODN0003309241,z,right_only
11C44429-913B-4EE0-A705-A449C54FD1A4,,,,,,,ODN0005037148,z,right_only
DC60352D-D2CE-4458-BD86-F18938B86F17,,,,,,,ODN0003706217,z,right_only
256A61C7-6D2C-48E7-94F2-FB115F0A0226,,,,,,,ODN0004229989,z,right_only
BA9C2115-CAFC-4C73-BA43-B3BA6A94DAC0,,,,,,,ODN0005340333,z,right_only
AB2E64D0-408A-45F1-882D-4FC39573E7EA,,,,,,,ODN0001383121,z,right_only
9B9D79C4-4CF8-4838-BE27-FDA1A919689A,,,,,,,ODN0004775066,z,right_only
5818E44E-038C-4E20-B5ED-BB6596063A99,,,,,,,ODN0005285421,z,right_only
470BA9B0-7EE3-460E-8B16-FF25E8F61588,,,,,,,ODN0004908490,z,right_only
966051D8-AFDE-4A5D-8A5D-D7C782E1B59A,,,,,,,ODN0004548105,z,right_only
3F8DFDE1-5024-43E4-86D3-BC9B308C4661,,,,,,,ODN0000455822,z,right_only
2E72CBC8-C3A0-4BAD-BF5B-27747F5E4363,,,,,,,ODN0000283592,z,right_only
FE28EB13-C1F1-4E33-AC96-B0DF5A841BFD,,,,,,,ODN0001345809,z,right_only
7FD33249-605F-46AC-B133-7F2C72416F97,,,,,,,ODN0005256132,z,right_only
28859A3E-5187-4FE1-B843-CF6B66C64564,,,,,,,ODN0000530896,z,right_only
60B23640-FC7B-4761-BE56-CC89665DFD9B,,,,,,,ODN0004884199,z,right_only
02F493FB-DEF9-4260-8052-2C4AE21CE648,,,,,,,ODN0001896245,z,right_only
8FC12721-39F8-46AC-A680-1BDFD5895CDA,,,,,,,ODN0005137093,z,right_only
21519E2A-0623-42F2-8292-6F6E2EC2B4CF,,,,,,,ODN0004942737,z,right_only
17A2EFCA-8D13-49FC-BF67-A787198209B8,,,,,,,ODN0004896533,z,right_only
1DA9BBF1-1C8F-4869-B87E-DC5DBC23263F,,,,,,,ODN0005217222,z,right_only
5103C6A2-7F79-4BE1-90AF-F451397A469E,,,,,,,ODN0005102315,z,right_only
B39E1DD5-C8C1-4F1C-B2BD-07BFFD257E30,,,,,,,ODN0005153555,z,right_only
05FC7F8C-8EBD-44C2-9FFA-91CD30A03149,,,,,,,ODN0005091954,z,right_only
72552E21-574F-4C82-B5AD-D2633CC86989,,,,,,,ODN0005273798,z,right_only
5ED6FECD-9D94-46D4-AC01-E5B02956F6B4,,,,,,,ODN0003348729,z,right_only
DD7DB170-7D58-4E9C-8127-1D9695509CCB,,,,,,,ODN0005153493,z,right_only
FE062934-8477-4EFE-A6C2-544446FF3675,,,,,,,ODN0000258523,z,right_only
99924FC2-C378-4754-B3B2-FDC1C82F3599,,,,,,,ODN0000258389,z,right_only
64F36AEC-3C1B-4F47-B379-DDF929BEFDA9,,,,,,,ODN0000583710,z,right_only
9E822DFA-44B6-4BF6-9552-833C30FCC09A,,,,,,,ODN0000204439,z,right_only
4F4D9D75-87CF-43FA-AC54-F2C7311CA746,,,,,,,ODN0000346829,z,right_only
2F86381B-1487-46FF-BF19-0BB571124CFF,,,,,,,ODN0000253993,z,right_only
7A8338AA-F3F9-40C2-A879-DB20647AE326,,,,,,,ODN0003488441,z,right_only
51A93349-4A88-4359-B64A-F6B6603FA10A,,,,,,,ODN0000766285,z,right_only
C0F6DA3F-48FB-4EC3-BE9C-CFAD2BD18784,,,,,,,ODN0004434578,z,right_only
E3D31ED3-304D-4665-8E18-F305ADF37A07,,,,,,,ODN0000204479,z,right_only
A7F04D94-6A1F-4370-8AA0-92FE48BB88BC,,,,,,,ODN0000842439,z,right_only
55C4CC78-242A-4D04-9C9D-DC3067EFB590,,,,,,,ODN0005091977,z,right_only
1AB5A5E0-D9C5-41A3-9A78-76DDA268D31F,,,,,,,ODN0005527540,z,right_only
BCE19F0D-0BA1-47AA-B91A-F325F35D8A77,,,,,,,ODN0005153429,z,right_only
9FC79CA1-0B59-43A6-8839-FBA88CB0C264,,,,,,,ODN0000203052,z,right_only
4A75DC5E-1D4B-4805-A33D-C487938FCC87,,,,,,,ODN0005329691,z,right_only
2E3EE679-140D-4584-8660-F698929BA4CB,,,,,,,ODN0005153441,z,right_only
8F6485F6-2484-48D2-855E-456E5938FE2D,,,,,,,ODN0005102319,z,right_only
3038214A-5AB2-4E56-AEA9-E50A33213048,,,,,,,ODN0004948127,z,right_only
06971387-1FEA-4A04-B13B-608CBB73D77C,,,,,,,ODN0005102321,z,right_only
944BCF66-46E1-4AD9-A737-A3F0CAECD9D0,,,,,,,ODN0005329694,z,right_only
AF3515D5-0B1D-45BF-B4CB-9CB4FE78AB30,,,,,,,ODN0000612690,z,right_only
AB673475-9C17-48E3-9E1C-F9616D07D14C,,,,,,,ODN0000842590,z,right_only
43CB386D-DD63-48ED-8774-7D098EBE9950,,,,,,,ODN0005231322,z,right_only
BE1BCCD5-6208-4FED-AB3A-EDA24AAB39D7,,,,,,,ODN0005091951,z,right_only
F6B0EC9B-9388-4238-95D8-D46FD3D3ABF8,,,,,,,ODN0005091957,z,right_only
77F40D68-0FB8-474F-AB86-8A4029DA81FE,,,,,,,ODN0005329704,z,right_only
B4F75118-22AF-4EA9-A318-E6EC9E5A494D,,,,,,,ODN0005102391,z,right_only
E9F31283-8C2D-468A-A4EA-6804F35BCF96,,,,,,,ODN0005091973,z,right_only
25B2D869-6607-4197-B08F-5FF5E3DE8973,,,,,,,ODN0004692588,z,right_only
71BEB1A5-C4C7-426A-A8C9-17064641818E,,,,,,,ODN0005091929,z,right_only
E3EF1658-E92D-4F97-BC1C-F68961F01784,,,,,,,ODN0005285430,z,right_only
3E8E313C-5591-48FD-A49E-962261EFF22F,,,,,,,ODN0004548098,z,right_only
0EEA33D1-298F-4129-BAAF-33F23F8AC49E,,,,,,,ODN0005329701,z,right_only
5B8A3C5C-774F-447E-9145-178A909A9127,,,,,,,ODN0005217121,z,right_only
6A49CCF0-8183-4626-BFDB-5D32801A4379,,,,,,,ODN0005077638,z,right_only
7F3633CF-0D8D-4594-803A-458906A036F0,,,,,,,ODN0005185849,z,right_only
D6F81854-2E6B-451E-B34F-DC48AEDAD0C6,,,,,,,ODN0005231417,z,right_only
59810249-E6E7-43DB-839E-87C7D6B10DF6,,,,,,,ODN0005209411,z,right_only
142BB673-4DEC-411F-B93A-2B650198E225,,,,,,,ODN0005329702,z,right_only
51477453-4AB4-478A-9869-86AEB1D2310D,,,,,,,ODN0005217186,z,right_only
90D3B5BD-E6E3-43D5-9336-8AA27E8823ED,,,,,,,ODN0005256141,z,right_only
304A9ADA-4FD2-495F-B04F-6BC6ACD06B6A,,,,,,,ODN0005329692,z,right_only
D7DA1AB9-A2BE-40F4-9FDA-884AAF6AEAFD,,,,,,,ODN0005091935,z,right_only
D577FE56-ACD7-4780-900D-DA759245B563,,,,,,,ODN0005231630,z,right_only
ACF7811B-C74B-4BFD-BF08-F29F4F3490EC,,,,,,,ODN0004948142,z,right_only
8AE17F84-F584-448E-A682-6C25C48DDC76,,,,,,,ODN0005067537,z,right_only
AB230826-4227-4ADB-BAEA-33E5897CF779,,,,,,,ODN0005067538,z,right_only
1F2DC488-6D83-4BCA-9330-BDE8EF597956,,,,,,,ODN0005116216,z,right_only
0064D50D-6859-4252-8EF9-D2952AB60041,,,,,,,ODN0005057251,z,right_only
CB5AC29C-AB8D-4EF4-919C-12E06C45BA63,,,,,,,ODN0005067584,z,right_only
817EDE77-41FB-4028-AEC1-848F377EA0D1,,,,,,,ODN0005217229,z,right_only
83DC70BD-80CE-457A-A879-ABAE598A4D0A,,,,,,,ODN0005243251,z,right_only
C9FCB99F-23BF-4DC1-8BE5-0C989F010ACD,,,,,,,ODN0004265127,z,right_only
DB949809-BCE7-419E-AD94-2AEFB1F87FDD,,,,,,,ODN0005256081,z,right_only
1E18EBA5-F8A5-4119-B7F8-12911B3957D8,,,,,,,ODN0004787350,z,right_only
03200F34-3D5B-4B51-8EBD-E1C9427A578C,,,,,,,ODN0003758895,z,right_only
4D5C49AE-14FE-44E0-8158-F07BB5619C1F,,,,,,,ODN0002232565,z,right_only
2803B118-C9A2-4009-9D34-07B65B56993F,,,,,,,ODN0002996604,z,right_only
8BFB1D93-25BB-4229-83F5-6D89543CF997,,,,,,,ODN0003309322,z,right_only
150E7B76-C3D6-4DD7-8622-084610593BDC,,,,,,,ODN0002504643,z,right_only
3671208E-285E-4BAF-B61E-151FCF52669F,,,,,,,ODN0003716722,z,right_only
235583D1-323F-45A0-9362-2F1DC436173D,,,,,,,ODN0003470781,z,right_only
F89DE9FF-2A60-487B-8F91-57E942E3D5D2,,,,,,,ODN0003042682,z,right_only
C0604691-90E4-4E2A-AA8D-46900A06059A,,,,,,,ODN0003117016,z,right_only
AD753729-0F2B-4BB6-874A-9C6DFF3B2FE3,,,,,,,ODN0000252642,z,right_only
C5B64FF1-637E-4CAB-8542-A1486B14416B,,,,,,,ODN0005340341,z,right_only
6F88AD84-432E-4B57-A3C5-5297ECC37175,,,,,,,ODN0003889389,z,right_only
6CF4C238-B317-427E-A96A-04C3CAA3BA1E,,,,,,,ODN0004608926,z,right_only
A896155B-126B-43F4-9389-57C6CBBFEB2A,,,,,,,ODN0003645782,z,right_only
79CAC6CD-0CC8-4FC7-9CA4-EF94DD81C6D8,,,,,,,ODN0000203426,z,right_only
8351EAC5-F3CC-48E3-B18C-B3B3E1549671,,,,,,,ODN0004265020,z,right_only
D4F9ADA9-A47F-4E64-A1F2-B599DC9DFE56,,,,,,,ODN0004414047,z,right_only
FFCD56DE-4B7F-4C79-9D8A-630DF6E5EFFD,,,,,,,ODN0002069620,z,right_only
EFFBEB87-4B74-4FDE-B9FB-DC7BE0FFF18A,,,,,,,ODN0005005010,z,right_only
A90AAA96-81DD-4C45-A5D9-26A23CD9A275,,,,,,,ODN0005091918,z,right_only
3FAB3E1F-46C3-4C08-9E09-9B8DA4B7098D,,,,,,,ODN0005373907,z,right_only
E67342BE-01F5-40C5-B73C-36462BE03617,,,,,,,ODN0004737979,z,right_only
95315EA0-CF34-4BB1-BAB1-AC131BF86FB6,,,,,,,ODN0004214686,z,right_only
E86F9990-D6F9-439E-BE88-4637E72C341D,,,,,,,ODN0004884223,z,right_only
279ECAC8-BD9C-41EF-BD1D-4FCA57F6014E,,,,,,,ODN0004335609,z,right_only
42EC8DDB-2B65-462F-8C51-80024D2FE742,,,,,,,ODN0003682388,z,right_only
FCD57CC1-D6BD-4B17-94B8-CD59E63857D5,,,,,,,ODN0000207334,z,right_only
BBCF1A33-BD67-4B06-B3A5-6839521D2B67,,,,,,,ODN0000522565,z,right_only
446640AD-DAF4-45E4-95A1-128617A84407,,,,,,,ODN0000254413,z,right_only
7531D74C-884B-4965-A233-473C9A6E5483,,,,,,,ODN0004884227,z,right_only
91882FF7-213D-4DE1-8140-EF4100571952,,,,,,,ODN0005019838,z,right_only
529C2AA7-C4A2-4E4D-B68B-C8B45A6E96B6,,,,,,,ODN0005231473,z,right_only
1BA07E58-322F-497B-954C-8E9552C44D65,,,,,,,ODN0000203445,z,right_only
05EC0713-A25B-4F8B-81C6-1B2F21613D23,,,,,,,ODN0000455658,z,right_only
E33A3CE9-70B8-4BD9-8FDB-F3B2E40E4634,,,,,,,ODN0005209405,z,right_only
53C778FB-E613-48CC-8841-CDFE22D88DF1,,,,,,,ODN0005217226,z,right_only
0326FBB7-CBED-44B0-BCE0-8328EDDF6DB1,,,,,,,ODN0004966709,z,right_only
32815AF8-0F70-421B-9650-9B6CEB8C3353,,,,,,,ODN0005185726,z,right_only
CEA9CE92-8926-449B-89CF-6A7D09B77970,,,,,,,ODN0004548087,z,right_only
6CEAA3C9-89AF-4CE4-8EA0-C0B7FE455227,,,,,,,ODN0005340338,z,right_only
E68ECC94-5041-4EC4-A3AC-0C48C610232F,,,,,,,ODN0005091996,z,right_only
151CA2C8-9135-4333-A533-0C1B367BF656,,,,,,,ODN0000203132,z,right_only
FF523A05-BEA4-4BA7-AD00-507D67630A53,,,,,,,ODN0001579035,z,right_only
3989D938-7317-4508-8238-4315481C4B27,,,,,,,ODN0001050015,z,right_only
EE46B4BD-1442-4552-9728-DE80C5F9AB37,,,,,,,ODN0000203425,z,right_only
B373028D-2F05-4C37-BAC8-6911E432CC1D,,,,,,,ODN0003900448,z,right_only
9BA806FF-0EB5-4BC3-8EA0-8B7A4E705CC5,,,,,,,ODN0004373104,z,right_only
971E4B0A-3EE8-4ABE-8157-43DA9BB30FFF,,,,,,,ODN0000631176,z,right_only
F7811DC6-E548-4EB9-9D37-3D72194C3C96,,,,,,,ODN0001286716,z,right_only
7D76913D-09E5-4579-8FCF-D26F4CF0D460,,,,,,,ODN0004704796,z,right_only
01200AB8-4D64-4EE1-9182-88E6F3CA9A20,,,,,,,ODN0000613399,z,right_only
9F8D4E69-CD2C-4CAC-B888-6CF19FF021EF,,,,,,,ODN0004187828,z,right_only
41480F9C-AFD2-4814-AFB7-27D6F75E228F,,,,,,,ODN0001244236,z,right_only
054E08CD-D8BC-4681-B093-6E7B1576B4B5,,,,,,,ODN0001258470,z,right_only
2E9D960F-9327-4CA2-9DD1-FBAD486ADB4D,,,,,,,ODN0001258450,z,right_only
6E42A9DF-3BC7-4D5D-94B0-5D372D35A06F,,,,,,,ODN0000204120,z,right_only
80DADC0D-282A-4B12-83B4-4913A4B036CB,,,,,,,ODN0000204167,z,right_only
D38567E1-7809-4B87-A324-232EF6434C52,,,,,,,ODN0000204193,z,right_only
D6D367FC-6159-4482-B5E2-1D2CFB849BFE,,,,,,,ODN0000636405,z,right_only
5B896803-90C3-436D-BBD9-D766972C1497,,,,,,,ODN0000636406,z,right_only
CAC2E4EA-7C2C-4782-8672-1679C90A98AD,,,,,,,ODN0000274813,z,right_only
FA4522A8-E890-4338-A7E6-C427CD635CA0,,,,,,,ODN0001061125,z,right_only
E71FB944-EA92-4624-92AF-76293167CDCA,,,,,,,ODN0004948114,z,right_only
84560021-F4A2-40C0-901B-9634FD1794DE,,,,,,,ODN0005168336,z,right_only
BB4703B7-2EF3-4374-ADC6-6D21842EB82E,,,,,,,ODN0000842414,z,right_only
2763BF59-E72E-4073-84F3-0C52E8B2A3D2,,,,,,,ODN0000203533,z,right_only
B4A9B3B2-BEC4-42B0-812D-C87ABCA7A6C5,,,,,,,ODN0000346853,z,right_only
6322EF13-94EA-47FF-9470-2B13CD89D534,,,,,,,ODN0000462165,z,right_only
890A7380-FF9E-487A-AA1E-CACEFCED773F,,,,,,,ODN0004528149,z,right_only
AFE9BF8E-DF92-46FE-AF41-6DAA8147D816,,,,,,,ODN0005217217,z,right_only
67EE9F5F-4A62-4101-8C86-E3B825B90780,,,,,,,ODN0005042731,z,right_only
674A319F-F645-41B1-A401-D87BC5D4635E,,,,,,,ODN0005139840,z,right_only
96853337-A432-41E7-A2AD-933E33DB2220,,,,,,,ODN0000655933,z,right_only
7285ED45-6A02-4A43-8A29-E5882DB22291,,,,,,,ODN0005256139,z,right_only
08B42D10-C42C-4114-B002-6CE88F410565,,,,,,,ODN0005102303,z,right_only
B33CE105-0C08-4C59-8B9F-50EBE11206C5,,,,,,,ODN0005102327,z,right_only
0ED191AC-A847-4960-8CC2-2414C6723805,,,,,,,ODN0005102306,z,right_only
D438933A-BFF6-47A9-8855-041142EBFD45,,,,,,,ODN0005256018,z,right_only
4AF9FB8F-C973-4800-AFB0-A2D4A3E60D60,,,,,,,ODN0005116184,z,right_only
AC3EC3A1-650E-47B4-92C7-8AC016D6F2D2,,,,,,,ODN0000346847,z,right_only
6FE5CCD1-D3F0-45A3-B4CF-03A5B2262A17,,,,,,,ODN0005256057,z,right_only
5CF8A95C-0C81-46DC-B4D3-86DAC7FBD2D7,,,,,,,ODN0005256072,z,right_only
6BA27006-4527-4501-A6F2-57AA679F81DC,,,,,,,ODN0000592277,z,right_only
BD449784-9718-45C9-A754-123F944AB8F1,,,,,,,ODN0005256140,z,right_only
61FA8E28-E95E-442B-8226-AAE21CD01F59,,,,,,,ODN0005256095,z,right_only
30C0FE66-D753-41F2-A888-C631D10FB286,,,,,,,ODN0005091947,z,right_only
ED852679-B31D-4216-89B7-999AA2EE088D,,,,,,,ODN0005091985,z,right_only
310E692B-258C-4A5E-96C2-968914887B9E,,,,,,,ODN0005153475,z,right_only
1F5ECE38-11B6-40B5-9410-E4E8A286B0E9,,,,,,,ODN0005231639,z,right_only
F36EA9AF-3EB4-400B-8A8D-F550A3E1BDFF,,,,,,,ODN0005153576,z,right_only
8AFA9914-857F-4F87-9AD0-3944AF39BCBC,,,,,,,ODN0005256147,z,right_only
5768DAC4-5463-446E-ACE5-35F65EA9D6AB,,,,,,,ODN0005153594,z,right_only
80B52FB4-9430-47D1-8820-D801DA9BDD52,,,,,,,ODN0005217118,z,right_only
941EFBA6-6ACB-436C-9882-0B696D59787B,,,,,,,ODN0000522527,z,right_only
6F97A64E-56AD-48F0-9CE4-A630C736E4BB,,,,,,,ODN0005460650,z,right_only
2019ED6D-7F62-4ED1-B253-1113D66CBC14,,,,,,,ODN0000221993,z,right_only
D3765F55-0599-4CC8-982F-81E18FD6ECC6,,,,,,,ODN0000611694,z,right_only
4FFE788C-E76B-4852-9189-2DDC1BFEA69B,,,,,,,ODN0001265383,z,right_only
75BD7E8F-D2CB-4547-A0D5-0F9825795DE8,,,,,,,ODN0001408070,z,right_only
73912F31-B26A-4769-8BFE-A39662C7984D,,,,,,,ODN0000592133,z,right_only
2A181C22-7790-46F0-B7CD-91A1C71963D8,,,,,,,ODN0000612667,z,right_only
1E316EE6-CB23-4FCB-9679-C97FD19FC0B5,,,,,,,ODN0000842522,z,right_only
2568B039-DB20-44FB-AF90-E99923F1001D,,,,,,,ODN0000238472,z,right_only
A32D4EE8-53EE-4439-A6AC-3BBAF550C76F,,,,,,,ODN0000203452,z,right_only
9EFAC203-405E-4DC9-83AE-6808C4E85ECC,,,,,,,ODN0005273788,z,right_only
2B41019F-17F3-4119-A449-30F631B55685,,,,,,,ODN0005359746,z,right_only
62DCBBFA-808E-47EF-8D2F-B3C1A2CB09C8,,,,,,,ODN0005168330,z,right_only
99F8384B-3FF0-4B40-A6C3-20109D9B2319,,,,,,,ODN0005153561,z,right_only
15676F6B-8359-48B9-877D-36AA9E49A9D6,,,,,,,ODN0004326101,z,right_only
83222728-9C6A-4088-B3BE-10FDD72DC257,,,,,,,ODN0000455885,z,right_only
BE3A0AD4-FA10-4F45-B763-6B5C10A23C81,,,,,,,ODN0005102302,z,right_only
DE985BD1-5C7E-4319-843D-CAB98A93D84A,,,,,,,ODN0005102326,z,right_only
8E65D2D8-EB87-40CA-8213-DBC25C03F3A8,,,,,,,ODN0005285358,z,right_only
AF5E67BA-930F-4F99-B719-E6D966BBEFAD,,,,,,,ODN0005153368,z,right_only
199C5AB8-E011-424E-ACE3-0C7654D2431A,,,,,,,ODN0005285424,z,right_only
D7B2A9BC-1528-42CB-8A7D-1615DA85BB82,,,,,,,ODN0005329699,z,right_only
4647CDD1-2A20-4C56-93DC-DE91DE5B1E74,,,,,,,ODN0005091880,z,right_only
E59B2697-20EC-452C-ACD9-1004B03540B8,,,,,,,ODN0005116186,z,right_only
ED8762F4-3F8E-4DE1-ABBD-7B4C277AC620,,,,,,,ODN0005285387,z,right_only
2E184B0B-AE57-4305-82C5-3CF462DFDE4B,,,,,,,ODN0005091979,z,right_only
BC8EB1D7-88BC-4474-B40F-D4CA97F6EB38,,,,,,,ODN0005091915,z,right_only
FCE67F40-D999-4A62-91C9-3C4A5ECDB00E,,,,,,,ODN0005305833,z,right_only
7E4BBDC7-2FC3-4FB6-BCE4-6E0213537A1E,,,,,,,ODN0005273793,z,right_only
4E1924B0-0BBC-4E3A-A014-AB943DA10DED,,,,,,,ODN0005273783,z,right_only
89575240-25C4-467A-AA78-1580F9D2D1EB,,,,,,,ODN0005359752,z,right_only
0093B372-0B6A-4832-B6FB-A0F159EABB79,,,,,,,ODN0005185863,z,right_only
CFAAC1B6-53D0-420F-85EA-505397B2A08A,,,,,,,ODN0005091993,z,right_only
E53C2C9F-7D8B-4310-AFC7-5C92126D5F20,,,,,,,ODN0005102378,z,right_only
B1314593-D6DC-49CA-A079-C6DC7CE7D6E1,,,,,,,ODN0005091994,z,right_only
468C3F38-7C84-41E6-9C01-7BC945E79C34,,,,,,,ODN0005294902,z,right_only
EF6A4B68-3245-4003-A9E7-58EC88EC188B,,,,,,,ODN0005537240,z,right_only
ED5A0BD7-2412-45BD-8B55-088EFD0E9DA4,,,,,,,ODN0005153595,z,right_only
AA70DC9B-3C92-4BA3-A1F2-8899018F9AF7,,,,,,,ODN0005546901,z,right_only
F8C3D75E-BD1B-4F16-8A8D-C4D89A46B14D,,,,,,,ODN0004787345,z,right_only
22D68C85-CAFD-452F-A10F-76987209E9A0,,,,,,,ODN0003656333,z,right_only
B22DBE66-78BB-483F-BE43-C94BA0124A4D,,,,,,,ODN0003360194,z,right_only
5A57C8D8-76F6-4D98-8E28-B9F374963E49,,,,,,,ODN0004896523,z,right_only
293DA03C-7525-4FE7-AB67-98ED314E4B98,,,,,,,ODN0005042708,z,right_only
BBDCC8C1-7C11-4F65-B615-50C5F918C3E4,,,,,,,ODN0004247732,z,right_only
DCCBA35E-4313-4E46-934E-980C46EB53BB,,,,,,,ODN0005256042,z,right_only
A7049FBC-133B-4ACB-8FB5-7B65F151E7C9,,,,,,,ODN0005285396,z,right_only
B1CD4143-CD12-4B0B-88D4-75FF267B9300,,,,,,,ODN0005231624,z,right_only
73FBCCE0-1D93-4C74-A686-A8638227215A,,,,,,,ODN0005294840,z,right_only
2CC05BE2-2F15-4C3F-A881-5BD14D27119D,,,,,,,ODN0002462086,z,right_only
3596E7F7-203E-4C80-8B3C-43650487A050,,,,,,,ODN0002517206,z,right_only
A7471284-01D8-4D47-99AF-C76F59456421,,,,,,,ODN0005294890,z,right_only
88634339-36A7-4E98-B35B-A424912E1A06,,,,,,,ODN0005057235,z,right_only
2D1D4FC4-8BD3-440F-B538-8DAE7A4AF4D0,,,,,,,ODN0004858602,z,right_only
EA54DA05-ED38-425D-BB0C-846316206344,,,,,,,ODN0003706339,z,right_only
F6EEEC22-B453-429A-8811-7617D1EBD29B,,,,,,,ODN0004295271,z,right_only
9359ED9D-FB34-4005-95DD-07394E7BECEE,,,,,,,ODN0000911514,z,right_only
AB5259E6-7929-422B-8390-802515ECCDE5,,,,,,,ODN0000016288,z,right_only
E5240CA9-D013-409B-A0DE-4C60F2404C5C,,,,,,,ODN0000866628,z,right_only
3BC8E020-00E3-4EA6-AD5F-6C3A2D083BAF,,,,,,,ODN0001751832,z,right_only
525FB4CA-4045-4F92-BA75-68358B4100A5,,,,,,,ODN0000116710,z,right_only
1F964695-9359-4D2E-B040-D4FF1E17E566,,,,,,,ODN0000037388,z,right_only
34460366-5D71-498B-B7A9-20A063F863F7,,,,,,,ODN0002104016,z,right_only
3DF08B25-D275-4BF3-A398-0AF526DDF7CE,,,,,,,ODN0002069747,z,right_only
E2D8EF1A-260F-4F73-B97E-CE31A9B00835,,,,,,,ODN0002013786,z,right_only
CD55AE67-FF40-41E4-897A-DA4FFB42A686,,,,,,,ODN0001440630,z,right_only
4DC0EA6C-3E39-4F45-8306-290734931EE7,,,,,,,ODN0001361270,z,right_only
9F58449C-F6EE-46C6-A057-3A253E6E3BE2,,,,,,,ODN0005513924,z,right_only
B57B1291-C88E-475E-8E4A-6321481F8CB7,,,,,,,ODN0002014491,z,right_only
891CB96F-4BB5-4648-A03E-F88B717885CD,,,,,,,ODN0003611305,z,right_only
6634C1C1-665A-4E49-B96E-9FEA5CA24764,,,,,,,ODN0003611311,z,right_only
352BA374-1D06-4831-B7F7-7F993B79F5C0,,,,,,,ODN0001859588,z,right_only
8D69F65A-E15D-4DA8-9EE1-60F4B26FB933,,,,,,,ODN0000594398,z,right_only
1D72B4E2-C490-45E9-9CC7-42CAF9C30364,,,,,,,ODN0005408359,z,right_only
8601B3B5-F04D-47C6-8A85-DFC01743FC11,,,,,,,ODN0003753970,z,right_only
E64773C8-28EA-48DE-A5C6-C4CCAA313A7A,,,,,,,ODN0001903898,z,right_only
E60B3101-99B6-482B-8A6C-14950A0BB8C4,,,,,,,ODN0005644550,z,right_only
4CF6AC9B-4619-4B70-AC93-B9DADB5A1D51,,,,,,,ODN0001668317,z,right_only
C5E7BCA5-256F-48AB-AFAB-0A0C25B37DEC,,,,,,,ODN0000647161,z,right_only
77226AA7-E528-4272-8C88-A9533B7B381C,,,,,,,ODN0001396232,z,right_only
BAD31E06-7B55-4677-9686-027B3E626C53,,,,,,,ODN0005534815,z,right_only
A6007607-2608-48BE-931C-9C9B1430F58B,,,,,,,ODN0002642321,z,right_only
A68E16E4-EFF3-4B8C-AC20-37E76FCDCE98,,,,,,,ODN0005321477,z,right_only
60EF5992-2F6D-450B-A8B9-A60BE0CB08F9,,,,,,,ODN0003611303,z,right_only
0AB60FF9-346F-4332-A28A-34009A5FD70F,,,,,,,ODN0005280798,z,right_only
88FF3580-A980-4F6C-B2AC-0AE9ADC4F254,,,,,,,ODN0001013260,z,right_only
EFCA47EA-21D0-4A90-8F60-61F11C95C3F2,,,,,,,ODN0003611317,z,right_only
3FD42C45-A3A7-428F-B537-AE1E6CE26FE9,,,,,,,ODN0001135291,z,right_only
D8AE4D48-79AA-48DD-8E3E-88746EF77238,,,,,,,ODN0001135763,z,right_only
5B25B428-FF21-492D-B114-0615F1B609AE,,,,,,,ODN0002019374,z,right_only
40C01DC2-2230-4685-B978-0F170122C1C4,,,,,,,ODN0001136371,z,right_only
B4B2AA3E-CAAC-42DF-B827-CC92118306E1,,,,,,,ODN0001136716,z,right_only
4499AD78-F6BF-4361-89CA-74935153691A,,,,,,,ODN0001136798,z,right_only
9E334652-600D-4493-8923-6E2F2D294A25,,,,,,,ODN0001388197,z,right_only
03DB7316-78FD-49A4-B2D8-F93894E5F6EC,,,,,,,ODN0005630125,z,right_only
D2121F75-B3BC-4008-978E-25829DFFBD76,,,,,,,ODN0004694922,z,right_only
454BBFCB-AEA1-4064-9B02-5EEAA169E015,,,,,,,ODN0004665790,z,right_only
2C0321DD-DD27-400E-8B66-7F028EA6FAD5,,,,,,,ODN0005421574,z,right_only
9D6B1690-230A-479E-B92E-62C5020C734C,,,,,,,ODN0005244851,z,right_only
0855CC94-BA67-41E8-AAC4-F74E3CE1F066,,,,,,,ODN0004949608,z,right_only
893A9523-9F6D-44FF-AF4F-42448839883A,,,,,,,ODN0004949639,z,right_only
7D44D867-5BB0-4E44-9857-1BE983B4B1DB,,,,,,,ODN0004949640,z,right_only
C956EBC2-169C-4C3C-982E-E70E25129797,,,,,,,ODN0004949739,z,right_only
3543E070-CEB0-44D5-B4A3-D8DB1F694CB7,,,,,,,ODN0004950270,z,right_only
AFA2C1B8-A561-425E-8DC9-11C7791427C7,,,,,,,ODN0004950343,z,right_only
47792655-2DDF-4645-8AC9-A129843F57CD,,,,,,,ODN0001174181,z,right_only
FE08E95E-FFDF-47FC-BC8E-D66D6827EB9F,,,,,,,ODN0001955447,z,right_only
3770BF42-BB03-45E1-A281-24BCF2EA1A3D,,,,,,,ODN0001939669,z,right_only
03CCD338-0899-464B-9699-FD32175DF771,,,,,,,ODN0000893856,z,right_only
F199EC3B-C8A9-4EBE-ADF2-3BFD117640C2,,,,,,,ODN0000471946,z,right_only
96EC252D-E6F9-423E-A69D-34ACDB0EB554,,,,,,,ODN0004131567,z,right_only
140D502F-0488-4C44-B864-875F1A3F91D1,,,,,,,ODN0000331765,z,right_only
00FC5BA0-7DE7-4CF2-ACBE-E0B84CCD1C3F,,,,,,,ODN0005179886,z,right_only
1037147F-7CF5-4FD9-A8B5-485CCED01AE9,,,,,,,ODN0002880943,z,right_only
9842F41A-3930-4592-9D39-C903A4F5625E,,,,,,,ODN0002516364,z,right_only
E1B5746C-E9C1-4A34-BCB9-50E38CD80D99,,,,,,,ODN0004523627,z,right_only
B3F891EE-AAA3-44E3-9B43-A795841A2873,,,,,,,ODN0005546947,z,right_only
5DE2268D-C64D-4F14-912E-276A8BC48CCF,,,,,,,ODN0003156896,z,right_only
0339EA57-D940-4BA8-964C-369E7284483B,,,,,,,ODN0004672293,z,right_only
E33B3B1B-6973-4D3A-A84D-E596271DDEE8,,,,,,,ODN0000568012,z,right_only
6FEAEED0-ECEB-40DB-9313-AA2959AAC14A,,,,,,,ODN0000568013,z,right_only
5E73BADD-E433-4714-8392-892EE5309667,,,,,,,ODN0004289971,z,right_only
0224608C-E5FF-4F01-BEA0-10F8629A316D,,,,,,,ODN0004718700,z,right_only
75E68F89-8B23-4EE6-A010-BFE113FE339C,,,,,,,ODN0004672295,z,right_only
F2CBA8D0-24A7-4A01-80C6-E1BEAECF1AC6,,,,,,,ODN0004959059,z,right_only
4F3EB310-C2A5-4AB8-B0C4-139CE3F07D6D,,,,,,,ODN0004845563,z,right_only
EA22DBFF-A72B-4E81-BFDD-0C799BE568BD,,,,,,,ODN0001300578,z,right_only
1AE0474D-9EDB-466E-BCFC-C83B8B9F8F4F,,,,,,,ODN0005637455,z,right_only
B9E66E6D-FD95-4B35-9413-8C490A5B7BB1,,,,,,,ODN0003977743,z,right_only
28D19AC9-F5E4-4C0F-90DE-DD5F5E3103E5,,,,,,,ODN0004718702,z,right_only
B8D91ED7-272A-483E-BF7B-ABF6A6729D8D,,,,,,,ODN0003999698,z,right_only
21AB98F2-7E44-446D-8A2E-DE7F82C822CF,,,,,,,ODN0004903735,z,right_only
E7BB330B-4082-476E-B3C6-9046A141FDE9,,,,,,,ODN0004845564,z,right_only
98B78D9B-0E4D-4754-8458-B97933CD512C,,,,,,,ODN0002568210,z,right_only
9898B90C-2334-41E0-9831-9BCA70C42D83,,,,,,,ODN0000568089,z,right_only
BD652988-8616-4EC4-BBE1-E2B0AA4E7218,,,,,,,ODN0003706012,z,right_only
2E1C8140-C068-4A97-8B7A-8F6AB04F70D1,,,,,,,ODN0005278664,z,right_only
F1CDF7A7-B88D-4318-8DA3-94A1CAB2D268,,,,,,,ODN0002012312,z,right_only
1262EBB9-C7EE-4B57-9F86-BA96938C47B6,,,,,,,ODN0005522233,z,right_only
B6FEE24D-7C86-4C5F-BF1B-CEB36E53A118,,,,,,,ODN0000331775,z,right_only
03B450E0-031C-41FD-AC37-9B3EAFD8A571,,,,,,,ODN0003234411,z,right_only
73E559F4-9F0D-4474-A04F-FFDD63D981EA,,,,,,,ODN0004693176,z,right_only
B34D7485-0A94-4F8C-9082-EBBA65F19898,,,,,,,ODN0003999699,z,right_only
92EDF6FC-AB27-47F4-A22E-191693B9FF10,,,,,,,ODN0001028298,z,right_only
5A2A388C-CB41-4DF0-B1B8-063BC725F0E2,,,,,,,ODN0000545210,z,right_only
62D7ADC3-1A90-4113-BA7C-897B33E3FAAE,,,,,,,ODN0000545239,z,right_only
5193A77A-0963-4FD3-9AEF-191A1141533C,,,,,,,ODN0000278566,z,right_only
DAA272A8-6638-4BB7-9040-019E3B478432,,,,,,,ODN0000243111,z,right_only
4E4C6C72-383C-4F26-A3FB-B4316A0CCC01,,,,,,,ODN0000356522,z,right_only
572987E6-3653-41C7-91F6-4F86E900CE18,,,,,,,ODN0000678012,z,right_only
BF1F5148-E221-42F3-86C2-08D262BB0D40,,,,,,,ODN0000678013,z,right_only
FED41676-8928-4E36-A893-D16D1BD4764A,,,,,,,ODN0000324361,z,right_only
49F134C9-797B-4C90-B343-3457619D3C8F,,,,,,,ODN0001473449,z,right_only
D01D9548-D710-4830-963E-624103F68697,,,,,,,ODN0000356712,z,right_only
7CC3D530-9505-4DBC-834E-164F3FFF82C8,,,,,,,ODN0002516578,z,right_only
9F9A2547-92E7-40ED-AC09-F4D71FF4A0D3,,,,,,,ODN0002009241,z,right_only
639389FC-50CD-439E-9DFE-E7CCCBDD14AD,,,,,,,ODN0000884784,z,right_only
35095E5F-8553-4EAE-A8AB-05EDBD11DD08,,,,,,,ODN0002003198,z,right_only
D27DAE7A-8A3C-4A77-A3E7-98BBCFA92086,,,,,,,ODN0000847860,z,right_only
B9C22C8F-617D-424A-B017-C211B81B07DD,,,,,,,ODN0005066155,z,right_only
4F5C08C4-CF07-4421-B095-C22B461FF7C4,,,,,,,ODN0000522074,z,right_only
C3BB217B-959F-42F4-9989-CDA54A25F633,,,,,,,ODN0001941713,z,right_only
E32EB064-9620-4E17-8BF0-9B392A316240,,,,,,,ODN0001942094,z,right_only
314A79B9-B69D-49FE-9688-9C85D67A5C91,,,,,,,ODN0001941652,z,right_only
A315E643-4072-4187-8E90-683909418F86,,,,,,,ODN0003727756,z,right_only
85CF199E-02F3-4663-BA04-F4D2980C124D,,,,,,,ODN0001941854,z,right_only
2BFD248B-06F1-46E2-B2EB-8AC21A3A33CA,,,,,,,ODN0001942153,z,right_only
E2E658E3-8C89-4C09-BB83-40B1A2F0B20F,,,,,,,ODN0003727761,z,right_only
9EE05339-0501-47A9-AB7B-E69708C729FF,,,,,,,ODN0001941958,z,right_only
40C13C78-CD55-4255-AC80-A265A24E21D9,,,,,,,ODN0003727767,z,right_only
E1480BDF-A085-4DA5-A177-7F76A40413C0,,,,,,,ODN0001941667,z,right_only
B3456B65-CA8D-4A47-9F05-1FE0AF3F9609,,,,,,,ODN0003970745,z,right_only
B5FE9B2A-84B9-483B-BA47-3E8FE16D5755,,,,,,,ODN0001942227,z,right_only
4C1E0623-F4D5-400A-A64D-027613E457EC,,,,,,,ODN0005066151,z,right_only
07DEA336-E8B9-465B-8738-D0A562835DFA,,,,,,,ODN0005199267,z,right_only
DA286800-8D1D-4DB1-B23A-95333943AD23,,,,,,,ODN0000846774,z,right_only
2892B731-60FD-4476-AFD7-B57C74453CDF,,,,,,,ODN0004441884,z,right_only
9D84C369-3101-4DD7-8E02-E193E9B2277A,,,,,,,ODN0005556069,z,right_only
7664C83F-8B02-41F6-BF95-58DC76A87F82,,,,,,,ODN0000847793,z,right_only
4174B3BC-764E-4DB4-9A58-1F7B64FA9766,,,,,,,ODN0005066153,z,right_only
07415479-EF05-4BA6-947A-478032EF0FA7,,,,,,,ODN0005066156,z,right_only
DBD26685-5D11-4A65-92DC-14A6837E643C,,,,,,,ODN0005492691,z,right_only
0D4587D0-7AA3-438E-9CA7-567BC1BE6C5C,,,,,,,ODN0005642462,z,right_only
9EB00055-1198-47A4-8425-CFC669815D00,,,,,,,ODN0003886260,z,right_only
A5D61CD8-EFE5-4B28-BF51-01F1B226F5EF,,,,,,,ODN0005035187,z,right_only
771D7AF1-2D16-4E21-BFFB-2FA833963214,,,,,,,ODN0003886326,z,right_only
6DAF0821-27DD-4ACC-8F59-88EC4EE2310B,,,,,,,ODN0003915778,z,right_only
625C8CA5-E3AF-4096-B6AF-8A9C7B8C425B,,,,,,,ODN0005679172,z,right_only
DFA291F5-21A7-4135-B1FE-D58D3E873E9D,,,,,,,ODN0003653663,z,right_only
C18F2B6D-2EC5-4694-B750-0898E5022A7A,,,,,,,ODN0004569100,z,right_only
016868E4-C793-407E-988F-6E8EC73A0C53,,,,,,,ODN0000277125,z,right_only
A032185E-C9E4-4D45-B9CF-069815EFBBE2,,,,,,,ODN0001387012,z,right_only
35695B33-2254-45E1-BEC9-B24200175262,,,,,,,ODN0000599160,z,right_only
28A5B340-5EB8-4378-82A8-AD5105FBEFC8,,,,,,,ODN0000599598,z,right_only
9069F6B8-2943-45DF-A5F4-F8C5D81C0CAB,,,,,,,ODN0000647477,z,right_only
EFB4F61B-58BD-4856-81AE-B7463B365E37,,,,,,,ODN0001015017,z,right_only
39CE0A55-416D-48E7-8CF6-354DCA2AF9A2,,,,,,,ODN0001232332,z,right_only
C541C8CC-8518-4F70-B65D-86B01D55A1FC,,,,,,,ODN0001232837,z,right_only
E641FE5B-7A58-4859-AE5F-02FE9E494F7F,,,,,,,ODN0001783412,z,right_only
01F64D04-B703-451E-A7BD-F116412BE00F,,,,,,,ODN0000632264,z,right_only
E107C95E-82F9-403D-A9F7-1B3BA7A7B093,,,,,,,ODN0000716187,z,right_only
4EF8FC3F-3745-4DB6-866B-7AE8D67E3091,,,,,,,ODN0004840306,z,right_only
22C3FB2C-F0D6-421C-8EB5-B272CEB67F15,,,,,,,ODN0000647478,z,right_only
FE20484E-72E3-4D2F-BB3D-595A4F4B141C,,,,,,,ODN0000647481,z,right_only
54BF5F22-561D-48CB-8348-6CE6C688AE4A,,,,,,,ODN0001811274,z,right_only
A17D4E45-28D8-4F1D-9F5E-ADD807EFDFD6,,,,,,,ODN0000532428,z,right_only
391225A4-34BA-41AC-ABCF-4AF24A5325AF,,,,,,,ODN0003062723,z,right_only
26BE12B3-065F-436C-9834-37D6BA388719,,,,,,,ODN0004160871,z,right_only
2DAD974B-2427-48A7-A894-DD6E25113D94,,,,,,,ODN0003065908,z,right_only
AC0DA951-A481-474E-B425-B33CED38C731,,,,,,,ODN0002021716,z,right_only
C3B3869F-71EE-46FB-B8F8-642F1EF7E60E,,,,,,,ODN0002021682,z,right_only
FF92E71C-0818-47DF-8423-7EF1C7D39EAE,,,,,,,ODN0002021720,z,right_only
DB343A46-74E9-434D-92DB-CD703C695F76,,,,,,,ODN0005463281,z,right_only
161C3BA9-193E-4F84-9350-F80F736108DE,,,,,,,ODN0001742952,z,right_only
95031934-1A1C-4F5C-9F23-AAB10BD4F92C,,,,,,,ODN0005513943,z,right_only
15D1FC5B-1E60-45C6-99EB-D1E90FD15E5C,,,,,,,ODN0005570636,z,right_only
CA796618-E83B-4B4F-8A92-208E98446412,,,,,,,ODN0005334838,z,right_only
BF44D675-0C59-4187-B854-73372AFC57D5,,,,,,,ODN0005491648,z,right_only
133F9115-96E5-4B49-AE9C-C41689BC6BAA,,,,,,,ODN0001375895,z,right_only
1B333633-E4D6-4D17-BAAD-442D222D4361,,,,,,,ODN0005334812,z,right_only
CFBDEE05-C9F2-485B-9F70-BFF1C63C0F46,,,,,,,ODN0005690248,z,right_only
77FDE870-9950-4F09-962E-7B4E554C105D,,,,,,,ODN0004022478,z,right_only
5D66D6C7-C85C-47EE-A728-B8B1DF7F0AE5,,,,,,,ODN0005463286,z,right_only
B7C8AC8B-0CAF-425D-BF25-E1618E1D2467,,,,,,,ODN0005715267,z,right_only
74FC895D-A855-4C85-BAA3-38B97A2DEC18,,,,,,,ODN0002007603,z,right_only
927344D8-B400-421B-B648-FD60234D290C,,,,,,,ODN0005570635,z,right_only
FB120D83-94AA-46CB-A56A-7579BA8316E5,,,,,,,ODN0005641297,z,right_only
1AB61521-CBD0-4B0D-AE76-C37BFEAF51E4,,,,,,,ODN0005690262,z,right_only
98635142-2C02-4424-9809-09275881C774,,,,,,,ODN0005353713,z,right_only
47977C3A-65EF-4B6A-917E-F7DD5C49C0A3,,,,,,,ODN0001998395,z,right_only
8F1C8E8D-3EB8-4377-B09F-29809321B633,,,,,,,ODN0005353706,z,right_only
84097D02-034D-48F9-9C72-DC328350B189,,,,,,,ODN0000507203,z,right_only
BF9CD3F8-C985-41A1-B706-485AA7E38DEA,,,,,,,ODN0000674865,z,right_only
043796E6-3DAA-4BA7-BC91-5F824A3E85E3,,,,,,,ODN0000583364,z,right_only
CD707EF0-83D4-4FA7-BDFA-753AD26E7470,,,,,,,ODN0000614984,z,right_only
B4E854CF-273C-40A7-AAA2-1055734B6376,,,,,,,ODN0000636076,z,right_only
A50878AA-3E67-4492-BA22-DDAE1859DA84,,,,,,,ODN0000482474,z,right_only
EB0BC096-6F3B-46DA-AD82-ED7161E82F20,,,,,,,ODN0000647776,z,right_only
E614FD52-9CC9-41E0-A31A-9E9A936D0A8E,,,,,,,ODN0000647764,z,right_only
8EA10BEB-3CEB-41FE-BA76-B0B61BA97016,,,,,,,ODN0000479509,z,right_only
E705F55C-11A1-4648-9B14-663ECC95EB6B,,,,,,,ODN0004831782,z,right_only
B948DEB8-A2F1-4D72-A7A6-5CBD7CD84E3B,,,,,,,ODN0005665775,z,right_only
51A9FDC9-C690-485C-A25B-1E16775F89B5,,,,,,,ODN0005014105,z,right_only
64CA610A-E6C1-47D3-9E83-193FA0427468,,,,,,,ODN0005087021,z,right_only
4EFC1172-E5AE-41B5-9FBB-E1034AD8FBD6,,,,,,,ODN0005241646,z,right_only
3819B9DB-32EC-4210-9A5D-A09BF5146396,,,,,,,ODN0005087031,z,right_only
9081D6D7-85B8-40E1-BB65-7308E6E607D6,,,,,,,ODN0005745873,z,right_only
F0F0C9A4-CAB1-445D-A8DE-D00479CE8D5D,,,,,,,ODN0005665777,z,right_only
BFCE23A3-60B2-4F61-BB01-3784DE4643FC,,,,,,,ODN0005087032,z,right_only
F7AFA500-9819-40AB-995D-A3DE175C144C,,,,,,,ODN0002002839,z,right_only
AB29EA60-D708-48FC-A68D-C974A99A536A,,,,,,,ODN0005332608,z,right_only
33491CE1-5A75-42B8-9551-1F7EACEA661B,,,,,,,ODN0005087020,z,right_only
A1FB8ACC-D110-4291-ABA2-F7B3C3D93E10,,,,,,,ODN0005087019,z,right_only
B9351796-2876-43B7-8988-8B68D1DDAAD7,,,,,,,ODN0001584525,z,right_only
9E9EB3FC-EA75-41C0-BC37-CB349E370DA4,,,,,,,ODN0000345017,z,right_only
C6007197-33A2-4045-921F-5B9602869925,,,,,,,ODN0000308763,z,right_only
B8AE4AC0-304E-480D-B0FC-5F96C5703D86,,,,,,,ODN0000650689,z,right_only
04462F2D-D866-45DC-BBC8-7503AEE0645C,,,,,,,ODN0000650692,z,right_only
84F77555-D1E4-4167-8779-7D31AFD740AE,,,,,,,ODN0000650695,z,right_only
BF56C1B4-8709-4ED3-A76C-356E1928C1A6,,,,,,,ODN0000665425,z,right_only
8752D932-AD39-48F3-BFC5-9D6B731333B2,,,,,,,ODN0005179898,z,right_only
E67EDC79-EBC0-482A-961D-CFFA0D94E581,,,,,,,ODN0000570384,z,right_only
01980956-2964-4DDE-BEF2-6320D032AFB5,,,,,,,ODN0005359344,z,right_only
A6F4E4E8-7D8E-4B9C-B27F-017AB2627898,,,,,,,ODN0000550878,z,right_only
6601C70B-083C-423F-9E7D-62297191F944,,,,,,,ODN0000630407,z,right_only
DBB09A71-0DCD-4EF8-888F-54479D2865C3,,,,,,,ODN0001202870,z,right_only
45229A03-E74F-4D2E-BC2A-23EA0D934CB1,,,,,,,ODN0000630406,z,right_only
82DB829E-FD28-42AB-8195-86EEA8BBE767,,,,,,,ODN0002685466,z,right_only
ACE27992-DF7C-4AB5-98E1-59374D6C0A0C,,,,,,,ODN0000646732,z,right_only
0262FCFD-8CED-48E1-A341-D88C120579A0,,,,,,,ODN0001508676,z,right_only
F3398789-9559-45D7-9A4C-0DA6B0686F09,,,,,,,ODN0003205006,z,right_only
E6AC72AF-D131-4D38-BD89-C397F4A98B53,,,,,,,ODN0005690424,z,right_only
BF16621D-C0DF-4759-82C0-87C595298797,,,,,,,ODN0000489400,z,right_only
DAB6BB2C-233F-4EB8-8620-B7E2B560215A,,,,,,,ODN0000489396,z,right_only
CA1913F6-7035-4DEF-BD47-6B498B96D406,,,,,,,ODN0000792220,z,right_only
F7920325-A15A-4FC0-B265-2D9344719D41,,,,,,,ODN0005387274,z,right_only
13A7B712-C251-471C-9F93-7AA232774BF7,,,,,,,ODN0000572782,z,right_only
1796DADE-FCF7-4542-B444-2EDE798D23FD,,,,,,,ODN0000352740,z,right_only
C0F0BD84-A627-4BE1-BD5E-C3993D344978,,,,,,,ODN0005358063,z,right_only
DE767822-1D64-44A9-9B4B-DF2E5BEA9013,,,,,,,ODN0001472147,z,right_only
B3EA32F0-94F4-45A7-8202-C5311C54F369,,,,,,,ODN0001647303,z,right_only
F10E2DA8-A934-44B9-83B9-4149EC0C442F,,,,,,,ODN0001302421,z,right_only
2703FBE0-5723-48E7-A2AD-B6269B7E362C,,,,,,,ODN0001004939,z,right_only
CA7C6179-F913-4873-A99C-223E99E0C295,,,,,,,ODN0001472337,z,right_only
CF2A9A57-3B28-4B55-9E68-33664D37D184,,,,,,,ODN0001346039,z,right_only
2CF57F97-1F90-4903-AD54-202288F98C5E,,,,,,,ODN0001541992,z,right_only
FC066EF4-EEA1-4176-99E1-DE5A3B9D1386,,,,,,,ODN0001310963,z,right_only
6A9833E6-9F16-41DD-BAF4-EA5AB16B47A6,,,,,,,ODN0004726897,z,right_only
ABC2500D-E4CF-4974-ACC2-D21374EA174F,,,,,,,ODN0004906039,z,right_only
AD32D5E2-6534-4903-94C7-752E0C4AF560,,,,,,,ODN0001541994,z,right_only
90F7877C-94C3-418F-BC4F-B80AA8175B96,,,,,,,ODN0004906043,z,right_only
87F56831-09BA-4C68-A196-45B198139EEC,,,,,,,ODN0005294369,z,right_only
9C533ED0-D888-43FB-AC32-BEE2F4E202B6,,,,,,,ODN0000642592,z,right_only
C2133B16-3231-4F9E-A382-BA12D487A6B7,,,,,,,ODN0004906015,z,right_only
3E48DC23-27D1-4CD5-9B88-7D16893008A8,,,,,,,ODN0001479232,z,right_only
3BD3D6A0-A9C9-4315-AE30-BE953E14B251,,,,,,,ODN0004581208,z,right_only
19172BCB-B7A2-45C3-AA90-65A6747682B7,,,,,,,ODN0005294435,z,right_only
D6CFA591-2ED1-4904-9093-07A5D7201ECF,,,,,,,ODN0005294325,z,right_only
187999D4-12F1-49E5-A408-625331D7C1E9,,,,,,,ODN0001336670,z,right_only
08E90F6E-17C6-4874-9AFB-8D5AD55FA4AB,,,,,,,ODN0005294390,z,right_only
E4863F35-C9CA-45AE-883B-E89D8D66696E,,,,,,,ODN0004905994,z,right_only
FB9AA432-BC42-4498-A205-B443594CABAF,,,,,,,ODN0004906007,z,right_only
1E6949DF-08EC-466D-91DB-3A0650DA7475,,,,,,,ODN0000706100,z,right_only
B7DDEE49-6828-4101-ACB0-B5355144FC9A,,,,,,,ODN0005294366,z,right_only
FA527737-822A-46B9-B00D-565A91892FA9,,,,,,,ODN0004891678,z,right_only
766AD31C-C746-4168-B678-BACB80D206C1,,,,,,,ODN0005303134,z,right_only
D52809EF-45FD-41E3-8DC2-211A6E88C8DE,,,,,,,ODN0004905991,z,right_only
A45FE978-F5E8-4F5D-BA6C-B72C0CBF81B0,,,,,,,ODN0001984346,z,right_only
31CEAE4F-20CA-4A33-B69A-5841C784C9CA,,,,,,,ODN0004906071,z,right_only
ED226944-0293-4537-BE7E-838750E7D4E8,,,,,,,ODN0005294384,z,right_only
2914EAEC-CF14-459F-B36D-2776643DE8F9,,,,,,,ODN0005294410,z,right_only
34D208E7-E216-465E-8185-8CCDF99470D3,,,,,,,ODN0000706107,z,right_only
08F8657F-4DC0-4810-846D-5B15F9B7415A,,,,,,,ODN0000620023,z,right_only
DCF7C4A3-4721-4E00-A8AC-6651BBCDE429,,,,,,,ODN0004906045,z,right_only
3CD72F95-D5FC-41E2-B089-66BBEE73C0E9,,,,,,,ODN0000642593,z,right_only
1239B460-CC4C-4ED2-ABE8-4633C05E07D8,,,,,,,ODN0005294407,z,right_only
5A672014-4862-4809-A9E1-83FB07AD4448,,,,,,,ODN0005294385,z,right_only
4EC5277E-647E-448E-8836-4C80B19DB443,,,,,,,ODN0000681410,z,right_only
16CC741C-01C9-4161-A668-D6E0F50F5969,,,,,,,ODN0004581179,z,right_only
6B92BB4C-C73D-447D-9012-D464DF07630F,,,,,,,ODN0003864771,z,right_only
008E8699-FA22-4F10-BA8A-28DA64920CEB,,,,,,,ODN0005244496,z,right_only
E4F4A036-EDB9-4317-BE46-CE9ADB5C8CE1,,,,,,,ODN0005294356,z,right_only
CEBCE0CE-3226-4F88-856E-FB4C0E16A882,,,,,,,ODN0000678540,z,right_only
C94EF061-1DA3-46A2-9F75-FA6F0E429B81,,,,,,,ODN0000706110,z,right_only
B380777A-9C86-4917-8323-604BDB307EFD,,,,,,,ODN0005368879,z,right_only
D5832891-AB87-4EDC-862F-C062D96825C5,,,,,,,ODN0005166514,z,right_only
93E551B1-5994-4B21-A04F-2A304CD72AD5,,,,,,,ODN0005308883,z,right_only
07189E3A-90C6-4C64-A472-31181748AD8A,,,,,,,ODN0005636351,z,right_only
0F515DC5-73B7-4277-900C-EBA7D7F0FA9B,,,,,,,ODN0002161776,z,right_only
2CE88731-5D80-42B4-BF39-0EEA5FD67B4D,,,,,,,ODN0005094944,z,right_only
8CEC292F-8AC2-42FE-895B-A1811332D779,,,,,,,ODN0005619390,z,right_only
2C400B67-8B1E-4A31-9471-A3311BDF263B,,,,,,,ODN0002683907,z,right_only
7859FB24-D40E-42F1-B93F-7CC1A2381BE3,,,,,,,ODN0005194546,z,right_only
461FE015-BB4D-415C-B367-4CEB9A30299E,,,,,,,ODN0005402478,z,right_only
52F19147-58A0-499A-B0FF-D31A2F2794F0,,,,,,,ODN0005402511,z,right_only
017691F6-B2FB-4C08-B515-6E5C2C174B5F,,,,,,,ODN0005387285,z,right_only
C3879FBB-EFE0-4DA5-AD4B-7A514045FAD1,,,,,,,ODN0000556085,z,right_only
7E26F3CA-CC2A-4A79-829B-F06B86CBD7EB,,,,,,,ODN0000556086,z,right_only
2EF34053-396A-4335-ACE1-89F96CC5FA1C,,,,,,,ODN0000556088,z,right_only
1E6A94CF-519A-4E9E-ADCE-2EEC76D73B7E,,,,,,,ODN0000556092,z,right_only
1229D41F-1D48-49A4-986C-2D8AAAC8DF8D,,,,,,,ODN0004874336,z,right_only
5CEA681C-C103-460E-ADB7-09303DFDE0D7,,,,,,,ODN0001403159,z,right_only
AAFBE432-9934-43B4-A1CD-B2A4854261D8,,,,,,,ODN0000461454,z,right_only
F6C311C6-71FC-45B0-BB00-C3AB5750FDED,,,,,,,ODN0000615283,z,right_only
5BEACCAA-6499-4DB1-9FAE-6A6DDDD3A941,,,,,,,ODN0004763855,z,right_only
E8EF55DB-CFD4-4A69-A413-93D856F9D6CE,,,,,,,ODN0005486349,z,right_only
ECCC62B4-6903-4926-8642-2510C9E81ED1,,,,,,,ODN0001358816,z,right_only
876124C4-5794-422F-B2F3-B9E0290C6DAB,,,,,,,ODN0005334878,z,right_only
0BDF0571-AF61-45B1-8472-61525247C686,,,,,,,ODN0000461230,z,right_only
B30DE411-EDC7-47C0-8323-101E0A48500F,,,,,,,ODN0000451020,z,right_only
E1517AF0-C9CD-48AD-9F97-5B6725A4C728,,,,,,,ODN0000539947,z,right_only
42951632-F11A-4AB2-8CED-E0C096F051D9,,,,,,,ODN0005442299,z,right_only
805EDE84-EF82-4195-9F8D-546AFA2812B6,,,,,,,ODN0000451116,z,right_only
1E0E9F1E-86F2-48F7-B335-936668DCFCC6,,,,,,,ODN0000451118,z,right_only
D12AF220-3B8E-4506-929E-A58E41CE8DCE,,,,,,,ODN0000451119,z,right_only
9D615508-E919-4753-9B45-D3A16E9FE45E,,,,,,,ODN0000711196,z,right_only
7660CA20-C64D-409E-946E-1545211FABC9,,,,,,,ODN0005594972,z,right_only
03055B7C-B8D5-4169-B11D-2BBC29876DB2,,,,,,,ODN0005415092,z,right_only
A8ABE185-4929-4A94-B1DD-0D614EA72B1B,,,,,,,ODN0001371322,z,right_only
34017448-A4FD-49A8-8ED0-C9AF3AF24ABB,,,,,,,ODN0000326526,z,right_only
E521C2CD-4F18-4D9A-AC12-D83209156E5F,,,,,,,ODN0000634993,z,right_only
DD62CB03-D650-4BBC-8300-2694651B7432,,,,,,,ODN0000999143,z,right_only
9DD8BCCB-B7F0-49CD-95DF-054985B1811D,,,,,,,ODN0004312085,z,right_only
52CAA5A7-338C-4FA8-A2D2-21A34B7E5EE0,,,,,,,ODN0005163815,z,right_only
3E545D97-ED91-4609-ABC6-895910ECE268,,,,,,,ODN0003565841,z,right_only
F9BCFA57-716A-4549-AD34-B075F8C2F34D,,,,,,,ODN0005214815,z,right_only
48D2A2D5-1B22-4B9A-A0CF-A56F1809A52A,,,,,,,ODN0005163822,z,right_only
8372F03D-5F66-4FEE-8596-37ED27F2B4D0,,,,,,,ODN0002199938,z,right_only
B770813F-4112-48D8-8657-E4E035C7869B,,,,,,,ODN0003980284,z,right_only
F3CA195B-0D58-43AA-A23E-A4ABAE82801F,,,,,,,ODN0005540890,z,right_only
AD09E81F-CFE9-47E6-9C95-1D872C1445F9,,,,,,,ODN0005163835,z,right_only
F498C2B1-A473-488E-956A-0A296AB9ABF5,,,,,,,ODN0000637022,z,right_only
B37D7676-D913-440F-BD5F-C0C49410CFE9,,,,,,,ODN0000657577,z,right_only
58825167-E06C-4468-A1E8-E95A1BFCA2F8,,,,,,,ODN0001072174,z,right_only
3F1A8AAC-4B63-4890-920E-42AB2CBA68F6,,,,,,,ODN0000636720,z,right_only
10F42BCA-68A9-40A9-BE19-51EF6B87034D,,,,,,,ODN0000636717,z,right_only
038DA0C8-28AF-4608-8AE8-A81C88A3D965,,,,,,,ODN0000675775,z,right_only
13767BFB-A70E-47E8-9ED3-31101598A142,,,,,,,ODN0000636726,z,right_only
B25F2A31-7E95-4694-97B5-C360E4AE8773,,,,,,,ODN0000489041,z,right_only
B1F56AE4-B112-4B22-9A84-1AECB7306380,,,,,,,ODN0000636725,z,right_only
BFF86E82-9915-49E7-BE6B-C9549322855A,,,,,,,ODN0000669715,z,right_only
7C280D85-621A-43EB-B93A-138BCA399F5F,,,,,,,ODN0005244676,z,right_only
74551400-F794-49CB-9912-46AD5BC2DE37,,,,,,,ODN0005446580,z,right_only
4638269D-4784-4634-89DB-E62718646281,,,,,,,ODN0002505483,z,right_only
F29CE952-8E94-4540-9B5C-5DD491D0797F,,,,,,,ODN0005634875,z,right_only
1C7B6DB9-F15D-441C-9EBB-25CA16793BB7,,,,,,,ODN0005545071,z,right_only
E89C88F4-503C-483B-8E05-86E91FE6B31E,,,,,,,ODN0000481917,z,right_only
9B11BE08-50A7-4492-ADB9-44367BD8D711,,,,,,,ODN0002045585,z,right_only
8DE67568-3443-4C7D-88E3-7C6346C8B7B0,,,,,,,ODN0005545073,z,right_only
15566DCF-FE72-4BEE-83B1-CFF0ED9AD258,,,,,,,ODN0000489036,z,right_only
D93741DE-E748-44A0-9402-9A8FF1709EDC,,,,,,,ODN0005634877,z,right_only
4171C04A-BC8D-4A4F-BE34-B0A7B42C263A,,,,,,,ODN0005634867,z,right_only
49C2E374-93FA-4201-AD5D-24339E6E43E3,,,,,,,ODN0001906830,z,right_only
0ECD510B-D5C3-416D-A168-FEB6061A2E97,,,,,,,ODN0001897227,z,right_only
8A2EFC20-7689-4A8D-B7D2-A3AD686EC47E,,,,,,,ODN0005420458,z,right_only
39C08FC1-4628-45EE-B182-D89F8651096F,,,,,,,ODN0001745123,z,right_only
5DAD996B-468D-4AB9-A765-A44FCBA80785,,,,,,,ODN0002110291,z,right_only
CE13AE43-BFB9-48E6-AF01-DD57526BDF01,,,,,,,ODN0001897228,z,right_only
4C5470AD-072A-41DD-8CA1-D140D3C0121B,,,,,,,ODN0001587210,z,right_only
7B602B84-9BF5-4061-8C3F-368030EB9035,,,,,,,ODN0002840926,z,right_only
0C53C46E-AF23-40D4-AE81-E11BE0F3E778,,,,,,,ODN0005094927,z,right_only
9FE4F90C-01B5-46B1-9AB7-39E8AFEA87E9,,,,,,,ODN0000470607,z,right_only
F5460349-F341-4553-B855-B58B5162DDD3,,,,,,,ODN0000470608,z,right_only
14AA3D07-6BC5-4031-B203-D1A2E03D4F77,,,,,,,ODN0000470606,z,right_only
5E186D4D-6FA9-4CC1-841B-8BC50C020114,,,,,,,ODN0002505446,z,right_only
082D1062-1D88-4F62-BE19-A3F3ED66661D,,,,,,,ODN0002120518,z,right_only
352C9E15-95FA-4F09-9BD1-33FA35BA73B6,,,,,,,ODN0005420464,z,right_only
DF5EC138-33F0-425D-B43E-491F8CCADA72,,,,,,,ODN0003257657,z,right_only
D1C4EC47-817F-4DE7-8D15-B1EF7829AD09,,,,,,,ODN0003314277,z,right_only
85150027-4404-41FB-8553-078409266D5F,,,,,,,ODN0001942318,z,right_only
23DB5660-2841-4F0A-8C75-B826E4895607,,,,,,,ODN0002153338,z,right_only
1237ECFD-44D2-45E5-9820-632C3C8E2344,,,,,,,ODN0002524739,z,right_only
82E4017B-8FF2-4E29-BC49-F3F129ADEFF2,,,,,,,ODN0005263371,z,right_only
26033D52-974E-43B0-B432-9701B97D5772,,,,,,,ODN0001906072,z,right_only
46010306-C874-4FA8-921D-06F38F14DF30,,,,,,,ODN0001745139,z,right_only
5EDE5B13-8D82-477E-853F-4193A7DF85A7,,,,,,,ODN0002039334,z,right_only
AD421A51-AA02-4433-91C7-D6479189F15F,,,,,,,ODN0000481931,z,right_only
E5A29EB3-1D63-4CC4-9E31-5CEE8F69CCE0,,,,,,,ODN0005446585,z,right_only
5E5ED1C2-9A2C-4DD5-A929-82614C866468,,,,,,,ODN0004498568,z,right_only
D3852707-9DF5-4CF7-9370-819ED1F77B24,,,,,,,ODN0005446584,z,right_only
0CE9A2FC-8EA7-41FD-9FED-55E0116B33A7,,,,,,,ODN0005420470,z,right_only
059590B6-23C6-49A6-B86F-9A8F4C6E1D9A,,,,,,,ODN0005575199,z,right_only
405A5CA1-1578-48E4-BAE2-CCD13D6D3409,,,,,,,ODN0000470630,z,right_only
A83B0EF0-46BD-48C4-A05B-E3B66736B5CD,,,,,,,ODN0000489049,z,right_only
95B1E70C-9D35-470A-98CA-9EBB45802F7B,,,,,,,ODN0005575187,z,right_only
884183F1-A00C-4BA8-BD1E-E2DACF148D90,,,,,,,ODN0005575191,z,right_only
A2431BD8-9D99-4CDB-9921-756637859BBD,,,,,,,ODN0005575195,z,right_only
DB25A915-8564-4C0F-9DCF-A9FAA2A14203,,,,,,,ODN0005371507,z,right_only
637B5D86-2D3E-4BDF-80B0-CA8BE7B11BD0,,,,,,,ODN0005352153,z,right_only
F77CCD9E-D7C7-4658-96DF-209622958C8C,,,,,,,ODN0002204134,z,right_only
8531FE89-9F54-4728-8A91-234B50ECAF08,,,,,,,ODN0001867894,z,right_only
D23018FF-3B42-46CD-8CDF-3E5F4A599D38,,,,,,,ODN0004936387,z,right_only
B5D6559C-633F-41C3-82AE-9AB032B93645,,,,,,,ODN0000599114,z,right_only
29258D5C-6301-4612-BEC7-2B1299F7CD4E,,,,,,,ODN0004938766,z,right_only
3AFD0984-79F1-43EB-8385-487B0C44B19B,,,,,,,ODN0001153143,z,right_only
16DE794B-8A10-479B-B04A-0C9B4CBA869F,,,,,,,ODN0000658267,z,right_only
AEFF2BFE-71C9-400F-8F6E-556FB18C21C8,,,,,,,ODN0003656622,z,right_only
B9156049-D28A-4F5D-B58E-AE6AFFA3C40A,,,,,,,ODN0005168741,z,right_only
8EC7564B-4004-41A8-9CDA-14DE8F5A97AF,,,,,,,ODN0005376857,z,right_only
1F3A6D61-E8FD-4A64-A14F-636CCC9A14BE,,,,,,,ODN0001778359,z,right_only
65C99068-76F5-4441-854E-4EE7C4C8614B,,,,,,,ODN0004317470,z,right_only
78375FF0-8287-4885-BF93-4C8F9766F10A,,,,,,,ODN0004317442,z,right_only
F01764E3-223A-4387-8DDC-950642C9366B,,,,,,,ODN0004317444,z,right_only
FCEBEB55-C89D-4250-9688-EAC44E773FA6,,,,,,,ODN0004317446,z,right_only
8C612F62-5CDA-4271-861C-A476761969CB,,,,,,,ODN0004317447,z,right_only
5769BC9D-1DC7-44A9-B375-7DAA61AE92BA,,,,,,,ODN0004317471,z,right_only
6524DFD0-1692-4B24-96C6-AA2188B2F080,,,,,,,ODN0004741485,z,right_only
EE10E336-B49A-40B5-882B-AAC65434C9EA,,,,,,,ODN0004317454,z,right_only
A24B7222-D529-4BAF-B9AF-D8C5AFFA9877,,,,,,,ODN0004317457,z,right_only
0EE54173-22F8-415B-8702-3C8F9FA5F93C,,,,,,,ODN0004317459,z,right_only
750C8F68-8A6A-4B96-9797-49E37D0948E6,,,,,,,ODN0004317460,z,right_only
3B140ABD-A13D-4EED-9856-7C2CC6E19039,,,,,,,ODN0005018444,z,right_only
B0D3DDBA-EBC3-41DE-BCE3-722110516650,,,,,,,ODN0004317461,z,right_only
90594F4A-7465-4792-ABBA-E06DE92118F7,,,,,,,ODN0004317465,z,right_only
CE6ACA42-A3D4-444D-907D-3FBEE74AF37C,,,,,,,ODN0004317466,z,right_only
17688496-1F7A-4CEE-B69B-FD5F069734FB,,,,,,,ODN0004317467,z,right_only
602136C9-E467-4D17-B9FC-B771B6945747,,,,,,,ODN0004317468,z,right_only
F65EF722-36C2-4D59-90B1-87CC523263D6,,,,,,,ODN0004317477,z,right_only
C75473A8-DE77-47FB-8490-556D4481EA8B,,,,,,,ODN0004317475,z,right_only
C2C5F109-E209-462B-86FD-42B09490EEEE,,,,,,,ODN0004599386,z,right_only
000DBB7A-7554-48AB-B2B5-1916ADB6E054,,,,,,,ODN0005427472,z,right_only
935EEEBA-8791-47E6-8076-051176414291,,,,,,,ODN0004665781,z,right_only
AA2CC03E-E502-4557-89F2-4852A28A6329,,,,,,,ODN0004572221,z,right_only
944B84E6-FEB7-4E78-A765-9293BC23550A,,,,,,,ODN0005514412,z,right_only
CE8F4CCE-F500-47D4-A993-2A4323FCB5DD,,,,,,,ODN0005298667,z,right_only
B978BA13-6A8C-4560-8EA9-2048C94A7303,,,,,,,ODN0004583934,z,right_only
F2C38A1C-B16E-4765-AF9B-9F360F4873C3,,,,,,,ODN0005564659,z,right_only
BBD3153A-24A7-4342-A105-17E64B7466C8,,,,,,,ODN0004278060,z,right_only
739A5515-7A0E-4628-B70C-EE062A436A22,,,,,,,ODN0005427468,z,right_only
1643287F-3AB2-4EC8-969E-135590F6006A,,,,,,,ODN0005387635,z,right_only
4903B64E-B1A4-4FE2-8D66-B0C69571D11F,,,,,,,ODN0005177885,z,right_only
1AFA6C56-F1AF-4FEE-80AB-974D2B4EE5D8,,,,,,,ODN0005514411,z,right_only
215CA2FB-B740-44BB-AB34-6118C27E173D,,,,,,,ODN0004760241,z,right_only
9318F2F7-BAC4-44A3-85EA-4FFCFC33ECE2,,,,,,,ODN0005177878,z,right_only
5A2DCAD3-E10E-4931-9411-1E73F0D455C0,,,,,,,ODN0005614409,z,right_only
236E4577-9759-478E-9E1F-E8313F43E72A,,,,,,,ODN0005387639,z,right_only
5D92B3CA-F587-4EC7-B4FE-08DAC008646A,,,,,,,ODN0005670995,z,right_only
0340B6E7-A7BD-4FE8-A594-A412FBF96840,,,,,,,ODN0003927665,z,right_only
9D12DADF-A89D-4260-9CC7-C3B30B6628E5,,,,,,,ODN0000456938,z,right_only
649BF68A-EBA9-49A5-8C63-9D8AC564F148,,,,,,,ODN0000471784,z,right_only
D4BC3090-2FEE-42EC-82C5-A9D72E4677C5,,,,,,,ODN0000471775,z,right_only
F7CF15B3-C9F6-4EA7-B2DB-0DC71520E672,,,,,,,ODN0000507849,z,right_only
C3C92CD4-F3C5-4E05-9261-9BBA51C697CA,,,,,,,ODN0000464138,z,right_only
42723758-1426-4C42-8B7B-D27DF415E208,,,,,,,ODN0000464295,z,right_only
98AD674F-0C8F-4C54-97CD-AB7900F13785,,,,,,,ODN0000507981,z,right_only
2DB5623B-57BC-4904-9212-D14C2DD35EF8,,,,,,,ODN0000636657,z,right_only
B5793915-3B86-4992-A550-6B718D7DC335,,,,,,,ODN0002176111,z,right_only
BFCE9279-BC04-492E-AA79-36A57BAD480B,,,,,,,ODN0002062681,z,right_only
0C537D69-B17D-4D08-9009-A26E0F4DAC65,,,,,,,ODN0001770711,z,right_only
B2736111-B6A1-4CFB-960B-78233167B350,,,,,,,ODN0000636662,z,right_only
39EF2620-16FB-4BFE-832D-2FEADB725E4D,,,,,,,ODN0002014478,z,right_only
CA06D26C-66D8-4E30-B458-C0BD58CE06AE,,,,,,,ODN0000709741,z,right_only
02455804-007A-41EC-A150-25C97658ADE0,,,,,,,ODN0002062668,z,right_only
D0F643E5-114E-48B2-9714-0DFADB4CC66B,,,,,,,ODN0002024934,z,right_only
63C9EAD0-83B1-4046-BE27-E698F528E614,,,,,,,ODN0001439799,z,right_only
8581038C-1861-4AF0-94D3-26AFC0EA8D5E,,,,,,,ODN0004709852,z,right_only
9F0AEA54-272C-4665-8D86-1F0B5DD726ED,,,,,,,ODN0005514413,z,right_only
01AF59FD-2628-44E6-96B8-28DDEDF81F0C,,,,,,,ODN0005066275,z,right_only
2FA6E90D-BFFA-413F-BDB5-A0A5C4E78E3F,,,,,,,ODN0000457490,z,right_only
5EE6A559-FDE5-4F5C-9C48-5E5E34FCF533,,,,,,,ODN0000919439,z,right_only
37FA24D9-4D78-40AA-9080-8AEF74BB84D8,,,,,,,ODN0002279118,z,right_only
CB949E16-9E92-4119-806B-F0A6E29FB981,,,,,,,ODN0002279010,z,right_only
BB3DE17A-5CBF-4D24-AD65-FF52FBBF408F,,,,,,,ODN0000422547,z,right_only
7BA79EA1-449E-4A91-9355-8ACA87F8ECFE,,,,,,,ODN0000430650,z,right_only
FDD752EF-4F3D-4C9B-95DF-27C56D003AD3,,,,,,,ODN0000425532,z,right_only
B0671D68-16EE-4339-B55D-5E4FA9029742,,,,,,,ODN0000446408,z,right_only
70BC937C-6786-44A3-A05A-A2B37ACDA17F,,,,,,,ODN0000446136,z,right_only
E76FF3C6-1F2B-4890-8973-FB910F93A3C2,,,,,,,ODN0000425531,z,right_only
E45128F8-C3C1-4FC0-9645-A73EE1326B49,,,,,,,ODN0000425530,z,right_only
6A01E466-929F-4D1B-89C2-83FE06785A7E,,,,,,,ODN0000447305,z,right_only
CB247D6D-17F5-4787-8D55-C704EF50558C,,,,,,,ODN0000425831,z,right_only
6A629870-FF4E-4AFB-A270-B01ED41426F6,,,,,,,ODN0000445971,z,right_only
E0A440BD-75A1-4929-B366-FCD31F1D2E4C,,,,,,,ODN0000425441,z,right_only
BA1B62AD-EA2D-4BD2-A227-C34A507AD928,,,,,,,ODN0000425976,z,right_only
331633F5-52AB-474C-A578-CF75EA14E779,,,,,,,ODN0000426005,z,right_only
38495A7E-73FF-476A-811C-446333AE2E76,,,,,,,ODN0000428626,z,right_only
D35AB2B1-31B3-4537-B7F9-8D64E6983E79,,,,,,,ODN0000425673,z,right_only
946D43BF-466D-4208-8B0D-298EBC72CAEC,,,,,,,ODN0000424521,z,right_only
205F4716-76E9-4107-8D2A-D35071409B94,,,,,,,ODN0000426710,z,right_only
09E99206-7343-4662-97B3-19040E56B9A0,,,,,,,ODN0000424892,z,right_only
7B605EA9-B098-402C-8FBC-02A8ACE227E0,,,,,,,ODN0000429351,z,right_only
F52F6AC1-A0C8-4F49-BD8A-CC50463045AF,,,,,,,ODN0000433860,z,right_only
C680DC94-9E47-4FA3-AC63-81D59968B6CB,,,,,,,ODN0000436975,z,right_only
4950A490-8E6F-48C4-8DA6-0AA0A7257DEB,,,,,,,ODN0000425431,z,right_only
4B0BB90C-8E15-4C6C-A8EA-AA76C71F4DDA,,,,,,,ODN0000431391,z,right_only
88A44FFB-CF4A-4F0A-9986-74452FEF0E9F,,,,,,,ODN0000432467,z,right_only
56562130-E2B5-4121-AA66-8470CB2087AA,,,,,,,ODN0000432475,z,right_only
7C5889E3-546A-4634-8783-612A43B300E2,,,,,,,ODN0000432494,z,right_only
0CBBC8E0-662B-4670-A4FF-7DFE07B7C2F9,,,,,,,ODN0000432525,z,right_only
9A670C2C-7BE6-4273-B43F-161613266CFA,,,,,,,ODN0000432603,z,right_only
72755CBE-D8A0-495A-8148-06ADCB7D2FFA,,,,,,,ODN0000433838,z,right_only
5787ED87-7BF4-46DC-8307-10C4286E4567,,,,,,,ODN0000434094,z,right_only
2C965ABF-1EA3-4C0E-8C5C-FE034E26E973,,,,,,,ODN0000428229,z,right_only
9B68893F-D401-4817-A242-7D0934C72344,,,,,,,ODN0000422455,z,right_only
2C2F527D-3837-4CAE-B35A-F2F3C409685B,,,,,,,ODN0000441648,z,right_only
33173F6D-52CB-43D7-A1C2-BACF0702661D,,,,,,,ODN0000441830,z,right_only
CD6A89EF-68DA-416E-A1BB-758C938C0248,,,,,,,ODN0000435454,z,right_only
603B9D07-C9A2-4542-8A52-5E13541BB0C6,,,,,,,ODN0000436698,z,right_only
85D93C09-8AC6-4825-8C60-6B65066792D7,,,,,,,ODN0000436696,z,right_only
ABA93BD1-70F5-446B-B052-635C0883E8F1,,,,,,,ODN0000436697,z,right_only
70E84163-1106-4841-9362-44533CD5C015,,,,,,,ODN0000428120,z,right_only
71C5061A-16C9-485B-B427-E0E0E31641C2,,,,,,,ODN0000427929,z,right_only
F4082ED7-0FF8-4060-A4E3-0ACBADADCD7A,,,,,,,ODN0000429605,z,right_only
5CDC67E4-1E3A-42C7-8396-3A47C3F87A3C,,,,,,,ODN0000421692,z,right_only
B3B79DF4-80FD-461E-9BAA-2F3D99121673,,,,,,,ODN0000426196,z,right_only
97BDF90C-1324-46AB-B67E-25DB1E7FACF1,,,,,,,ODN0000432569,z,right_only
1B5248CD-1369-4B3A-9A6D-BED510824463,,,,,,,ODN0000423841,z,right_only
545FB9FF-94D2-47AE-B57B-B2992938BA9B,,,,,,,ODN0000432510,z,right_only
C1DD8DE8-EBF8-4799-8248-F4EBA7CF8E67,,,,,,,ODN0000440672,z,right_only
1E449017-2EA4-4789-BB1B-505178238968,,,,,,,ODN0000425283,z,right_only
DF4475FA-929F-4B7D-A6AF-8D342C585D06,,,,,,,ODN0000423337,z,right_only
62BEEE33-DA4A-4637-841C-073F7AA63106,,,,,,,ODN0000422225,z,right_only
2BF2482E-4415-4A72-B094-744AD57B4B65,,,,,,,ODN0000427205,z,right_only
315BCE02-4620-41A6-946D-1B1C831EB5D7,,,,,,,ODN0000427206,z,right_only
4A5E9A66-67EF-42FB-80C6-F58A0A25B2B9,,,,,,,ODN0000430805,z,right_only
811FECCB-F647-4049-8952-2C35A2673DCA,,,,,,,ODN0000433104,z,right_only
0BD74C7B-FEE6-4DCB-AE5C-8FBE9E18A231,,,,,,,ODN0000435493,z,right_only
4427E197-8D95-4E37-83CF-9FC9DFAF39A7,,,,,,,ODN0000436170,z,right_only
CE8B9D57-FBFA-4D03-85B1-2DB1803ACCA6,,,,,,,ODN0000441323,z,right_only
86F4BC03-A880-44CE-9C03-CF51F5415AC3,,,,,,,ODN0000435935,z,right_only
DD822664-B2A9-4BCC-B3A9-CC526E42EBA1,,,,,,,ODN0000439768,z,right_only
1E076E5F-4DDA-4B89-9A52-A953CC1FEF89,,,,,,,ODN0000430410,z,right_only
E5710BA2-7F3C-421F-B715-AD4755B6B36A,,,,,,,ODN0000433565,z,right_only
C7200118-DBB9-4C52-9E4C-879591B12BC7,,,,,,,ODN0000426259,z,right_only
8A897CAD-DEF9-465D-9B8D-164CA0A066E3,,,,,,,ODN0000440612,z,right_only
3B27E821-4D48-44BB-AB46-93985A6B1175,,,,,,,ODN0000424674,z,right_only
807FC0FF-27FE-4C97-9893-8663000BACE4,,,,,,,ODN0000428449,z,right_only
FB4AF46D-31F2-467E-9915-611B2C72C3A5,,,,,,,ODN0000440069,z,right_only
4D7B152A-5A6E-4901-AD0F-AEB30611C74F,,,,,,,ODN0000443424,z,right_only
A280753D-1FDB-4E36-88E9-9DAA0C0A968F,,,,,,,ODN0000430224,z,right_only
9B3B0C0C-2A77-473C-807A-5DBF4CECC75A,,,,,,,ODN0000433237,z,right_only
6A6DA365-F37D-4EEE-B207-130D18857F37,,,,,,,ODN0000442156,z,right_only
C98513FD-BB17-4B58-A1F7-8D41D3122D76,,,,,,,ODN0000434808,z,right_only
3DF9CFAC-1079-4255-8EC0-B1F0E35E6BD0,,,,,,,ODN0000423627,z,right_only
D20CE7C2-A141-429D-A8C3-121230FA7CE7,,,,,,,ODN0000425653,z,right_only
3A20D0E3-68D9-4B58-BB75-801BA7BDAA32,,,,,,,ODN0000428413,z,right_only
4A020EAC-DF35-4A42-B137-576C20E7CC3E,,,,,,,ODN0000424444,z,right_only
2944DA23-4E73-4110-8590-060E35954415,,,,,,,ODN0000433685,z,right_only
B8901F76-5E1D-45C1-BF4D-82C0BE15DC1D,,,,,,,ODN0000447379,z,right_only
E0B50942-4E50-4A27-A1EA-144CB0C38DEA,,,,,,,ODN0000437833,z,right_only
91206033-1EC5-499F-9572-0173023617C4,,,,,,,ODN0000425410,z,right_only
563D8DEE-AB96-4A06-AF47-B719D79341E2,,,,,,,ODN0000423845,z,right_only
ADCF20E5-8BF1-46D1-B5B0-A336C7E3C6FA,,,,,,,ODN0000429433,z,right_only
29685540-8688-4A07-B413-BC54F7298B16,,,,,,,ODN0000431338,z,right_only
95B93F00-9EF4-4899-AEEB-72458506B9B0,,,,,,,ODN0000438559,z,right_only
151F70D0-3D95-4BA9-91C0-7324920D5005,,,,,,,ODN0000448573,z,right_only
C9DD8DDD-7AE4-4B18-AB01-0752A9FBC242,,,,,,,ODN0000425765,z,right_only
AC32697D-6CC7-450C-9CA3-825D487578AB,,,,,,,ODN0000430639,z,right_only
F3BDE416-CC95-4C18-8021-2C429F4F4105,,,,,,,ODN0000434542,z,right_only
F84D47F3-986D-4A91-8CD0-D39F5E8BF7E5,,,,,,,ODN0000430945,z,right_only
5BC4EF22-AF73-4D26-A477-4D2C62BE6BA5,,,,,,,ODN0000445739,z,right_only
64B5CDA9-51E2-49F7-B8F6-D10C94C16C43,,,,,,,ODN0000434936,z,right_only
E5D6F2A8-3441-416D-99F3-65DC85EC4AB6,,,,,,,ODN0000429535,z,right_only
9BA74487-0258-4BC8-A1C9-E91B2F11C937,,,,,,,ODN0000423217,z,right_only
4A02D0DD-7BE2-4BA3-8308-2AE353FD409E,,,,,,,ODN0000432750,z,right_only
F658FB13-1708-4091-91E9-D7C2D98FE139,,,,,,,ODN0000445761,z,right_only
F77A708B-1E0C-49C6-85C8-DEFB0A56FE1E,,,,,,,ODN0000429406,z,right_only
932A01DD-53C7-4560-A444-A53E7F5863AD,,,,,,,ODN0000428118,z,right_only
5EAC0FC4-3A04-473F-B731-53A0EB6C1D1E,,,,,,,ODN0000432986,z,right_only
D9DECBA3-1BBE-41F4-BCC3-7B6C065E3F72,,,,,,,ODN0000425349,z,right_only
FBA8E678-C0C7-4E9C-9018-2BE24BB7BA1D,,,,,,,ODN0000448316,z,right_only
DB28CCAD-AA08-4B51-8114-D55A0E63DEA5,,,,,,,ODN0000439331,z,right_only
52F21265-6BBD-4774-87B8-0687C2408440,,,,,,,ODN0000439578,z,right_only
00183A55-7AA4-4516-8397-740E64A80ADD,,,,,,,ODN0000439579,z,right_only
5C1648DD-237E-499D-B4F7-1DD70DDD6C4F,,,,,,,ODN0000439614,z,right_only
AB473059-8C43-4825-A8FD-AF2ACE29F324,,,,,,,ODN0000434409,z,right_only
4475D360-0691-4DE1-A1A5-65FB5AE0E9E0,,,,,,,ODN0000434394,z,right_only
B83ABBD5-78BD-43FB-85BE-3AAB84BA6AD5,,,,,,,ODN0000429125,z,right_only
10F29BDE-FAB6-443E-9AAD-277C8BF27660,,,,,,,ODN0000432883,z,right_only
075AC8A5-AD3B-4309-AB2F-C42950F3569C,,,,,,,ODN0000425637,z,right_only
87FA8742-8652-4E95-BC37-BD04734291AA,,,,,,,ODN0000434510,z,right_only
28479AE5-99D2-455C-A584-7EB410EB60A7,,,,,,,ODN0000426256,z,right_only
CBBEAF58-9076-44E4-B8B5-99A9B4187515,,,,,,,ODN0000421820,z,right_only
3D2C3166-CB4E-4D64-ACED-1ADE25ABBAB1,,,,,,,ODN0000421198,z,right_only
34BB0D32-73F7-4D1F-B3B6-7623D9E52890,,,,,,,ODN0000435337,z,right_only
B5C53BE1-B965-4073-A4DF-67CBCC9E1DEC,,,,,,,ODN0000442589,z,right_only
40684A61-1357-4B83-B499-6244321665E7,,,,,,,ODN0000425278,z,right_only
869FE249-4639-4141-9236-B2F9189DAF84,,,,,,,ODN0000428593,z,right_only
0C9D405E-CFCD-4088-8C4E-C908910A154C,,,,,,,ODN0000448554,z,right_only
88275655-A480-45C2-813A-5CB0699E6BB4,,,,,,,ODN0000430018,z,right_only
31172066-228B-4442-80B3-94EA917ABEB4,,,,,,,ODN0000442512,z,right_only
6ECF0B58-90D3-47BF-A0E2-07C166BF3815,,,,,,,ODN0000427581,z,right_only
56087DA7-5569-4862-8401-58A038A5DF80,,,,,,,ODN0000433422,z,right_only
CB665628-CA49-4F41-9734-168F2E1B12A7,,,,,,,ODN0000430814,z,right_only
1330054E-3FB4-48F1-A06E-3372F580D02A,,,,,,,ODN0000425928,z,right_only
2B1B3F53-BF4A-4418-9BEE-E234F4E09060,,,,,,,ODN0000437864,z,right_only
A9669766-144D-4D73-A768-4F59E0A35B1F,,,,,,,ODN0000434377,z,right_only
247656C8-FBF5-43C4-99F2-1F8EB3FED613,,,,,,,ODN0000434375,z,right_only
7FBACD32-EE9F-4F18-B419-E65C9B6BA945,,,,,,,ODN0000434380,z,right_only
EA217183-9AC0-4BA4-A906-7D8A7BBCBE7C,,,,,,,ODN0000434378,z,right_only
EA82AEA5-0EB6-4967-AB63-BCD84F826CDC,,,,,,,ODN0000434376,z,right_only
E966D192-B64A-4735-9E2E-CB36419D5C32,,,,,,,ODN0000434374,z,right_only
68C6FFE5-4269-4502-85B6-D2F1950C502D,,,,,,,ODN0000430219,z,right_only
B56DD3DD-18ED-4D66-9DFC-AC0B62F7BE41,,,,,,,ODN0000430338,z,right_only
DE778098-D879-415A-8CF7-2DFF18F35946,,,,,,,ODN0000434077,z,right_only
3B247AB3-586B-4301-9553-4B2FFDB6DF10,,,,,,,ODN0000432784,z,right_only
A640BFFF-D63B-4FC5-B993-2F0514B6F16C,,,,,,,ODN0000424512,z,right_only
00FACB3A-A5D9-475B-8487-4C3DA74DB7CF,,,,,,,ODN0000429365,z,right_only
39386357-688F-42D8-8ACF-D34A4F284A14,,,,,,,ODN0000424506,z,right_only
84A67458-EC6C-442D-826C-663495160B1E,,,,,,,ODN0000429136,z,right_only
019D3153-C86B-4DA7-9A57-2C9F98EA9CCB,,,,,,,ODN0000436598,z,right_only
28AB4CD9-3169-401A-9EFB-8E4BDED22D32,,,,,,,ODN0000430760,z,right_only
30FEEF36-FE41-4972-9D68-1FAA8CE9318A,,,,,,,ODN0000446995,z,right_only
94F03346-A6C7-468A-99D5-5C9692025288,,,,,,,ODN0000442885,z,right_only
7D7E77CF-94AA-4542-805A-1C6F4366B0E2,,,,,,,ODN0000441703,z,right_only
74571734-0646-438C-8315-0D4E852E594A,,,,,,,ODN0000428670,z,right_only
6DD5FA35-C211-4387-8256-AF76E4BAF2AF,,,,,,,ODN0000422267,z,right_only
2E2487E5-FC8A-4D20-8660-6B77ACB2E5FC,,,,,,,ODN0000426806,z,right_only
99A31F69-6C88-47EF-931C-81231DA8C0C1,,,,,,,ODN0000426347,z,right_only
7ABEECAB-21D5-486D-8216-B0D9F5FE46E8,,,,,,,ODN0000433600,z,right_only
5375B74A-3C01-4BE3-AB78-C0C9A0989FBC,,,,,,,ODN0000428002,z,right_only
4FE51318-CB52-4EFD-9EE8-A39DD5EA8D60,,,,,,,ODN0000426368,z,right_only
65F1144B-8488-4135-AFB7-F2121CD54F3B,,,,,,,ODN0000426162,z,right_only
C91FDC3A-521E-4D0D-91C1-915E28A7349E,,,,,,,ODN0000433827,z,right_only
F8ACF4B2-2A44-451A-B9CC-EF0295ADC9BD,,,,,,,ODN0000436103,z,right_only
0BF5BEBE-8626-4090-9B47-CCBC43D9452D,,,,,,,ODN0000436095,z,right_only
D752C0C8-2FD2-486F-AFCE-3E6AD2233611,,,,,,,ODN0000436100,z,right_only
F8FAEC8E-C0B5-481B-8D3A-C08969F30F79,,,,,,,ODN0000436101,z,right_only
D8C456F8-D0D7-4B0D-BA6F-47296EE910E5,,,,,,,ODN0000429745,z,right_only
546332FA-75B3-4779-9A08-EE2F0B20B8A8,,,,,,,ODN0000432516,z,right_only
E18D6AE6-551D-4CD7-9395-A6F13EAD0356,,,,,,,ODN0000438346,z,right_only
5C539430-823F-4F95-A154-45D75BA0A3B7,,,,,,,ODN0000438347,z,right_only
93831ACC-4F9E-497B-92D6-43B645A8BB9D,,,,,,,ODN0000438348,z,right_only
11F9C89C-81CD-4BA2-968B-66759B250FD2,,,,,,,ODN0000438349,z,right_only
860BDE7F-6198-4C9D-A116-4A67FD41D375,,,,,,,ODN0000438350,z,right_only
C2276910-26AD-4757-946E-701C49CD0CE0,,,,,,,ODN0000438351,z,right_only
4ECCDEB6-BDA5-41F5-B36A-8F8782EBD598,,,,,,,ODN0000438352,z,right_only
8836CE8A-468A-4D80-8A07-02A6A970043A,,,,,,,ODN0000438353,z,right_only
B8F57F67-C21F-4077-B35E-1072F5C1DF87,,,,,,,ODN0000434035,z,right_only
D94E3DF5-E5AC-4B8D-A0B2-5831478A37B4,,,,,,,ODN0000435842,z,right_only
A25B4E32-35F0-4DCA-937B-2DD54758B4DF,,,,,,,ODN0000433940,z,right_only
F7C20897-4241-4595-9383-93FB8151D24B,,,,,,,ODN0000433290,z,right_only
3577DD33-6063-4350-9237-82CAB54E4822,,,,,,,ODN0000435843,z,right_only
39912CB4-44B1-40DE-89F8-32564F494006,,,,,,,ODN0000438675,z,right_only
EA23D319-96C0-4118-860A-E239B833CD5F,,,,,,,ODN0000433837,z,right_only
FCD48785-C802-4E3D-9F9D-556876AAE7FF,,,,,,,ODN0000425299,z,right_only
A64ABB5B-6A07-4225-90D2-42409FB0BAC7,,,,,,,ODN0000432515,z,right_only
91903B0C-C1AB-4D10-9676-BA4682C2EE0B,,,,,,,ODN0000438430,z,right_only
CE586C06-90DD-4E88-95C6-9B4820D2CFFA,,,,,,,ODN0000438431,z,right_only
75037217-F006-4810-8A61-22DCF3D065BE,,,,,,,ODN0000438432,z,right_only
F98CF212-0CF6-4405-887C-388DE4C29721,,,,,,,ODN0000438434,z,right_only
8EDE244A-0738-4BC1-BAE3-8D2208E0DC28,,,,,,,ODN0000438435,z,right_only
3A5372FE-2D54-4ADA-9328-1E474B788A56,,,,,,,ODN0000438437,z,right_only
DD5EE2AB-C130-464E-B7A6-253F5A9304E5,,,,,,,ODN0000438949,z,right_only
1DCF5D23-55DD-4A5D-8235-42426543DD3F,,,,,,,ODN0000432630,z,right_only
E3ED1254-731A-48FE-8672-EA773A02B21A,,,,,,,ODN0000432631,z,right_only
F13CE7CB-DFFA-435E-AD2B-CE21B542BDA0,,,,,,,ODN0000433134,z,right_only
DA064452-4AB7-46E4-AC6A-E33CE6EF5EED,,,,,,,ODN0000421365,z,right_only
E69E4C6B-977C-4100-A6E3-EA64754857A8,,,,,,,ODN0000448694,z,right_only
33273DFF-83DD-4F66-8DEC-D17AA5861A0B,,,,,,,ODN0000432478,z,right_only
CEA718AD-3803-4116-9382-0C2A80E5BA88,,,,,,,ODN0000435879,z,right_only
58442913-3B34-4E1B-AD78-CE8E83CF4D79,,,,,,,ODN0000429678,z,right_only
6B883899-5D32-46A8-9C78-208B06060617,,,,,,,ODN0000429674,z,right_only
883B3A10-6346-43DE-AAC8-A970046B44FB,,,,,,,ODN0000436979,z,right_only
12634725-9590-4BBA-B9A6-0A78E55B0DCA,,,,,,,ODN0000427915,z,right_only
A23A0019-E0E3-46A0-800A-998520D1D226,,,,,,,ODN0000426406,z,right_only
4AE88865-F7B4-4574-9D22-D0C5834E5FED,,,,,,,ODN0000436340,z,right_only
5E9E708A-D7B0-47C0-BB68-277876A187C5,,,,,,,ODN0000433814,z,right_only
65F49AA5-889E-4970-8B20-9AC762CDE45E,,,,,,,ODN0000434388,z,right_only
94C1B5AC-36BB-4BDE-93E2-8C003E6D7C35,,,,,,,ODN0000444213,z,right_only
0F8809C0-F16D-48AB-B3F4-50FE12FE8CAB,,,,,,,ODN0000436227,z,right_only
527126A8-A4D5-47D2-9657-ED6699F99D2C,,,,,,,ODN0000430021,z,right_only
7E8BC435-4843-4B10-9981-357677288AAC,,,,,,,ODN0000436759,z,right_only
AE9DEDBB-9541-469A-952F-437707AE7A04,,,,,,,ODN0000422901,z,right_only
EDE2A996-9A5C-4AA5-AE59-A35F6CCB867E,,,,,,,ODN0000434960,z,right_only
00B3151F-6C14-43A6-8C7D-527954F75EBE,,,,,,,ODN0000436538,z,right_only
72CDDAB8-C02C-40D8-AE27-B85781819FD9,,,,,,,ODN0000436537,z,right_only
1CCD9DC1-6CF9-47EC-9BD1-B0CB4CFD5A86,,,,,,,ODN0000432917,z,right_only
6BF5DBE1-0E1A-4F8C-83B8-590387226607,,,,,,,ODN0000434862,z,right_only
CA5DC4E9-DA88-492B-AB14-2BD1D6904CA5,,,,,,,ODN0000430692,z,right_only
52805FF3-4724-4ABB-9635-0228E1F3478C,,,,,,,ODN0000448831,z,right_only
6281C910-216C-4019-9A9F-C6AEB0B24C48,,,,,,,ODN0000429972,z,right_only
E61D1CEA-AED0-4ABA-ADDC-86EBE0230171,,,,,,,ODN0000435837,z,right_only
8BDEA774-E41A-436B-A5EC-D5538814FB69,,,,,,,ODN0000433110,z,right_only
AA7EA987-8084-4F28-9E57-D7AEBBF9118B,,,,,,,ODN0000433929,z,right_only
BF3588BF-9259-49D6-B9CD-498BC0030703,,,,,,,ODN0000434861,z,right_only
F71B2986-0810-4D99-B7EA-1D5437F5F067,,,,,,,ODN0000422036,z,right_only
1D672CEF-9368-4B3A-9111-975FDE4441C5,,,,,,,ODN0000429194,z,right_only
7D3B4FB4-09D9-4BED-A24F-9B2BC6A5AD9F,,,,,,,ODN0000429656,z,right_only
6C11E4A3-EDE0-40CF-8B1B-4850E3B145FF,,,,,,,ODN0000436838,z,right_only
EE84A2A9-132B-47B8-8363-00170178158A,,,,,,,ODN0000428401,z,right_only
E65D0264-6B53-4ED3-A92C-DAE769B33EAA,,,,,,,ODN0000426795,z,right_only
F881AC96-0355-471B-9EDF-ECF975389D69,,,,,,,ODN0000437789,z,right_only
0AF5EB7D-3CBE-4B08-8174-EB27FDDBA24C,,,,,,,ODN0000430346,z,right_only
F546B962-CDF7-4AFC-A7A2-D6625F4F7BD6,,,,,,,ODN0000426281,z,right_only
58B067FB-C6F9-4F53-959D-A95DEAFCD00D,,,,,,,ODN0000444399,z,right_only
C45C6E1F-979A-4B80-9E84-35315C82B69B,,,,,,,ODN0000432500,z,right_only
D01EA798-EA81-4642-918E-485BF3F2979F,,,,,,,ODN0000424420,z,right_only
4CCEFECF-25CE-4227-A048-173F49AFA953,,,,,,,ODN0000425087,z,right_only
87162ED0-2957-4002-91AE-A1B014152AA8,,,,,,,ODN0000440405,z,right_only
76ACC29E-7B4C-405D-AC24-B5429F9462DE,,,,,,,ODN0000430944,z,right_only
F2D27B2C-BCDD-4D8F-B5FB-E822E3827797,,,,,,,ODN0000440701,z,right_only
132BEADE-71CA-4D31-9E44-6E0BF96B25EF,,,,,,,ODN0000438582,z,right_only
0AAAF964-4FFE-46C7-AB37-066FD31604E4,,,,,,,ODN0000435839,z,right_only
3AF917E5-8E48-45B3-A01B-A74B5DBBBE98,,,,,,,ODN0000433848,z,right_only
98ADCE2E-EC1C-429E-992F-79744E0042CE,,,,,,,ODN0000433849,z,right_only
21B46D85-7642-44B1-AEB7-6B5032D90C3E,,,,,,,ODN0000430102,z,right_only
680C8A6B-9E1C-410B-8A5A-A3D7F9852043,,,,,,,ODN0000430874,z,right_only
6EE3F095-BF84-41BD-9D65-6A4A06919D74,,,,,,,ODN0000432532,z,right_only
FE3BEB3B-FCEE-4F11-8D63-8D1A38AD7C6C,,,,,,,ODN0000435436,z,right_only
82EA08D8-8E40-4C34-9AE0-BBE8CD777C78,,,,,,,ODN0000441343,z,right_only
55DBD1BD-0CE1-4AC6-B41D-0CACE1386348,,,,,,,ODN0000438081,z,right_only
7CF982E5-FD23-4BB2-B22F-F35DBED64B13,,,,,,,ODN0000439737,z,right_only
5F93C0B7-BB24-47F9-9994-FF7B52F9B82E,,,,,,,ODN0000434734,z,right_only
EC2C9EC3-7ACD-41B0-83A5-47A174C6882B,,,,,,,ODN0000428586,z,right_only
DFB5428B-07E4-4345-A222-80B44F26D640,,,,,,,ODN0000421011,z,right_only
EAD86DF9-6BD5-4F46-98A5-FA979E6FEEA4,,,,,,,ODN0000435854,z,right_only
DF6A3459-30D0-4AB0-AA75-B69445229400,,,,,,,ODN0000440440,z,right_only
654A06B7-6420-42EB-8B20-4693078BF133,,,,,,,ODN0000448980,z,right_only
B28422A8-C733-4F04-8852-EADFF91DE182,,,,,,,ODN0000429296,z,right_only
6C530F4F-3403-4667-8047-89E4D6EB497F,,,,,,,ODN0000432464,z,right_only
5BDB33BA-E01C-4130-B0AB-D918842775BD,,,,,,,ODN0000433256,z,right_only
8495EEC1-5FF3-4737-808F-A6816763BD2C,,,,,,,ODN0000448950,z,right_only
F6592273-3BCC-43D1-8621-4C73BEF56ED9,,,,,,,ODN0000427582,z,right_only
EA59980D-9331-42F1-9F49-28CE3DA118EB,,,,,,,ODN0000425014,z,right_only
97EC014D-0200-42A4-8363-FF950F7E4387,,,,,,,ODN0000428981,z,right_only
3FE734D6-B13B-47C7-B65F-11BEE6BCDF2D,,,,,,,ODN0000426485,z,right_only
B940E2E1-4354-4031-8557-50188AFE80A8,,,,,,,ODN0000429401,z,right_only
182BE019-A787-4D08-86C9-D80197F26BDA,,,,,,,ODN0000425068,z,right_only
D9AB1588-B07A-4DB2-B2E4-F2E0D48D911E,,,,,,,ODN0000430927,z,right_only
ADBF2BE1-B0E8-4C30-9CC2-F56B8B3C9109,,,,,,,ODN0000426021,z,right_only
6525AF4B-06D3-4D98-8327-38D5B8C14F66,,,,,,,ODN0000434137,z,right_only
024FFA75-F287-4501-ABF3-52C01467A0F3,,,,,,,ODN0000434267,z,right_only
A6AD4A2C-F46C-406F-A9E7-DE65EBBFF37E,,,,,,,ODN0000429314,z,right_only
8E49CFEF-2B30-4203-A4F1-1EA68446E4B3,,,,,,,ODN0000430673,z,right_only
AFF13CBD-6D1A-4363-AA2F-4AEA4F8D62D7,,,,,,,ODN0000433676,z,right_only
F69B0682-98A0-4161-B40B-AA93308FD5E4,,,,,,,ODN0000433737,z,right_only
F18CCD83-6183-4414-AF3B-7B5967BDB975,,,,,,,ODN0000434282,z,right_only
827CCB11-2E57-4055-81D0-2CBE61550FF2,,,,,,,ODN0000427720,z,right_only
B19BDEB0-88F4-43C5-AADA-15F032CC8E07,,,,,,,ODN0000433068,z,right_only
EA7C3D75-28F8-4BA9-B36F-9174835D06CF,,,,,,,ODN0000429437,z,right_only
A32648B4-192D-4BD7-954A-B3282421E8FF,,,,,,,ODN0000438595,z,right_only
55DBB787-234C-4793-A796-26C7E9ABAADF,,,,,,,ODN0000435089,z,right_only
FF6BC67D-4251-4EFC-9FD7-829ED0DCE427,,,,,,,ODN0000434582,z,right_only
803FEE66-94E4-4A17-941C-39AA33332A31,,,,,,,ODN0000421372,z,right_only
8119F986-D728-4492-B40E-DA2AD9E5E254,,,,,,,ODN0000438442,z,right_only
C36CF858-6489-4D0B-92D9-50DD9859207A,,,,,,,ODN0000429973,z,right_only
BE8B5084-790F-4AC6-973F-42EEF029EB37,,,,,,,ODN0000433006,z,right_only
C6E4E76D-E0A7-4028-B078-CA16AE073ABE,,,,,,,ODN0000425676,z,right_only
6CF1C750-B1C4-499D-8C57-7D6A49525F4C,,,,,,,ODN0000434208,z,right_only
34F6F037-0D49-45A1-8479-162F56B127DE,,,,,,,ODN0000425081,z,right_only
61BB65C1-66EB-4A18-9C81-DEC6EA498208,,,,,,,ODN0000431001,z,right_only
6DCFA1A6-2AF8-4D7D-B394-7E682AEA524D,,,,,,,ODN0000433937,z,right_only
4E145F86-FC3A-48CF-A137-35619275C8D2,,,,,,,ODN0000446262,z,right_only
C74E635A-79CF-4483-A212-AA5452215DB9,,,,,,,ODN0000433054,z,right_only
ABD27688-7392-46F7-AF28-92D3AECA6BE4,,,,,,,ODN0000425608,z,right_only
B0523C69-FE3C-4EC6-8959-0E6979B50D11,,,,,,,ODN0000420885,z,right_only
EDE2E436-4A10-4C71-A110-78CBFA4340AC,,,,,,,ODN0000426139,z,right_only
A167839F-46AA-4752-8724-CC1F5AEC0351,,,,,,,ODN0000433784,z,right_only
65C97BF2-2CBA-4CF6-A79D-78F8D85B8807,,,,,,,ODN0000436139,z,right_only
0057DE15-28DC-484F-B573-BD78D3DF3257,,,,,,,ODN0000432811,z,right_only
FB89C08F-0FE0-48F6-B1ED-CCEA00D913C6,,,,,,,ODN0000425056,z,right_only
FF99E6EC-9316-4B4A-AF75-3785B7AD5017,,,,,,,ODN0000432981,z,right_only
92722744-A2D0-43BA-9A0F-FC026EE34098,,,,,,,ODN0000432600,z,right_only
E08653CC-8393-4C47-866E-C961CA6CECF2,,,,,,,ODN0000435084,z,right_only
EA49BCD1-CD98-4FB2-8993-62CB05387D32,,,,,,,ODN0000443146,z,right_only
36D32B90-89D3-410F-914C-7238833F330F,,,,,,,ODN0000426829,z,right_only
D9B1C073-A444-48E6-B722-9F39C489E4E1,,,,,,,ODN0000426379,z,right_only
B89B8D77-9F23-44D5-995D-F7BF63D70FAD,,,,,,,ODN0000428332,z,right_only
37A55449-4B41-4633-B913-369CCFEB3910,,,,,,,ODN0000436019,z,right_only
5E17EC7D-56B1-4219-BEDE-7C81A203AF46,,,,,,,ODN0000425511,z,right_only
596A2464-9ECF-4BB3-BA77-5FFBCC9FDAF4,,,,,,,ODN0000432590,z,right_only
5967E40B-CE21-46A6-AF74-8399A90E7579,,,,,,,ODN0000441473,z,right_only
C3D0BA4B-170E-4FAE-968B-91EB903C2067,,,,,,,ODN0000428937,z,right_only
E951FAE1-79EE-4B22-B7C1-80E2890064B5,,,,,,,ODN0000442908,z,right_only
E11F5ED7-838F-41A4-809B-D3F14FA78DCE,,,,,,,ODN0000440903,z,right_only
6E955700-E967-41C7-BF5D-743F8413FE56,,,,,,,ODN0000421499,z,right_only
9FF34EDC-E119-4642-86A3-9EA105A8E997,,,,,,,ODN0000435253,z,right_only
FB1ABB7B-CF1F-4DF4-8967-3AC2CBE78EBE,,,,,,,ODN0000425206,z,right_only
D87AF33A-EC42-47A2-B00F-761E561C9F52,,,,,,,ODN0000422190,z,right_only
F5CF53CE-27C9-40F5-A71E-34B3234FA271,,,,,,,ODN0000446659,z,right_only
3029327A-D037-4A62-B748-F8116F2918E8,,,,,,,ODN0000425106,z,right_only
243B3966-6640-40CB-B9FC-7A7F5A652D51,,,,,,,ODN0000445864,z,right_only
9CF12860-DA45-4A66-89CB-E0D030AC4553,,,,,,,ODN0000430259,z,right_only
68255C6F-9145-41C8-8F80-62585085AE2D,,,,,,,ODN0000429541,z,right_only
D0024669-DF67-4C1B-A095-9F0892B352A7,,,,,,,ODN0000430726,z,right_only
75BB30FA-D492-4ECC-A6F1-F4CFA8CBF010,,,,,,,ODN0000442186,z,right_only
981AAEF9-FCC2-4155-9F54-A051A9DC26B5,,,,,,,ODN0000442516,z,right_only
98B40E09-114F-453D-9048-72B60214DC2B,,,,,,,ODN0000444177,z,right_only
A673CD2C-8EDD-40FA-B211-8674627883E5,,,,,,,ODN0000443869,z,right_only
BD4BE9C0-7432-4D05-ACF4-BAC0F6B4AF74,,,,,,,ODN0000446268,z,right_only
6D0F4DCD-A552-47AD-82BF-BCF23F91A64C,,,,,,,ODN0000446288,z,right_only
1D174BE8-06F4-47D8-A2C8-6DDAA57D875B,,,,,,,ODN0000446337,z,right_only
93B55944-A211-4273-9B3B-597C589EFD1C,,,,,,,ODN0000435847,z,right_only
1A398BC9-7AB5-46B5-AA81-EC2BB0E31662,,,,,,,ODN0000435018,z,right_only
7F82BC59-4115-4307-81A7-8CF0A64B7154,,,,,,,ODN0000433024,z,right_only
6AA46305-6898-4C69-88A5-2BA6BE9F961A,,,,,,,ODN0000433301,z,right_only
9BBBE1FB-0DFA-4A30-8999-FD14CC95B9E1,,,,,,,ODN0000426687,z,right_only
173F2B61-1E2B-4530-B234-5E0FB4EE9BFD,,,,,,,ODN0000440772,z,right_only
0DD92E1A-38F9-4169-B287-255CD937DA71,,,,,,,ODN0000421952,z,right_only
B357FD1C-9F20-41AE-AED8-F801622F8333,,,,,,,ODN0000439007,z,right_only
090C1A7E-E384-4157-A092-144894A3A62B,,,,,,,ODN0000434128,z,right_only
0BD4508B-7B51-49B3-B753-699A80AF4348,,,,,,,ODN0000421268,z,right_only
FC8F2738-7976-4D87-B648-335E071230D0,,,,,,,ODN0000436717,z,right_only
7FE44E44-4F7B-4957-A5BB-00DF7A27FD7C,,,,,,,ODN0000435281,z,right_only
CC7E75B3-B2FD-45F0-9187-F42F9CEA3D3C,,,,,,,ODN0000437891,z,right_only
3E4458BD-E699-4EF3-8147-A9EFC38199D9,,,,,,,ODN0000428822,z,right_only
510CD2A3-44F3-467E-9AE7-E99E0C10E654,,,,,,,ODN0000424195,z,right_only
C64B54A1-A8D0-455C-8FC6-645522139AFA,,,,,,,ODN0000425870,z,right_only
54386995-2E8A-4B62-B6F9-62AFA3A8209D,,,,,,,ODN0000440413,z,right_only
5869CE5D-B0AB-4536-8E50-68F196DDF759,,,,,,,ODN0000425829,z,right_only
42FB2819-9B21-4C01-8DF4-3AA4FE9C5C31,,,,,,,ODN0000438565,z,right_only
073AAAEF-71DC-400D-861C-A6461D7E329C,,,,,,,ODN0000423980,z,right_only
490D7FF5-063A-4951-A5ED-11EEA791BB83,,,,,,,ODN0000435913,z,right_only
5EA844E0-521E-4A1C-A9D0-9EEC44B09B39,,,,,,,ODN0000425893,z,right_only
F2380DA9-4E86-422C-B788-CA14C0013B41,,,,,,,ODN0000446851,z,right_only
21D9C7FF-EEE5-48A2-86FE-66FC904043CC,,,,,,,ODN0000447668,z,right_only
EB6EA7C3-0822-497E-9306-A56F0FA7705F,,,,,,,ODN0000432872,z,right_only
F9F9964A-D8C8-4517-B838-4D1E2E9BEC2A,,,,,,,ODN0000434540,z,right_only
61E80CFF-3BAB-45C2-B70D-E64BF4E93518,,,,,,,ODN0000434229,z,right_only
B1B655E0-ABA4-4466-B480-F2A80622D8A3,,,,,,,ODN0000441257,z,right_only
D7672C55-723F-47DC-B4F5-5556D8D852A4,,,,,,,ODN0000439558,z,right_only
091CDDC3-85F5-4D9F-A0EA-A953EDB77FC4,,,,,,,ODN0000433569,z,right_only
59479F70-61BC-4A32-9650-4EAEC2B29F7E,,,,,,,ODN0000447194,z,right_only
19C970A7-8BD5-41E9-9823-DA8165F2C73D,,,,,,,ODN0000420953,z,right_only
615A18EE-DEE4-4F93-B3B2-8A0BF342035B,,,,,,,ODN0000437914,z,right_only
2D2C3A35-43F0-4ACE-8782-4D48DC966D3F,,,,,,,ODN0000438685,z,right_only
BF07B25A-90F7-4B2D-9E77-4031CED85B62,,,,,,,ODN0000445879,z,right_only
659E2D7D-7DB2-43F8-BB33-8C5EB3B2C844,,,,,,,ODN0000426559,z,right_only
10920D11-AE54-4C31-A9D7-12F07AB8BC02,,,,,,,ODN0000429035,z,right_only
2C3CFD60-4434-4768-AC3C-6A772FBAA857,,,,,,,ODN0000423947,z,right_only
2BBD68B2-22B1-4B3A-A8D9-68FF327D1CD4,,,,,,,ODN0000433013,z,right_only
6BB30400-363A-4A4B-9ADA-0E0D992C432A,,,,,,,ODN0000438248,z,right_only
BAD87AF8-DDCF-4A5D-867E-515B73264391,,,,,,,ODN0000427709,z,right_only
D7CB7981-4467-43DD-A318-593F4E53A53E,,,,,,,ODN0000434050,z,right_only
FF2F006B-1F77-4190-90ED-7332D785FCFD,,,,,,,ODN0000433789,z,right_only
793C4DE1-CB94-4E2A-ABB1-063E19B31D90,,,,,,,ODN0000428729,z,right_only
39CFC9D8-B707-466B-A3A3-5523468AC376,,,,,,,ODN0000425038,z,right_only
A44AF8B5-05F7-47B0-B805-231141197BCC,,,,,,,ODN0000429601,z,right_only
A505BC49-5DA2-445B-B25E-E9731B7A71B4,,,,,,,ODN0000447470,z,right_only
8CA9F206-6F1D-48E8-90A6-15D34DDA2381,,,,,,,ODN0000435769,z,right_only
C142520D-CF5D-46A3-A8BB-E0DD46CBBD07,,,,,,,ODN0000426378,z,right_only
DF673443-5F24-45D6-AB2D-3AA8A092B7B9,,,,,,,ODN0000426271,z,right_only
C441F49E-1E8E-49D4-93A5-059BC88B75DE,,,,,,,ODN0000427196,z,right_only
B4C629A0-92D7-41E9-AE1D-6D01DA7095D9,,,,,,,ODN0000448373,z,right_only
11723D20-BE9D-4372-AD62-05F386FC024F,,,,,,,ODN0000434398,z,right_only
09410B02-6DCF-422E-A7E3-F67486E31D7C,,,,,,,ODN0000435856,z,right_only
CB7FB2C0-6601-472A-9F29-3487B218E316,,,,,,,ODN0000436272,z,right_only
53BD0D7D-62EC-40F2-BF31-0F9F726DBDF3,,,,,,,ODN0000422684,z,right_only
2A4B76C1-403D-4036-B8E2-AE5D40D3815F,,,,,,,ODN0000427860,z,right_only
7B030531-9EA7-488E-8348-44B558CF9CE4,,,,,,,ODN0000437752,z,right_only
4BD6E78F-2647-4E2F-B72C-BD2FB8F83607,,,,,,,ODN0000447207,z,right_only
1E1385C0-9D30-4F1B-9610-D1DB010F4BE7,,,,,,,ODN0000429632,z,right_only
A27CCA1D-38C8-4CEE-992F-AC9AB00A0E88,,,,,,,ODN0000448193,z,right_only
F4B08B18-CDD6-486D-B669-F10257733958,,,,,,,ODN0000434320,z,right_only
EDD9BFA5-0272-46A4-99FE-445281E095DD,,,,,,,ODN0000424797,z,right_only
95640E45-BE23-4408-A9CB-107AC9D98FA4,,,,,,,ODN0000432900,z,right_only
A0B8BA73-FE30-4BDA-91DF-C9BDD4350946,,,,,,,ODN0000435787,z,right_only
9AF23589-7070-492F-B42A-06A92927F61C,,,,,,,ODN0000443523,z,right_only
4D75D350-95BA-4631-82BC-49D0DDAD08FC,,,,,,,ODN0000447619,z,right_only
AC0E9985-0A59-4ED3-AE77-DD6679ADA8B6,,,,,,,ODN0000427103,z,right_only
5CD08905-6E08-467B-85C9-D69BB2BC0636,,,,,,,ODN0000435333,z,right_only
28CAE0B3-F567-48A7-9CA8-3819E5AF9E93,,,,,,,ODN0000432493,z,right_only
3EA7D3CD-D211-4F20-92F4-CDC2CB133DEE,,,,,,,ODN0000432491,z,right_only
11EDE15F-3EAD-4429-8701-4FDC65755D21,,,,,,,ODN0000432496,z,right_only
CA81BA8C-D055-4320-A6D8-EA95DB9DD9D7,,,,,,,ODN0000432919,z,right_only
04DB7C75-9854-4A2B-A295-18A51754C8D7,,,,,,,ODN0000425777,z,right_only
89A067F2-0B12-4E09-A37A-F5207A61B093,,,,,,,ODN0000433093,z,right_only
301E6B53-12AF-4457-957B-7125BDB04157,,,,,,,ODN0000430054,z,right_only
92EB812B-8DC8-49E7-954C-63C06DCE8EAE,,,,,,,ODN0000426697,z,right_only
E40B73C4-1A9D-4C03-A14D-B8D18C17D635,,,,,,,ODN0000433488,z,right_only
7C38A989-DE35-49EC-917F-5D5CDD90174B,,,,,,,ODN0000433489,z,right_only
DAC097B2-2A96-40A3-B861-6A2AFB75DDEE,,,,,,,ODN0000433444,z,right_only
DAA83B05-740F-4262-8ED4-00B8C906925B,,,,,,,ODN0000447376,z,right_only
DEEFB2BF-275B-4CFC-B996-4C295231C5B1,,,,,,,ODN0000449159,z,right_only
520D9D14-E0E0-4F3B-9225-38E61FAD078C,,,,,,,ODN0000425166,z,right_only
5597CE22-753F-4732-A8E0-3083A59146CA,,,,,,,ODN0000437671,z,right_only
8DC06D28-4B0A-4009-9649-6C7F47188D5E,,,,,,,ODN0000434957,z,right_only
E234A2F3-6F65-46A0-8610-B67A5C44207F,,,,,,,ODN0000424888,z,right_only
5E6AE37B-1053-480C-8E95-8A8C7A0E09B1,,,,,,,ODN0000440331,z,right_only
75323E47-138A-4AA6-9163-F4727C65D53A,,,,,,,ODN0000435393,z,right_only
A827BDF4-25F3-494A-8EEF-A57664C04015,,,,,,,ODN0000434304,z,right_only
010B99B8-A583-419D-8D21-DE1DE294EEB7,,,,,,,ODN0000433742,z,right_only
EBC42087-B414-4C7B-B84F-4FE6520509F0,,,,,,,ODN0000441452,z,right_only
719F07C2-E67A-401A-ABFA-5B0AA61C29A3,,,,,,,ODN0000430889,z,right_only
1C7BAAE5-E709-4061-968D-79D5304E89B3,,,,,,,ODN0000420858,z,right_only
D34391D8-4E80-4952-B748-9B50A8CED054,,,,,,,ODN0000449213,z,right_only
7A76F96A-8527-4A61-9928-49183031CC6B,,,,,,,ODN0000428299,z,right_only
08A48C94-204E-42DA-90B3-5A4242528C83,,,,,,,ODN0000426817,z,right_only
FC683E26-C8C7-4AA4-9D6C-53B158CAEE76,,,,,,,ODN0000445558,z,right_only
A1B3536B-A7D3-4025-AE27-81B5BB6B1065,,,,,,,ODN0000438028,z,right_only
03C13574-2BB8-44FC-8D36-F4FF4B989DDB,,,,,,,ODN0000427928,z,right_only
FD4E5C77-D480-4BD3-B138-90ABBD4823F0,,,,,,,ODN0000446020,z,right_only
D267BCAB-C05B-4127-8BCF-1E1177668644,,,,,,,ODN0000425025,z,right_only
1D00F137-7499-479C-813C-AD034B85552B,,,,,,,ODN0000426924,z,right_only
3E6CF704-B5BB-4C85-8147-67929A4CB6FA,,,,,,,ODN0000431039,z,right_only
80111DB8-335C-4339-BDA0-B53330A40DFD,,,,,,,ODN0000432395,z,right_only
7E54236B-F4D2-4431-AE10-121C0E7D532E,,,,,,,ODN0000448798,z,right_only
740BEA7E-67CA-4C39-B9B5-08D05190E6D5,,,,,,,ODN0000428852,z,right_only
DD4076EE-26E1-4330-8BAD-1320F61550B7,,,,,,,ODN0000435797,z,right_only
8AFDF8FA-9B77-4D51-9926-04B88C21234D,,,,,,,ODN0000425980,z,right_only
3B50E37F-672A-4949-B79D-C15FDA2E2CFE,,,,,,,ODN0000435275,z,right_only
CEED0808-F479-486B-BA6D-E0D4933B10E9,,,,,,,ODN0000432559,z,right_only
F5F67551-FEE9-450D-946E-95F2F33910AB,,,,,,,ODN0000421233,z,right_only
8C813CB4-F4CF-42BB-B2E8-B4160E2F70E7,,,,,,,ODN0000437042,z,right_only
D7FBF9B5-2201-4CEA-A5DB-3EA43962AF38,,,,,,,ODN0000421287,z,right_only
0C059311-D54A-4512-82F5-EBF1FDB706D6,,,,,,,ODN0000436035,z,right_only
A39B1763-FE5E-4A2A-AA58-EACC2348D73D,,,,,,,ODN0000426703,z,right_only
8CE85174-5CEB-4B17-BD9E-8DC2AC88DB65,,,,,,,ODN0000425678,z,right_only
35085B46-5A0A-40A5-8FE6-4A4DFA7608DE,,,,,,,ODN0000435783,z,right_only
FB38CA75-241E-4112-9CDF-DFBFFA74E6E3,,,,,,,ODN0000427935,z,right_only
2BA3A0E9-7BD5-4F29-A5A4-0E854D52E56E,,,,,,,ODN0000430455,z,right_only
8053CD33-84F3-427C-AFEC-06D33D429338,,,,,,,ODN0000430100,z,right_only
4C6FC2D8-1FB1-477B-867A-325F5BB39572,,,,,,,ODN0000442987,z,right_only
46C8DF9D-623E-4A80-9CD3-B67E8A79AA64,,,,,,,ODN0000440396,z,right_only
3C9B8BC8-D1D5-4B3F-8390-C23F10B6A678,,,,,,,ODN0000438096,z,right_only
6F46B357-4DD9-4F47-86E0-AA8424220E89,,,,,,,ODN0000431384,z,right_only
31C0B100-FED9-4098-8F49-6023B8ADF16D,,,,,,,ODN0000442118,z,right_only
CC473BA4-5461-417E-9422-A9E9EF8DA44D,,,,,,,ODN0000433097,z,right_only
F52E56BF-D943-4DB2-987F-48736E3478BB,,,,,,,ODN0000429135,z,right_only
1146297F-D87B-4709-99AA-EE548EC0CB13,,,,,,,ODN0000428798,z,right_only
B1C00645-6794-4FBD-976E-4F3BD3545CC5,,,,,,,ODN0000429578,z,right_only
E7EF4E24-6C4A-47A3-8FBD-98152E1A3CDD,,,,,,,ODN0000433999,z,right_only
76FC2DE4-0C31-43E5-8F2D-B550D11C028D,,,,,,,ODN0000447259,z,right_only
5C0AB9DB-F058-4D0C-8D82-3935B0F0598C,,,,,,,ODN0000426802,z,right_only
1D39D96B-B6F0-488E-9BAB-9EEFB79CCA6D,,,,,,,ODN0000435405,z,right_only
FB5D25B0-FA72-4396-AA84-8EE28B4EB04E,,,,,,,ODN0000437485,z,right_only
64FAC60C-FFA4-41F5-9691-BF82CB898DFF,,,,,,,ODN0000438101,z,right_only
C9C71963-3186-47C8-BB4E-2DC71FC475BD,,,,,,,ODN0000438045,z,right_only
8A8C5159-F8BA-49D5-AC29-253A283F73B4,,,,,,,ODN0000435467,z,right_only
519A55EA-B4F0-4824-BAB6-A6AF8D890D33,,,,,,,ODN0000448420,z,right_only
3185AC91-7531-49EC-AD19-D9352AF3248A,,,,,,,ODN0000434221,z,right_only
DCD2A8B3-2621-4FE3-B5E1-39393DDA956B,,,,,,,ODN0000432539,z,right_only
1EC8FDBA-E0F8-4344-91A2-B40C9D63028D,,,,,,,ODN0000436735,z,right_only
3C7F60DF-4239-4329-AC89-E105A38F1110,,,,,,,ODN0000427122,z,right_only
7D1040A3-1BAC-4C43-AE1C-98BA56375995,,,,,,,ODN0000433382,z,right_only
1AB8A2D7-F5A0-4A93-B073-486D0095E9A8,,,,,,,ODN0000428337,z,right_only
8EB34DC4-07B7-48F1-B255-D61150B9287E,,,,,,,ODN0000430485,z,right_only
43A3A48E-CA43-4158-8AEB-10BB735CEEDC,,,,,,,ODN0000438657,z,right_only
F77B6F8D-3DB3-4777-9275-6BC08D48B472,,,,,,,ODN0000428768,z,right_only
B6FDAF0E-EA98-43D6-85A0-1243B27B7C84,,,,,,,ODN0000444559,z,right_only
5B851D36-1ECD-4CE5-B424-6C6F010ECBC9,,,,,,,ODN0000435890,z,right_only
47B6C3AF-A5AA-47A8-A2E8-5E0905C96BDF,,,,,,,ODN0000423432,z,right_only
79CB0615-63A1-447D-B448-A52506537D02,,,,,,,ODN0000439694,z,right_only
8DE30697-4AE4-400B-B33B-91D8D9680B32,,,,,,,ODN0000428110,z,right_only
C44D2C62-1D13-4CF5-AD9D-CCE350A7A33D,,,,,,,ODN0000421123,z,right_only
22690573-08D6-4D98-8F7D-0560C4CDF146,,,,,,,ODN0000448486,z,right_only
A437E132-5B37-4CC8-81F7-CC5AB969EF0A,,,,,,,ODN0000427172,z,right_only
8292490B-34EA-4FF6-B09A-28D3E248A7CA,,,,,,,ODN0000436158,z,right_only
278C46F2-1215-4969-A9B7-981998E9E57C,,,,,,,ODN0000425029,z,right_only
36294035-1C00-4E26-B6E0-857D8DD2E899,,,,,,,ODN0000435015,z,right_only
08F8238B-ED73-4CC8-A375-21113BD7567E,,,,,,,ODN0000434280,z,right_only
D46D5BF7-B7AB-4488-9210-3305704704C6,,,,,,,ODN0000433731,z,right_only
86D3B18D-57F5-4854-A77B-D75B6C12BC02,,,,,,,ODN0000432615,z,right_only
44A0F829-0763-44D5-833F-20B1AFB689A0,,,,,,,ODN0000429755,z,right_only
C9EBD82D-6742-475F-950B-F50AE80B6B24,,,,,,,ODN0000429087,z,right_only
F44C8672-E310-4130-92DD-1BAF12E36673,,,,,,,ODN0000430458,z,right_only
A465C4EB-B3B3-41CE-93B0-69F7373D3E51,,,,,,,ODN0000429572,z,right_only
CC9B7A60-1372-43A0-9A82-068726152421,,,,,,,ODN0000429626,z,right_only
7157D1E3-432A-4F45-B673-3470F7B424E1,,,,,,,ODN0000430106,z,right_only
53D6A815-3263-43F3-B31B-BD91432BAA45,,,,,,,ODN0000429961,z,right_only
1E6D63AB-A9CD-47FB-A485-4C639077E89B,,,,,,,ODN0000430196,z,right_only
FC4231E6-59E6-4590-8954-D8ED68504491,,,,,,,ODN0000430719,z,right_only
251BC509-2506-4485-A73C-9B97D50A918C,,,,,,,ODN0000430416,z,right_only
FDC1EA5C-B10E-4D5A-90E1-EA0D6C17C1B0,,,,,,,ODN0000430449,z,right_only
07CFB584-465C-4CA4-9C2F-FF0DC92573B6,,,,,,,ODN0000430794,z,right_only
D987B5E8-801A-492F-92BB-F7B11221CFD0,,,,,,,ODN0000428043,z,right_only
0FF43713-BD87-4D34-B788-B8DF5053441F,,,,,,,ODN0000428919,z,right_only
1E943142-384B-4F1A-9FD1-ECE290750DB4,,,,,,,ODN0000429013,z,right_only
B8144B2B-17C9-430A-9968-8BB1093E1212,,,,,,,ODN0000429046,z,right_only
6D35A015-5EA6-492C-9EF1-3CFA2964F39B,,,,,,,ODN0000444312,z,right_only
14752400-C800-4EF6-A342-6365C09EA6B5,,,,,,,ODN0000423334,z,right_only
82389971-0ABD-4783-B60A-ADDA5197A85F,,,,,,,ODN0000438310,z,right_only
668B1B1A-D91C-4D56-A0EB-FC71FA572E4A,,,,,,,ODN0000424761,z,right_only
7B91A821-625C-4CE5-89E0-FED687910F32,,,,,,,ODN0000448585,z,right_only
6DB25296-B511-48DB-BB87-C3C4D7FA7A4F,,,,,,,ODN0000432628,z,right_only
469FBFBC-CCB2-4D75-897F-147A5E5E4CF7,,,,,,,ODN0000432554,z,right_only
66B77844-2803-4A91-975A-E36979888E5F,,,,,,,ODN0000432920,z,right_only
769F6FE0-B200-41B7-816D-9DAC44F4BFB0,,,,,,,ODN0000432908,z,right_only
BCD06133-FF30-4C6A-9563-97B65337FE76,,,,,,,ODN0000421993,z,right_only
4D05522E-B4FE-4E37-9FE4-47DBBFADA7E1,,,,,,,ODN0000436367,z,right_only
DAB9E5BB-FFDF-4586-8A92-983AD5BD4013,,,,,,,ODN0000447860,z,right_only
09372F43-2402-470A-9A1C-4B975801A506,,,,,,,ODN0000435792,z,right_only
6F2E3004-D7A8-48D8-9CEA-0AFEBFCB9BCB,,,,,,,ODN0000447230,z,right_only
3B1A7D20-1C4F-4975-8FC3-DF3D9A546E7C,,,,,,,ODN0000433034,z,right_only
77A11D40-43DE-46D2-B7E1-C0F71C33EB8A,,,,,,,ODN0000439001,z,right_only
FCB7BE75-5EE2-4B24-9E43-315116103DD2,,,,,,,ODN0000428203,z,right_only
F2760289-E833-431B-9DC6-F0653413BF8B,,,,,,,ODN0000448142,z,right_only
5B429A96-ABD3-48AF-A92A-938CA21FB315,,,,,,,ODN0000439934,z,right_only
339C8421-B048-4380-A3F5-4F1DA66B0FFD,,,,,,,ODN0000439902,z,right_only
22B48F7D-1D96-4C79-83EE-2E62C62A2FCB,,,,,,,ODN0000446962,z,right_only
85FB6C00-64FD-4824-9B6B-BD18EA64DA64,,,,,,,ODN0000435335,z,right_only
A259654B-4110-4D3A-9F1D-5768FC81D3DC,,,,,,,ODN0000431044,z,right_only
E5615DE7-1C92-48F6-8D5E-2ABC0EC48BE4,,,,,,,ODN0000426285,z,right_only
AA3D330F-9F12-43A3-902D-FA7520D3206B,,,,,,,ODN0000425647,z,right_only
F016D50F-F17E-4D8C-A7E7-DE14F600E09A,,,,,,,ODN0000429539,z,right_only
560A92F4-F2BE-494C-ABB4-8D63736591EF,,,,,,,ODN0000436155,z,right_only
237438CF-309B-4E05-B602-8AA9A2CE2C55,,,,,,,ODN0000445947,z,right_only
2C2372CA-C0FB-45F5-B6A1-CF21366B71C0,,,,,,,ODN0000430942,z,right_only
F4EDE3A4-2B4B-4C45-8731-694D09BB75E1,,,,,,,ODN0000442641,z,right_only
7CF21182-8C99-4096-854D-9971F5C7C2C6,,,,,,,ODN0000443971,z,right_only
CF5A8898-1054-4EED-9053-37B736641AB9,,,,,,,ODN0000440202,z,right_only
C57B8D19-37C4-4BC9-88F7-3EA524CAC3E0,,,,,,,ODN0000438098,z,right_only
69A8F87F-D2C4-40FF-B54F-92749DD007A0,,,,,,,ODN0000428504,z,right_only
CFF3CB44-A15F-49AB-932E-ED816E0124AB,,,,,,,ODN0000436583,z,right_only
009B4524-58CE-436C-9BBC-710A342391FF,,,,,,,ODN0000430863,z,right_only
00E56D17-2F62-40F9-A10C-635927E95479,,,,,,,ODN0000425340,z,right_only
965C2F62-9060-454A-9339-6A5C0FE9A27A,,,,,,,ODN0000435605,z,right_only
7436AE4C-7430-4B1E-BB98-DEEAD63150BB,,,,,,,ODN0000435906,z,right_only
46F48D53-909E-4E5B-BDF5-ED2EEE8492C7,,,,,,,ODN0000429070,z,right_only
6D21863F-4146-4EC3-894F-B47905F7C4CB,,,,,,,ODN0000445466,z,right_only
B24B4A5F-9EC7-497F-ABB1-7DE76559E500,,,,,,,ODN0000435053,z,right_only
363C8A47-E6DE-4F4E-BE1F-19C1E736B126,,,,,,,ODN0000422904,z,right_only
E3893D12-FE02-46C1-883B-A92CB8EBD80F,,,,,,,ODN0000435891,z,right_only
C471FAC2-2CB9-40F7-A982-7A10E9BBA5D0,,,,,,,ODN0000440905,z,right_only
8B8C158F-D361-4616-8B09-F06B5A72A3AB,,,,,,,ODN0000433549,z,right_only
A5E8EA01-D729-426E-AAF4-A2967C5342F1,,,,,,,ODN0000433041,z,right_only
5C8EDB0F-7D59-481F-AD80-80CAA20FCEE5,,,,,,,ODN0000438663,z,right_only
99D9B756-D5C0-47FD-A871-F8FF7BF77842,,,,,,,ODN0000448003,z,right_only
9DC7D23A-3C0D-4C67-B4B8-E60B783DB30A,,,,,,,ODN0000433574,z,right_only
AD5C4629-982E-41AF-9688-FF6E9644D3C8,,,,,,,ODN0000433598,z,right_only
1AD7AA3D-2C03-4CE0-A0E2-82987656F899,,,,,,,ODN0000437330,z,right_only
4BE6EAD4-3904-4129-B54C-D9874FA7C590,,,,,,,ODN0000432575,z,right_only
8280FA72-2458-45EB-B7CA-A9EE12B89FE5,,,,,,,ODN0000423378,z,right_only
0B1EC8E5-12B2-464A-9740-D80C1944A5E6,,,,,,,ODN0000429634,z,right_only
DE80B3DB-7F8F-44C3-9406-CC30578957B1,,,,,,,ODN0000425427,z,right_only
68ADBA6C-5DD7-4C85-9145-82F3D88143EB,,,,,,,ODN0000433096,z,right_only
2B47E31C-0575-4A69-AE78-99027F091C7F,,,,,,,ODN0000436342,z,right_only
32760419-2975-417E-8F6B-FE3F6DD40E72,,,,,,,ODN0000425040,z,right_only
77550498-1BF3-4FB4-A3A8-7AC3346155DA,,,,,,,ODN0000428761,z,right_only
37C7E893-49FE-49E9-BF59-71F2F58471FA,,,,,,,ODN0000429084,z,right_only
FC8323F6-5241-4751-AC2E-8B9F6641EB35,,,,,,,ODN0000429071,z,right_only
4846D56A-43C4-4FD8-B333-855BDF1314BF,,,,,,,ODN0000442323,z,right_only
4268D291-568B-4238-ADBA-C333751850D5,,,,,,,ODN0000438138,z,right_only
D2C2B361-AEA2-41B3-AE7D-D87973EBC85D,,,,,,,ODN0000426106,z,right_only
9E9F6CE2-8551-40F4-BD75-587E1587FD2F,,,,,,,ODN0000447437,z,right_only
AFD92C88-F228-4CBF-B29F-95C41212C89A,,,,,,,ODN0000432584,z,right_only
F24F8A99-59A5-4DF9-A72E-B20A5513CE82,,,,,,,ODN0000445361,z,right_only
0C2D3ACC-7EA5-42B2-B30B-55BCEA82A760,,,,,,,ODN0000438647,z,right_only
D54804DA-DB16-4067-8000-8160EF2ACFCF,,,,,,,ODN0000441479,z,right_only
9DD7D49E-AD47-42C5-B59E-9FB4D678D277,,,,,,,ODN0000430088,z,right_only
50DAA8E8-D2D7-4930-817B-3B603D32720C,,,,,,,ODN0000422755,z,right_only
5923FD24-69FB-4E5B-8A5F-B16D701E7005,,,,,,,ODN0000433258,z,right_only
AF302587-D998-41DB-AFFB-FB072CD24027,,,,,,,ODN0000445599,z,right_only
372B8444-9B2C-4EE4-B4FB-FC744FC4BD29,,,,,,,ODN0000432748,z,right_only
06AB1AE6-1F63-4612-9A20-DF10D6FA475D,,,,,,,ODN0000433415,z,right_only
5EFCFA2F-1523-46F4-96D1-899DF11E2159,,,,,,,ODN0000430517,z,right_only
ACE129ED-7967-4AE3-AE9F-57197E14D198,,,,,,,ODN0000425951,z,right_only
A9B866F9-1C09-4D31-A427-94879D2C748C,,,,,,,ODN0000426276,z,right_only
D7EEF2BD-30DD-48D1-A0F4-2D83BAB0BC6E,,,,,,,ODN0000434632,z,right_only
90D05909-FDD2-4AA1-8EC3-957D094FD11A,,,,,,,ODN0000438298,z,right_only
C40B6EE6-F846-4994-AFC9-53300E3A2FC1,,,,,,,ODN0000443401,z,right_only
3EA5D922-C876-42E7-BE0F-624BD1DF24C5,,,,,,,ODN0000427513,z,right_only
680B388F-2C36-44B0-A857-DE88FD3DD8B3,,,,,,,ODN0000440517,z,right_only
0E04196D-5493-470F-B1A2-04D6CDB3CD8F,,,,,,,ODN0000427765,z,right_only
34C2E2D8-F9AE-4CE4-A49E-EEEE8B7A0AC0,,,,,,,ODN0000420942,z,right_only
3E4F2F96-F188-428F-B9FD-D9CE26B8F43B,,,,,,,ODN0000428276,z,right_only
F55E64F3-03E2-4384-A560-FB1D04EE9557,,,,,,,ODN0000436845,z,right_only
2E6EE996-3AFE-4BE4-823E-46101838E0B6,,,,,,,ODN0000432686,z,right_only
915CFAF7-3480-45A7-B5C3-44F49A75ED2D,,,,,,,ODN0000433883,z,right_only
D2CBB051-CF40-42C8-97AF-425D359F545F,,,,,,,ODN0000432792,z,right_only
4BC44A1C-56EE-4E4B-86C7-A5219D7C6AD7,,,,,,,ODN0000434715,z,right_only
823E9960-0450-4715-AC02-3F29916EEA8D,,,,,,,ODN0000435180,z,right_only
51A1EC51-294C-4C85-BCA2-0788CB65F6CC,,,,,,,ODN0000429201,z,right_only
9D4D202D-82B9-4C5C-B1F4-3B3C350A3D3E,,,,,,,ODN0000435594,z,right_only
7A08F9B4-ED30-42D1-9742-7C1A8C2958E2,,,,,,,ODN0000432182,z,right_only
0ACB7F19-77B7-438B-A808-EAC99D64A48C,,,,,,,ODN0000436534,z,right_only
772F0BBA-038D-4B73-BA4B-FE1F3A4788E8,,,,,,,ODN0000426458,z,right_only
91D67F8D-0E6B-4376-8EB1-277FD8FA9E78,,,,,,,ODN0000435280,z,right_only
1488E64A-55BD-4FCA-958B-2BB3EB378607,,,,,,,ODN0000434455,z,right_only
5C6EB652-DF2C-499D-B2B6-30DCEE38F7E4,,,,,,,ODN0000426785,z,right_only
0058D673-CF48-4BB3-8668-A9F1FA013CF0,,,,,,,ODN0000433095,z,right_only
2E2CB72D-CC02-401C-A1D6-B4EC5EEC0162,,,,,,,ODN0000433247,z,right_only
C772E1A4-3EEE-43BC-8CB1-C0B434CB4C8F,,,,,,,ODN0000434792,z,right_only
B5DFEF48-980C-4373-8938-3265E1405A6F,,,,,,,ODN0000435840,z,right_only
0E2F630F-2C2C-4D82-BD63-D3A8280290F0,,,,,,,ODN0000436205,z,right_only
58589FBF-2BC9-428D-85F6-74E490C9CA7B,,,,,,,ODN0000441673,z,right_only
6F227B23-D290-4905-A886-AB38FFB68D55,,,,,,,ODN0000445285,z,right_only
9C5A06B1-F037-44FF-BAEB-81684B8E1A97,,,,,,,ODN0000428856,z,right_only
67DD5096-9DD4-486D-86D0-86111CDE5E36,,,,,,,ODN0000436241,z,right_only
3DE0B10A-79B4-4F43-81AE-B3718324F622,,,,,,,ODN0000425230,z,right_only
DA495D53-3470-49A2-B972-EB6B4BF04F71,,,,,,,ODN0000434096,z,right_only
5F01DE23-B04B-422A-8A2D-EDADA54865C5,,,,,,,ODN0000437714,z,right_only
CB3C0323-CE5A-45B5-A9C3-60B37EB5166A,,,,,,,ODN0000428316,z,right_only
69DD9FAF-C85B-42BB-B4B3-CB4BBB183FBF,,,,,,,ODN0000430853,z,right_only
1E96B616-418E-4BC1-9E24-79316E04F29C,,,,,,,ODN0000429597,z,right_only
D37533F1-2332-4A6F-A560-9F292730E3D9,,,,,,,ODN0000433025,z,right_only
88FD86EE-C1C7-4602-A98B-2B2960D47EB4,,,,,,,ODN0000432994,z,right_only
3221A009-74C6-42A0-9D69-BB017E54EAD0,,,,,,,ODN0000437568,z,right_only
616CE470-D983-4C9D-821E-400AF2B9D8F7,,,,,,,ODN0000442755,z,right_only
73E1856A-BCD5-475D-93F8-5167F9D76473,,,,,,,ODN0000429612,z,right_only
08A0FACB-EB8C-4DEA-A5C6-C1575610EA88,,,,,,,ODN0000433391,z,right_only
ED85DAD7-54B2-4A4D-9DBF-8EF36D9BC81E,,,,,,,ODN0000432659,z,right_only
F5E34A7E-75BE-4C56-A2DE-0BC2B077EFA7,,,,,,,ODN0000432523,z,right_only
306956CA-13CF-4789-8D18-D9DF39378750,,,,,,,ODN0000426457,z,right_only
49FEDE3A-E408-4DE0-B8FF-8763D1A541A6,,,,,,,ODN0000430430,z,right_only
F913A15F-550C-4417-A0AE-F9AE1156E4D3,,,,,,,ODN0000427569,z,right_only
268AE71A-A496-4A9A-86EF-4ADB47D03F43,,,,,,,ODN0000440503,z,right_only
FB7BF40A-3892-491F-9F51-D64D0C5A1D37,,,,,,,ODN0000443009,z,right_only
D7D98935-4439-4D63-ACCC-8707D964B0A0,,,,,,,ODN0000424295,z,right_only
B6C2FD0B-BF85-4790-89EA-024AB6BB6596,,,,,,,ODN0000432678,z,right_only
0EF1CD59-58BA-4FC9-8F60-41C652C9B13A,,,,,,,ODN0000436761,z,right_only
91AAF1F7-DBF0-4984-99EF-A8EF67D1AD9F,,,,,,,ODN0000445382,z,right_only
F3369190-2B29-499F-9B19-C450F925D5FC,,,,,,,ODN0000432693,z,right_only
0594BDE6-E644-439F-AE16-E82B5A5A6494,,,,,,,ODN0000430823,z,right_only
8BB42BEE-962C-403E-9188-120DA782BD59,,,,,,,ODN0000422497,z,right_only
1C3598A4-9C2F-4187-B28A-316F57888BFA,,,,,,,ODN0000448023,z,right_only
6BEB7FA9-F5C9-427A-A8E6-5FD9DD9F8C27,,,,,,,ODN0000434444,z,right_only
87DB38E4-3692-4A1B-8308-370688594488,,,,,,,ODN0000428204,z,right_only
5EF69185-65B6-4FD7-9342-8F0C406FF879,,,,,,,ODN0000425872,z,right_only
198F11FC-6D19-44D6-B8C9-13129F1EE34A,,,,,,,ODN0000425845,z,right_only
DA4C18FC-5FF4-49E8-8D37-2466811B8FB8,,,,,,,ODN0000435035,z,right_only
F8C743E4-4AA4-4B79-81F4-764A1821289A,,,,,,,ODN0000435511,z,right_only
67DEFC74-9C13-4203-8806-59992EAD339A,,,,,,,ODN0000447718,z,right_only
81D1E1CC-A037-4FB9-9A54-651D21B63584,,,,,,,ODN0000435262,z,right_only
A0D286D7-111A-40DA-AE4F-CE6D490FE6DF,,,,,,,ODN0000434396,z,right_only
4B314F4E-60E7-4CFA-AACA-2627D3AA3B95,,,,,,,ODN0000438460,z,right_only
1B366B9C-5D14-4FCC-A0E6-FD6CF13B8EE6,,,,,,,ODN0000445246,z,right_only
076406DD-064A-4FCD-800F-1D59966895CC,,,,,,,ODN0000434664,z,right_only
6419041D-13DA-4427-9606-7C7C6212A8B4,,,,,,,ODN0000440118,z,right_only
F42CEE97-66BC-4E55-B0A1-52C1B0C38DFB,,,,,,,ODN0000420977,z,right_only
2060B91F-691C-42AF-96FE-3E5CCB98ED6D,,,,,,,ODN0000429110,z,right_only
67895E6D-0B0E-4EB8-AF18-BD4589EF8E7F,,,,,,,ODN0000436577,z,right_only
8C0ABCF7-423B-47B7-AF9A-B9F16A2933D4,,,,,,,ODN0000440097,z,right_only
6FE13CBB-BE45-4103-AC2A-CFC6C3F93F33,,,,,,,ODN0000446961,z,right_only
3EB82B7B-95FB-411C-98D7-26119BEDB52B,,,,,,,ODN0000434212,z,right_only
E12549BB-CE4D-45AA-9AAC-6A0EFABF279B,,,,,,,ODN0000429841,z,right_only
176B585B-1320-411B-BDF5-1549C868919C,,,,,,,ODN0000430679,z,right_only
860AB8B5-80E3-4CEB-A72B-1216FB80FE25,,,,,,,ODN0000440420,z,right_only
3237DAA8-AE49-40B3-8BEE-0683571774EA,,,,,,,ODN0000440421,z,right_only
86CE6273-37DA-4B67-A618-B1702373E347,,,,,,,ODN0000438290,z,right_only
B4EA28CC-2B89-48F9-BA28-25DB4457D66B,,,,,,,ODN0000440639,z,right_only
28AD5245-86B6-4093-AF57-276FFC590901,,,,,,,ODN0000435770,z,right_only
B28D931F-9A15-4C67-BF76-0AB62397B85B,,,,,,,ODN0000435563,z,right_only
45E34830-3E49-41F6-B8B9-F7E6886DE1CB,,,,,,,ODN0000426799,z,right_only
4EA5CDC2-9E8A-4121-A0A1-9AB3D73BB7AF,,,,,,,ODN0000429177,z,right_only
1BAACB4C-BF0A-4983-92E4-B542BE7BCE29,,,,,,,ODN0000447929,z,right_only
C02CF04A-6CD5-4E8D-833F-F3E3C27F9CAE,,,,,,,ODN0000422158,z,right_only
CC8C0176-C9DE-485F-883C-458CB2DB2240,,,,,,,ODN0000422766,z,right_only
9B2A9584-7993-45BF-A7CD-9F2106950F81,,,,,,,ODN0000422814,z,right_only
9D5E8226-88F7-48A4-B270-B7706A656F0A,,,,,,,ODN0000422909,z,right_only
B10FF9EE-D3D4-4152-BC73-73AFD148806C,,,,,,,ODN0000429120,z,right_only
7B57A663-84CB-4856-8816-CC9535D67F1E,,,,,,,ODN0000424896,z,right_only
31F59178-D07C-4140-A2F0-3F2017DC90AF,,,,,,,ODN0000425456,z,right_only
8CF0707F-36B6-4479-83F3-C5D5DD9826EE,,,,,,,ODN0000426567,z,right_only
10677388-72EF-4235-B01C-6B2869FA6C6D,,,,,,,ODN0000429521,z,right_only
5A75835D-B63F-4F50-80A7-2ABDFA400F57,,,,,,,ODN0000423643,z,right_only
2DE2FEDB-D8E5-4B8E-8774-09282C571F06,,,,,,,ODN0000424514,z,right_only
37B73954-D1F7-4292-9286-0A1CCBFC8E23,,,,,,,ODN0000432002,z,right_only
881A8491-371A-427B-BC43-E3F0A2CE7FF6,,,,,,,ODN0000428453,z,right_only
C3C648B1-06B3-484F-88D3-EC9176FC9AE5,,,,,,,ODN0000433498,z,right_only
26C1E9B5-9D3C-4AA3-A19A-151F30591E3D,,,,,,,ODN0000425434,z,right_only
217574E6-3D81-4526-8DAF-0A792917AD93,,,,,,,ODN0000435915,z,right_only
4F54994B-D421-49B7-95A2-615EB32D83C5,,,,,,,ODN0000429031,z,right_only
D31D1D2D-CB01-4AA3-B1BD-AC04214E4756,,,,,,,ODN0000424868,z,right_only
043580B5-CC86-4E59-85B8-2DCC3B88CACE,,,,,,,ODN0000432738,z,right_only
B1C64A0B-3566-405D-A938-EF947A0D92EB,,,,,,,ODN0000429111,z,right_only
DC487CCA-E85B-47E8-A8B2-0BF048E42A43,,,,,,,ODN0000423598,z,right_only
3C334AAD-5DDE-4344-B618-8E69A5158A13,,,,,,,ODN0000434211,z,right_only
C0071E70-BE68-4A28-B002-F0D1FE7AA11E,,,,,,,ODN0000446461,z,right_only
FF946D8A-1735-43A4-8F54-85A81904CA24,,,,,,,ODN0000432794,z,right_only
FD7F6DBC-A014-4F41-8822-52437100FF26,,,,,,,ODN0000430490,z,right_only
6050ADA8-F938-44D6-BDB9-5B03D7F71A01,,,,,,,ODN0000433776,z,right_only
9AE419E0-6DB3-4AF4-8FEC-36DDEB69668B,,,,,,,ODN0000433777,z,right_only
76EA5FE2-0571-4B5F-B587-D12CB390254C,,,,,,,ODN0000439158,z,right_only
DC538861-794B-4C3E-BDD0-2198B04D28EB,,,,,,,ODN0000446401,z,right_only
55F41ED4-ECBB-4682-81EF-8F35C3B81F63,,,,,,,ODN0000447687,z,right_only
8BB0F059-B1FA-4147-8F3A-2D930D5C9D47,,,,,,,ODN0000447213,z,right_only
5B0BB454-1621-4E93-B29F-4EB5D494A6AA,,,,,,,ODN0000422449,z,right_only
7F0829F2-AA0F-4539-A12D-4661FBDD11E2,,,,,,,ODN0000428669,z,right_only
7E2497F9-76E8-4C92-8F70-9B5BBD78B2F6,,,,,,,ODN0000430240,z,right_only
4AEB634A-AE77-49B9-92AE-98E3C22E66C9,,,,,,,ODN0000430518,z,right_only
107258BA-B40B-445F-A06B-2C5D13393480,,,,,,,ODN0000425913,z,right_only
A7D6DB06-F1B4-41FB-85A7-83F7A98D414D,,,,,,,ODN0000426576,z,right_only
32ADB35F-BAA5-49EA-A256-1D96DCF6E235,,,,,,,ODN0000442579,z,right_only
6B19FC28-BE7B-4FB0-8B8E-DE331EBCD1F4,,,,,,,ODN0000433917,z,right_only
C6437082-2163-414D-A660-CCC4D9387282,,,,,,,ODN0000449106,z,right_only
9C7A47CF-9BB9-4185-9F04-9BF9CC130ECC,,,,,,,ODN0000448939,z,right_only
18A76843-EA96-4DB4-9B22-ADE021352E70,,,,,,,ODN0000446778,z,right_only
E2F5FCF8-005C-4B34-924F-9DE4085925DD,,,,,,,ODN0000437430,z,right_only
682B6CE0-B03E-43A1-AD94-2D6A44666990,,,,,,,ODN0000428771,z,right_only
49C5E833-326C-4E93-9D95-6EBB7E0B2A7C,,,,,,,ODN0000437652,z,right_only
AC5F7A4A-F05E-4E6A-8EEE-1FC264C1E625,,,,,,,ODN0000433113,z,right_only
2447F75E-D483-4010-A600-3F2CAFE47AA2,,,,,,,ODN0000440126,z,right_only
0E6263DF-5CBF-4387-BD56-69BDFAD62EBE,,,,,,,ODN0000440135,z,right_only
7DCE52B6-1F06-4B1C-8A57-AF5C8CCD6238,,,,,,,ODN0000437823,z,right_only
3B2627B4-7365-4021-9F6E-8AA226B4CD71,,,,,,,ODN0000436178,z,right_only
56799263-1795-4A22-ABDA-4B7C8EF4EF27,,,,,,,ODN0000430304,z,right_only
6E4D538E-8E6F-4010-B9AE-FEDEF8BFE38C,,,,,,,ODN0000448241,z,right_only
62212530-0F0D-4530-8BEF-FD9820E1CA91,,,,,,,ODN0000434937,z,right_only
73F18FCD-A9D1-442F-9049-EACB4C9A8C57,,,,,,,ODN0000435069,z,right_only
E9E5C6AF-C6B7-41A0-864B-EA7D81086E20,,,,,,,ODN0000425189,z,right_only
5F9E02FC-4A81-43CE-A649-7910178173EF,,,,,,,ODN0000433069,z,right_only
F078A868-626A-490D-927F-40BB18AD780A,,,,,,,ODN0000428034,z,right_only
4A3BB23D-002E-4B83-9AFE-E82F01F67734,,,,,,,ODN0000438572,z,right_only
F3EE8DDE-E45F-44BC-A5B0-B987CFFCF5A2,,,,,,,ODN0000444725,z,right_only
FED9D5D8-3ABE-4E0C-A1E6-236E2D583A85,,,,,,,ODN0000424707,z,right_only
F6204334-745E-43D2-8714-A778F885374C,,,,,,,ODN0000430501,z,right_only
1C3FD60E-C47B-442C-A1FE-21E1FFEACC08,,,,,,,ODN0000430812,z,right_only
A93E219E-F935-4B9D-81F7-C75D7191ED2A,,,,,,,ODN0000442771,z,right_only
C9B28F7B-1BD0-4F86-B086-4CC32A97A686,,,,,,,ODN0000434877,z,right_only
7EA796DC-2782-456C-AD05-6977015E95D4,,,,,,,ODN0000433992,z,right_only
B69E788C-4F93-4888-A333-8E7FA2D6A1FF,,,,,,,ODN0000433180,z,right_only
B2EA4D43-27F3-4708-9E4E-B0E511081DE7,,,,,,,ODN0000432661,z,right_only
57144BE0-AFEB-48EE-B315-D1B64ADF4BE0,,,,,,,ODN0000442258,z,right_only
909DE44E-1C84-44E8-AFF0-159059CE1551,,,,,,,ODN0000447316,z,right_only
44576F27-841D-426E-8D6D-DECA6530C02C,,,,,,,ODN0000430606,z,right_only
7244738C-E065-423E-A5FE-2C19F7F2D053,,,,,,,ODN0000447493,z,right_only
2B59AD1A-AE30-4760-9100-B44DFD958E26,,,,,,,ODN0000431549,z,right_only
E6DE506A-0369-4A87-93E5-B746A7F6CC1E,,,,,,,ODN0000446211,z,right_only
4C809A18-5A55-4B01-BBF4-29E1A2E41806,,,,,,,ODN0000433781,z,right_only
7B9C8472-5774-451E-992F-5735E20A77DE,,,,,,,ODN0000427348,z,right_only
F0A3F2B7-D81E-4ECF-B56A-BB30B824599C,,,,,,,ODN0000421973,z,right_only
42F4C072-6E4E-4319-A6A5-109A08B43495,,,,,,,ODN0000433291,z,right_only
5F7CC598-E9AF-4EC5-BA78-DB2AA1143966,,,,,,,ODN0000433912,z,right_only
D1FEEBB8-C4EF-43D4-A94B-F2F6FA7E82E7,,,,,,,ODN0000444108,z,right_only
3A3A7571-9373-4C0E-B3E6-0FE7D7DFA113,,,,,,,ODN0000441980,z,right_only
40AEFABA-25D6-4FC8-9F8B-2DA6B58503C6,,,,,,,ODN0000433330,z,right_only
7317D34F-2CBA-40BD-9901-89A39FBCB622,,,,,,,ODN0000439061,z,right_only
D599F255-D026-4200-AAA2-7DDAA92B3BCF,,,,,,,ODN0000425460,z,right_only
98FDBA9B-FD5D-43B1-A871-D8548E8999CA,,,,,,,ODN0000434154,z,right_only
CC57FFF1-F14E-4689-B4C9-9FFD1FECB65B,,,,,,,ODN0000432780,z,right_only
5D975EB9-31C9-4F9B-AF4E-196B60FD035F,,,,,,,ODN0000425721,z,right_only
1961CD22-D047-4662-B412-80B327CFA7A4,,,,,,,ODN0000425677,z,right_only
C243B3C1-1645-4EC0-8C6B-E4837DBF8FA4,,,,,,,ODN0000432879,z,right_only
23494C56-9D83-43C5-BCCA-B4969E77B718,,,,,,,ODN0000427483,z,right_only
44E93AD4-14FF-4E2B-9665-D3E9BB5F7A07,,,,,,,ODN0000432772,z,right_only
F8BB45AE-1868-4ED7-92D1-3B1E950D30CC,,,,,,,ODN0000435341,z,right_only
CBC40E27-9FA3-4FA2-8732-7096A2531651,,,,,,,ODN0000425288,z,right_only
A4AFC1A1-ECAC-476F-8DB2-BA24890418AD,,,,,,,ODN0000422772,z,right_only
B30ACA3B-DFD5-4DD2-A3C3-254DE6D64118,,,,,,,ODN0000422015,z,right_only
EA2197B5-5508-45D0-8EA1-E1BEE1026366,,,,,,,ODN0000433084,z,right_only
5872EDCF-528F-4C36-B277-3E94D6C2CF1F,,,,,,,ODN0000437412,z,right_only
D49EAC44-D2CA-43B6-A101-61824A1BFADE,,,,,,,ODN0000426505,z,right_only
432E0DDE-A4A1-445E-B4D3-A2E06F2723AA,,,,,,,ODN0000447996,z,right_only
FE278C1C-CEAE-4F1A-BA1E-7262F038D00D,,,,,,,ODN0000440262,z,right_only
D7D1FF2A-BD1B-45E1-B20F-3D1916877EA1,,,,,,,ODN0000428945,z,right_only
5C4D17D9-0988-43E4-86ED-0FC5B2534FB4,,,,,,,ODN0000430826,z,right_only
8ECDDE37-5C80-4630-A4B1-D5F9B3E7C21A,,,,,,,ODN0000425345,z,right_only
2818E808-7936-421F-96EA-278CECFB090D,,,,,,,ODN0000428091,z,right_only
AA8122B8-6371-49E2-B2F9-4A1086EBCADD,,,,,,,ODN0000438262,z,right_only
48A102CE-74D3-4A09-BEBB-C7CE9B170795,,,,,,,ODN0000446423,z,right_only
CBB5F623-C9D8-4B29-B71C-D6F78FBF6DA6,,,,,,,ODN0000429782,z,right_only
7616A23E-F7ED-4C3E-AB9D-F03ABB2E5087,,,,,,,ODN0000440131,z,right_only
DAE84485-2C9A-4108-A784-2B0B7C9CC56F,,,,,,,ODN0000430605,z,right_only
B33FD529-905F-4FCB-8E8F-3B0CEDE00EB4,,,,,,,ODN0000429976,z,right_only
FE880DB1-D759-45AF-83B4-6F8BBAC0AE07,,,,,,,ODN0000424639,z,right_only
449CB8A6-A5BB-456F-BF75-7A9DCEA71AC6,,,,,,,ODN0000442983,z,right_only
6F724579-B37D-4615-BBB5-DED548EB7141,,,,,,,ODN0000443573,z,right_only
E283FDF5-3A91-4F19-8657-94C45443AAA7,,,,,,,ODN0000440795,z,right_only
B5A8A3F5-D45B-433A-B1B8-E2706D7EDF22,,,,,,,ODN0000424897,z,right_only
84F79136-A5B0-41D7-BB53-A1CC381CB003,,,,,,,ODN0000432468,z,right_only
D7865AA7-8C2B-4741-B9F9-F8103075DB42,,,,,,,ODN0000423757,z,right_only
781C264C-CBAA-4358-B36F-5846FB4F814E,,,,,,,ODN0000443927,z,right_only
FA139B03-9711-402B-B2C1-4079854479C5,,,,,,,ODN0000433305,z,right_only
54D47489-825E-4DA0-BEB8-FBB599C4D688,,,,,,,ODN0000437133,z,right_only
EA1DACFA-E74D-412E-8B4C-F78A3B3185FC,,,,,,,ODN0000424434,z,right_only
BA43C63A-44E5-4C07-A5A7-49B17DF58E00,,,,,,,ODN0000432824,z,right_only
C5BDB49A-5310-4028-B97A-E42F0AC3BFBA,,,,,,,ODN0000429374,z,right_only
50F9605E-5E52-44F2-A6BC-690AA38DD3D5,,,,,,,ODN0000430703,z,right_only
6B6097C5-8F00-4B43-8C3E-7DA6E7AA6781,,,,,,,ODN0000434673,z,right_only
87D2B92E-0923-4B04-863C-86315E8F2E6D,,,,,,,ODN0000434048,z,right_only
34EC3263-AA16-4522-87A9-FC5AA1837738,,,,,,,ODN0000446516,z,right_only
259D6926-2386-4C6F-8ACF-097F549835DA,,,,,,,ODN0000438389,z,right_only
CDEEC485-5547-4ECA-A6C8-5F2F2C6F62B0,,,,,,,ODN0000444251,z,right_only
D5690623-4366-46FD-9FD2-CBCCA5DDCF77,,,,,,,ODN0000422359,z,right_only
F30D76BC-4EA0-4BAE-B9BA-1A40563EC31A,,,,,,,ODN0000428725,z,right_only
9C1131EE-1E98-4048-9666-8C429D6832F3,,,,,,,ODN0000426853,z,right_only
6443663D-79F6-4B6D-9F74-9C849551C105,,,,,,,ODN0000425517,z,right_only
39F50ECE-8E0C-49B6-AFA2-212FEBB10062,,,,,,,ODN0000429015,z,right_only
B34E75D5-E37E-4140-9752-D9CF14E62672,,,,,,,ODN0000434053,z,right_only
4815688E-74E7-4DEB-A5F5-51219DAA126D,,,,,,,ODN0000431038,z,right_only
367C639A-E707-4AB5-8A91-55805132DE15,,,,,,,ODN0000439610,z,right_only
B0BEB980-C6EC-41F4-99CB-95998D8B2582,,,,,,,ODN0000423536,z,right_only
BB2A6997-45F1-45E4-8F28-977B9A13E063,,,,,,,ODN0000426304,z,right_only
4E056715-B9CB-4B25-A1F6-E679739AC6B5,,,,,,,ODN0000428020,z,right_only
C32C42BA-90D7-4958-9FC8-40DC2C889303,,,,,,,ODN0000436199,z,right_only
1616A1A1-FDD1-48F2-8ECC-D1F04BA94784,,,,,,,ODN0000434722,z,right_only
F754A93D-BEE0-4756-AA7B-799A91E99D31,,,,,,,ODN0000427475,z,right_only
15649180-815C-4373-8CC3-0FC35C014492,,,,,,,ODN0000421922,z,right_only
2A7DF591-C8A4-4C82-BE97-6F48A818F9E9,,,,,,,ODN0000421121,z,right_only
A8ADA7F1-E7BF-4134-8401-1CD1812BA905,,,,,,,ODN0000421122,z,right_only
7D3E6571-474F-4605-BD2F-46DFAF996F3D,,,,,,,ODN0000433765,z,right_only
77D61B95-8456-43D4-AD7A-6B0337437524,,,,,,,ODN0000441147,z,right_only
45BFBA8B-A87F-41FA-A877-DCC14E14E090,,,,,,,ODN0000424561,z,right_only
40ED9F6C-D3BA-49C1-AD21-855564594889,,,,,,,ODN0000447298,z,right_only
7A29DED0-183E-4308-8881-9A6CE95EB1C9,,,,,,,ODN0000422972,z,right_only
DAB04A05-F461-424B-A34C-8BE7B31C7C7F,,,,,,,ODN0000449014,z,right_only
59B1DAAE-ACFC-4E11-815A-8F55CDE041C8,,,,,,,ODN0000430308,z,right_only
7A173DEA-0C42-4BC8-9D9D-26B3C8F8C209,,,,,,,ODN0000441208,z,right_only
37E249FC-BAE8-4322-ABBE-C987A61908B5,,,,,,,ODN0000429490,z,right_only
CC0D3034-65FD-421B-A058-7C674DB3FDE4,,,,,,,ODN0000444994,z,right_only
1FE1A510-A64E-4A09-8205-190EBA17C2F5,,,,,,,ODN0000440589,z,right_only
5BC6CDAC-360E-4A91-9416-E8CE0D2CB7B0,,,,,,,ODN0000442934,z,right_only
87F21962-AEF4-4560-A3EF-7A15011FC1E7,,,,,,,ODN0000443657,z,right_only
44D3CB70-E0DE-4A7F-8317-EBF3EF44DD60,,,,,,,ODN0000427693,z,right_only
1DE1B285-5D59-41BF-876F-894719415ECA,,,,,,,ODN0000427692,z,right_only
3312EDD0-7118-4FCD-9F95-39978A3557D5,,,,,,,ODN0000427174,z,right_only
51FA8F46-B4E8-42D1-992B-9ED4FAA7F5AE,,,,,,,ODN0000429190,z,right_only
7E62A633-4DAA-4D4E-99C9-EC4D5C0B7026,,,,,,,ODN0000425388,z,right_only
697C52CC-BF7E-483E-8356-D229D058C8AA,,,,,,,ODN0000433930,z,right_only
8C3DC051-292F-4D85-84F1-906AB4F1AD9E,,,,,,,ODN0000435312,z,right_only
D0A3F27E-7EC6-457F-991A-220569E14B30,,,,,,,ODN0000427148,z,right_only
EAA53ECB-9AD6-4D40-9063-05C025734C88,,,,,,,ODN0000434944,z,right_only
4A87F17E-6190-482E-B213-61DC14BC138B,,,,,,,ODN0000427553,z,right_only
8E2374CC-8705-4CFC-B2DF-B8FACEF7E85F,,,,,,,ODN0000428007,z,right_only
A8C34675-7592-4881-96BA-9D2012A7FEEC,,,,,,,ODN0000423017,z,right_only
B783C341-6E40-46F7-9E35-172C5B9EF7A0,,,,,,,ODN0000426644,z,right_only
670FF6AD-094E-476E-AB5E-4B7E25F3092B,,,,,,,ODN0000430936,z,right_only
CE25BBB6-0683-4FAA-8DB9-DC611F8D5425,,,,,,,ODN0000438540,z,right_only
42155EFD-0AAD-42C6-90B9-8DE92BDB61A8,,,,,,,ODN0000425111,z,right_only
AE7D559E-9FA5-423B-BFEF-F858628163DE,,,,,,,ODN0000433791,z,right_only
5931F5DF-1B85-4D40-9A0F-05DE209D65E8,,,,,,,ODN0000429617,z,right_only
A9A753CC-EC89-49AE-9CCC-9A0C546F24EC,,,,,,,ODN0000432832,z,right_only
7A3CB14A-1ABF-46AA-BA4B-3D1287891551,,,,,,,ODN0000436334,z,right_only
1E2431A8-30A1-4AD9-BC6C-B8A4E1E94EEC,,,,,,,ODN0000437657,z,right_only
D48335FF-7436-4492-8A41-5483EC7190DC,,,,,,,ODN0000433821,z,right_only
72DC82FE-3919-4637-BAB8-2614CA9DF236,,,,,,,ODN0000434230,z,right_only
B91A2E3B-6302-4DE0-AA1E-B65E8E7C9F55,,,,,,,ODN0000427308,z,right_only
EC441E1C-7CCC-4A0C-8D0C-014C96CFCDD4,,,,,,,ODN0000438167,z,right_only
776D29C3-FAE8-43F6-94EC-3ECB0E29605A,,,,,,,ODN0000434428,z,right_only
91DCB20A-A70D-46CA-8144-65676810DCD6,,,,,,,ODN0000431434,z,right_only
EF54E062-896E-40D3-B868-4B190DA03486,,,,,,,ODN0000449011,z,right_only
749040E5-6F64-4D11-AE78-41181221442D,,,,,,,ODN0000429450,z,right_only
5EEA159B-1DD0-4E69-858E-83D06D349231,,,,,,,ODN0000436005,z,right_only
35CED3A1-E571-497E-A666-F3DC6B64257E,,,,,,,ODN0000447393,z,right_only
D72609CD-F332-4CDD-A352-0477E5A9D49B,,,,,,,ODN0000423763,z,right_only
A85BDD39-8750-4CE4-A77E-AC2999242CA4,,,,,,,ODN0000445226,z,right_only
7B4FCA2F-1A41-4AC4-A643-59DC9E1EB831,,,,,,,ODN0000425147,z,right_only
8EFE5524-F4F6-413F-9184-1107192509FA,,,,,,,ODN0000424067,z,right_only
7F5627B8-1A57-416B-A169-8636EDB6B330,,,,,,,ODN0000423859,z,right_only
1825C6E5-AA19-4254-846F-22E437BC0881,,,,,,,ODN0000427814,z,right_only
0C469676-9B83-4706-BBAC-69912EA95877,,,,,,,ODN0000434238,z,right_only
FD0AC82B-9B07-41B7-8BB9-DF5923F347A6,,,,,,,ODN0000441655,z,right_only
5999E675-00C9-4C42-800C-E4D6A3DF3816,,,,,,,ODN0000428572,z,right_only
0B89B723-9EFE-4541-89A9-3B5102C296B6,,,,,,,ODN0000425927,z,right_only
6C67D777-9E28-4CC1-91FB-FBED8139EDCC,,,,,,,ODN0000431420,z,right_only
CEB8C6DA-8FB9-42DE-A2E6-043083303485,,,,,,,ODN0000435161,z,right_only
69780C0C-663D-4015-A61A-80E1ED0273EC,,,,,,,ODN0000442709,z,right_only
6087531D-2EA2-48C6-A0EF-3EAD5D57C74D,,,,,,,ODN0000440134,z,right_only
D4BFA0FE-2808-4F4B-951B-55807D4DBB6E,,,,,,,ODN0000430918,z,right_only
6BF65C06-F342-415A-9975-86DD3181114A,,,,,,,ODN0000446543,z,right_only
6580FF1D-C055-46E1-A172-C485AC0B6C48,,,,,,,ODN0000428518,z,right_only
EDB8289A-98E4-4949-B288-F2B3340966BF,,,,,,,ODN0000435345,z,right_only
358C38C2-CE09-441E-ABE4-F6AB6712407F,,,,,,,ODN0000426696,z,right_only
5CDB28DD-9963-449B-B8DE-829C7937A025,,,,,,,ODN0000428207,z,right_only
9C3E0682-BAE9-4CCF-B250-00D6A8ECC5EC,,,,,,,ODN0000428340,z,right_only
BF5B59BE-352C-4F61-AC53-BE91B4F61FC7,,,,,,,ODN0000423442,z,right_only
17AB4533-4619-4AE9-A223-8BD7A83C95BC,,,,,,,ODN0000428355,z,right_only
75EB28C8-11A3-4EAF-AFC2-E736E07B31FE,,,,,,,ODN0000428132,z,right_only
204987A6-75A1-46C0-A076-CA693F807AAC,,,,,,,ODN0000427118,z,right_only
F3355D3A-CACF-4BA4-A96A-00FA279E8C15,,,,,,,ODN0000426628,z,right_only
72EA562F-78AE-433E-9BFC-8BB279B937CC,,,,,,,ODN0000427043,z,right_only
84B9A5E6-E627-4F2D-A15A-BB268B554D26,,,,,,,ODN0000428304,z,right_only
6CB3507B-9521-4FE7-A024-EA8A23F2A09A,,,,,,,ODN0000428266,z,right_only
FA9E6BAB-EAAE-464C-9698-7E4B34A070A9,,,,,,,ODN0000428253,z,right_only
47BFEB2D-5B2D-4CFC-9D80-AF0D4EC981AE,,,,,,,ODN0000424843,z,right_only
6E941E14-8845-40E0-A729-E0ABD734D807,,,,,,,ODN0000433924,z,right_only
BA506654-FB73-4AA5-8FD8-2D2E3E04986C,,,,,,,ODN0000432632,z,right_only
B6BB7C16-3CDB-4840-806A-879DDD747829,,,,,,,ODN0000432633,z,right_only
C090A7B0-F575-4E51-979A-157E5B1E55EA,,,,,,,ODN0000423842,z,right_only
A161C1FF-A450-4AFF-88AB-01B8856185D7,,,,,,,ODN0000439525,z,right_only
CF7AB603-8CE9-4913-B9EE-DEAF8752E6C0,,,,,,,ODN0000430496,z,right_only
08FC4991-339D-456D-8810-2F6CD357F0DC,,,,,,,ODN0000440105,z,right_only
FDBA8DFC-BD2A-4CBA-B1AC-4CCD589002EF,,,,,,,ODN0000430120,z,right_only
139B3804-7591-4B3E-AC9D-21D635CD94F0,,,,,,,ODN0000424356,z,right_only
F7E3A082-0A6A-4D8B-A1EB-BC880ED65081,,,,,,,ODN0000436540,z,right_only
9923503F-72F4-4F0C-BF44-D0BF0E2CA625,,,,,,,ODN0000423382,z,right_only
7745C36A-DE9F-49F0-B006-D784E4DC453E,,,,,,,ODN0000429040,z,right_only
03621EC1-5D02-49CB-9538-B1A8ACBC13EB,,,,,,,ODN0000434803,z,right_only
D9E0081F-D7C0-4DCD-8D78-9C7A5A558CC4,,,,,,,ODN0000434448,z,right_only
F863378F-D2DC-4EBB-AD29-88BCDCDFB839,,,,,,,ODN0000432694,z,right_only
23A605C9-6C33-47BD-A410-45C60679BD13,,,,,,,ODN0000429910,z,right_only
B2B2D812-EE6B-48CA-8284-A89B2070C9C6,,,,,,,ODN0000430238,z,right_only
F2E243E7-363E-4D20-8DBB-E22297B4BBA2,,,,,,,ODN0000432715,z,right_only
C5358797-7166-4072-A723-0EDFC8E612D1,,,,,,,ODN0000437078,z,right_only
AF712383-4D81-4B05-8531-189CBB464C08,,,,,,,ODN0000430363,z,right_only
44C31883-A225-499B-9C5B-F72E6591C073,,,,,,,ODN0000433092,z,right_only
D67F8CB8-F4C5-4698-89CF-2EEB9115B619,,,,,,,ODN0000422415,z,right_only
F4DDDDF3-FEB3-4960-82B8-1A6960B7A316,,,,,,,ODN0000442478,z,right_only
83417249-3B6A-4299-8BBA-E84AE124ABFC,,,,,,,ODN0000438421,z,right_only
DEF83B0B-FD12-467C-A171-83200CF1D901,,,,,,,ODN0000429993,z,right_only
A7F16492-B970-48E8-B116-3EA04B358F7B,,,,,,,ODN0000432734,z,right_only
5670B3FB-9F69-4803-9881-488BB7D09F9F,,,,,,,ODN0000422117,z,right_only
EC4D28A8-1323-4C42-BAE5-B4391ADE85F6,,,,,,,ODN0000423311,z,right_only
7DA13765-8F58-47E2-A9FE-FB43C9375134,,,,,,,ODN0000422422,z,right_only
3960D8A7-0C25-430F-8E18-88DD251ED717,,,,,,,ODN0000428850,z,right_only
46DD94AF-F216-4575-B72F-755AFAD31B6A,,,,,,,ODN0000438213,z,right_only
CF58D2C0-04A5-466E-AAE7-6097991C225F,,,,,,,ODN0000438212,z,right_only
FE0ABA5E-37ED-406E-B23E-20324DBD6497,,,,,,,ODN0000425596,z,right_only
AB6A21B1-367E-4CE8-8606-3F52DB1C8FF0,,,,,,,ODN0000420876,z,right_only
E98617F3-ADBC-4C77-AD70-CE87837808C9,,,,,,,ODN0000422201,z,right_only
86651321-83DC-4ACA-843C-30195C2AFF56,,,,,,,ODN0000436016,z,right_only
67BBEFB7-C0C6-4CAF-8022-7D097D4E54C9,,,,,,,ODN0000430708,z,right_only
C87F5CED-4AF8-4371-936D-887E2DDFD748,,,,,,,ODN0000429457,z,right_only
6825CAE7-0EF1-476D-8FCD-4A50FA9743BC,,,,,,,ODN0000432621,z,right_only
5090C67B-DA5A-496A-B255-94749D756F14,,,,,,,ODN0000448954,z,right_only
C5021261-13EB-4044-A33A-5E96A6DABE9C,,,,,,,ODN0000434757,z,right_only
95DF42A1-03E3-41AB-BD75-9669D4BB341F,,,,,,,ODN0000433448,z,right_only
764D6775-F8FE-4703-8B83-F8AE3BD98F15,,,,,,,ODN0000429284,z,right_only
9B5E67FB-87FE-4552-A72E-03AE00B1FBA2,,,,,,,ODN0000447476,z,right_only
F6AC12BB-33CE-422C-9FFF-50E5C16359FD,,,,,,,ODN0000435202,z,right_only
B8FAAAD1-E882-4A61-B3A6-4CC8925406A5,,,,,,,ODN0000430986,z,right_only
B67ED11E-0B2A-4F2B-AFA3-66399BB33E56,,,,,,,ODN0000441761,z,right_only
CEABED7A-C37E-4EB0-9B7F-3A39B148EB9A,,,,,,,ODN0000433987,z,right_only
C9A7B93B-9423-4AC0-9DA8-8E9EBD1A68EF,,,,,,,ODN0000432619,z,right_only
DCFCCF90-2A60-4BF5-8C61-220425B865AE,,,,,,,ODN0000430911,z,right_only
18B8EBDD-F290-42C3-A0E4-B39222CD954E,,,,,,,ODN0000430700,z,right_only
16101118-EBB7-4AB6-8CC2-656B43BC5FBC,,,,,,,ODN0000430412,z,right_only
C2803709-83C5-442E-83F1-38EB86349430,,,,,,,ODN0000435157,z,right_only
D44FD5B4-4B3D-40DB-946B-ABC7F83D67DC,,,,,,,ODN0000430392,z,right_only
ADB8F342-4C8C-49ED-8EB8-0416184A84B0,,,,,,,ODN0000446314,z,right_only
B0FD6A5A-E4EE-4F00-BFA4-E757E01FE8F7,,,,,,,ODN0000424325,z,right_only
F7ED28CF-A656-41A2-93AA-F9FBE0A390B3,,,,,,,ODN0000428933,z,right_only
98369A34-0D61-4BB1-B245-89B548621BBA,,,,,,,ODN0000431060,z,right_only
3F87C2C1-2233-4F97-912B-92303EB9764C,,,,,,,ODN0000420970,z,right_only
5F469670-EEB2-418E-94B9-F6C6AE5273EE,,,,,,,ODN0000438147,z,right_only
C9579B83-0190-4D08-B5B8-B861679DFF94,,,,,,,ODN0000434807,z,right_only
1529045F-6B43-484B-8948-E52E7D147F67,,,,,,,ODN0000435785,z,right_only
3B321B12-1F30-4D58-8C44-632F8BD944C8,,,,,,,ODN0000421313,z,right_only
5B87EF7A-8509-43CE-B698-2A2036AB3744,,,,,,,ODN0000438355,z,right_only
5D6C6DC5-037A-4EBD-96EB-9A94951D3791,,,,,,,ODN0000426031,z,right_only
4467B2B8-C40F-4A2F-890B-D00D48E7D0C9,,,,,,,ODN0000430570,z,right_only
FFE8F2A9-8A4C-406E-AA0A-6631E799752C,,,,,,,ODN0000430709,z,right_only
01663BC1-3E47-4F37-A7A0-884BDA320284,,,,,,,ODN0000422186,z,right_only
9A5989FD-50CE-42A0-BA17-746D71B0C64C,,,,,,,ODN0000430424,z,right_only
5C81EFA0-EBCE-4CB1-B50E-2C31488F7FC9,,,,,,,ODN0000435158,z,right_only
7813C353-FAF3-43B3-95FD-FCB5DD10208E,,,,,,,ODN0000428194,z,right_only
09A5AE4D-AE77-465A-805B-BFB72030D36F,,,,,,,ODN0000434411,z,right_only
38C04D63-40F9-4957-A309-7749E6DF95D8,,,,,,,ODN0000444774,z,right_only
3ECD9886-A812-44B0-9754-7E5D785A1B2D,,,,,,,ODN0000446213,z,right_only
16A61F8A-EE94-4F70-BB6D-CCC61348F7C6,,,,,,,ODN0000421689,z,right_only
D6F83405-8B94-457E-8753-CE6E28A32DFF,,,,,,,ODN0000434056,z,right_only
A4A18FBF-9BA5-4D8F-9599-C897C97EFD2C,,,,,,,ODN0000424717,z,right_only
6C696458-D9A2-4604-AEE3-4A571F41C04D,,,,,,,ODN0000435288,z,right_only
E1FED07B-AA96-4F57-B496-200297D37FFE,,,,,,,ODN0000425642,z,right_only
D6779FDE-6527-4F1F-AFB5-6FC939316FB1,,,,,,,ODN0000432680,z,right_only
7C1DB308-BBB0-4B67-A012-DE0D17D2819F,,,,,,,ODN0000434252,z,right_only
5EF0F4C8-FCE3-4F76-82B6-3FF113997063,,,,,,,ODN0000421414,z,right_only
EA9514E2-E4B9-4B2D-BBC4-1046C65BDD9F,,,,,,,ODN0000434639,z,right_only
DCDB643B-6260-48E1-8423-FA13B916A97D,,,,,,,ODN0000427142,z,right_only
D28E4EA4-B448-49E6-A780-83F417303401,,,,,,,ODN0000430199,z,right_only
A18EBAD1-4FB9-49B5-889A-DB5DA8C06444,,,,,,,ODN0000440668,z,right_only
936D35A8-43FC-4389-9F40-A4F5117D7898,,,,,,,ODN0000445777,z,right_only
C0CE451A-32D0-4EF2-93B7-924B897CCB23,,,,,,,ODN0000422027,z,right_only
4466518B-635F-4EEB-AD23-1E053F45B91F,,,,,,,ODN0000444352,z,right_only
1B833A65-DC92-4B40-AD1A-A3E95E6DC926,,,,,,,ODN0000435462,z,right_only
C1623927-36A3-4086-B601-B3C963D61EAC,,,,,,,ODN0000421419,z,right_only
588B9A8E-3474-4BD6-8995-D4B3589D451C,,,,,,,ODN0000445592,z,right_only
382DDF12-8CB6-4CC9-BFD6-8B46A7313DFF,,,,,,,ODN0000447556,z,right_only
42501873-9FF3-4FAD-8E9D-C3A5302A0BB5,,,,,,,ODN0000448163,z,right_only
65623AAF-F7EA-4696-9356-045A9BA9EC9E,,,,,,,ODN0000425887,z,right_only
4AB0C44E-11B9-46E9-80A8-64C011235228,,,,,,,ODN0000432682,z,right_only
1207C161-4C50-4A14-815F-95337FAC1EF9,,,,,,,ODN0000437275,z,right_only
9BD73537-6AAF-4DE3-AA46-EC8BD62928AF,,,,,,,ODN0000426551,z,right_only
8D4B646B-B27C-4D64-9D76-BA92D9B559C8,,,,,,,ODN0000444841,z,right_only
BAD825E6-0D53-4B7F-8034-902A6DFC1F8A,,,,,,,ODN0000432778,z,right_only
93166701-16D2-460A-9EB5-52B736DFADAF,,,,,,,ODN0000425948,z,right_only
B086B37F-A115-4DC5-8F60-BABA340F7112,,,,,,,ODN0000438681,z,right_only
6331B0E0-3F65-4DAB-B30B-ECED75508FB6,,,,,,,ODN0000433044,z,right_only
1CA6419F-9F31-4070-85F3-6E31D0677E5B,,,,,,,ODN0000421274,z,right_only
F6676E82-A2B0-48B2-AC01-93E5E25C0B0F,,,,,,,ODN0000433645,z,right_only
AAE531D9-7E4C-4EAA-A6CE-5E24435D4055,,,,,,,ODN0000437293,z,right_only
170B9E65-2DD0-4255-A53C-15E34C56FADB,,,,,,,ODN0000425368,z,right_only
292AE2ED-CE91-48D7-AACA-E7DDE17269D1,,,,,,,ODN0000430097,z,right_only
C2287D1A-99EE-465B-9DBD-CF4A11BB89C1,,,,,,,ODN0000425301,z,right_only
52A209F7-EF1C-4CB9-9ABF-0C8EEF83F17A,,,,,,,ODN0000447358,z,right_only
D9A5D06E-CFFD-4E52-A79B-100D2BB97B75,,,,,,,ODN0000446806,z,right_only
CAF5B6F3-B6E3-4661-85F3-D4D2E33149E7,,,,,,,ODN0000432961,z,right_only
3C0F6FB2-D0F3-40E3-911B-2075A0CE697E,,,,,,,ODN0000428399,z,right_only
F2440336-CD70-4D87-B643-2D0AC9BB1DA5,,,,,,,ODN0000435021,z,right_only
3B799EAC-C9FD-4D41-A509-A426FFC70132,,,,,,,ODN0000422341,z,right_only
24861106-E4E5-4903-B624-AF9ADE34C71E,,,,,,,ODN0000427997,z,right_only
B766E6A1-F272-4125-A4C9-76CB018528EF,,,,,,,ODN0000427012,z,right_only
C8B5A3EF-6456-4EBA-A2B8-A4BBFF5D9EE2,,,,,,,ODN0000424334,z,right_only
6160305A-895C-4E5F-8D73-1676F0EB424C,,,,,,,ODN0000434741,z,right_only
F572A1BA-DBCF-43A1-B88D-8379F6851AE5,,,,,,,ODN0000426595,z,right_only
4734E893-8960-4E46-9D30-8AEF4895F44E,,,,,,,ODN0000430267,z,right_only
AB63B0EE-076D-4C37-86E9-540EAE93844F,,,,,,,ODN0000436192,z,right_only
EF49A846-9A25-42A2-BB92-34D9A476B0EF,,,,,,,ODN0000436140,z,right_only
26FF0D4A-A16F-4C29-8DA9-C76D8FB0B90B,,,,,,,ODN0000439056,z,right_only
A6ECE72D-EB39-4178-8D0C-6707FDBC7451,,,,,,,ODN0000436757,z,right_only
D2C02393-A8D5-42C1-B279-7EC3B3A4BEDF,,,,,,,ODN0000438698,z,right_only
00087E4F-170F-4F6F-ACF7-079BAB281D01,,,,,,,ODN0000440973,z,right_only
4DB8733E-0C52-4033-AE63-CB8A1C63BC4C,,,,,,,ODN0000434723,z,right_only
A10B997A-0349-46E8-B61A-B4BC6AED5EB9,,,,,,,ODN0000440626,z,right_only
AB5815FA-0B50-4CEC-82DA-B2ECE369CC19,,,,,,,ODN0000429923,z,right_only
46D884A6-579E-45C1-8278-35F44E33E47D,,,,,,,ODN0000430571,z,right_only
0DB8B1DE-5E15-47A9-BB94-819433D635DD,,,,,,,ODN0000440733,z,right_only
9BF9D347-AA17-485C-BCF3-8615B5FBE169,,,,,,,ODN0000432674,z,right_only
060A16E2-AE53-41A6-BF07-7A3324BFDD6E,,,,,,,ODN0000447577,z,right_only
2D6E361F-0326-4BCB-BAE2-D829CE628B1E,,,,,,,ODN0000427113,z,right_only
1D05DEE8-DAA3-4813-89C2-234480D9BDD0,,,,,,,ODN0000426935,z,right_only
904F2F4F-45C4-47C3-B53B-79F9532CDC3A,,,,,,,ODN0000425544,z,right_only
977BA80F-BFA0-44BD-ADD0-178FC751E97A,,,,,,,ODN0000434790,z,right_only
CC6B2EE1-D6BE-4DC6-B3A5-88949F257070,,,,,,,ODN0000424489,z,right_only
C64A3C2E-FF47-44F0-BC84-7B1DCBBBEBFD,,,,,,,ODN0000433688,z,right_only
024BCE29-AC19-409B-B054-6EC66C6DF72E,,,,,,,ODN0000434980,z,right_only
BEFD25E5-DC6D-4060-81FB-2DCAC21B7EC3,,,,,,,ODN0000441209,z,right_only
018F8C11-1770-49A2-8D01-6A5E608D2FD3,,,,,,,ODN0000435075,z,right_only
2969FBFF-9C13-4ECC-8EE2-9517A230DC1D,,,,,,,ODN0000434701,z,right_only
B0E2FED5-9753-4C91-BE37-8A37242A9478,,,,,,,ODN0000421358,z,right_only
D481B0BC-1517-4DE2-8AD6-786103D36616,,,,,,,ODN0000434550,z,right_only
D85A1CFD-659F-4262-B6D0-C8B26A2389B4,,,,,,,ODN0000426942,z,right_only
FAC35714-FC5F-4A5F-8A08-62627AF4F8A1,,,,,,,ODN0000436687,z,right_only
8A5B25A3-C401-43F2-9FB0-26FBEDC7F88E,,,,,,,ODN0000422478,z,right_only
341F73C8-ED6E-4C54-80C2-2DDE4B9703C7,,,,,,,ODN0000427392,z,right_only
A5EAC74E-0FAE-46C4-A8C2-8AB22B372174,,,,,,,ODN0000432594,z,right_only
7BB45149-3C5F-46C0-B077-D3EE62F15258,,,,,,,ODN0000433936,z,right_only
96A53C61-6309-47BC-9C2C-6DB1070C5D14,,,,,,,ODN0000433338,z,right_only
36770B40-9DD6-4768-884E-0232E06CD4C2,,,,,,,ODN0000427521,z,right_only
388BCDA3-4E35-4855-B976-9A1AE6CBA30D,,,,,,,ODN0000435411,z,right_only
6FCF9668-B8CE-446F-8FDA-0896C2B26011,,,,,,,ODN0000432157,z,right_only
B1113234-7EC0-4C99-B106-0CDB3EA10BC6,,,,,,,ODN0000444726,z,right_only
9A8AFD8E-288C-4889-B6E8-5CC15E005BF3,,,,,,,ODN0000445470,z,right_only
7BFB0D2E-9B0A-4FC3-8AE4-60F022C5EE6C,,,,,,,ODN0000436515,z,right_only
F0A33895-BE41-44F1-A67A-973659EC0DA1,,,,,,,ODN0000433412,z,right_only
3BCE2D6D-806E-425C-9CC4-4DB4A1CD8125,,,,,,,ODN0000428493,z,right_only
7EA515AD-3D5A-490E-9D71-064D796CC8A9,,,,,,,ODN0000438640,z,right_only
8895B6BF-6595-4D03-A315-35D433053F1F,,,,,,,ODN0000423471,z,right_only
575E42B1-26F1-46ED-A00F-C2749AD7D1D8,,,,,,,ODN0000448024,z,right_only
3F1C9872-58A7-4F5A-85AC-BBDE855CCC05,,,,,,,ODN0000429630,z,right_only
69FCA6FA-33E1-4651-AAE3-BA1AFF8480EF,,,,,,,ODN0000432637,z,right_only
CEF35687-78B2-4FBD-BA48-16E040075B10,,,,,,,ODN0000426129,z,right_only
3251A4F8-E5D4-479D-8223-B15E9D33F495,,,,,,,ODN0000429363,z,right_only
BA9DBBB2-9000-437F-9FB1-BA7A2CB46AE6,,,,,,,ODN0000434090,z,right_only
FD2330C0-7C67-490C-9F55-B2505911A261,,,,,,,ODN0000425626,z,right_only
C0D6DC94-3637-432A-925C-D73D61114B80,,,,,,,ODN0000441200,z,right_only
94B9EB6A-4F2E-42A1-8DBE-2BBD86DB0145,,,,,,,ODN0000437802,z,right_only
2B97D4A1-C195-4B92-B306-8D1A11C0F5E3,,,,,,,ODN0000422710,z,right_only
671F271D-5864-443E-989D-B143D9F7B36D,,,,,,,ODN0000432696,z,right_only
26096454-7EB7-4C90-8505-BE1C0C9AEE13,,,,,,,ODN0000422733,z,right_only
48DCEC61-1BB0-4E7E-B758-C2A39B029F01,,,,,,,ODN0000435194,z,right_only
9CC5BBA0-22BF-4ECE-95C5-9A851B282340,,,,,,,ODN0000424562,z,right_only
FF877BA9-17EE-4898-A5B2-384C2ECCEAFD,,,,,,,ODN0000427364,z,right_only
06415EEF-10DE-46BD-B64B-7060381EC81D,,,,,,,ODN0000426383,z,right_only
63916CB1-DC3B-4195-831B-A8E1164F7639,,,,,,,ODN0000428845,z,right_only
234AC74A-DA32-440B-AB0E-86BE8FE70852,,,,,,,ODN0000425174,z,right_only
FEF6FCEF-96D7-4D6A-97C5-69FD005E5EB4,,,,,,,ODN0000426443,z,right_only
C332B470-BED1-495F-842E-924F55C9B7C3,,,,,,,ODN0000426444,z,right_only
EA07A3F5-2CDC-4878-9FB9-9A8CA947C990,,,,,,,ODN0000426445,z,right_only
8B00D898-B707-4434-9DF4-005450BC8754,,,,,,,ODN0000426446,z,right_only
FA4AD949-1F6F-4DF9-8B5C-2C7A4F2BBB6F,,,,,,,ODN0000426452,z,right_only
0A48ECEA-9E3E-4FA9-8FC5-054B540660B9,,,,,,,ODN0000429186,z,right_only
9FBD67DF-6F0B-4B41-A317-2ADC168B04A9,,,,,,,ODN0000432564,z,right_only
94D7AD9D-236C-47DD-8893-5A19E61FBD91,,,,,,,ODN0000421126,z,right_only
03310DEE-E162-47E4-8C20-BF836C8ED854,,,,,,,ODN0000433047,z,right_only
192C1CE2-9F33-4AEC-9CB8-F44F7C058851,,,,,,,ODN0000426169,z,right_only
1C904485-2AB6-47F7-B9D3-B51D8A9A80E9,,,,,,,ODN0000433017,z,right_only
896B6EF0-F131-4836-A14D-15D0672FDAEC,,,,,,,ODN0000437995,z,right_only
7E50A988-EFE3-4513-A066-F1604AD4EAFC,,,,,,,ODN0000448045,z,right_only
42626D96-CCD6-42DA-8FE3-F6343460FAC4,,,,,,,ODN0000434223,z,right_only
3E04DBE0-3271-4D26-B445-67EF83AED7E9,,,,,,,ODN0000428884,z,right_only
AD29B86B-F829-48B8-8947-6F6ACEBE13B9,,,,,,,ODN0000435851,z,right_only
925A5E99-F739-4E29-BBC9-8B96572852F6,,,,,,,ODN0000426867,z,right_only
E587E4B2-6795-496A-BAA5-088D6367C7FC,,,,,,,ODN0000432964,z,right_only
01A9B6FE-141A-4BD0-9C98-8D08A37CE912,,,,,,,ODN0000448643,z,right_only
958F1A77-876D-4A4B-AABE-2C3CE9106D5A,,,,,,,ODN0000440096,z,right_only
8D2FD564-B81B-4543-867C-6090154DEA3A,,,,,,,ODN0000425576,z,right_only
079C0940-E921-434A-9857-C706FA259FB0,,,,,,,ODN0000433065,z,right_only
6F4D2352-A34D-4CC8-8227-5DC217666134,,,,,,,ODN0000423540,z,right_only
09D4DA99-A91C-421F-85B7-6B8B9307EB38,,,,,,,ODN0000442178,z,right_only
B9CB73C8-98D3-4B76-8381-8DE178AA2654,,,,,,,ODN0000443488,z,right_only
8F02E992-2ADF-4A1E-96AA-295A10A831F0,,,,,,,ODN0000425250,z,right_only
3F001C39-66A1-4F67-B103-72AE974015EC,,,,,,,ODN0000427037,z,right_only
F9D20F7B-E7A0-44DD-B4B1-A80B8483A7FB,,,,,,,ODN0000426977,z,right_only
30A61719-332B-40F5-A139-40ED8DF80FD0,,,,,,,ODN0000436551,z,right_only
D755489E-C76C-4DEE-99B8-FD99E53FDDB4,,,,,,,ODN0000448535,z,right_only
54A9D808-1EC9-43F0-B52A-4B16ACF9C8DC,,,,,,,ODN0000426387,z,right_only
6E77B93A-ACE7-4DE9-A2F4-0BDF1C497B61,,,,,,,ODN0000438509,z,right_only
652740F7-D12C-40D7-9A17-6A7E27A0BD3E,,,,,,,ODN0000430444,z,right_only
049AC638-ED40-446A-A8D4-A94F233089C0,,,,,,,ODN0000425195,z,right_only
A93CA7BE-9CEA-4F6F-8D82-97C4FAA76A57,,,,,,,ODN0000435092,z,right_only
4FB9E56F-39F7-4919-9FD0-9A7C58C52143,,,,,,,ODN0000428133,z,right_only
98F09E81-0D32-4BFE-A6B9-B4F5515C2E8E,,,,,,,ODN0000425401,z,right_only
EA1A616F-1753-4B9E-B936-BC1D852D38E4,,,,,,,ODN0000422404,z,right_only
D9849A08-C59D-4B06-89FA-2FBD10E128CE,,,,,,,ODN0000440109,z,right_only
45D0224E-D2F6-4C96-999B-C5B4029E7DED,,,,,,,ODN0000434714,z,right_only
1E96674B-E5DE-4927-8887-4B8A1E62488D,,,,,,,ODN0000449220,z,right_only
4B691DBE-F46A-48ED-8633-26F1B0ECDC35,,,,,,,ODN0000424937,z,right_only
01334456-26DB-4033-9341-595F8D0054C6,,,,,,,ODN0000432492,z,right_only
4F74FDB7-A4D4-4BCA-AAAA-6A02ABAB445A,,,,,,,ODN0000430642,z,right_only
73EB504D-12AF-4AE0-A0C6-64AF77DFF030,,,,,,,ODN0000428171,z,right_only
F1D441DD-B580-4F69-8407-9BC78452C9C3,,,,,,,ODN0000423591,z,right_only
43005681-D9A6-4BD7-A80D-451DEA76C59F,,,,,,,ODN0000444912,z,right_only
9B889459-7942-4DA6-A59A-675A7C155758,,,,,,,ODN0000444787,z,right_only
AF250886-899B-497F-8954-03D1E2090966,,,,,,,ODN0000448731,z,right_only
B07F53A3-DBA0-4ED3-AB20-B61E0C98176D,,,,,,,ODN0000438088,z,right_only
8B56CE22-B4E4-4F01-9955-7B34E8D45845,,,,,,,ODN0000427943,z,right_only
D9C90732-5C4F-4CF2-8C55-8D955C655F1F,,,,,,,ODN0000433584,z,right_only
7C8ADE44-5FA8-4B21-A3BE-ED8C2BD020C3,,,,,,,ODN0000435469,z,right_only
FE9D1EF6-84D9-4770-AA52-0BC56BDC0128,,,,,,,ODN0000430418,z,right_only
35EF30F7-8DF2-4AE8-8ABC-B6A511EB24B0,,,,,,,ODN0000441885,z,right_only
4809A11C-1A6D-4FF9-9BB8-F5319CA54BF1,,,,,,,ODN0000432629,z,right_only
A710CDDD-4064-436A-9613-A241FD1B3159,,,,,,,ODN0000425659,z,right_only
BCA463E2-7C08-4436-9F85-014FD2A5A08F,,,,,,,ODN0000448621,z,right_only
59E30BF3-B681-4B39-A0E2-F6FB5CB94E85,,,,,,,ODN0000446480,z,right_only
701580CC-5C9B-4B99-9042-0B1E29C19E3D,,,,,,,ODN0000424287,z,right_only
B0FAE469-1699-4903-B272-A516BC63CBD3,,,,,,,ODN0000441286,z,right_only
0C24FD9B-ADC8-4712-B7F0-5DC607A8D699,,,,,,,ODN0000423923,z,right_only
9D8AC2EA-61F8-48B4-9AA9-E7C14AF44A19,,,,,,,ODN0000433790,z,right_only
BD797D6C-D9A9-47F4-8610-05345841F422,,,,,,,ODN0000436195,z,right_only
DB65EAB7-D9AD-46AE-A3E8-552EFBB8649D,,,,,,,ODN0000432813,z,right_only
67C80EB1-ADF8-4E13-A054-1CE33EBFD5DD,,,,,,,ODN0000448722,z,right_only
9F65DDF2-138E-4239-957B-E9F646320BDD,,,,,,,ODN0000436712,z,right_only
BE09C7DA-5E45-48D9-B0C4-1D5EE93E4E98,,,,,,,ODN0000426302,z,right_only
DBE793B2-66E6-450E-86AC-4B2BDD1614DA,,,,,,,ODN0000432512,z,right_only
646B12C3-1742-4585-A056-06326B5A9B02,,,,,,,ODN0000430817,z,right_only
448C231C-8E94-456E-B6E5-34846917B053,,,,,,,ODN0000441642,z,right_only
354F9350-24EF-4CC4-830F-A34C8C9F7EE4,,,,,,,ODN0000429762,z,right_only
849C203F-2B2E-43CE-9ECA-17EC64BDE446,,,,,,,ODN0000427008,z,right_only
BB2E907D-5208-4782-AFAF-1B565B159C25,,,,,,,ODN0000440151,z,right_only
14E93561-1EAC-4DE3-A7BA-7E240B266D7B,,,,,,,ODN0000440474,z,right_only
AA4C05C0-2D36-42C0-B2B4-C2C91B137C56,,,,,,,ODN0000440549,z,right_only
7F268B13-CC91-487D-B727-5775E6DECC81,,,,,,,ODN0000440976,z,right_only
91125222-8D54-4053-AAD8-38F863964A8A,,,,,,,ODN0000441256,z,right_only
CB6A2077-6BE1-43E0-A41A-5FCF01E693B1,,,,,,,ODN0000441801,z,right_only
BDF3FF1E-A45B-4FC8-9384-C8D74FE124F2,,,,,,,ODN0000442287,z,right_only
8B17FB8B-A818-4EBC-9D59-9A1E45AA4B8E,,,,,,,ODN0000442556,z,right_only
682BE26E-A84E-455C-9589-9DA1C60B72CD,,,,,,,ODN0000442769,z,right_only
7942BCB9-47FE-424C-A7CE-39CB938DE5B1,,,,,,,ODN0000424042,z,right_only
715D776C-229B-44C4-858C-7F3EFB38691E,,,,,,,ODN0000445979,z,right_only
A28B0536-88E4-4571-B5DA-794B6F7DDAFE,,,,,,,ODN0000432345,z,right_only
40AAEB36-06D5-4F30-9590-030015B2F619,,,,,,,ODN0000428763,z,right_only
8EBDE093-AECA-496F-AD6D-53E679EC6527,,,,,,,ODN0000444589,z,right_only
E1F4C16D-02A6-4D45-96FE-3482FB68BCB4,,,,,,,ODN0000438281,z,right_only
D3673048-7289-4D06-B1C4-AF19F79927AF,,,,,,,ODN0000433595,z,right_only
17F18D72-59BF-4D80-AA98-92088A1CD8D7,,,,,,,ODN0000446604,z,right_only
365F8A17-44C8-4B31-82B1-80704C208285,,,,,,,ODN0000432641,z,right_only
6F6494B2-4DD7-4E4B-8081-D7FF847F5243,,,,,,,ODN0000433863,z,right_only
0CBC3CDF-1717-4FB9-B355-33322F3205D8,,,,,,,ODN0000434675,z,right_only
59295590-2F0B-44F0-9E2B-293BA93B5427,,,,,,,ODN0000432989,z,right_only
78BC111B-8FFF-4FD9-99D7-CC3AD23556F9,,,,,,,ODN0000448213,z,right_only
DD8FC57B-3FD3-41C7-AEA2-F58A923D9327,,,,,,,ODN0000426860,z,right_only
7716631A-FC18-403E-BB5B-5BED4B8AF380,,,,,,,ODN0000441544,z,right_only
F99B8FCA-A911-4596-8272-0FE8242FA5C6,,,,,,,ODN0000430969,z,right_only
3A4922F5-2B47-4C95-A39C-F8545E834B0A,,,,,,,ODN0000432537,z,right_only
F89A883B-DF1C-41EC-9729-2FD803E3B5C6,,,,,,,ODN0000430767,z,right_only
F9D534FF-E546-4585-B7C8-FCFA6959FD94,,,,,,,ODN0000432653,z,right_only
91B7E2E4-4879-48E3-AB13-7AA1A8FA3BE0,,,,,,,ODN0000433361,z,right_only
0B5AC2FC-8FB8-4862-A136-03A0FA2AE4A4,,,,,,,ODN0000432954,z,right_only
9B26846D-CA9D-4448-929D-6E1C134B492C,,,,,,,ODN0000433844,z,right_only
52AD9ACC-9FDD-4A98-A31F-7C4ABD1A84DC,,,,,,,ODN0000426422,z,right_only
839C8B60-23AC-4404-8876-F8C895D36DC8,,,,,,,ODN0000434762,z,right_only
52EF5B63-363D-4094-811C-D2835F20A219,,,,,,,ODN0000439305,z,right_only
75700C3A-2226-49ED-A354-D80C06E78741,,,,,,,ODN0000425915,z,right_only
AF0FDAA1-E81F-43D2-B143-D55106DB579C,,,,,,,ODN0000422057,z,right_only
60FDA6AF-758D-4651-8E89-8D33E73BC11A,,,,,,,ODN0000425861,z,right_only
AAFEAC56-B8EA-4C84-9EC1-8CB77F4C0A2C,,,,,,,ODN0000425120,z,right_only
DCCCBC69-E3E7-4764-A610-BBC6420B0F64,,,,,,,ODN0000424054,z,right_only
E81C4D08-289B-43C7-9D45-2C60250DBBB2,,,,,,,ODN0000433712,z,right_only
ED075619-156F-4ED8-A338-97355CB27E66,,,,,,,ODN0000434275,z,right_only
85140494-6308-4905-8FC4-CA4EA5C35780,,,,,,,ODN0000440044,z,right_only
6FA09712-F00D-4CA5-B470-59E117112FE2,,,,,,,ODN0000430491,z,right_only
707BF770-F560-4268-9537-B68C851D6015,,,,,,,ODN0000429817,z,right_only
1ACF627E-1067-490C-8F53-867F3A9A2C6B,,,,,,,ODN0000434103,z,right_only
EE917C3B-67B1-4C46-BB9B-3C127976CA42,,,,,,,ODN0000425251,z,right_only
F203432D-628B-429F-B28F-D6C5B1B6DA1B,,,,,,,ODN0000438152,z,right_only
933EC3B6-E629-4451-A212-44246D3CC611,,,,,,,ODN0000427593,z,right_only
22972351-B0D5-40B1-B42C-EE2AA990BF95,,,,,,,ODN0000434046,z,right_only
2B20A49B-9D8C-49CE-8780-8B5588D043C5,,,,,,,ODN0000426894,z,right_only
9BBD09E7-34ED-48AF-82FA-AB5DA158CFD1,,,,,,,ODN0000431037,z,right_only
4D655F7B-325D-44D2-9A6C-FD9DC508EEC0,,,,,,,ODN0000425763,z,right_only
CA777A27-01CA-4B1A-8753-C22353382726,,,,,,,ODN0000434471,z,right_only
7D8AA141-07C5-441D-9832-6D44534F3128,,,,,,,ODN0000435530,z,right_only
58F3FF30-9FE1-4E0A-9E9B-C19421649515,,,,,,,ODN0000432574,z,right_only
C370E872-B098-46C1-BFE8-0596F87D09B7,,,,,,,ODN0000432504,z,right_only
0AE39D04-4A8A-4486-A850-B9900EC2DE48,,,,,,,ODN0000436690,z,right_only
24E9527A-F6E1-4F65-AA3B-F4052C744F8A,,,,,,,ODN0000425286,z,right_only
7E71FD81-0580-40AB-AA16-D975D3BAD61E,,,,,,,ODN0000438328,z,right_only
F2451656-66BC-4428-8439-B8C2E1001505,,,,,,,ODN0000441021,z,right_only
ACB40D07-B294-420E-B562-B2DCDD0DA4A6,,,,,,,ODN0000435357,z,right_only
38FD5223-82C0-4687-98E1-AF5923906F21,,,,,,,ODN0000444554,z,right_only
599881DB-73F9-4C7D-9461-346EB0CA0DB7,,,,,,,ODN0000435033,z,right_only
D2B2056A-172B-45A8-9B19-90ED4B8684A4,,,,,,,ODN0000435929,z,right_only
A5A1244B-779D-42CA-A472-D71A7EA81F68,,,,,,,ODN0000428617,z,right_only
BDED10B7-B993-4EF0-9F45-CF81078B54DD,,,,,,,ODN0000438966,z,right_only
30F1B930-C45D-4752-8451-DED702A2FE68,,,,,,,ODN0000435104,z,right_only
0C379BFF-139F-4DBC-A64F-2716692CFB12,,,,,,,ODN0000435245,z,right_only
0933AD29-711C-47AF-B9A2-71A3D5734C34,,,,,,,ODN0000434998,z,right_only
5A7C5A99-C55E-4C22-A42B-BCB71FF09F2F,,,,,,,ODN0000433147,z,right_only
7C9A5D6D-018B-4FC9-98E4-8901F63CDEB5,,,,,,,ODN0000433594,z,right_only
BF440DF3-C699-4CA0-A09C-A2BA05BB470C,,,,,,,ODN0000435365,z,right_only
BABA63AD-8EEE-494B-BCF4-9C04208546B9,,,,,,,ODN0000435131,z,right_only
463EC2DF-2C50-4331-9C12-782AAFD0CEE2,,,,,,,ODN0000431325,z,right_only
3BC88C7C-ED88-4EFB-823F-7D071A0D1690,,,,,,,ODN0000434975,z,right_only
46704DF1-C165-4065-8494-29571E07DCCB,,,,,,,ODN0000448479,z,right_only
946E055D-4386-4E5B-A0F9-C9E59C77E988,,,,,,,ODN0000434659,z,right_only
91D526F5-792C-40CF-8A05-CEA2AAB87A6C,,,,,,,ODN0000434660,z,right_only
6AF8C6A5-D545-4C23-8F55-A56BF2DA14EF,,,,,,,ODN0000434661,z,right_only
ED98AD99-145B-47F4-A191-C16130F157E8,,,,,,,ODN0000434662,z,right_only
2AFF01E5-3383-4C5F-B502-B40FE1EB688F,,,,,,,ODN0000431082,z,right_only
2FF59DE4-2B58-4604-AF78-E874F03A1A81,,,,,,,ODN0000448791,z,right_only
6468948A-1346-4A58-B8A1-FA90D05D0F50,,,,,,,ODN0000434013,z,right_only
C98B91DB-D814-4F37-9CA3-E119E843102B,,,,,,,ODN0000441111,z,right_only
E3F5170B-F28F-4694-A482-D9C58C0666E0,,,,,,,ODN0000434314,z,right_only
E59AB8C7-0A9E-4781-9F1F-D3221A2D565A,,,,,,,ODN0000425879,z,right_only
D715CE14-A74B-47CC-97D0-CA76EFF2CB42,,,,,,,ODN0000432656,z,right_only
0C8D5472-D4B9-4862-930C-7E29104B4464,,,,,,,ODN0000434055,z,right_only
42867F0E-EEEE-42FF-8D90-1EE39DB01421,,,,,,,ODN0000429788,z,right_only
8A38D225-B75A-4F0D-94F7-D15708337D03,,,,,,,ODN0000434115,z,right_only
FF50E7CA-D1E0-4CA1-A49D-FAB672EF39E0,,,,,,,ODN0000435683,z,right_only
993AD1FA-2B97-45DF-8684-657F185A05B2,,,,,,,ODN0000435671,z,right_only
E2819146-5EAC-4936-BE6A-D1B229198DEA,,,,,,,ODN0000435672,z,right_only
23FA28BA-D78D-4763-B159-14B7B8E39622,,,,,,,ODN0000435673,z,right_only
DEAEA10A-52AE-403E-90BD-0136C4C286DD,,,,,,,ODN0000435674,z,right_only
DDC9005A-D1FE-45A4-9F55-65B5B4FA693C,,,,,,,ODN0000435675,z,right_only
DD558285-8C1C-4BBA-8A75-B660B9A60615,,,,,,,ODN0000435677,z,right_only
B89432FA-4DF9-4822-965D-81E2B31BE269,,,,,,,ODN0000435678,z,right_only
8107AB5D-BC37-4759-91CC-9BC77DE1C43A,,,,,,,ODN0000435679,z,right_only
6D73D846-C50D-4EF2-8B53-BDC53BF654C7,,,,,,,ODN0000435680,z,right_only
247DD554-B375-4D11-91EB-2F1006DD7333,,,,,,,ODN0000435681,z,right_only
DF5C0938-D211-4F6E-B6F1-D562091AD762,,,,,,,ODN0000432601,z,right_only
F17B5401-373E-4510-B23E-730A939E16DA,,,,,,,ODN0000422946,z,right_only
E837256B-2CE2-4945-8029-08C0B6E1C830,,,,,,,ODN0000432812,z,right_only
C3D601BE-9A6F-46FC-AD44-86E89BBEAAB9,,,,,,,ODN0000430648,z,right_only
35F5A814-8C9E-4EB4-BB03-83A0FF342580,,,,,,,ODN0000422291,z,right_only
91FC4129-57F1-4514-9448-4281C12C8C5C,,,,,,,ODN0000432524,z,right_only
8E0345B0-A991-4941-96EF-2D19AFCCCA9D,,,,,,,ODN0000438472,z,right_only
81CF3FA2-35EC-4CFB-B600-773D364724B6,,,,,,,ODN0000438473,z,right_only
A8EFE7B4-B6B8-49D2-8BB4-1CBAA0606471,,,,,,,ODN0000438474,z,right_only
86F26FED-8358-42EB-B4DF-89C36C29B265,,,,,,,ODN0000438475,z,right_only
00C7ACF5-BE92-420A-8BB7-B091A16BA95B,,,,,,,ODN0000438476,z,right_only
54F31E5B-52D3-4DEA-A9A6-B63DB68297F9,,,,,,,ODN0000438477,z,right_only
AB9644EC-FEF8-4273-AE82-131D76A9A161,,,,,,,ODN0000438478,z,right_only
594FCE24-8FA1-4DB4-9F9C-448A16A15521,,,,,,,ODN0000438479,z,right_only
50147004-59BC-4F2E-9D11-90F93BBE9395,,,,,,,ODN0000438480,z,right_only
821DFFDD-1C59-4F5C-B166-95370AB5B556,,,,,,,ODN0000432860,z,right_only
FC76A7D4-6690-4825-9B09-17EACB26851F,,,,,,,ODN0000425989,z,right_only
13484591-D7C0-45BE-956E-D5A8CC205788,,,,,,,ODN0000437085,z,right_only
23F21E96-9B09-4BDE-9745-2175B9F2BB3F,,,,,,,ODN0000427965,z,right_only
BF45EAE7-3CBA-4844-94A2-153EC4259C53,,,,,,,ODN0000424751,z,right_only
FE007FBE-D917-4030-8120-A8C3F0AB69A6,,,,,,,ODN0000442624,z,right_only
02822440-3C9B-4151-8C1E-D4951E2B6D45,,,,,,,ODN0000442142,z,right_only
0B09400E-31EA-4187-A5A6-86E612813B77,,,,,,,ODN0000445031,z,right_only
4955D019-7450-4748-94B9-1C3F947D3BCC,,,,,,,ODN0000445844,z,right_only
0DEAF8E1-019A-4C35-842F-FA4F964B159B,,,,,,,ODN0000448826,z,right_only
9830B9B8-DCA7-4729-AD2D-CD0E8168609E,,,,,,,ODN0000436722,z,right_only
0CA1A859-F3D8-4BA9-8BF6-0AC4E9CB3665,,,,,,,ODN0000446593,z,right_only
CE2C4E98-46F8-4521-82E6-1220C79BE58D,,,,,,,ODN0000428370,z,right_only
2573B25B-3F02-4040-86FB-D4D527CF4240,,,,,,,ODN0000427536,z,right_only
A8785389-4F7D-4EB1-9B07-BD3D66EB1606,,,,,,,ODN0000429464,z,right_only
3380EFBC-3D0C-4452-88F8-3C304ECC01E2,,,,,,,ODN0000427095,z,right_only
ACE15818-85BA-4ABE-A0B3-98435E05CE95,,,,,,,ODN0000429146,z,right_only
45211CC4-503D-4683-BD99-111E4026270A,,,,,,,ODN0000432647,z,right_only
5AA81917-7C25-4F7E-9969-5CFD06BEDFDE,,,,,,,ODN0000433010,z,right_only
9E32E4FD-3AD7-410E-BA13-B7C353B53A7D,,,,,,,ODN0000438369,z,right_only
8C4D29D7-299B-4AD8-BEF8-0172A9F380E4,,,,,,,ODN0000422856,z,right_only
EB1C4C33-BED8-4176-B827-58340D32A0D8,,,,,,,ODN0000434295,z,right_only
CF91BEA2-A1EC-4D75-AE7E-E5E8BD55225D,,,,,,,ODN0000433743,z,right_only
C6C08655-E55E-4D6C-B1EF-29347D1893F8,,,,,,,ODN0000423174,z,right_only
8CEABE3A-F9FD-4CB7-A331-8139B4DE88D9,,,,,,,ODN0000447479,z,right_only
1F6D66E3-5EAD-47EF-8C45-AC52BD5F5CD0,,,,,,,ODN0000429079,z,right_only
0003D2C9-CEBA-4423-95C5-54DB889C85C0,,,,,,,ODN0000427411,z,right_only
306C1931-DF85-4258-A37E-485078748CBC,,,,,,,ODN0000444270,z,right_only
E7B2A91E-4903-43F0-A460-51EA5AACF5ED,,,,,,,ODN0000436378,z,right_only
8EDDF33C-780D-44F3-A512-99CC03724F4D,,,,,,,ODN0000432856,z,right_only
624FD79B-7017-4839-A4B8-9F41398663E6,,,,,,,ODN0000433198,z,right_only
7B47B090-A501-45B3-8FB9-4F8B31669F23,,,,,,,ODN0000429819,z,right_only
31585515-39A9-4E96-A9BA-E0B92608F68A,,,,,,,ODN0000430303,z,right_only
67ED45DC-1413-430C-9F46-8D3B10D61E61,,,,,,,ODN0000438148,z,right_only
882337BB-C878-4C4E-8628-89BF4EA3BEB0,,,,,,,ODN0000433430,z,right_only
A21278B6-2BF2-473F-9748-7ECFF248B792,,,,,,,ODN0000434735,z,right_only
304C9205-11A0-4AFD-BF61-C0642DD28827,,,,,,,ODN0000438491,z,right_only
E8B9578C-C56F-45A3-AB03-A964C0340304,,,,,,,ODN0000442268,z,right_only
8A452CD7-1B49-4505-941C-A812D5348A4E,,,,,,,ODN0000432749,z,right_only
5A99C027-B313-4D9C-856D-6E5D324A2A16,,,,,,,ODN0000445687,z,right_only
BA541547-AF37-4059-902B-FD5A31ECBF51,,,,,,,ODN0000432899,z,right_only
A2B9AEAF-29B2-450B-BD64-054DF9193D5F,,,,,,,ODN0000435480,z,right_only
BA2C83D3-CD44-495D-B4F2-3288C237B2BC,,,,,,,ODN0000427299,z,right_only
A53C15D7-43C0-43BA-8A8F-06E9DA36A0AD,,,,,,,ODN0000422476,z,right_only
8536933E-7101-44B4-8F1B-8AB43D98B261,,,,,,,ODN0000433886,z,right_only
C5FD3418-5595-41E9-A281-5CBD76C6BBF4,,,,,,,ODN0000435369,z,right_only
665E0432-C408-4043-904A-F39140C9E10B,,,,,,,ODN0000433438,z,right_only
1ACC0357-E2D8-4E7F-948A-67206D2F2070,,,,,,,ODN0000429956,z,right_only
7CF1FDC3-48EE-4119-BD07-690B4B967D9C,,,,,,,ODN0000427256,z,right_only
67237743-92BC-46E3-9CA0-996A284BE805,,,,,,,ODN0000432773,z,right_only
D7727202-199B-419A-88CF-6A1357BEFEF4,,,,,,,ODN0000446475,z,right_only
FD70EE7D-7D81-4828-94EB-33F462CEBA5D,,,,,,,ODN0000430526,z,right_only
3D155D30-9D04-4CBD-ABF4-DDA696848E7C,,,,,,,ODN0000430023,z,right_only
4A6AF697-9336-44C7-8365-6BBF6DE5E8FA,,,,,,,ODN0000427175,z,right_only
3164F0F8-4A09-4E5A-B9BF-CC13B25B8866,,,,,,,ODN0000447252,z,right_only
ED96A385-C3A2-43F9-AB9E-33F1484C9A37,,,,,,,ODN0000424125,z,right_only
15ADFE78-8F63-46CD-B3DF-2FC257CFCC01,,,,,,,ODN0000429716,z,right_only
4793773E-7B96-4B00-80EC-6D94E66AAFAC,,,,,,,ODN0000433030,z,right_only
E1B1D5AB-9068-4E92-9F24-1EBA8EC4A794,,,,,,,ODN0000433678,z,right_only
C1B8FF29-32A4-440C-9956-34C68E9A4C66,,,,,,,ODN0000441335,z,right_only
3447D0E5-3F68-4EFA-84DE-2235232B8D81,,,,,,,ODN0000444835,z,right_only
1D38269F-7AB5-4C81-AE73-AECB68BAA9D3,,,,,,,ODN0000433027,z,right_only
77284061-A752-49B6-81A7-9D38B074987B,,,,,,,ODN0000422056,z,right_only
DA804F27-FE9F-46CC-AFF1-CAF471A3A732,,,,,,,ODN0000434194,z,right_only
77F7810B-EEE1-491A-9610-A821C6D54696,,,,,,,ODN0000430208,z,right_only
970DC0F5-CA13-4A06-BC5C-60EB6A7DCF0F,,,,,,,ODN0000433554,z,right_only
EB971C96-0E54-47D4-A948-560550578351,,,,,,,ODN0000432855,z,right_only
5DBFD483-93AC-48D7-83C7-F0C2D60163E4,,,,,,,ODN0000434458,z,right_only
60FC8EC6-0FBB-423F-912A-757C0D627217,,,,,,,ODN0000436969,z,right_only
C58C3B67-EDB2-4A1C-8321-66C865BE686A,,,,,,,ODN0000440932,z,right_only
80F813D2-24B3-431D-AC89-E151A8C7944C,,,,,,,ODN0000430472,z,right_only
40A6E807-3CB4-4F2B-929E-0717BAE54633,,,,,,,ODN0000427818,z,right_only
943ED6D1-DD08-46F7-B55F-AD3C581FEE23,,,,,,,ODN0000434363,z,right_only
47500C95-05D5-4595-B7E3-C2DD365CBEB7,,,,,,,ODN0000434364,z,right_only
CE331047-96F8-4F5B-BE14-10D86E6F9A93,,,,,,,ODN0000434892,z,right_only
92EF3963-D0DE-40D4-8B32-A979B6DF6BA1,,,,,,,ODN0000428051,z,right_only
EBE15736-74E5-4F9C-BC03-743679782B16,,,,,,,ODN0000433835,z,right_only
D2904351-125A-44F7-AC82-0600E0153BA7,,,,,,,ODN0000434078,z,right_only
0FE6BB50-E54C-4A9B-9320-E10BA49D3DAD,,,,,,,ODN0000439042,z,right_only
4D6A4E86-C14A-4FFD-A563-5A83EB0C869F,,,,,,,ODN0000427539,z,right_only
58B88FB6-0C97-41E4-925E-4F545372831F,,,,,,,ODN0000424657,z,right_only
20558CDC-E82A-420E-9E00-FDBE45AC2E72,,,,,,,ODN0000432769,z,right_only
B1114E1F-7805-425A-B70F-A97D4DC03AFC,,,,,,,ODN0000432823,z,right_only
454E3E47-FF0F-4203-B24E-69F8938AD692,,,,,,,ODN0000434051,z,right_only
9E92B203-F617-42AD-9D0E-EB2496442913,,,,,,,ODN0000441495,z,right_only
5EBEE33C-48A6-4E9F-A754-831F5D0AC6DA,,,,,,,ODN0000434524,z,right_only
1E7D7964-4247-406D-8FA0-5A3B80EEC0AC,,,,,,,ODN0000434485,z,right_only
4867C95F-0874-4E5B-BE40-CF4654B46571,,,,,,,ODN0000424750,z,right_only
532A5A0E-B13A-414B-A726-FF3AB79E9E67,,,,,,,ODN0000429162,z,right_only
4EEB845D-9130-4CB0-8690-9AE5AA322B39,,,,,,,ODN0000425409,z,right_only
C7F773C5-B8D1-44F2-A1F6-65204AF6F07D,,,,,,,ODN0000433764,z,right_only
4ACBBA26-770A-46BE-813D-46C190F2B713,,,,,,,ODN0000445789,z,right_only
6B35A8C9-6CCC-4BED-A57C-82CF1EE4699F,,,,,,,ODN0000429089,z,right_only
57D7DC3A-836B-437C-B21E-C67ECEAD70F4,,,,,,,ODN0000422586,z,right_only
AD9A7845-EB57-4747-8CD4-006FF30C7ED5,,,,,,,ODN0000432700,z,right_only
54F75A53-9AF9-4992-AAEB-AC9FBEA689AA,,,,,,,ODN0000430286,z,right_only
348D671D-8A8B-4E04-81D3-732638DF8E4B,,,,,,,ODN0000422752,z,right_only
69E35EB4-5C62-477E-A375-1C6DD60389A4,,,,,,,ODN0000437919,z,right_only
03D13E9E-DAC0-4F3B-9617-5422CF39B603,,,,,,,ODN0000425758,z,right_only
7447ED25-AFEE-4782-A9F3-5FE214EC77D6,,,,,,,ODN0000448941,z,right_only
891BD1B6-E6A3-42DB-A6D0-3D9FE7C4A46F,,,,,,,ODN0000444347,z,right_only
3B4DB07E-68FD-4D44-8E96-7E31577E7F10,,,,,,,ODN0000429051,z,right_only
51BAA4BF-80A2-4B55-829E-54F72F35FAB7,,,,,,,ODN0000425497,z,right_only
F33B1111-B008-42D9-B431-3B6902594BAF,,,,,,,ODN0000433746,z,right_only
927EF891-7C68-4DAB-8462-94DB90189FDA,,,,,,,ODN0000434305,z,right_only
88402597-597B-42DE-BCAD-EBA1E3C82054,,,,,,,ODN0000433493,z,right_only
A69E96CD-DB8D-4D18-97A3-D3F813C4367B,,,,,,,ODN0000428834,z,right_only
B47B8C07-7868-47A2-AE89-96498580D366,,,,,,,ODN0000432581,z,right_only
0DB017F9-F41F-45B1-8969-DD9AFAB38219,,,,,,,ODN0000422163,z,right_only
57C38D34-D776-4B4C-8C57-00D22EE85889,,,,,,,ODN0000432612,z,right_only
4E534A9C-FFDF-4C8C-B2C7-E23538716177,,,,,,,ODN0000432215,z,right_only
D11F2EAD-9D13-41DA-A886-96B87F1C4D87,,,,,,,ODN0000432562,z,right_only
250AC6C5-4772-44D5-B3C8-64AFF593C9FF,,,,,,,ODN0000441517,z,right_only
049163E4-59D3-46EA-835D-BDB8DD42AE43,,,,,,,ODN0000434269,z,right_only
105AE8B3-502A-4B6E-8F18-C525E3CD0A84,,,,,,,ODN0000423459,z,right_only
CC4B92AA-E489-43C0-A648-21D9B0A5A83B,,,,,,,ODN0000433861,z,right_only
486FF874-AB32-4449-AA7D-CE3839B6A8BC,,,,,,,ODN0000425619,z,right_only
F971C89A-9CD4-41D3-84B3-4751B05711BE,,,,,,,ODN0000438680,z,right_only
025E010F-7263-4659-B80C-695129C757EB,,,,,,,ODN0000429455,z,right_only
9C49AB53-DFF1-44A5-9A21-CF5C6AAE532B,,,,,,,ODN0000428718,z,right_only
EFAAD0A4-FD66-463A-9AD8-1CAE05D18A28,,,,,,,ODN0000428523,z,right_only
ABC1142F-94A8-4E6B-A22A-23775E3F9699,,,,,,,ODN0000436720,z,right_only
CBF99FB6-2BFD-40A0-9C68-78C234E115ED,,,,,,,ODN0000426472,z,right_only
0A0D5226-F37D-4E83-8958-EF9ACB0B768F,,,,,,,ODN0000433357,z,right_only
A3485FF5-0370-46AF-99F9-01CC72E9BB9D,,,,,,,ODN0000434011,z,right_only
690DD643-377E-42D3-8537-B437B6666B4E,,,,,,,ODN0000425683,z,right_only
F863589C-FB8C-4EDF-9714-AF8030309EAF,,,,,,,ODN0000434889,z,right_only
2108AD76-5F00-48F8-87F8-518E2ECDE453,,,,,,,ODN0000439112,z,right_only
780BB918-BEDB-421E-AC5E-5CC75F63DCFE,,,,,,,ODN0000438317,z,right_only
2139E33B-EA28-435A-B660-EB37A5ADBC44,,,,,,,ODN0000437456,z,right_only
A8B9DB08-4C11-480B-A6B8-B197E536615D,,,,,,,ODN0000437932,z,right_only
44B19D8A-48EA-4176-8E11-C6EC447502D9,,,,,,,ODN0000434408,z,right_only
145C1A89-41C3-41A5-8C03-AFB71830FA07,,,,,,,ODN0000425170,z,right_only
204BBBC6-88FA-427D-8FB7-ACC421DB5E32,,,,,,,ODN0000425191,z,right_only
0E7CA8DA-AD1C-480F-BD5A-59AD4979D00E,,,,,,,ODN0000422736,z,right_only
D450E1D9-677C-4850-8354-EDB68852350E,,,,,,,ODN0000448971,z,right_only
5CD75EC8-8570-47A5-9DC1-0D098525DD62,,,,,,,ODN0000444899,z,right_only
96783C4B-F25F-435F-897A-FA31CCC5744E,,,,,,,ODN0000430323,z,right_only
F83327B5-24C3-4EAD-892B-F0D3CD06C3A2,,,,,,,ODN0000426418,z,right_only
D2DFB864-89E9-42DE-A26B-D1A9E4ABD525,,,,,,,ODN0000430163,z,right_only
413343F2-D28F-4445-9B10-BE4BA9B43764,,,,,,,ODN0000424947,z,right_only
1CA4A394-F77B-4EAD-BC57-E99695039D11,,,,,,,ODN0000433109,z,right_only
11A531D2-3966-45E8-AAE9-EF747C24999C,,,,,,,ODN0000447680,z,right_only
2BFE3DA2-FD9B-4E46-AEB5-2B0E3E293691,,,,,,,ODN0000425904,z,right_only
DCC34657-8D43-41E4-9848-098645E95198,,,,,,,ODN0000432838,z,right_only
9D347FC4-D1DE-45B5-81A8-E16BE835CC1E,,,,,,,ODN0000433792,z,right_only
6E3E70A9-6FE1-47CE-9860-6D36A704B140,,,,,,,ODN0000434958,z,right_only
4EBE0E43-DF9A-40F0-8353-9B0745B7145D,,,,,,,ODN0000430790,z,right_only
04B760DA-7B57-4FFA-8223-6A4D48987371,,,,,,,ODN0000427655,z,right_only
A6A775AF-6FCA-4FAC-9C75-0171B7629E14,,,,,,,ODN0000430718,z,right_only
8588FD7A-1747-4853-95AE-6D081C3ED44C,,,,,,,ODN0000428904,z,right_only
0D2D28BE-1F6D-418C-9F74-78AC327F1ED4,,,,,,,ODN0000434207,z,right_only
866BC5F1-76B6-4483-90CE-584E5E58D065,,,,,,,ODN0000434575,z,right_only
234483C1-8C34-43A0-A691-ACF24E03229C,,,,,,,ODN0000429179,z,right_only
CD981651-6723-446C-92A6-558FA122F8CC,,,,,,,ODN0000429849,z,right_only
AAB2B032-03F6-4FC8-B622-347820567515,,,,,,,ODN0000427916,z,right_only
A64A6E4B-4F95-4771-9FDC-3939970300B4,,,,,,,ODN0000430134,z,right_only
BAC74323-E77C-45D8-8364-86CD3588835C,,,,,,,ODN0000433139,z,right_only
93E86D70-833E-4E59-B029-36865AD86DC4,,,,,,,ODN0000421953,z,right_only
6C6A5B5C-5B96-4C72-B27C-EFA597DDE778,,,,,,,ODN0000433249,z,right_only
1CD64231-58B6-4141-B832-8FDB32F1E686,,,,,,,ODN0000427262,z,right_only
8BF36969-7EC5-466C-81D9-BE23268D1CFE,,,,,,,ODN0000441756,z,right_only
3DCC7C21-6474-4A81-A810-D39536BA2835,,,,,,,ODN0000429475,z,right_only
ADDCACD1-1AF1-48C2-95B5-563815419B93,,,,,,,ODN0000429566,z,right_only
CB289FD3-0A2C-4A67-B163-BFEE6D6D2C6A,,,,,,,ODN0000427975,z,right_only
9346438D-2483-44FE-87F4-0581D43BB31C,,,,,,,ODN0000447645,z,right_only
8945232E-B33D-4658-98E8-BF99B4250C68,,,,,,,ODN0000439062,z,right_only
7361024B-7A05-49A3-9366-509F14180C95,,,,,,,ODN0000424966,z,right_only
853B9CB5-51BD-4CB6-8B5A-25A9706981C8,,,,,,,ODN0000433870,z,right_only
86E06F51-7985-4888-B279-A5D71EEE3014,,,,,,,ODN0000442613,z,right_only
AE0AF54D-9A6E-45B0-A899-9558811B72FF,,,,,,,ODN0000430513,z,right_only
DF0269E7-8DD4-459D-9E93-86FC075992DF,,,,,,,ODN0000435784,z,right_only
2AAF31D3-5114-44D7-A843-ED4A0EA0F9F5,,,,,,,ODN0000432640,z,right_only
BD508962-8620-4223-B4B2-438417A4F8DC,,,,,,,ODN0000439321,z,right_only
AF3220E6-242D-4FC9-9B43-D38E2EDB37D3,,,,,,,ODN0000433007,z,right_only
726F15BB-E68B-485D-A5B9-F637321F6998,,,,,,,ODN0000430468,z,right_only
BE15485B-4A1B-47DC-A899-DE136DBFCBF9,,,,,,,ODN0000430190,z,right_only
4EA4745F-8000-450C-812F-A6ACB70CA44F,,,,,,,ODN0000429677,z,right_only
B46D4D02-5BDE-44AD-969C-293257D53AFB,,,,,,,ODN0000428839,z,right_only
98A493D4-7CFB-4199-ABA2-22150FB02AF5,,,,,,,ODN0000421158,z,right_only
40B9AE3A-3D31-45FF-B6B8-22E7F6E7E23C,,,,,,,ODN0000435163,z,right_only
63BCBCE0-AC0C-4208-837B-7C45FBB7E293,,,,,,,ODN0000425724,z,right_only
E104C5C0-F6E7-4528-AC1F-6159B7B9149B,,,,,,,ODN0000437000,z,right_only
F299FA81-3B2F-4FD2-901B-93F806F8F585,,,,,,,ODN0000429216,z,right_only
B73D2673-A200-4601-9516-E0B6063137C1,,,,,,,ODN0000426388,z,right_only
97C2EFBA-D2A7-4FA8-8F22-3D7F6A87E03A,,,,,,,ODN0000421193,z,right_only
60B0336D-B4F4-4B6F-868D-36E7729F9D73,,,,,,,ODN0000433184,z,right_only
6786C7C2-8380-4D6B-8652-7F88985CA67E,,,,,,,ODN0000426690,z,right_only
AFA6E655-118E-43AA-B81C-95A7DB3E79D7,,,,,,,ODN0000421175,z,right_only
ADDAC03C-32A1-41F1-BAD5-590786B2D54E,,,,,,,ODN0000439023,z,right_only
ADE916CC-05F9-4E38-AC36-86244BC52D6C,,,,,,,ODN0000437926,z,right_only
0F208E13-39A5-4B91-A573-10F04EBCFFF8,,,,,,,ODN0000437933,z,right_only
B8B95F9A-6AB1-4B66-9F6D-5D378BF30EAA,,,,,,,ODN0000429278,z,right_only
A52DFB0B-90D5-4CC7-9A9B-52B946E351D0,,,,,,,ODN0000425666,z,right_only
E9C14B1F-AEAF-4ABB-AF79-FF8A203BDA38,,,,,,,ODN0000439110,z,right_only
9AD61A98-0346-460A-A8FD-268044D599B3,,,,,,,ODN0000447447,z,right_only
ACEB4004-8E87-437B-A68A-ECBE826C4663,,,,,,,ODN0000446474,z,right_only
E812C131-747D-493E-B274-36C5A296721D,,,,,,,ODN0000443743,z,right_only
07A165F0-C34D-465B-A49C-9D7F90272716,,,,,,,ODN0000445949,z,right_only
821068AE-BDE5-496B-AB6B-5349F598AB79,,,,,,,ODN0000430993,z,right_only
E2038024-5220-4AEE-84CE-8F68B5EAC4B0,,,,,,,ODN0000426070,z,right_only
6E42FE45-B2E5-4088-87DD-DB21EF34CC2A,,,,,,,ODN0000439278,z,right_only
B8075453-4631-453F-96AA-30BF0AE000C3,,,,,,,ODN0000437834,z,right_only
101ACB64-2653-4B79-93A9-91300E48959B,,,,,,,ODN0000437835,z,right_only
13A653D2-675A-4FF6-8326-749D46D5BC39,,,,,,,ODN0000425465,z,right_only
90D4F404-F801-48AF-BD27-4563F5E9615A,,,,,,,ODN0000440289,z,right_only
2519623A-6AC7-4446-8DE6-7665CE949AFC,,,,,,,ODN0000425416,z,right_only
03195BB5-51FB-4138-BF38-31600CD8DB3F,,,,,,,ODN0000425464,z,right_only
FE1C38A2-7923-4D63-8675-BE5C7C3C0424,,,,,,,ODN0000424726,z,right_only
57E0E516-E576-43E2-96DC-CA5C4E588F24,,,,,,,ODN0000439153,z,right_only
CC09D09E-64DA-48BA-A661-3669F2D5EAB0,,,,,,,ODN0000434729,z,right_only
3F3CAB94-7EAF-4B5D-A214-029F46A540F0,,,,,,,ODN0000439682,z,right_only
EE12D14C-1B16-4D13-9B1A-E42E9AB69412,,,,,,,ODN0000436169,z,right_only
89DBEAC9-B3B1-4C2C-B4F8-F0336C01172F,,,,,,,ODN0000429019,z,right_only
C2567A84-25A4-455C-9B00-69C4FC8FB361,,,,,,,ODN0000426825,z,right_only
F201D933-5F00-4B72-B2AE-EB642301B94D,,,,,,,ODN0000426558,z,right_only
FD06BE4F-4AD6-48E2-A516-1EADD0287B1A,,,,,,,ODN0000422902,z,right_only
3BE712DA-CE0B-4325-AD8C-AAAE3180962C,,,,,,,ODN0000428008,z,right_only
5726F486-E313-48AA-904B-EB2C7F6ED270,,,,,,,ODN0000426762,z,right_only
D5DBF674-09D0-4343-A859-9084019B99D3,,,,,,,ODN0000432878,z,right_only
457E81D4-CF21-4717-9372-15A020C4D46A,,,,,,,ODN0000434967,z,right_only
9A9E0360-746A-4A2F-8226-84B10075C865,,,,,,,ODN0000430072,z,right_only
BA5663E4-6978-4CA4-8544-AE8B1DC5EEC5,,,,,,,ODN0000432555,z,right_only
8CCD9152-45B2-4721-8653-3FC369BF16EA,,,,,,,ODN0000448261,z,right_only
8A4FCEAB-C73C-4A09-B8BB-3B78F6C7D6C8,,,,,,,ODN0000446435,z,right_only
073A013E-5BD0-4FE9-BAC6-2C5B62E439EC,,,,,,,ODN0000437428,z,right_only
E3ECAD10-59AA-41AC-9BE2-928BC86DFF37,,,,,,,ODN0000424381,z,right_only
CEDAEFF5-BA9E-4DEC-98EC-9126F74177B3,,,,,,,ODN0000425072,z,right_only
69652F7E-F984-4873-AC52-A10D54A9336B,,,,,,,ODN0000449082,z,right_only
7B38723F-4CA4-48E4-A3DC-9036AEF382CF,,,,,,,ODN0000441438,z,right_only
025F2076-E7FD-4631-A1F2-4E22F037DAD4,,,,,,,ODN0000433297,z,right_only
079BDB49-027C-4961-8C3A-2F2C57E78030,,,,,,,ODN0000435421,z,right_only
6E1F894F-5089-4438-AAB0-F9C6CF21BF85,,,,,,,ODN0000422436,z,right_only
300C3F00-7219-42DC-B25D-D288BEE52BFB,,,,,,,ODN0000429586,z,right_only
3157CD31-DBEE-4568-9F01-8DF22456C6FA,,,,,,,ODN0000424157,z,right_only
112D05AE-96CE-4025-ACA8-2FFE32E57D49,,,,,,,ODN0000437229,z,right_only
2C29C7A2-9FBC-45DE-B636-DCA02EE673C7,,,,,,,ODN0000437391,z,right_only
EA3E248E-B85C-4EC4-BDD4-3A7AAD31E235,,,,,,,ODN0000433974,z,right_only
AD8CD7C0-4D3D-4EA2-9F08-DC9AEDA3180C,,,,,,,ODN0000434449,z,right_only
B942167C-A0AE-4D1C-A75C-38BC868570D5,,,,,,,ODN0000448862,z,right_only
CDA79CBA-8B21-4BB1-86F5-A6B02385BDB7,,,,,,,ODN0000422029,z,right_only
F1D08B20-FE52-45C6-9C8C-E83EA8D24651,,,,,,,ODN0000435203,z,right_only
62A71FDE-ED4B-46C3-A883-9C9084F795D8,,,,,,,ODN0000442437,z,right_only
4FEF4D2F-2E22-4ABC-AE15-17CA17E8F3FE,,,,,,,ODN0000430663,z,right_only
0DD5AF7D-53B7-4CE0-AC9A-CD536EA4A5A7,,,,,,,ODN0000432385,z,right_only
B046129C-95A2-4448-8EF7-5AB0D2B3B004,,,,,,,ODN0000422773,z,right_only
27D125C7-3841-4CE7-91C3-8008638DFBDB,,,,,,,ODN0000445539,z,right_only
94F517BF-EA50-472F-93E1-82F56D22F2C0,,,,,,,ODN0000431018,z,right_only
8FE712C5-B8EC-4CEE-B265-3955150BB917,,,,,,,ODN0000431019,z,right_only
1B91D940-D80E-4191-B4A6-317EE7D4C3DA,,,,,,,ODN0000431020,z,right_only
FDEE2E45-C09B-42FD-8925-4881AE891312,,,,,,,ODN0000431021,z,right_only
C45478B9-D6F8-486C-BE7F-DF3527FDE5B8,,,,,,,ODN0000431022,z,right_only
A6D558DB-9F8A-45B2-8881-0BF374B217F4,,,,,,,ODN0000431023,z,right_only
BAC26F23-1066-4833-9EEB-FD2B57CBF3A6,,,,,,,ODN0000431024,z,right_only
80BED8CE-5612-4E03-BC47-DA0027A2FE79,,,,,,,ODN0000431025,z,right_only
BEA0B292-FF43-4F2B-8B42-00860BE7FF5D,,,,,,,ODN0000431026,z,right_only
440E0C3A-79D7-4061-A612-F2BFD8687E2E,,,,,,,ODN0000439109,z,right_only
8B0F4227-9716-4596-9E77-EF2BAB35FE74,,,,,,,ODN0000434254,z,right_only
8A5F2E01-1EBF-4661-B855-13F0961B2F2D,,,,,,,ODN0000432979,z,right_only
8717DF04-A2D0-40A8-8205-CA256B77FCDD,,,,,,,ODN0000437827,z,right_only
EF48512A-23E4-4294-BA91-EF479E01BB7A,,,,,,,ODN0000436156,z,right_only
FC01F5CE-1310-4751-B448-6AA25B7BFA94,,,,,,,ODN0000424649,z,right_only
F4BFA82A-663B-4759-9D4B-C11F45631DFF,,,,,,,ODN0000444342,z,right_only
F15B25E5-DCC4-4628-AC35-29CB16DF9C89,,,,,,,ODN0000438443,z,right_only
9DE34148-83E2-4C9D-857B-71B74D3D08F0,,,,,,,ODN0000437931,z,right_only
E46C902D-FF8E-4506-8537-EDDA34562E64,,,,,,,ODN0000447246,z,right_only
DFC46756-9386-47F0-A23E-1E0DC96A37ED,,,,,,,ODN0000424069,z,right_only
B6E09FC8-3D76-4283-A7C1-ABEC0D1DC5EE,,,,,,,ODN0000425154,z,right_only
0003808D-752D-4F8D-AA38-22A7A0D2253A,,,,,,,ODN0000440290,z,right_only
64E3CF55-7BC0-4536-8502-A3A48767835D,,,,,,,ODN0000439106,z,right_only
D6DB6F0D-CB3E-4B96-887B-4C3FB655E3BF,,,,,,,ODN0000448695,z,right_only
A555840D-6E7A-4E4A-9EED-BDF58DD885C4,,,,,,,ODN0000439974,z,right_only
2A151F5B-21C8-4154-850D-DAC5E20482BE,,,,,,,ODN0000437715,z,right_only
6D32D79E-D2D1-42FA-BB43-6B09DE666518,,,,,,,ODN0000434433,z,right_only
2C2F07C5-6754-4D9B-ACC0-493C2003A46D,,,,,,,ODN0000434434,z,right_only
65135066-8BBD-49C5-AA69-DC050B836F98,,,,,,,ODN0000437983,z,right_only
3078C6F1-AB4B-45FE-82F3-5049156F7E77,,,,,,,ODN0000422263,z,right_only
D33AA608-7713-4747-80BD-DEB6CDB1DC79,,,,,,,ODN0000439930,z,right_only
74454E17-88AD-4C16-9C52-61AB95B59F95,,,,,,,ODN0000439036,z,right_only
563FFB82-FAE4-413F-8DA8-9C307C3BBABA,,,,,,,ODN0000423467,z,right_only
133BF21D-4E52-47C3-8825-131CA204CAC5,,,,,,,ODN0000434429,z,right_only
60A670EA-1E5D-466F-8904-6718422E1ACD,,,,,,,ODN0000423860,z,right_only
0CC96C91-6F65-4609-8825-74525DAD8E8D,,,,,,,ODN0000449188,z,right_only
7F8CBFDD-5A3B-46E2-ABBA-8600A63816D3,,,,,,,ODN0000430843,z,right_only
3DD4F320-CFAB-435A-AAF6-496E32004FC6,,,,,,,ODN0000434379,z,right_only
B66849BC-81E5-426F-AB33-3CFB98F8CE26,,,,,,,ODN0000430619,z,right_only
32D99B53-AEE5-45CF-8C43-B5C4AB0998EB,,,,,,,ODN0000426639,z,right_only
10A90533-2AD8-4344-88B8-C580B70F5203,,,,,,,ODN0000432502,z,right_only
0C49086B-B1C5-4184-ACF7-2688F30F6C68,,,,,,,ODN0000430908,z,right_only
5E1BD23F-5773-4A35-86CF-23A82ADBA34C,,,,,,,ODN0000434611,z,right_only
91EA8278-5C61-4278-A1C7-37DA12628D14,,,,,,,ODN0000435162,z,right_only
BCB835BB-87A3-4C01-9581-1BC5B2607610,,,,,,,ODN0000440218,z,right_only
25F57E4A-3EBA-412C-A88B-EB533830333D,,,,,,,ODN0000428972,z,right_only
C998E52D-298C-4FE3-A1F6-0DD64C80FB29,,,,,,,ODN0000435509,z,right_only
99F273AD-2009-4801-82E5-08FDB8B39B09,,,,,,,ODN0000448302,z,right_only
069FB72B-3A84-4C4B-99D8-A47C02249B3B,,,,,,,ODN0000425542,z,right_only
C61078B2-63F2-4FBD-921B-7F6CD4A3CE07,,,,,,,ODN0000435019,z,right_only
F01E7185-199E-45B7-9723-473B2A4CB52F,,,,,,,ODN0000443402,z,right_only
836D3460-FF4C-4E09-9DF1-A78BAD5125CC,,,,,,,ODN0000446708,z,right_only
B3623547-049D-497D-AE91-A8313BCB60F5,,,,,,,ODN0000447130,z,right_only
BE0665B5-E647-46DB-BE59-AF614444B5E3,,,,,,,ODN0000438423,z,right_only
77906DDB-4C9F-4920-8EB7-DFB0464B8D37,,,,,,,ODN0000433636,z,right_only
751373E1-CF59-4741-9880-0ED08EF672B5,,,,,,,ODN0000435071,z,right_only
FDCF612B-4F0C-49FB-8F66-385214D537C9,,,,,,,ODN0000436672,z,right_only
33F621EE-9CD8-4B24-BF5B-7010B3FA70CF,,,,,,,ODN0000436671,z,right_only
08179E9E-FCC9-4891-A101-6CF8394BB12C,,,,,,,ODN0000443606,z,right_only
24931120-8C71-403F-BA52-2C0FF21AF476,,,,,,,ODN0000428613,z,right_only
35E3E2BA-AAAE-4093-B878-235AA0E1A0C0,,,,,,,ODN0000439529,z,right_only
7BF493E7-935C-490C-B3F7-B24F1737CFBA,,,,,,,ODN0000438365,z,right_only
814007EA-D306-4CA1-BF47-3AE236A8CEC4,,,,,,,ODN0000445714,z,right_only
061F7C9B-F44F-4F35-8ACE-67914A8501A2,,,,,,,ODN0000434551,z,right_only
6EB4C91A-31F0-4FEC-9EDE-41FA9B5A0169,,,,,,,ODN0000433157,z,right_only
383276AE-C354-4A3D-9A18-CE245C6B69DE,,,,,,,ODN0000432652,z,right_only
CCC4BEF8-624F-4C26-9A6A-423826AD8F6F,,,,,,,ODN0000440022,z,right_only
314885A5-1C89-4972-8B83-67443A33E662,,,,,,,ODN0000433193,z,right_only
763816B7-B1C2-462C-9DD2-131F10268BC3,,,,,,,ODN0000438067,z,right_only
E2F8E0E8-2422-46EE-B1B6-FF64383A57B3,,,,,,,ODN0000422835,z,right_only
AEE74FF6-4EF3-4E28-9FC9-87AC40709B6E,,,,,,,ODN0000428953,z,right_only
402FD883-5595-4198-8BE2-1610B7E90E0A,,,,,,,ODN0000434079,z,right_only
B0830140-930F-4D46-A7E4-1FEE47D237C5,,,,,,,ODN0000434456,z,right_only
679880A9-D502-4090-ACF1-9B886FF7BD20,,,,,,,ODN0000422508,z,right_only
B183CFD6-C685-4AF6-B943-7E332460DCBD,,,,,,,ODN0000432834,z,right_only
3099F9C2-A190-49E1-BE4A-D24943423ED2,,,,,,,ODN0000421130,z,right_only
F69A5B21-8E56-4FA8-BE04-9ED7FA57FFC6,,,,,,,ODN0000428494,z,right_only
654CEA9B-C947-47D7-85BA-6383264F6D8E,,,,,,,ODN0000433428,z,right_only
2E070260-3F05-4703-9C8F-61281F320FA3,,,,,,,ODN0000428064,z,right_only
A7A145A5-1AD8-40E2-BB6B-F5536794D267,,,,,,,ODN0000423635,z,right_only
3AD9BEBF-70DE-490A-AB8B-51FC5BE4DFEC,,,,,,,ODN0000432799,z,right_only
8C6DDDAB-8738-4F6A-88D1-DC99CBA76D0B,,,,,,,ODN0000427108,z,right_only
5C786A20-6D32-48DB-8E02-7BE0F27208BB,,,,,,,ODN0000448843,z,right_only
E06E794E-FC7F-410A-B95C-039A06B2339C,,,,,,,ODN0000435483,z,right_only
24BC23CA-DA06-451B-A3DF-E4AA19C2C19E,,,,,,,ODN0000435085,z,right_only
2E97C3B7-5A55-484E-B36D-EF1C83B02F23,,,,,,,ODN0000433436,z,right_only
FAC56D40-EE6C-4549-8D54-A565B9FC88BD,,,,,,,ODN0000435047,z,right_only
2426297A-A6C9-40E5-AB8E-DE8F886F5BA8,,,,,,,ODN0000444157,z,right_only
5A5ADE37-FA68-43AC-917A-B93B2725C920,,,,,,,ODN0000435235,z,right_only
115D64F4-A9A6-47D3-A00B-9DEFFC4A61D7,,,,,,,ODN0000440130,z,right_only
D40FBA64-8951-4A93-ACA1-D5651937FFAC,,,,,,,ODN0000424977,z,right_only
F975C2F5-D142-4EC8-BD5D-8D1FF5BEF7C7,,,,,,,ODN0000432728,z,right_only
BA152C42-7E06-4D83-8E68-77CBE975A53C,,,,,,,ODN0000440807,z,right_only
B72F7F1E-D01B-48CE-9EDC-902775D1B4D8,,,,,,,ODN0000427162,z,right_only
0B6EC2EB-AAC7-47D5-B304-04B6F29E0B0F,,,,,,,ODN0000435205,z,right_only
A835222A-7B0F-40C3-ACC1-C0B19E0CE9FA,,,,,,,ODN0000447592,z,right_only
40761FCB-84D5-4961-8A63-F347C1D9A39B,,,,,,,ODN0000432660,z,right_only
E48BB97C-05B3-4644-BAA0-C718E0213BCE,,,,,,,ODN0000433523,z,right_only
329666A2-B7E8-412E-BBF9-04A639EA712D,,,,,,,ODN0000432739,z,right_only
AC2C6E56-12C8-4726-A497-DBED7CF34A81,,,,,,,ODN0000445711,z,right_only
392BF5BA-C59A-42F3-BB46-B199CD13C9E2,,,,,,,ODN0000433188,z,right_only
115ACB75-04D4-4FA0-9B00-2AECB81FE11B,,,,,,,ODN0000437075,z,right_only
E6BDD513-0EC3-4500-85B2-1C1A0B4D14D7,,,,,,,ODN0000432836,z,right_only
3EC07D1E-3114-4A4F-9AB8-CB17B1C7DF12,,,,,,,ODN0000438488,z,right_only
6CE63BE5-D615-4EBA-B78A-C96A97D0CDF7,,,,,,,ODN0000436536,z,right_only
D515FEBF-D404-4973-9809-B2875C3CB24B,,,,,,,ODN0000421376,z,right_only
2C680C66-C981-4220-9771-F330CC809B7A,,,,,,,ODN0000434787,z,right_only
D9EB1453-FE48-4947-BE74-9FBFF4D85B5A,,,,,,,ODN0000433207,z,right_only
7393487C-2A97-4CD3-93FC-C477A50F26CE,,,,,,,ODN0000427319,z,right_only
B62CC2DE-AD0E-4541-B619-EC91E5FAF8EA,,,,,,,ODN0000430422,z,right_only
9EF28295-B469-4262-A8DC-7AFEC4914BD5,,,,,,,ODN0000436840,z,right_only
93D7EA51-4842-4DA7-BA18-D58425F352BF,,,,,,,ODN0000427183,z,right_only
1AD6376C-25E7-4D58-889D-9F2304A7B2DA,,,,,,,ODN0000435409,z,right_only
CD25D930-6921-442C-9173-4F7325FA3E6A,,,,,,,ODN0000428765,z,right_only
68DF6CC4-0DFE-4E14-8660-DE9EFCED33F9,,,,,,,ODN0000444702,z,right_only
542BE915-D72C-477E-BEB3-A7C241A8B42E,,,,,,,ODN0000439045,z,right_only
7D1F7D3C-C214-45D4-8775-D9F8567AFB3B,,,,,,,ODN0000430165,z,right_only
58909A6B-0D61-444E-A820-2E56F70F14B8,,,,,,,ODN0000437297,z,right_only
4B8F1693-15EA-4BB2-8D95-B89F8836AB3F,,,,,,,ODN0000435802,z,right_only
61C56195-38FE-42D6-A500-283D017A76EA,,,,,,,ODN0000424285,z,right_only
40FD4D19-7744-4B1F-B046-3F51C67B5393,,,,,,,ODN0000424996,z,right_only
519B9865-606F-4008-8FED-98B2EF67297D,,,,,,,ODN0000434650,z,right_only
60C2A8A1-9A61-4417-851C-608D86191300,,,,,,,ODN0000439264,z,right_only
C74DFE11-D82F-4ED8-B781-BBBB15E9D7A1,,,,,,,ODN0000449182,z,right_only
2A8E4ADB-D19A-48EB-86A5-05B6BAE82E44,,,,,,,ODN0000430559,z,right_only
1C46AEC6-D62A-4CB2-B54E-F7E6D235A883,,,,,,,ODN0000425674,z,right_only
57788B4E-1673-4F0D-B7D8-F717203344C5,,,,,,,ODN0000443301,z,right_only
8ED19D47-09A1-4AA6-81FC-621E769BC334,,,,,,,ODN0000438594,z,right_only
E656E6E5-A30B-4906-8610-B407F72F8DDC,,,,,,,ODN0000432681,z,right_only
74135B4C-666A-415A-84EF-62B4100A9316,,,,,,,ODN0000432689,z,right_only
6925D1CA-3915-40C9-BAD2-05B2726112B8,,,,,,,ODN0000427216,z,right_only
52F1DF1A-0EDA-45C9-B367-5344459E24FD,,,,,,,ODN0000421567,z,right_only
7DBFD52C-1BCB-4348-B308-4534BD86969F,,,,,,,ODN0000440112,z,right_only
9F5D0EAB-FE3C-4C77-8B7E-32003C0EBF39,,,,,,,ODN0000446233,z,right_only
85782133-722A-4052-B458-CBBD7F520BB4,,,,,,,ODN0000439868,z,right_only
2A39616B-6135-4AB9-B2C4-A15AEEB2F4E1,,,,,,,ODN0000445589,z,right_only
C9786432-A4D5-43B1-8D78-1EC85DEBD2D8,,,,,,,ODN0000431205,z,right_only
57B2B1BF-FDB3-4AB4-AB65-06A59EC51123,,,,,,,ODN0000448503,z,right_only
754BB8E3-AFA2-4BD3-B189-7A66B5EB0C56,,,,,,,ODN0000438439,z,right_only
94DAA4A0-4D32-4DCC-970A-23FF97A202AA,,,,,,,ODN0000428206,z,right_only
4D8B01EA-6817-4A6B-93E3-A10BB4AC960B,,,,,,,ODN0000421896,z,right_only
B3AD94D9-3CA6-49EE-9794-BD19081BEDF4,,,,,,,ODN0000440692,z,right_only
C7F42556-80B2-4EAC-81A6-C63170B23FDF,,,,,,,ODN0000439361,z,right_only
A46AB93C-09AD-4E5A-89D9-A96958EB5322,,,,,,,ODN0000432763,z,right_only
A692FA67-250B-49E4-8F3C-E173546C7F72,,,,,,,ODN0000435022,z,right_only
F1FD340A-BEFD-4140-8B94-5D022671CAB9,,,,,,,ODN0000440100,z,right_only
80C58BF1-21EA-481F-8895-4D0D3970D9D5,,,,,,,ODN0000444375,z,right_only
B5727204-BC8E-4B91-BEE8-2647C2D37C18,,,,,,,ODN0000448411,z,right_only
7BE78A5A-5FFC-41CE-A294-ED4967915014,,,,,,,ODN0000424282,z,right_only
5ED0B665-69B5-45C6-BE7E-AA1B327431D7,,,,,,,ODN0000436900,z,right_only
D705BE8D-35E7-4C66-8EF0-EC6076304A86,,,,,,,ODN0000434213,z,right_only
7AF510D9-891E-4640-8376-AA6260E4C607,,,,,,,ODN0000434709,z,right_only
A9E0B4ED-21CD-4F72-BED5-7151683F0FA2,,,,,,,ODN0000434999,z,right_only
C832ED37-BF58-43DC-A751-FBF91595440E,,,,,,,ODN0000424462,z,right_only
B8CF92C4-28CE-4AD6-BF37-E20E110F22AC,,,,,,,ODN0000434111,z,right_only
9893CACD-883D-4582-A71F-E84C4287FE19,,,,,,,ODN0000430507,z,right_only
941996C8-D82D-4891-9F4E-A633B7BE7F09,,,,,,,ODN0000425894,z,right_only
9BE3BBB5-4E72-4177-8491-814025943D51,,,,,,,ODN0000430903,z,right_only
DDCB417C-4007-491A-A899-679EDD2C09DA,,,,,,,ODN0000423112,z,right_only
94CCD620-D827-4745-97ED-AB441C232DA0,,,,,,,ODN0000429477,z,right_only
6D137057-D232-404E-9000-AF7F765F35FD,,,,,,,ODN0000423044,z,right_only
956A194F-303C-45AD-AAAB-F5BA6B552CFC,,,,,,,ODN0000429481,z,right_only
9DA44BA9-405C-4FCD-8D10-0A38B280C59A,,,,,,,ODN0000437938,z,right_only
E3E321EF-DAE6-48E3-9FD0-68935D58D7DE,,,,,,,ODN0000429441,z,right_only
2B98934B-ABDA-4BF4-84F1-FAEB44F965D3,,,,,,,ODN0000441773,z,right_only
48BF02F8-35EC-48A9-B951-5A3995CAC571,,,,,,,ODN0000426874,z,right_only
90E8A96E-9756-420F-A7B4-968AF323DE40,,,,,,,ODN0000445008,z,right_only
046E2490-9648-4287-B96F-71B81EEF5B01,,,,,,,ODN0000429362,z,right_only
5A32CE34-D494-41D4-8B8A-4E121ABB2DD2,,,,,,,ODN0000428035,z,right_only
08B7A45C-34F5-473D-8293-4E8E0E514CEE,,,,,,,ODN0000424945,z,right_only
22576A20-254E-4123-B76C-EBEBF824AF38,,,,,,,ODN0000427842,z,right_only
C9C54DA5-F28B-4FB3-A3C4-F0512FE3ADBD,,,,,,,ODN0000447208,z,right_only
DB36A3EE-7927-4581-88D2-DE60D9FA6AD9,,,,,,,ODN0000423180,z,right_only
DAC8870B-AD17-4D86-A045-DCD21B8DD06C,,,,,,,ODN0000430602,z,right_only
92EE1288-557A-463E-942D-EF93918FA615,,,,,,,ODN0000429215,z,right_only
AAC51064-5B37-4A19-A897-0D259A7A21CA,,,,,,,ODN0000424734,z,right_only
06B82942-8315-4411-B1DD-EBA32A546776,,,,,,,ODN0000433561,z,right_only
EEAA6F83-B289-41B3-8BEA-D9500CA1E782,,,,,,,ODN0000427017,z,right_only
29808038-43B7-49FF-A675-488889C7B334,,,,,,,ODN0000432255,z,right_only
FE477016-8287-445B-B4C6-D012AAC41D72,,,,,,,ODN0000437993,z,right_only
7FCF3BB1-6FFA-4AB1-B931-20C9C85439E2,,,,,,,ODN0000423057,z,right_only
AF118644-3563-4275-82E9-E0F9F78EF783,,,,,,,ODN0000432893,z,right_only
BA2874F9-C432-47A8-8EFC-6F2C05594447,,,,,,,ODN0000433076,z,right_only
17C7E52B-5469-466A-889A-982F9BBD6302,,,,,,,ODN0000440028,z,right_only
5A554F59-7C61-489F-81AA-CFAFA4313306,,,,,,,ODN0000426600,z,right_only
1264F6BF-075C-4D13-9C2B-15CDBFB56715,,,,,,,ODN0000432582,z,right_only
CDE9FE2D-6B26-437B-B020-99460BB319F4,,,,,,,ODN0000428716,z,right_only
BD9C4A93-5628-45D7-83A5-A4727DDDF5EA,,,,,,,ODN0000446256,z,right_only
60CCFF7B-98D1-4EC3-ABF5-BCBD90DE0D5D,,,,,,,ODN0000429154,z,right_only
972A2157-F6A2-428D-8C92-CD996B40528B,,,,,,,ODN0000444723,z,right_only
CD7B17D0-6802-48AD-87D0-614C7993E4E0,,,,,,,ODN0000435359,z,right_only
78A49703-0E99-4B86-87F9-ECBE49094447,,,,,,,ODN0000432894,z,right_only
167C72C9-C0F9-45F3-B1DD-BC8092FB44A1,,,,,,,ODN0000435068,z,right_only
829C7FB5-A643-46B3-ACAD-55BF4E910BC1,,,,,,,ODN0000428044,z,right_only
C821D17D-84B7-4EB5-9AA8-73918BDB3D7F,,,,,,,ODN0000432903,z,right_only
4AE9E3A2-CBC2-4F53-B42C-FE08BACB175F,,,,,,,ODN0000425183,z,right_only
A3F5A2A1-D945-481B-92D7-03FBF972BF86,,,,,,,ODN0000429705,z,right_only
9697C13C-0683-48AA-8A66-61840C51E78A,,,,,,,ODN0000438013,z,right_only
C106D176-39AD-4EF8-A34C-9CC5B18EDBAE,,,,,,,ODN0000430683,z,right_only
1411C323-4888-497D-9149-275350EA74EF,,,,,,,ODN0000426737,z,right_only
B6E6DF99-4178-48C7-B623-88C3C9BEC929,,,,,,,ODN0000423822,z,right_only
34F14AB3-FADE-42C6-BFFC-5C62C15FFE58,,,,,,,ODN0000438653,z,right_only
8D82110C-DBA6-4089-84EC-8CD004345EBC,,,,,,,ODN0000446525,z,right_only
98795AD0-A044-40D1-8C86-AEED89014594,,,,,,,ODN0000444274,z,right_only
E240FBE5-3672-48FB-892A-1C7BC9CA5440,,,,,,,ODN0000444337,z,right_only
D90657B2-E4F0-4DE7-9047-6174352A2D63,,,,,,,ODN0000440732,z,right_only
1D0C57E2-B976-490D-94AB-503D6F1B7FA6,,,,,,,ODN0000441765,z,right_only
1F47F43D-2BF1-44FE-813F-3CD8D6350189,,,,,,,ODN0000423333,z,right_only
BC787EB4-8069-46C8-95AF-F33C6AF6019A,,,,,,,ODN0000429311,z,right_only
91916D81-34B2-4D83-8825-3F7ED424F669,,,,,,,ODN0000441938,z,right_only
32FF90ED-2DE3-4490-ADD9-99111166AFD9,,,,,,,ODN0000427780,z,right_only
02A84005-E94E-4964-82C6-62ABCA695079,,,,,,,ODN0000444517,z,right_only
0B362D1F-6428-45D0-A5C2-9C4C05ECB032,,,,,,,ODN0000435986,z,right_only
403246E7-8E88-4725-AF02-E9F0962556EA,,,,,,,ODN0000435105,z,right_only
241A4B1F-EA43-4EF7-8029-5D4CAC1ED76B,,,,,,,ODN0000432668,z,right_only
E0A6CF46-3806-4202-A22B-AD061CBC567A,,,,,,,ODN0000448849,z,right_only
E04EF281-8B1B-498A-9915-9298F02F31CF,,,,,,,ODN0000432717,z,right_only
F5F1D782-EC9F-4E68-9FB7-F95CA33897DE,,,,,,,ODN0000434008,z,right_only
CCD435AF-6B63-43D8-9C4C-D608F1FBA16F,,,,,,,ODN0000430393,z,right_only
6AF9758E-E009-4B3A-B52D-A24831F11732,,,,,,,ODN0000439060,z,right_only
ACFD5164-C2C6-45F5-BB02-DEF4CDFC10A1,,,,,,,ODN0000432840,z,right_only
B9F6763C-0497-49CA-84F9-06A02C54A03A,,,,,,,ODN0000431223,z,right_only
8450458B-EE39-4CCE-AA58-290312178986,,,,,,,ODN0000431224,z,right_only
0298AC33-F3B3-4E28-859B-6B9CB856C0B3,,,,,,,ODN0000441101,z,right_only
7BD04D7B-969D-4586-A33F-C82690282ED0,,,,,,,ODN0000441102,z,right_only
FB688E57-4399-4AE3-B497-C08B20D179D6,,,,,,,ODN0000429609,z,right_only
7E8F0CB9-C913-4468-A707-642EB280B71D,,,,,,,ODN0000426915,z,right_only
C6E76E3D-0837-440E-BD63-A2B7EA2742F1,,,,,,,ODN0000427811,z,right_only
33BFA192-E538-4BAB-A52E-3B7DAC5A5E7D,,,,,,,ODN0000443775,z,right_only
AED224FB-7CFF-4A79-9723-77F442399FF1,,,,,,,ODN0000433650,z,right_only
62789437-693B-43CA-AF7D-3677BDC1F324,,,,,,,ODN0000434904,z,right_only
1A01A0EA-D1F4-4C62-A378-FFA73F6D22C0,,,,,,,ODN0000434905,z,right_only
EE8E8947-B2C8-434F-875C-783DF9AABD66,,,,,,,ODN0000433116,z,right_only
2D863E3C-FA25-4420-BD67-08AA8F236076,,,,,,,ODN0000434769,z,right_only
28E5A95F-875C-4A39-8E55-A5F32A6B9E0A,,,,,,,ODN0000435455,z,right_only
B3A5159A-9B6A-4E4D-97B2-FFC8F3154EC3,,,,,,,ODN0000446787,z,right_only
C2E878D3-2AAF-4B8A-9A0C-677A000445FF,,,,,,,ODN0000432869,z,right_only
4CC19CBD-A640-439F-964A-0C0095DC2B77,,,,,,,ODN0000432997,z,right_only
CE1C1355-4A4E-4ED5-840F-CCDF0AEC374D,,,,,,,ODN0000435311,z,right_only
137CF6CD-29E0-4A19-B48D-263D78748B58,,,,,,,ODN0000446157,z,right_only
88FC5C26-8761-4EC0-9E88-009E968E5061,,,,,,,ODN0000442391,z,right_only
8AEDF93F-6EC1-4007-AB2F-BB16B4BA2DF6,,,,,,,ODN0000430183,z,right_only
CE9B1638-38BE-4188-93F4-9378A68BDBF4,,,,,,,ODN0000433332,z,right_only
1402C38F-1403-4AF6-91CC-ABEC3FD3DF90,,,,,,,ODN0000448228,z,right_only
A9C4DC2C-C03B-4A12-8042-7732A7639258,,,,,,,ODN0000431380,z,right_only
40E1E402-844C-4754-8F27-0E5D2CF5A58A,,,,,,,ODN0000423104,z,right_only
706EC5E3-9FC2-4407-B9AD-B3F9ABBE9EE7,,,,,,,ODN0000425727,z,right_only
C4E80E4B-C3BD-47D4-99A3-BD4FF009F992,,,,,,,ODN0000436167,z,right_only
3E2AE38C-D671-4170-AD33-2185A5C3DE57,,,,,,,ODN0000435573,z,right_only
45FEBA1E-5943-40FE-B0B2-D9CBA61A6335,,,,,,,ODN0000436327,z,right_only
2D9E10A3-2C7E-48DA-AEF9-E553F947E88A,,,,,,,ODN0000434545,z,right_only
C5799F3D-8F7C-42DD-9F0F-134946C966B9,,,,,,,ODN0000426168,z,right_only
C01C9DCC-080B-4A8F-BE43-D288E84FF112,,,,,,,ODN0000426816,z,right_only
D78018AF-4342-4E34-8272-3C6F6973EFE6,,,,,,,ODN0000436198,z,right_only
7B2C156C-8EB4-4C42-B581-8F9912F80A33,,,,,,,ODN0000432602,z,right_only
2A27097E-21FC-46E2-AF8D-813E51127742,,,,,,,ODN0000438596,z,right_only
17E79CC6-B039-4070-9B81-5CD758A7BABA,,,,,,,ODN0000429240,z,right_only
6D474235-0B7D-4BA8-B23C-9D13B7A142CA,,,,,,,ODN0000444051,z,right_only
B4101EBE-8BC3-4482-944A-1BA2853CA6A2,,,,,,,ODN0000434127,z,right_only
FEEED055-D90B-470A-9BBA-9CF279C15DBB,,,,,,,ODN0000434005,z,right_only
20B84E54-3499-4122-8458-02D5A7970623,,,,,,,ODN0000447589,z,right_only
442D6DEB-A3B6-4CCF-AE4C-D75D4BD86830,,,,,,,ODN0000444333,z,right_only
C2E4F476-10C2-4888-8DF3-56CA27C8D1DE,,,,,,,ODN0000444272,z,right_only
AA896FE7-4156-428E-889F-43F81D1B57B3,,,,,,,ODN0000439643,z,right_only
FAEFA7A8-E545-4518-AB0B-054E5447BD87,,,,,,,ODN0000439644,z,right_only
F8B805E2-49B0-426D-B199-ED78658B06E5,,,,,,,ODN0000439645,z,right_only
BA38B0BD-3CE0-4B18-87E8-C0A278BC7A67,,,,,,,ODN0000439646,z,right_only
59838B0D-9FD8-4888-A67B-A1ADFBF0CAD2,,,,,,,ODN0000434893,z,right_only
C92C1E63-6BF5-4EDE-AF8C-8A3FA09DAA0F,,,,,,,ODN0000431654,z,right_only
1DDAAEEB-7278-4E2A-919B-E38EF8C654E3,,,,,,,ODN0000433815,z,right_only
5BDA3FED-EC45-477D-BAFD-6B71024E501A,,,,,,,ODN0000434902,z,right_only
19098CAF-78D4-4077-A115-F8DEB426CF3F,,,,,,,ODN0000437997,z,right_only
C0F365A9-1356-4411-BE9F-F1E5536B6338,,,,,,,ODN0000428782,z,right_only
898FBFB9-F203-40DF-A92E-483C54D1998E,,,,,,,ODN0000434626,z,right_only
F31A9C01-CACB-440F-A001-693D83E7C18D,,,,,,,ODN0000440516,z,right_only
79D11DAF-C148-4F86-8AFB-BAEC36A906B2,,,,,,,ODN0000422264,z,right_only
9D178848-A550-40A8-98E3-BF3EECE83DAE,,,,,,,ODN0000435401,z,right_only
C4621E2E-3BF7-44C2-9826-0190732DF0E4,,,,,,,ODN0000435991,z,right_only
E96F14B9-EAA1-4D76-829B-A46C2A1E6AC6,,,,,,,ODN0000436585,z,right_only
0001C9EE-D803-4D0E-B143-6F5284D2404E,,,,,,,ODN0000422963,z,right_only
C27E1B0C-E61A-43DA-B050-3FE14C0677B3,,,,,,,ODN0000443767,z,right_only
5019BD1B-179D-4FCB-9244-7CF24CF1A609,,,,,,,ODN0000441689,z,right_only
3FF04968-C925-4D2E-8414-A9008ED827F8,,,,,,,ODN0000427645,z,right_only
EDDE96E5-C1A1-4D0F-9978-7A8A06864AE5,,,,,,,ODN0000425564,z,right_only
ED4334E5-42D0-47D6-86C4-E57DC212D128,,,,,,,ODN0000438570,z,right_only
2D20EB8B-1A1F-44D6-BA5A-A06A1A28E4E4,,,,,,,ODN0000433351,z,right_only
1907190E-DA98-477B-A7B3-145F8F6EFC39,,,,,,,ODN0000441524,z,right_only
FE9A0F08-F1A0-498A-9410-443FEF9CF13C,,,,,,,ODN0000433996,z,right_only
8D357D4D-9170-4C0A-8607-91674F4EC956,,,,,,,ODN0000425107,z,right_only
D2E21F7E-89B5-4528-B644-025EA4DA8FB0,,,,,,,ODN0000424151,z,right_only
328FD6EE-B81C-4534-B170-444B807F4757,,,,,,,ODN0000440189,z,right_only
D88387F9-C09A-489E-8429-63E1BA17A3CA,,,,,,,ODN0000440041,z,right_only
6DBCA97D-5FDF-4724-9BB3-48A938FA0200,,,,,,,ODN0000432726,z,right_only
30F01116-917D-461D-81E5-6E438FA8AF1D,,,,,,,ODN0000447973,z,right_only
1B621C79-6856-412F-AF98-9A1E75C3203E,,,,,,,ODN0000437769,z,right_only
67236967-E46C-4F6D-A870-EDCAD89BE06B,,,,,,,ODN0000446955,z,right_only
9DD4A574-2837-4684-B561-A0ECC84F5294,,,,,,,ODN0000426459,z,right_only
73E247FF-C6B3-4A23-B4B4-A17F876DB576,,,,,,,ODN0000441989,z,right_only
DF7D5C83-2115-4A0E-B486-569D8C000E09,,,,,,,ODN0000422142,z,right_only
65FBF690-E997-4C7D-B881-E7D5DC085E40,,,,,,,ODN0000426036,z,right_only
CB24F519-55A8-4339-B8E1-ED4A3A3B564C,,,,,,,ODN0000434084,z,right_only
D01D506D-6ABE-4C19-BF95-001B7C1F2571,,,,,,,ODN0000448783,z,right_only
307B6B86-C581-4FD4-B6E5-CA91221721F4,,,,,,,ODN0000427902,z,right_only
ABB570F9-5596-4215-8410-51649F60F29A,,,,,,,ODN0000421138,z,right_only
5FBC5605-6B36-4BF4-B1D2-16AF2AB08FFD,,,,,,,ODN0000430838,z,right_only
30AAD631-D312-47DF-9B71-B250B2E5F864,,,,,,,ODN0000445157,z,right_only
C9711BAD-B5D1-4B9C-ADE0-F87C5D1732F2,,,,,,,ODN0000429403,z,right_only
14149D8C-1C69-4283-ADC5-E3E13768601C,,,,,,,ODN0000427786,z,right_only
F0ED491E-FA7C-4DF7-9DFD-9C8BAB77BE02,,,,,,,ODN0000433394,z,right_only
1084A0F4-ECB1-464C-AD06-87274E0FE371,,,,,,,ODN0000428006,z,right_only
5BEE6FAA-5775-4516-96BD-C97A3CE2ECC1,,,,,,,ODN0000427925,z,right_only
3048DEAD-C00D-4481-8B18-74230D61F73E,,,,,,,ODN0000432870,z,right_only
8AE6EF86-CCA0-4FD6-85DA-807CA220B245,,,,,,,ODN0000433259,z,right_only
0B4D119F-069F-4C54-B6D0-0DB816A032BE,,,,,,,ODN0000433682,z,right_only
7DC3713C-AEFD-4971-8DEA-E2815BD514EC,,,,,,,ODN0000439065,z,right_only
51A0F4B5-0464-4D4D-AD11-A6EF4D0665BB,,,,,,,ODN0000446868,z,right_only
24CB5395-C206-4A10-B9FF-2D030C330B9F,,,,,,,ODN0000432804,z,right_only
F7F1EB35-717D-4309-BC26-D2F22D562CB1,,,,,,,ODN0000445827,z,right_only
D201C391-3FEC-460B-B4D3-6E2013E8D88F,,,,,,,ODN0000435504,z,right_only
1339A236-168D-4694-96B8-2C6ABF75CD65,,,,,,,ODN0000445378,z,right_only
1D1D3390-95A0-4768-BFB2-BDEDF52F48D7,,,,,,,ODN0000428710,z,right_only
78DF22DF-A05A-4660-BA79-285B62F6689D,,,,,,,ODN0000440089,z,right_only
AE1F45EE-C20A-468B-9CA8-7D061DC7A0F3,,,,,,,ODN0000434801,z,right_only
7526462C-D503-4AC7-92BD-3C516EC70DE1,,,,,,,ODN0000432732,z,right_only
AB8F0058-0132-450F-857A-3F03E5DE1EA9,,,,,,,ODN0000437110,z,right_only
0D8E63B4-0CE8-468C-9EE6-DD9D14AF1305,,,,,,,ODN0000438334,z,right_only
A384196A-DC07-4DCA-96B2-16EE66E73F53,,,,,,,ODN0000421943,z,right_only
61588D5E-50DB-452B-82AF-DB03472C59F6,,,,,,,ODN0000432756,z,right_only
A9640930-1DC3-4701-96FA-689CC2A88D1B,,,,,,,ODN0000435516,z,right_only
1FA2141C-2537-47DA-9EFF-A91EFFB27E1A,,,,,,,ODN0000432477,z,right_only
771F8A61-24A4-41F3-A9D1-672186FB0EC3,,,,,,,ODN0000432543,z,right_only
EA766C8D-2ED8-41B1-B2CA-9F1A3E57F344,,,,,,,ODN0000433468,z,right_only
1DCFA0C5-412A-4BB0-9CA0-1BD77AA1DB36,,,,,,,ODN0000436174,z,right_only
34557936-5B6B-43C9-BB0E-96FA99557ADF,,,,,,,ODN0000430075,z,right_only
96BA78B3-BA76-47ED-87E0-BF6434AD6D76,,,,,,,ODN0000435017,z,right_only
9B3DC4D1-A3B0-4A18-87FF-91F98D77D303,,,,,,,ODN0000426436,z,right_only
B396D072-4F89-486B-9636-E791663695B2,,,,,,,ODN0000432667,z,right_only
3E5BE550-789A-4E2A-8435-EBE5AFD6EBD8,,,,,,,ODN0000422236,z,right_only
D9629A22-DE8B-450A-8395-B95D3C95F42B,,,,,,,ODN0000434946,z,right_only
9993A0D4-4CE4-44CE-ABAE-2AE5125F38BD,,,,,,,ODN0000434265,z,right_only
0B8C0C3C-DB4B-4EFA-8511-54CDC948C4ED,,,,,,,ODN0000434266,z,right_only
F02F75A9-FE75-4EA1-AAF7-AB32DB798C4F,,,,,,,ODN0000426560,z,right_only
E41D0B5F-8ACE-496A-8F6A-5A131F4DC45E,,,,,,,ODN0000437990,z,right_only
883FF180-1F2F-4D99-BF62-E6ED6EFAE9AF,,,,,,,ODN0000432469,z,right_only
D6374666-E423-4C8E-A10E-DBB998EE5448,,,,,,,ODN0000433627,z,right_only
EFB91ED8-E6EF-4453-AACB-5BE70AC32C1B,,,,,,,ODN0000427203,z,right_only
40226041-DF86-4E70-8768-9DBFF8249E4B,,,,,,,ODN0000422817,z,right_only
29FEDA6D-0BB1-4EA5-B33E-7E4F8EB6BAE3,,,,,,,ODN0000440368,z,right_only
316E532E-2778-4CEC-A65F-7A0F027B51AB,,,,,,,ODN0000437976,z,right_only
CB18984C-592F-4E9A-BD68-CC101056E91D,,,,,,,ODN0000424834,z,right_only
9423BF56-CFE7-4EF2-BDAF-3497CE3B3840,,,,,,,ODN0000429840,z,right_only
F39BEDCC-851B-4864-8A4A-9678D3A86CE2,,,,,,,ODN0000432880,z,right_only
3D595FA5-2569-4220-8B4C-75865FC04B02,,,,,,,ODN0000435990,z,right_only
5610923A-F0D3-4C75-B72D-424CD7240C59,,,,,,,ODN0000425435,z,right_only
D8D773C5-17B1-482C-B34C-122B7D5796DC,,,,,,,ODN0000425882,z,right_only
62E180F8-D93C-46D7-AC6C-761D589FCFAF,,,,,,,ODN0000426751,z,right_only
2309C246-BB80-45BE-A44F-6705DB003330,,,,,,,ODN0000427215,z,right_only
A0CAA684-6EF6-44F4-8235-7DC01A099718,,,,,,,ODN0000436197,z,right_only
4AA376D9-494D-4815-91FF-4FE2CA9D3968,,,,,,,ODN0000433009,z,right_only
4DF79341-3DB2-4EB7-AEA9-8E07A0339FC3,,,,,,,ODN0000427129,z,right_only
54C270CC-B9B2-4FDC-990A-4C4BC9339FF3,,,,,,,ODN0000434401,z,right_only
5AB7D60A-EEF3-4EF3-8D52-895A1160125F,,,,,,,ODN0000423091,z,right_only
A97EC064-434B-4E03-AAAA-526D8D2B858B,,,,,,,ODN0000425789,z,right_only
63A2BF6A-F03E-41C4-9DAD-E90F6B39E762,,,,,,,ODN0000426591,z,right_only
2DEE1FC0-2204-449A-BE5F-888BE45B3801,,,,,,,ODN0000440104,z,right_only
E5FA6257-DB75-48E9-BF11-EC59BCB84DC3,,,,,,,ODN0000433418,z,right_only
759F944D-7EF2-4203-B566-102E282AF5E4,,,,,,,ODN0000443465,z,right_only
6BA12B27-C1C8-4B07-B13F-7BA3C2164AF9,,,,,,,ODN0000432508,z,right_only
70840034-986C-4341-B353-B1CD98C85BBB,,,,,,,ODN0000435896,z,right_only
23EB85AF-047F-4979-86C7-C1550CCC070E,,,,,,,ODN0000432777,z,right_only
7B3384F3-FC2A-45C0-8A90-9515AC92CEBE,,,,,,,ODN0000424983,z,right_only
3ED46546-02AD-40D5-9FAB-58F0907AC56B,,,,,,,ODN0000433321,z,right_only
F9B4818A-3D22-4B79-B4B3-1FF1C260B4F7,,,,,,,ODN0000433369,z,right_only
6F7BAC26-F035-4D90-8DDA-C68CCA6E745B,,,,,,,ODN0000445582,z,right_only
01759D4C-2950-4A41-87B9-4586D34E6647,,,,,,,ODN0000429591,z,right_only
924783B3-B0E1-4B6F-B364-4C07A800E7FC,,,,,,,ODN0000447407,z,right_only
A1F95E50-A7E6-497C-A00A-C95CABD88263,,,,,,,ODN0000433120,z,right_only
5A476A9C-9C4B-4767-8FDD-1539D9F92874,,,,,,,ODN0000424999,z,right_only
DC08F1F5-FDEE-4888-A139-BF96243E4462,,,,,,,ODN0000438592,z,right_only
B9670E1A-5FA7-4A39-AFC8-84A46F89BA7C,,,,,,,ODN0000438246,z,right_only
12A5BE75-D480-4BF1-AF20-1D2FC38D936A,,,,,,,ODN0000434750,z,right_only
D8379B1C-1F3D-425F-80B5-BB6503595C81,,,,,,,ODN0000437749,z,right_only
3E1AA127-0B15-4A16-A560-19EEFB0B507A,,,,,,,ODN0000438708,z,right_only
3405CFF5-0B1B-4655-B965-2C812102B42B,,,,,,,ODN0000437059,z,right_only
A3DBA6E4-2CED-4AD9-98D4-352118AF96EC,,,,,,,ODN0000446096,z,right_only
21CC94E5-DB61-4B0C-8084-422E8A0FF3A4,,,,,,,ODN0000436520,z,right_only
CD45B057-1CF0-4165-AFA7-6E3D9C1E766C,,,,,,,ODN0000435349,z,right_only
B8813382-DE61-49D2-9BCE-A41EF238E81E,,,,,,,ODN0000428438,z,right_only
036C8886-71C7-4C56-98B5-BC6D5F0C98AA,,,,,,,ODN0000427667,z,right_only
1034328D-118D-49D2-822E-C65BE39F08C2,,,,,,,ODN0000436029,z,right_only
57175739-ADB5-4030-8096-7E6120D08595,,,,,,,ODN0000432535,z,right_only
99FF67D3-9D37-4432-96CF-45F44B96F292,,,,,,,ODN0000432605,z,right_only
6CE63DE8-4B9E-4299-8FA0-49EDB2450388,,,,,,,ODN0000434770,z,right_only
A08862D0-D87D-4377-8401-3BA2FA8B58D7,,,,,,,ODN0000432683,z,right_only
20819F0C-0550-4B16-8159-1ECADC274CEF,,,,,,,ODN0000435470,z,right_only
DD48965F-8803-4ABC-856F-D249710C22C8,,,,,,,ODN0000447483,z,right_only
388423C5-D1FB-4F79-9ECB-56333A1AB2C6,,,,,,,ODN0000432586,z,right_only
F8D1CE6E-288A-4684-93AE-8C49B1B38558,,,,,,,ODN0000434153,z,right_only
67CA39F4-18FE-4B12-8356-B8C3C511BAAF,,,,,,,ODN0000432371,z,right_only
6B688B60-7252-4D87-BCAE-C41D4D444F50,,,,,,,ODN0000442660,z,right_only
7591EA98-AD62-4E3B-9556-AFBA005A12B1,,,,,,,ODN0000429542,z,right_only
4C7FD217-FA5A-476B-8ADC-5B9CFE638E63,,,,,,,ODN0000433450,z,right_only
30FB064D-6890-4A39-83A8-C979D292CA37,,,,,,,ODN0000433896,z,right_only
099F77B8-5473-4F92-9E68-B20F70AB0E31,,,,,,,ODN0000445399,z,right_only
319273DD-199D-40CA-9901-35AAADA8EE16,,,,,,,ODN0000423186,z,right_only
2753DD07-C533-419F-A028-B1BDA621DAB6,,,,,,,ODN0000434857,z,right_only
180BD91E-364B-4BA2-8231-5A6C9AD64E1D,,,,,,,ODN0000447095,z,right_only
9F1651E7-3EC0-4382-B252-C8B3A0C79181,,,,,,,ODN0000427830,z,right_only
230D875C-307C-4CB4-84E8-C13C1E097D9B,,,,,,,ODN0000442125,z,right_only
1A66CAD5-0ED1-4530-8D61-BFE7935E3202,,,,,,,ODN0000445691,z,right_only
90316B9E-8BAF-406B-9A56-B012B176F859,,,,,,,ODN0000434072,z,right_only
09880B57-0790-43BC-81C6-CEC3EC5FA172,,,,,,,ODN0000440099,z,right_only
6D0DAD94-D2E9-41E3-B2D2-64E965982B31,,,,,,,ODN0000424213,z,right_only
0E21E059-FE84-4749-B0AE-BFD2E5CF22ED,,,,,,,ODN0000435292,z,right_only
1814766F-7589-4405-87CA-39555D63A306,,,,,,,ODN0000435032,z,right_only
9A01034B-6585-477D-90D2-DF49881A7379,,,,,,,ODN0000428999,z,right_only
6B027543-5908-4B6E-9517-C9C21C576D1D,,,,,,,ODN0000439941,z,right_only
67A1B93F-A59A-4634-9667-04AB53FD0853,,,,,,,ODN0000427007,z,right_only
53522BDE-802E-4089-A9A8-979F3C8E0E18,,,,,,,ODN0000432643,z,right_only
758DE638-D8AB-49C9-A824-09D20C92D97B,,,,,,,ODN0000435184,z,right_only
76976E10-D57B-4897-889D-982F111CE350,,,,,,,ODN0000438047,z,right_only
D24B3875-420D-402F-BA2A-E2D76744EE61,,,,,,,ODN0000439257,z,right_only
A0349550-BAF5-45AF-AE13-A4FED0C59B58,,,,,,,ODN0000426120,z,right_only
6591A20F-B915-4F0B-BFA5-6BAA253341B2,,,,,,,ODN0000436048,z,right_only
F018B923-2E2B-40F8-B8C0-EA9BF25257AE,,,,,,,ODN0000441887,z,right_only
B9397FB1-ED25-445B-A2C7-6FA4EDD96177,,,,,,,ODN0000432810,z,right_only
79B28FAC-B08C-47EC-80B0-35CA77408B4A,,,,,,,ODN0000432752,z,right_only
B0273532-2170-4279-8C70-0B09D3E57633,,,,,,,ODN0000443907,z,right_only
1A3C4B4E-AA43-4859-91DA-C63B46F76102,,,,,,,ODN0000434771,z,right_only
BA6958D3-0F47-4D3C-9CBE-89C45598A5DE,,,,,,,ODN0000447054,z,right_only
4127A50F-E0E3-4F79-9B4E-5EA49E4E091C,,,,,,,ODN0000425332,z,right_only
FE66483F-3CEE-4E74-9198-FD9EC220BD2E,,,,,,,ODN0000436594,z,right_only
AA1D4C27-28B5-4488-BED7-ED876F301801,,,,,,,ODN0000441691,z,right_only
B6B88707-E714-43F9-98DF-46DA375E054E,,,,,,,ODN0000443257,z,right_only
878DABB9-32C5-4631-AF40-6CA198AEF9AE,,,,,,,ODN0000422907,z,right_only
5480C92D-371D-49A6-831E-90D3DE50FE1A,,,,,,,ODN0000438139,z,right_only
0D8F5BF9-EF50-43E5-AF6C-802EFCEEC99E,,,,,,,ODN0000430530,z,right_only
CF7173F1-1519-4CBC-A2C7-5EE36E1B773F,,,,,,,ODN0000440128,z,right_only
FBDAB5A5-B149-4ADA-95B3-004090717999,,,,,,,ODN0000425420,z,right_only
3AC2D373-B99B-4BBD-9216-578515DD1BF1,,,,,,,ODN0000434827,z,right_only
1DC96645-1F0C-441B-97B9-64CFB886060B,,,,,,,ODN0000442822,z,right_only
BACFBEC9-1756-406B-9164-7A9BBA4825AE,,,,,,,ODN0000432718,z,right_only
37523D74-FBBF-439D-B258-A739D88B861E,,,,,,,ODN0000432522,z,right_only
25E5866C-B72A-455A-A481-9ACA00704928,,,,,,,ODN0000432540,z,right_only
E321723F-91DB-403B-85C4-E5E7AFBB6F62,,,,,,,ODN0000433771,z,right_only
70F06902-7049-4E2C-9E20-227F8AE18CF7,,,,,,,ODN0000432547,z,right_only
9299B8DF-C38D-480B-A3D9-E7849212DEB0,,,,,,,ODN0000436581,z,right_only
63574095-31D5-4E15-8AC7-B54B73E71DAB,,,,,,,ODN0000430614,z,right_only
FC135D15-5B92-4CAC-BED9-A6E0A441FF65,,,,,,,ODN0000440893,z,right_only
A62B7652-21D9-47F1-9262-706076FBC5D4,,,,,,,ODN0000447340,z,right_only
A3580571-77F9-4E40-B352-8640C9AC9560,,,,,,,ODN0000444323,z,right_only
4A347539-43EA-4211-B05D-C92FEC6D14C3,,,,,,,ODN0000429761,z,right_only
51911D9B-B23E-41F3-91AF-0FBC70EEAB84,,,,,,,ODN0000433536,z,right_only
16872C4E-3B41-4E1F-AF61-008872FBFFFB,,,,,,,ODN0000439582,z,right_only
65128F18-6801-4FE8-A7AD-774BA4184025,,,,,,,ODN0000445236,z,right_only
E3697C28-0015-4DCE-9824-DFBC314F4A96,,,,,,,ODN0000432807,z,right_only
69205630-9DD3-4CE6-9207-864650AB45C6,,,,,,,ODN0000421750,z,right_only
2B5489B1-2362-4FA1-BBF9-2A25C0F717D8,,,,,,,ODN0000439155,z,right_only
3FBAF90D-F958-4816-8707-CBFF4C11EF43,,,,,,,ODN0000445204,z,right_only
66B48C68-E86B-4173-AF89-4264246580F7,,,,,,,ODN0000446504,z,right_only
6591F8E6-661E-44DC-9248-E929E604FBE3,,,,,,,ODN0000423813,z,right_only
E98CAAE0-714F-4E6F-9811-B3EF1800C5A3,,,,,,,ODN0000429088,z,right_only
8614B649-AAA6-4D4E-AD45-3498E664E5FE,,,,,,,ODN0000433410,z,right_only
0E9DC18E-38B3-479C-BFA1-5D43EE481019,,,,,,,ODN0000437744,z,right_only
55906FC8-030A-45A1-9F96-D3E3C5402348,,,,,,,ODN0000421975,z,right_only
DA8C7118-7C08-4E4B-9EFA-5E9E45CA7E25,,,,,,,ODN0000435848,z,right_only
2AE304B1-ED71-4026-AC84-E52EB9AC29D2,,,,,,,ODN0000437974,z,right_only
D3ABC9DF-8008-483B-AE64-7A645900CFE0,,,,,,,ODN0000432521,z,right_only
3C62350F-302B-42E6-A964-DB78D3CE7EEE,,,,,,,ODN0000431412,z,right_only
B4237510-EC85-4444-922D-B5CC56D24800,,,,,,,ODN0000432884,z,right_only
3ADFA006-E4EA-4B8A-922E-464E5EBFA2FE,,,,,,,ODN0000440953,z,right_only
FCDFB83A-E740-48F2-857F-55EFF21A172B,,,,,,,ODN0000435052,z,right_only
43D2D8F7-F0AD-4DF9-8C09-91EDF53793AD,,,,,,,ODN0000433813,z,right_only
DF7BD21C-A9E4-4C7A-848A-C51F95F853B3,,,,,,,ODN0000445885,z,right_only
873B429D-8BD2-433E-9B2C-8FBA0244E022,,,,,,,ODN0000427246,z,right_only
AFA4A2F6-987E-47E2-A7D9-A8728EA75E62,,,,,,,ODN0000434874,z,right_only
7A124EDF-4BD8-45D8-BD33-DAB1A9E8BA7D,,,,,,,ODN0000432021,z,right_only
A9DC7AF8-46FD-4BE8-BA46-17BCEED82E43,,,,,,,ODN0000432935,z,right_only
86FCC300-2444-4E62-8B3F-F83AD4F44E35,,,,,,,ODN0000436913,z,right_only
AE4A85D2-CA46-4F69-9395-4CCFA808BB65,,,,,,,ODN0000436302,z,right_only
D50A6C2C-4819-4378-B835-EBA74BD7D5F4,,,,,,,ODN0000433419,z,right_only
10E8A1D9-1FDD-41E9-9B6F-79364A6875B6,,,,,,,ODN0000436380,z,right_only
BE3B2884-4D83-4E3C-8880-B938895E5985,,,,,,,ODN0000432844,z,right_only
FC53900E-C74A-41DE-BC01-7D5DC79F31E9,,,,,,,ODN0000433646,z,right_only
F5201894-89D8-487D-BA52-CEF6652D4A12,,,,,,,ODN0000437973,z,right_only
8F34F244-A2BF-490A-9A84-C43EBC4D13F4,,,,,,,ODN0000436162,z,right_only
1129FA0A-E80C-436B-9BEC-2ED362FAE5DF,,,,,,,ODN0000427871,z,right_only
C6C96E23-9810-46C7-9A57-7ADB478000C0,,,,,,,ODN0000439806,z,right_only
042E45BA-BBD1-426B-AF10-34B579C00241,,,,,,,ODN0000429997,z,right_only
739BFA5B-CCF6-4A9E-B033-D1A444F1331A,,,,,,,ODN0000430801,z,right_only
57263520-1E71-4E25-AF70-C81C75A8F2DB,,,,,,,ODN0000425000,z,right_only
427B1E61-A9A2-4C07-9F75-0E829B5B0E43,,,,,,,ODN0000432803,z,right_only
22A1451B-6BBB-48CD-A55F-1AA0123146D9,,,,,,,ODN0000425540,z,right_only
4415C0FF-7955-4C43-A9BD-64FF3BBD3D5F,,,,,,,ODN0000439003,z,right_only
749007DD-430F-4511-9B34-30AF6DC832E4,,,,,,,ODN0000427217,z,right_only
DC5841FD-CA7F-4F3A-968E-59B1018A45AA,,,,,,,ODN0000433149,z,right_only
7341E641-911D-4188-97CA-92C312F630ED,,,,,,,ODN0000448273,z,right_only
33348300-A3CA-4B25-ADCD-BB1EA4637FB3,,,,,,,ODN0000432634,z,right_only
509D0D0D-1576-45D4-8339-19332314FAB0,,,,,,,ODN0000432635,z,right_only
F7BA0B4A-CF80-4C45-A333-972CD89453FD,,,,,,,ODN0000422905,z,right_only
186FE0C7-1617-403D-93F7-8770BF78DB2C,,,,,,,ODN0000421774,z,right_only
B55135B3-B358-4F6D-A2C8-1E37C60A8B02,,,,,,,ODN0000423696,z,right_only
2E2F4AB4-577C-478F-A8DB-885B2CFF1634,,,,,,,ODN0000448983,z,right_only
BC3BAA46-E9B1-4A90-BAEB-B47BE855BF81,,,,,,,ODN0000441789,z,right_only
6ED3A156-FDE6-42A1-A815-F4E4562D9806,,,,,,,ODN0000425318,z,right_only
7E856EEE-FE97-44E2-A5CC-680F083DDB5A,,,,,,,ODN0000431528,z,right_only
78C5B10A-F35B-47DC-B0D4-F6EA9E43F423,,,,,,,ODN0000424708,z,right_only
E7E02B30-06E7-4D6D-9510-A83E6EBFAA5E,,,,,,,ODN0000448693,z,right_only
67CC0AF2-193E-4195-A30D-205A0F2B1E3D,,,,,,,ODN0000437035,z,right_only
F85CE890-6C43-4665-9A04-1F54261011CA,,,,,,,ODN0000447277,z,right_only
2CFCD1C9-BC3E-435D-9A39-5F88968867E0,,,,,,,ODN0000426592,z,right_only
D49E0571-4CC8-42DF-9D64-7855AA39C86E,,,,,,,ODN0000439611,z,right_only
466D30FF-3DDC-4DAC-BB1A-1B8C733002CF,,,,,,,ODN0000438061,z,right_only
951DDC10-1750-4BA6-843E-714F52802EAC,,,,,,,ODN0000438486,z,right_only
05D84DD3-A9DC-4771-8A35-4C1B5E8CCDBE,,,,,,,ODN0000435083,z,right_only
ADEF5967-0F74-4B9D-A143-7AD0A29C676E,,,,,,,ODN0000437221,z,right_only
9B436CB1-850D-44E0-B04C-E6ED1D68F1F5,,,,,,,ODN0000445523,z,right_only
400A8184-653C-47D1-82BA-0E60250594EE,,,,,,,ODN0000431667,z,right_only
90944B7F-475A-4C3C-9454-01785C331570,,,,,,,ODN0000432556,z,right_only
7A530243-D025-4CD9-9019-F2B6D430B4C1,,,,,,,ODN0000421983,z,right_only
07C0E0FB-1576-463C-88AB-20F94AD7D67D,,,,,,,ODN0000431237,z,right_only
A70F8000-A9FE-4D07-B079-7A94B66D1869,,,,,,,ODN0000426803,z,right_only
64816765-F14F-4C00-9BC4-AD114A5820AC,,,,,,,ODN0000425807,z,right_only
36D6CEF0-75EB-4E1E-BC25-FA92C47B6B9C,,,,,,,ODN0000433440,z,right_only
933BA7CE-933A-40FD-88C6-91D61652A686,,,,,,,ODN0000439115,z,right_only
EBB2AAE6-1ADB-46D6-8B6A-F35BFC0E7B4F,,,,,,,ODN0000433500,z,right_only
A2CDFB5E-A08D-47B0-8F40-4DD7F90C63BE,,,,,,,ODN0000433287,z,right_only
38FE330E-39BC-4BFC-A691-05C5EE039BCB,,,,,,,ODN0000444061,z,right_only
5DE181F8-3515-4520-B5F1-0E21097CE08F,,,,,,,ODN0000426077,z,right_only
FD21B67A-9775-4BCD-8C7A-D7132049D662,,,,,,,ODN0000443675,z,right_only
96C22AA7-4E2F-448B-8B70-7EACBC81378E,,,,,,,ODN0000431034,z,right_only
EC34ACDC-B581-436F-835D-F68AA0897D0B,,,,,,,ODN0000422452,z,right_only
1844E561-3D0C-476D-AA5A-5574AAF7BBAA,,,,,,,ODN0000447070,z,right_only
5AAF7836-FC95-4FEF-82C1-FA30F45D9451,,,,,,,ODN0000436152,z,right_only
0D90C15F-5E2C-4AB8-A827-E0B958D519F5,,,,,,,ODN0000437510,z,right_only
53ACEA1A-0BC8-4731-89E2-7843975C4DA4,,,,,,,ODN0000430956,z,right_only
5DCC2DF3-F952-4D24-8416-545FE47FB688,,,,,,,ODN0000433834,z,right_only
206AB8BB-21A1-4131-ABB1-44E1C7C49D7B,,,,,,,ODN0000433353,z,right_only
378F8BE2-263A-40E5-9AF8-010300F92486,,,,,,,ODN0000424472,z,right_only
8BD2786A-ADD7-4041-A609-1065BAF0A139,,,,,,,ODN0000429768,z,right_only
EF0D7F0F-3E17-4651-95DF-22622913ECDA,,,,,,,ODN0000432507,z,right_only
629767BA-50D8-4C4C-9114-3C508E114DDE,,,,,,,ODN0000433643,z,right_only
FFE65632-16FD-4B13-AFB7-82CD0E9C7C4D,,,,,,,ODN0000438151,z,right_only
0F47E62A-95A7-4B47-A3FA-22A4FC84CC44,,,,,,,ODN0000432677,z,right_only
F71A8A63-C31D-4053-B13F-00E2B8F8190B,,,,,,,ODN0000435932,z,right_only
BC5BC722-BD5E-4A55-9A1F-919FA4BD5196,,,,,,,ODN0000435930,z,right_only
29719404-9C38-481F-ADD3-741E92905FDD,,,,,,,ODN0000435931,z,right_only
7545C904-3065-4317-836B-47BC1EFABEDA,,,,,,,ODN0000432699,z,right_only
74F6915F-8156-4CFB-82AD-D0C250816573,,,,,,,ODN0000433203,z,right_only
CC72D1E2-40E6-4188-873B-22D68D6511B7,,,,,,,ODN0000448584,z,right_only
B581CC6A-A87B-41CC-BBEB-0AFDAC318943,,,,,,,ODN0000434992,z,right_only
03E061AC-D2E1-4C37-A8D6-98EBD1DB513C,,,,,,,ODN0000423279,z,right_only
4F3C2A0C-9F47-484D-9E59-1C1F80E34722,,,,,,,ODN0000428942,z,right_only
B0A669E9-9D84-45AD-A2CF-30271BFFCDAA,,,,,,,ODN0000420835,z,right_only
D1092364-5289-4D1A-84BE-5A1396C743CB,,,,,,,ODN0000449153,z,right_only
2A2D53B1-E12D-4372-8287-3A39F50B1625,,,,,,,ODN0000433704,z,right_only
3D67707C-1FBE-46B4-86A6-585650DB4A7C,,,,,,,ODN0000424933,z,right_only
D6D53956-7987-4124-A364-5D75642848B1,,,,,,,ODN0000433265,z,right_only
BA625DB5-E436-479E-B42E-9598A8A4A71C,,,,,,,ODN0000422716,z,right_only
B571BAC3-7A67-411E-9D3D-1CCF3EB4A3F6,,,,,,,ODN0000432741,z,right_only
99E17C37-9BAB-45F9-94A5-7DED44FDF9CC,,,,,,,ODN0000448419,z,right_only
942BE070-C169-4935-AB66-BFFD394D37E3,,,,,,,ODN0000424163,z,right_only
8B918055-83EA-466B-81E8-B5C94F99B30E,,,,,,,ODN0000440136,z,right_only
4E3989A5-2893-4967-B115-14D39452ABA6,,,,,,,ODN0000427510,z,right_only
79B46D99-4ECD-416A-868D-97F2B8BF217E,,,,,,,ODN0000426635,z,right_only
39709B28-DA57-45C6-A021-3B1A87428988,,,,,,,ODN0000442058,z,right_only
F13331B2-AF03-49BB-AF95-38C0A1698D77,,,,,,,ODN0000434352,z,right_only
2E6FF8CD-1380-4BBA-A7C2-2AC2F0CEA28F,,,,,,,ODN0000438440,z,right_only
D055F744-BB6B-42A5-A116-1170196B9D0B,,,,,,,ODN0000433018,z,right_only
C7CC2AAD-C4D4-4088-ADB6-261900597449,,,,,,,ODN0000438264,z,right_only
52A17106-31C2-4103-B697-C8484E9CE03E,,,,,,,ODN0000432809,z,right_only
48959A7A-7820-44D9-908B-1C0DAE093E2F,,,,,,,ODN0000442046,z,right_only
C0A63EAA-BDF7-4005-B213-219BEF2D608E,,,,,,,ODN0000445334,z,right_only
3BFFA087-B998-4DEF-85D6-01A72C8D0BD9,,,,,,,ODN0000434421,z,right_only
A078B173-B518-4B32-972D-D7EA7192DB26,,,,,,,ODN0000434026,z,right_only
AC666179-5285-40DC-91C6-720C6E20E524,,,,,,,ODN0000436740,z,right_only
415D8A27-C09E-4D40-B88D-04EF34294B8B,,,,,,,ODN0000424800,z,right_only
373FEA84-E60F-4029-95AE-23FFBB5989CB,,,,,,,ODN0000423861,z,right_only
4B6E2B58-DA6D-4394-8623-659E853BCC87,,,,,,,ODN0000434330,z,right_only
0DC56A68-EB83-4121-BE57-CE0A3E3B8A2C,,,,,,,ODN0000432946,z,right_only
586EA8AC-11A2-469F-9ADC-0B846234C797,,,,,,,ODN0000434990,z,right_only
23D8BE46-E206-487A-8493-F0EB0823295F,,,,,,,ODN0000435336,z,right_only
C4E1C09A-FEB5-418E-9216-6EBE98E12E4E,,,,,,,ODN0000426642,z,right_only
7D85107C-77B8-45DA-827A-C03B05FA5C18,,,,,,,ODN0000437387,z,right_only
2F3F1AFB-389D-43C9-A23C-1EF4F8491FCF,,,,,,,ODN0000433624,z,right_only
FA407279-42FB-4010-9A73-DF641B2E16F8,,,,,,,ODN0000432770,z,right_only
6FA4445C-CCDF-45B8-B4C7-76D53C2D5A14,,,,,,,ODN0000427136,z,right_only
4F68E902-FBA4-4EE2-8334-44936E17A698,,,,,,,ODN0000447549,z,right_only
7F3EAF37-0E1B-463A-B7A2-A53063C9D7B0,,,,,,,ODN0000442086,z,right_only
1618B75D-071D-43CB-92E5-61C236E5E837,,,,,,,ODN0000434017,z,right_only
002672E8-755D-4D37-9F01-5F1BC91567D9,,,,,,,ODN0000437473,z,right_only
88FA7012-F9D3-4085-B359-748731E332AB,,,,,,,ODN0000432806,z,right_only
D4657E07-CCB5-4B57-A430-A2721E059282,,,,,,,ODN0000447290,z,right_only
B5D22F47-3785-465C-9616-9239668E644C,,,,,,,ODN0000435795,z,right_only
B4AD72CE-79FE-4C55-B3C7-3B3D844E9750,,,,,,,ODN0000445552,z,right_only
6157B3CA-50F1-4838-8BA3-7DD0765CFD50,,,,,,,ODN0000438503,z,right_only
D98E29AE-9B19-4FF4-BFF4-5F2E667DB155,,,,,,,ODN0000440960,z,right_only
779F0732-17C9-4CD3-8EFB-24596EEA6B80,,,,,,,ODN0000433269,z,right_only
A0359EDC-F551-4A99-828A-25DA124B998F,,,,,,,ODN0000434835,z,right_only
4377241E-3B6A-4EBF-A2FB-7A7ECF1B08DC,,,,,,,ODN0000425806,z,right_only
D765EB34-AE81-44F9-87A5-D4BCF1FEE5D5,,,,,,,ODN0000432933,z,right_only
02C38D4B-C8C1-4EFC-AFF5-0B3BE426624D,,,,,,,ODN0000434702,z,right_only
3DAA24DE-B78E-426C-9564-8C46827A635A,,,,,,,ODN0000438030,z,right_only
281C4020-5627-4477-8A68-9507CDD5D41D,,,,,,,ODN0000437848,z,right_only
D36CDDDA-ADD3-486F-965D-EC524E95BDA4,,,,,,,ODN0000424031,z,right_only
8FD69AD7-264A-41FF-86D1-19997F2F0EB3,,,,,,,ODN0000441471,z,right_only
579CD2BC-623D-40D3-A897-EB6153EA2500,,,,,,,ODN0000434590,z,right_only
270FDAF2-5C08-473B-815E-D9FE5365FF0A,,,,,,,ODN0000430829,z,right_only
86D611F5-3593-4392-B771-B5B310417B01,,,,,,,ODN0000434972,z,right_only
E91835F2-F97A-423F-A75A-6FA41FB2718B,,,,,,,ODN0000441434,z,right_only
FD6CD756-F644-4B90-AF3B-40A5113CDD99,,,,,,,ODN0000425059,z,right_only
CE5E7FBC-4243-41D4-B82D-10F3177642C5,,,,,,,ODN0000432697,z,right_only
09001474-4A9E-4B2B-B470-DCDAA7C4C46B,,,,,,,ODN0000438723,z,right_only
769F5C39-FABF-4C1F-BE8C-CE00AEC2976B,,,,,,,ODN0000433588,z,right_only
4B4E8133-038E-46E1-869D-4AE5D1A5890D,,,,,,,ODN0000435418,z,right_only
B78A0F72-2374-491F-AA08-4893A8A95032,,,,,,,ODN0000432976,z,right_only
21890969-D2A6-4E48-9733-C7EB4E553601,,,,,,,ODN0000429281,z,right_only
CC5E4F3C-E5CB-4A87-8343-87466E68696C,,,,,,,ODN0000447258,z,right_only
611EC285-718E-4E79-AE2B-535C6327C955,,,,,,,ODN0000433163,z,right_only
DA080911-7762-4974-890D-64F4EBA6E165,,,,,,,ODN0000429508,z,right_only
9FD90E07-A5FF-4718-8ED8-59B0B5369A57,,,,,,,ODN0000425152,z,right_only
B47541CB-00F1-4156-87CE-CDE2412A2BD2,,,,,,,ODN0000445580,z,right_only
89D88967-5CAC-4E65-ACE6-9D7D802816F3,,,,,,,ODN0000444931,z,right_only
078B4C2C-D737-466F-A3C0-8303DA65108E,,,,,,,ODN0000424284,z,right_only
A7FA42A8-1E8A-47CE-B178-E714A1EF7735,,,,,,,ODN0000440107,z,right_only
64C029AD-4392-42CB-BAE7-4FE480ACDD89,,,,,,,ODN0000434301,z,right_only
4461E4A8-E03E-4E2F-976B-9BF752B1E560,,,,,,,ODN0000428307,z,right_only
8DFBE9FB-7B31-4900-AB36-B06B7DAB8260,,,,,,,ODN0000433732,z,right_only
214E069F-41A5-493C-B310-EB5109E308A4,,,,,,,ODN0000430035,z,right_only
B3B96486-93AE-4F7E-9CE0-8F84EDAAA61C,,,,,,,ODN0000440742,z,right_only
1F4B3BBD-5BCB-4E50-A655-87FF61E51D67,,,,,,,ODN0000438252,z,right_only
59673E17-43A6-4F59-8ADD-AA915C58DB8A,,,,,,,ODN0000435318,z,right_only
308931E1-5ED0-467C-8AB9-AB4CFED989E8,,,,,,,ODN0000421612,z,right_only
B11274DC-E177-4742-B741-AC0C0262E1ED,,,,,,,ODN0000426979,z,right_only
8E402E7A-5F23-44D4-A0E0-502589A03CD7,,,,,,,ODN0000428921,z,right_only
8F53490F-BBD5-4925-B91E-5A1F0B0C4F44,,,,,,,ODN0000428482,z,right_only
7033650E-86B9-454B-B8A3-CE46FBEBABF2,,,,,,,ODN0000421779,z,right_only
46F22EB0-758E-4D8A-B569-39ADA33FEBF7,,,,,,,ODN0000426906,z,right_only
026B2406-A631-4A56-BEC6-A9E368F09E78,,,,,,,ODN0000420933,z,right_only
9B2AB6FA-5D26-48F1-8F0C-00FD52FEDD1D,,,,,,,ODN0000422104,z,right_only
705BD9FA-037C-4556-BCBE-35252B842E2F,,,,,,,ODN0000434353,z,right_only
BE62349D-ABAA-4242-8816-FF8CA9E1AD7D,,,,,,,ODN0000430413,z,right_only
D0B82D50-E6CD-43FD-84E2-D197600183C1,,,,,,,ODN0000433233,z,right_only
83F3FAE6-574D-4956-8633-41133C2396FC,,,,,,,ODN0000433127,z,right_only
74C26308-847B-417C-A4AC-EF51A6BC703B,,,,,,,ODN0000443197,z,right_only
1BA86A0C-56AC-44C4-BC07-B6EDC6F48E6F,,,,,,,ODN0000440660,z,right_only
BEA2E55B-FBE4-4DBF-A076-8D480F6BC5B9,,,,,,,ODN0000423085,z,right_only
4264DCDA-39B0-42FB-AB62-372DE324C86E,,,,,,,ODN0000432731,z,right_only
1A5E668E-D864-40C3-95B3-896641CA8125,,,,,,,ODN0000432595,z,right_only
4F6EAD64-E942-4E6D-9158-2EA4F2CEE818,,,,,,,ODN0000432593,z,right_only
EC775975-5859-4341-A1E7-CCF521D86EAE,,,,,,,ODN0000433008,z,right_only
42161650-CF71-46A3-A2C9-5C0067256369,,,,,,,ODN0000440090,z,right_only
1A3E4131-AC0F-49B0-BBFB-FA48D6DDE2ED,,,,,,,ODN0000438033,z,right_only
5E4D799F-21E6-46E8-A582-39393DC033B6,,,,,,,ODN0000448434,z,right_only
9ECAD2CB-0D29-4502-AF23-A550EC8BDBB8,,,,,,,ODN0000448541,z,right_only
D19A3235-84F2-4FB6-B02E-239DC0475554,,,,,,,ODN0000435562,z,right_only
8F3F18D2-AFBF-4678-A3CA-C9037D089F0F,,,,,,,ODN0000438150,z,right_only
C41CE3FC-BC58-457C-97C2-B5BAB1D030C6,,,,,,,ODN0000420963,z,right_only
0F5B02EA-725C-4D5C-9092-B30AB61BC690,,,,,,,ODN0000447510,z,right_only
1C50AA95-1F4E-46BE-86D6-7639FE7930C2,,,,,,,ODN0000431799,z,right_only
CA2D86CC-0517-4290-9014-52B2CC1C8BC5,,,,,,,ODN0000431809,z,right_only
B0F3F63A-A2D0-46B0-BC89-DBE28184169E,,,,,,,ODN0000441118,z,right_only
B6EAE6BC-35C8-46B5-BDE2-F3B8C0D27E35,,,,,,,ODN0000432711,z,right_only
BEBA5DDD-523F-4045-B545-B29AB3CCEB5F,,,,,,,ODN0000439063,z,right_only
512ADCF1-5FF8-4DCE-97F8-A835C996CA36,,,,,,,ODN0000432622,z,right_only
F1B2C144-63AA-4CCE-81F2-99563566F1A9,,,,,,,ODN0000432902,z,right_only
0F6DFDCD-5A8E-4AAF-93A7-3F44A6B6CADD,,,,,,,ODN0000435363,z,right_only
FDC3F6CB-7AEF-45B6-9C67-86BF83A485EB,,,,,,,ODN0000436177,z,right_only
1F3713E5-A8DE-44CF-9898-3ED048B5E3FA,,,,,,,ODN0000433661,z,right_only
EB8D1E8C-069C-4B8D-9CC8-92C26EC24A47,,,,,,,ODN0000438721,z,right_only
3C9C5796-2CA3-422A-B95E-7085DF23FC0D,,,,,,,ODN0000438720,z,right_only
8DF0F21C-57B6-4C0E-83D0-EA8E01830B80,,,,,,,ODN0000438710,z,right_only
C535CE38-FA71-4D2A-9BA7-38EABC179C6E,,,,,,,ODN0000437355,z,right_only
287ADDDA-51F9-4331-9D8D-C69774E0DAD6,,,,,,,ODN0000435109,z,right_only
05FB7E91-C3C5-4AB6-B5E7-8DA77558933A,,,,,,,ODN0000432779,z,right_only
2E7B19D1-9B12-4D01-9588-8EAD2F0C7446,,,,,,,ODN0000432789,z,right_only
D9AAEA69-0DDF-44B4-8BF8-E99A08554463,,,,,,,ODN0000429301,z,right_only
01B9F3F1-36DC-47FE-B678-5B4B9F4CF200,,,,,,,ODN0000434669,z,right_only
8E38BC52-F676-4D34-904C-E7B5BB6EDE42,,,,,,,ODN0000421174,z,right_only
D7757438-F46E-48BB-88D5-860A5BD41507,,,,,,,ODN0000448966,z,right_only
551E13D3-2DAB-4BCD-AFD5-49FC0CA599F8,,,,,,,ODN0000434287,z,right_only
124A6DC6-95E0-4B8D-ABB8-C4859972A64B,,,,,,,ODN0000434288,z,right_only
6C40121C-93F2-48F5-8F2D-43F704522AA9,,,,,,,ODN0000434289,z,right_only
82B9D680-D420-4105-B871-95453A858839,,,,,,,ODN0000434290,z,right_only
25ED31F4-282F-4581-BE76-348D4019BE08,,,,,,,ODN0000434291,z,right_only
2C7FAD0E-4CDB-4DB5-95E3-C6704E8DBB5C,,,,,,,ODN0000434292,z,right_only
7BC929B2-0C9D-42F0-BE8C-053C0E399186,,,,,,,ODN0000434294,z,right_only
49205AA9-B041-435B-9BA8-1F46E672582D,,,,,,,ODN0000434010,z,right_only
F869D0C0-12C5-4E19-8F03-C63495C54E53,,,,,,,ODN0000435771,z,right_only
0765AACF-1982-4521-9D2B-8BBB0E5949EE,,,,,,,ODN0000432848,z,right_only
AE325555-D822-4841-8CB8-3F2A0A3A1CA7,,,,,,,ODN0000433499,z,right_only
7934E967-6885-4B27-9926-A1642D47B1D5,,,,,,,ODN0000433534,z,right_only
26014400-6339-4B16-BD1C-50AEAE8BA9A9,,,,,,,ODN0000432481,z,right_only
D239754B-7B52-4B6C-AC00-C6AC7E9493D2,,,,,,,ODN0000436182,z,right_only
E0A91853-DF37-4A06-BCAC-9206AC4821D5,,,,,,,ODN0000440638,z,right_only
5BB22321-E640-4AB6-AB06-88D0FF7B1B55,,,,,,,ODN0000433971,z,right_only
328A8CB4-90AB-48F4-BE45-6B45EF32416C,,,,,,,ODN0000437095,z,right_only
EA3858CF-F04E-4E31-937F-46288BDB347C,,,,,,,ODN0000421090,z,right_only
9303F6A9-3C40-4572-923C-37767D18E111,,,,,,,ODN0000423650,z,right_only
EF82587B-1E9F-46A6-9208-6B4A9938A2EE,,,,,,,ODN0000429004,z,right_only
DBB4CB70-511B-4EDD-995F-23659C7325D0,,,,,,,ODN0000431162,z,right_only
F1E78E3D-2E88-402C-B1C9-C41BFE98AE43,,,,,,,ODN0000441013,z,right_only
BCCC5553-8610-48C5-AD19-C0D4F764FCC1,,,,,,,ODN0000426473,z,right_only
29E8601D-8536-4D2A-A96A-879731C64C26,,,,,,,ODN0000429994,z,right_only
B5ED022B-6AA3-42F4-9DA0-3E609D9EFEE1,,,,,,,ODN0000439064,z,right_only
37ADB6F6-7083-46FF-B8DF-104643E92278,,,,,,,ODN0000425463,z,right_only
BCD437F1-1C05-4F1E-AF06-8CEB53EA07D1,,,,,,,ODN0000438426,z,right_only
8A0AB466-6B32-419E-A335-7672243611BF,,,,,,,ODN0000425204,z,right_only
F8665A2C-7DCE-47A6-A940-C67367EB69D2,,,,,,,ODN0000423653,z,right_only
5888EE7A-76D0-4A85-A461-983E59FAF4AB,,,,,,,ODN0000437809,z,right_only
8AEE721B-BB62-4456-A2DC-C7D913457EB5,,,,,,,ODN0000445488,z,right_only
E6641E6C-B95E-40E8-8665-C83703F12824,,,,,,,ODN0000446695,z,right_only
E84880DC-1A2C-4B45-BAB9-753DE5BD08EA,,,,,,,ODN0000446974,z,right_only
BCC7414F-3D73-4BE2-87F5-4AE9AB1EA5AE,,,,,,,ODN0000443704,z,right_only
EEBC5782-7489-4ED8-A926-BD6D7BF2FAFB,,,,,,,ODN0000425248,z,right_only
6B51753F-E4AE-4CC2-ACBA-9CC65B5FCCCE,,,,,,,ODN0000434381,z,right_only
34A1DC81-3617-477B-95A0-31AE363169C2,,,,,,,ODN0000429431,z,right_only
CBC50E8B-19D9-4D5B-95E3-CA3AF53B3092,,,,,,,ODN0000448820,z,right_only
FADA592B-9DA0-4E99-9B60-3AA21A78EFD9,,,,,,,ODN0000448690,z,right_only
F0F434BD-9827-4038-A350-3824B20C254A,,,,,,,ODN0000436704,z,right_only
D3DBE299-9B50-46E2-B209-13670C6B8054,,,,,,,ODN0000427748,z,right_only
440CE247-7FC8-4B12-BEC2-8C0FD53BB50B,,,,,,,ODN0000433772,z,right_only
A0AE5805-B0C5-4696-84F5-094120FD3981,,,,,,,ODN0000432591,z,right_only
AA754243-F73B-4023-BA41-507E83F90439,,,,,,,ODN0000432417,z,right_only
D818DF2D-5CC1-4397-AB18-0545E7F6ACDB,,,,,,,ODN0000440908,z,right_only
3D7887A4-92C9-453D-B3E8-26DE379A2026,,,,,,,ODN0000433206,z,right_only
AF804FF8-CA1A-4BD7-8A66-41FB17958A27,,,,,,,ODN0000425615,z,right_only
FB89BAA1-D369-4BE5-B745-A96406B288E2,,,,,,,ODN0000426467,z,right_only
21528154-0628-4B4B-91FD-03DBAE99B385,,,,,,,ODN0000426637,z,right_only
16B332FF-FDE3-4A12-94F2-490ABA179518,,,,,,,ODN0000447414,z,right_only
9E0C78BE-706C-426A-B474-FDA880668DD7,,,,,,,ODN0000429295,z,right_only
49A7AD68-15E3-42AE-B48D-832576684EEF,,,,,,,ODN0000439670,z,right_only
3C7D1953-3499-4F14-82D8-CE62C401D794,,,,,,,ODN0000449144,z,right_only
12BEA5D5-571B-4AA2-9A8C-2844CC0D5360,,,,,,,ODN0000434483,z,right_only
49655ED5-A77A-4CCF-86FD-E2C2D4001B16,,,,,,,ODN0000441159,z,right_only
97C848AE-2E83-46EF-BA7A-64DC90B0AFD8,,,,,,,ODN0000436042,z,right_only
BBFD9B0B-532F-4898-A52E-9397FD58BF1A,,,,,,,ODN0000447892,z,right_only
5D2011E3-7A09-40A9-8A51-C0F54AE50D1B,,,,,,,ODN0000428362,z,right_only
4F46F044-2A86-437B-9F1A-8020D4CE8196,,,,,,,ODN0000438531,z,right_only
53DEC7FD-60FE-4BF1-8EF9-A6B2EDA8C3E0,,,,,,,ODN0000424976,z,right_only
979C1871-8747-4818-A251-CF3C70CAED14,,,,,,,ODN0000438734,z,right_only
1B9EF340-7008-45BF-9E57-5D3FCB76E7A9,,,,,,,ODN0000434423,z,right_only
EB036DDB-4A83-4B08-92EF-D7E8A0129B00,,,,,,,ODN0000433431,z,right_only
22E997D7-47B4-481D-BD24-3B6C7BA6871A,,,,,,,ODN0000426547,z,right_only
AEC666D7-92CB-47B1-A1A7-3DB351FFDE2E,,,,,,,ODN0000433222,z,right_only
DE94CCC0-C613-4FEB-8F36-5AFA85BA4ED5,,,,,,,ODN0000433078,z,right_only
7DD06FA7-041B-4AC5-8DD1-D58100EC140A,,,,,,,ODN0000433079,z,right_only
0F520552-487B-4984-82F3-086E4445D385,,,,,,,ODN0000433223,z,right_only
F6DBCCE2-1096-44BB-9622-0E6802F47E48,,,,,,,ODN0000433224,z,right_only
D9218D53-97E3-41A9-9AF6-52F7319C9E24,,,,,,,ODN0000433080,z,right_only
2AFDC627-43C1-40B2-82CD-CF8E9EBB0E74,,,,,,,ODN0000433081,z,right_only
BE0BE9D7-E3AF-4E7A-B770-CBA260F31E75,,,,,,,ODN0000433225,z,right_only
18C3A73E-0392-4CFE-B54E-5919B0DB27DF,,,,,,,ODN0000428164,z,right_only
93230B09-907E-4ED1-A704-0EEFDA196A1A,,,,,,,ODN0000422979,z,right_only
2E3C7363-867D-48A5-895E-65DEF4A8AB58,,,,,,,ODN0000432940,z,right_only
64BEB099-57A4-48D1-B6ED-7252D3B581F4,,,,,,,ODN0000424973,z,right_only
04F8CF43-1ECF-4197-8FD1-41C0581D83F8,,,,,,,ODN0000422176,z,right_only
FDFF2777-BC72-48B9-9A19-4D2F47786B86,,,,,,,ODN0000423636,z,right_only
29DD8C95-C2D0-4ACD-887F-A63892583EC6,,,,,,,ODN0000424700,z,right_only
5ED2E2B7-6446-4094-ABE8-1C3FFEEA10B7,,,,,,,ODN0000423740,z,right_only
78941E1F-00E4-46A3-88E2-10CE8AC8ED96,,,,,,,ODN0000423837,z,right_only
296F8ADF-6111-485E-994E-1F7E74857ED9,,,,,,,ODN0000424938,z,right_only
8776489E-9F79-4523-BCCF-FADA3BE2ECDA,,,,,,,ODN0000437886,z,right_only
9FA260A5-DFB6-45FC-B6DF-3A50E0B110B3,,,,,,,ODN0000433148,z,right_only
0CF3113B-00F6-4797-A7AD-DA6B2290EEDE,,,,,,,ODN0000433619,z,right_only
DE36B933-2B4E-4926-96AE-CF589EB6F62D,,,,,,,ODN0000432774,z,right_only
4AC6B4B5-6185-4C98-9F38-7E31E161EA1A,,,,,,,ODN0000438409,z,right_only
7AD252AC-C676-41DB-B8EB-0D2823EB0F5B,,,,,,,ODN0000438368,z,right_only
9C4677FE-7384-4EB3-B776-C1D90D20A980,,,,,,,ODN0000427020,z,right_only
DF561498-788F-4FC8-83C0-9A49B2CBFF39,,,,,,,ODN0000429546,z,right_only
402DAC98-B274-443E-803B-CAAF9ADC2835,,,,,,,ODN0000445336,z,right_only
E6F09546-BFE2-44E9-B5D3-01550551D34A,,,,,,,ODN0000434554,z,right_only
B5C4388F-0ACF-41ED-BE7B-9E5BB5ED8321,,,,,,,ODN0000435547,z,right_only
9B932F88-DFCC-48B6-80DC-C3A4BFBB97D9,,,,,,,ODN0000426400,z,right_only
62B7AD2C-08B3-47C3-BB4E-23C476F9A386,,,,,,,ODN0000435607,z,right_only
481BDE3D-A5B0-4EDA-B914-6C3A0B7A579F,,,,,,,ODN0000434991,z,right_only
66ABBAD7-456C-4318-8461-80E6F1423746,,,,,,,ODN0000434820,z,right_only
F8CD0423-E2F3-48B7-9A71-AFE5CE812E5B,,,,,,,ODN0000438660,z,right_only
40550F70-BB98-4A52-9250-961F0CC5E4C6,,,,,,,ODN0000432850,z,right_only
D4FB439E-309F-47FD-8D49-49401E47DA6C,,,,,,,ODN0000449087,z,right_only
34BA7F77-5601-4FA8-BD2A-F6960707C30E,,,,,,,ODN0000432670,z,right_only
4AB7EFE7-3699-45C2-8D92-AAAB89690E5F,,,,,,,ODN0000433205,z,right_only
9BF9307D-35F3-4ADA-888B-6F73CD3466BE,,,,,,,ODN0000434439,z,right_only
4B1A57F1-5793-49F6-9398-45C6C20DFC55,,,,,,,ODN0000425891,z,right_only
139EDD86-20F8-49A6-A6B9-1161B0F25408,,,,,,,ODN0000432517,z,right_only
598F2F0D-978A-414E-8B4A-F4BA81DD851E,,,,,,,ODN0000447248,z,right_only
288EC9EF-70A5-4E16-B21C-B700DD5902D3,,,,,,,ODN0000440743,z,right_only
DF0BE88A-4C4E-4BA7-8FD0-395EEBA277F1,,,,,,,ODN0000434847,z,right_only
B56BB55C-4E8E-41BE-848B-CE366500A16D,,,,,,,ODN0000440663,z,right_only
BD843525-84EB-4E6E-B230-08B9D674FF6B,,,,,,,ODN0000442491,z,right_only
8036FC8D-F9D0-4675-AA53-71214E9579C5,,,,,,,ODN0000434355,z,right_only
0CFA4BD7-B02C-4731-AB05-312550B97144,,,,,,,ODN0000436008,z,right_only
4438272F-CD31-42E7-B98A-3763664CAB58,,,,,,,ODN0000435364,z,right_only
AD5C7EE9-27E2-4AC9-959D-C468D4DC7EDC,,,,,,,ODN0000426830,z,right_only
877E8778-C0C5-4A79-B294-D88889E9CC1F,,,,,,,ODN0000448518,z,right_only
1FDBB878-1703-47A0-991D-481033020B86,,,,,,,ODN0000439911,z,right_only
4A028AA8-87A4-4717-8F34-C1136E479C70,,,,,,,ODN0000430690,z,right_only
982C6A05-B992-4ED4-9BD8-15230725569D,,,,,,,ODN0000447545,z,right_only
DE0BFF97-1B37-4A55-8A22-AE66E3CBC643,,,,,,,ODN0000438256,z,right_only
D55B4290-8958-4122-A511-BEF298B00B59,,,,,,,ODN0000434310,z,right_only
9BDCCA99-29E5-418D-AADE-2C4EB4A7DB7F,,,,,,,ODN0000444032,z,right_only
FE315F8C-8BF1-4B76-9963-8B3917FEF70F,,,,,,,ODN0000437740,z,right_only
06E3C3D8-93C6-4468-B748-3904193F14D5,,,,,,,ODN0000421823,z,right_only
66991C5D-424C-4228-8C37-190B6FF9DD6E,,,,,,,ODN0000435129,z,right_only
0799A830-0A67-479B-82FE-A6AFE892DB9C,,,,,,,ODN0000432852,z,right_only
F6614981-887D-4004-9994-5B041A930BD0,,,,,,,ODN0000423669,z,right_only
BCC54D9A-8990-44B9-9ACA-73CAAFB88F54,,,,,,,ODN0000427492,z,right_only
1CF27B28-CD42-4418-B8E5-10A123C14647,,,,,,,ODN0000434906,z,right_only
CCE6FE5F-84A4-48F8-9205-8925E1ADC89B,,,,,,,ODN0000434853,z,right_only
AE87C9F6-B66B-4A9C-A1D0-42874582B926,,,,,,,ODN0000443142,z,right_only
784D5A36-054C-42EB-B733-7D1F5B2091DB,,,,,,,ODN0000435058,z,right_only
D668A2D1-7687-4463-87DE-7B61D370293A,,,,,,,ODN0000427576,z,right_only
9E1ED889-CD37-4A34-B3A4-2C5A1A7FB624,,,,,,,ODN0000437941,z,right_only
2B5C6E24-DE2F-44DE-93FA-F8D73B8430FA,,,,,,,ODN0000426211,z,right_only
DEDA6A76-8478-4B9A-BD2F-D27E2172005D,,,,,,,ODN0000433146,z,right_only
DCABA8EA-9151-41C9-AEB8-662024B063B6,,,,,,,ODN0000432466,z,right_only
8CECCE11-0D92-4842-BEBF-FFE92810726F,,,,,,,ODN0000433152,z,right_only
AB188489-7B99-4341-AA8E-F8B548AABB85,,,,,,,ODN0000435556,z,right_only
033EF1B1-2525-4213-8ACC-02474CCBD4C3,,,,,,,ODN0000432796,z,right_only
175C7101-E212-4D75-B69A-2BB5829EE41C,,,,,,,ODN0000430395,z,right_only
4C2FF4C4-FC9A-4324-A44A-7B3EBE4AE2DD,,,,,,,ODN0000434681,z,right_only
F73AD268-56B8-41A4-912D-EE73EABA027A,,,,,,,ODN0000428936,z,right_only
0A07E48E-DC0E-4419-9D65-834DDAAD1ABD,,,,,,,ODN0000420903,z,right_only
2BEF8B00-4EBD-4BF7-A106-A4E95E47E41E,,,,,,,ODN0000433817,z,right_only
EA0D9C99-7003-46AF-BCA2-35C68D0F750D,,,,,,,ODN0000439621,z,right_only
C589A500-786F-4BBB-B3E6-01DBE870B221,,,,,,,ODN0000436996,z,right_only
1A143455-F3C0-45C8-89E5-44BA4EB2E0D7,,,,,,,ODN0000426194,z,right_only
92BAB1D2-2FA4-42EB-9903-DF4E67CD3E57,,,,,,,ODN0000436204,z,right_only
A10CF6D8-D3D2-484F-9357-B50D7138DF8E,,,,,,,ODN0000433217,z,right_only
A9F9ABA8-0A16-4B44-97F5-0F199234FC61,,,,,,,ODN0000432982,z,right_only
2110A7FD-BEB2-45BD-B8B6-83B5EC6EC168,,,,,,,ODN0000433545,z,right_only
00A0E99D-AB4F-4B94-A424-490E1100CBFC,,,,,,,ODN0000426955,z,right_only
276E9E7F-CF8E-4B36-8898-A3C56787AABD,,,,,,,ODN0000447144,z,right_only
72B63225-2C54-48A1-AC87-5664B73186C7,,,,,,,ODN0000448698,z,right_only
40813108-D10F-4098-8008-3ABFB3F0321A,,,,,,,ODN0000448671,z,right_only
9DAFBD0B-A98E-4964-9C07-BD4F3FA71AFC,,,,,,,ODN0000426631,z,right_only
F71E6714-E2B5-44DB-BFD9-88CDA578227F,,,,,,,ODN0000430788,z,right_only
3024673D-4475-4E23-A14B-347121A932CB,,,,,,,ODN0000421306,z,right_only
6ADC179B-440A-4776-8FA1-F3C9948AE5DE,,,,,,,ODN0000422214,z,right_only
7ED34DE0-7092-41FB-AECC-E0E271C9D4E9,,,,,,,ODN0000437939,z,right_only
EEF16CCC-8A9F-421D-9202-DF78CBC6942A,,,,,,,ODN0000437940,z,right_only
B7FABEC3-E008-4333-99C8-0F90E018009B,,,,,,,ODN0000429007,z,right_only
8AD79013-4A96-4C17-935F-1B17B0062E81,,,,,,,ODN0000433176,z,right_only
691B122D-BEAB-4291-9FAA-BDC85384CCC0,,,,,,,ODN0000422796,z,right_only
0A9C77A9-D555-4097-8E2E-381C3E429009,,,,,,,ODN0000433684,z,right_only
80B64E74-3226-48ED-B5AC-40717692A904,,,,,,,ODN0000434246,z,right_only
37FA2554-6052-42F7-95BC-DE55CC2A6141,,,,,,,ODN0000422432,z,right_only
BBB07671-4D4B-4FD5-BFF0-60CF0A8D1823,,,,,,,ODN0000428486,z,right_only
7F2690D2-9605-4AE0-B7A8-B9A0DC927A68,,,,,,,ODN0000432853,z,right_only
7950B565-93AE-4A65-85F0-CA8AF67C583D,,,,,,,ODN0000448240,z,right_only
ACFD8512-E764-4C40-ACE2-FB363954790B,,,,,,,ODN0000448137,z,right_only
51BA4D94-A6DC-436C-8A60-94EFA7D73FF7,,,,,,,ODN0000426602,z,right_only
10755C44-29BE-470C-88B0-B0463102FAAD,,,,,,,ODN0000432735,z,right_only
6EF2EE3A-5B0B-428B-B02E-941789CD8778,,,,,,,ODN0000439280,z,right_only
8BC5C12C-4BC7-4CC0-8952-8666280809C4,,,,,,,ODN0000436189,z,right_only
4114D1D6-230F-47C9-948D-7021675778D4,,,,,,,ODN0000437981,z,right_only
D33C74C8-EE02-4269-AE36-A72A5D6F2A10,,,,,,,ODN0000434156,z,right_only
D6E53638-8B9C-4046-9F8D-AEBCC0093C42,,,,,,,ODN0000432858,z,right_only
E842298A-913B-4574-8DFE-F479AF62A8B8,,,,,,,ODN0000433404,z,right_only
78C02D7D-012D-4EDD-8EC9-D525A1034D46,,,,,,,ODN0000435570,z,right_only
2FBAF67F-60D3-4283-BC8F-B033E3C5E0DD,,,,,,,ODN0000432618,z,right_only
C0F92FEC-52AE-4EA3-8C64-5DDA1C27DC65,,,,,,,ODN0000439055,z,right_only
F787C682-76E5-472C-8672-A48F3EDFB240,,,,,,,ODN0000440843,z,right_only
AB393E10-ACC0-469B-8849-55A620A09812,,,,,,,ODN0000435113,z,right_only
81596DD6-4063-4578-A690-D79E21ECDC10,,,,,,,ODN0000429188,z,right_only
8DA6212D-F89C-42D1-9397-2AB306882052,,,,,,,ODN0000426267,z,right_only
69DCABA2-F0BC-45D8-BCF8-28DD22CC0EEE,,,,,,,ODN0000425403,z,right_only
9D54ECF0-D9AD-4C07-9791-09074BB4AA65,,,,,,,ODN0000443552,z,right_only
E0236912-B86D-446A-9743-D86303A0B3C7,,,,,,,ODN0000435559,z,right_only
F56095BF-ABBB-4477-B608-253E97570AF8,,,,,,,ODN0000440574,z,right_only
8BCAD09E-11E4-40B9-B493-603029793C76,,,,,,,ODN0000430336,z,right_only
DCA5ECE3-573C-4283-8D1D-7516BEB7F68B,,,,,,,ODN0000432842,z,right_only
0652423C-513D-4BFA-9858-81C449C7E6E9,,,,,,,ODN0000435040,z,right_only
11FC3381-002E-4473-BAB5-831836152944,,,,,,,ODN0000420841,z,right_only
986EDBD4-DBF2-4E50-98B3-6B4FF6F77A25,,,,,,,ODN0000428524,z,right_only
B0CC7C9B-6BB5-4FB5-B640-261DE449632E,,,,,,,ODN0000441229,z,right_only
F7592052-4C5C-4A68-8475-4E40390D9588,,,,,,,ODN0000435334,z,right_only
580E97C7-470D-4A9D-8066-62510F6D56BE,,,,,,,ODN0000433553,z,right_only
A4516608-9400-45C3-8CD2-994C5E8CC622,,,,,,,ODN0000428627,z,right_only
02D5FCD9-2CB5-460D-895F-242758B4B7C8,,,,,,,ODN0000422105,z,right_only
E24989A1-7007-46D8-AD44-BC5A7CA85D81,,,,,,,ODN0000432720,z,right_only
720026FD-F886-4A50-8BB4-11D8950B25D8,,,,,,,ODN0000427934,z,right_only
D05B8036-FEB3-48B1-A685-6CFBF5BC9505,,,,,,,ODN0000423357,z,right_only
81FA54F3-44F3-49FA-97C0-E63866DB7E76,,,,,,,ODN0000438373,z,right_only
EBAB001C-56A5-45C1-A20A-0EFF101CFD9A,,,,,,,ODN0000447219,z,right_only
69702135-77F3-4F6A-8DDA-A75D28903A2B,,,,,,,ODN0000432719,z,right_only
3AC7FDA4-990A-43C7-9917-7F5F79AEF070,,,,,,,ODN0000429602,z,right_only
199E12ED-B478-4EE8-A3AB-5B93A3E85085,,,,,,,ODN0000441406,z,right_only
AA779E63-D18C-4197-8CE6-3EA45A0E38E7,,,,,,,ODN0000439729,z,right_only
D762FF71-BEFD-4F32-9405-9AFF231F2531,,,,,,,ODN0000435531,z,right_only
2F354FEC-C616-48ED-8C18-79849A8F7FC6,,,,,,,ODN0000432783,z,right_only
13F37DEF-BD44-4B0D-9241-E065C17B5D52,,,,,,,ODN0000430244,z,right_only
09BF9F3F-EB52-4C93-B147-E124A9633118,,,,,,,ODN0000445525,z,right_only
32D3B746-67FE-4C42-A6C6-2DC49A74F2D9,,,,,,,ODN0000445129,z,right_only
74D21D31-98A3-431B-B057-D72DE417D6A8,,,,,,,ODN0000433964,z,right_only
A47C858F-FCB0-4638-81CD-01ABD86416C9,,,,,,,ODN0000432608,z,right_only
99DA9498-569D-45A9-B84F-314D83F46089,,,,,,,ODN0000435081,z,right_only
06897740-FB5B-4164-9A81-9CFD43FFDECA,,,,,,,ODN0000435175,z,right_only
44E2220E-8B60-4758-B9E1-46A2A3C69EDE,,,,,,,ODN0000432596,z,right_only
7E350068-BFDD-4B67-9354-668AF8CBF259,,,,,,,ODN0000440110,z,right_only
12838CC1-3AF9-4CFD-8620-3F32223ADDE0,,,,,,,ODN0000433219,z,right_only
67D10D69-AF5E-4B5B-93DD-869FA63A2CAC,,,,,,,ODN0000432614,z,right_only
B5E1244B-92B1-4CF0-A415-DEDDE3AFA6EA,,,,,,,ODN0000442723,z,right_only
91BC7F11-A58A-485D-B648-390D9174EA18,,,,,,,ODN0000434622,z,right_only
CF1D95C5-2ABF-48DC-AA2A-50AA12BB3046,,,,,,,ODN0000432651,z,right_only
CCA6EAC2-DB5C-44BB-8B48-143C93F1BB83,,,,,,,ODN0000435946,z,right_only
3BB030BB-E6E8-4810-AAFA-7415EFE2126C,,,,,,,ODN0000429448,z,right_only
2E22B712-FDED-4F62-84D5-B02E814F8A0A,,,,,,,ODN0000435833,z,right_only
196BCA37-7D51-4C22-8AB7-AE43C866BC7B,,,,,,,ODN0000436811,z,right_only
FADB6E8B-E87E-4171-9C22-659628E1A724,,,,,,,ODN0000434129,z,right_only
A2BC7C1B-B8E1-4C66-8A8D-ABE2C1DB0FB0,,,,,,,ODN0000430053,z,right_only
0D050B2F-C691-470F-9291-9A5EFAD23E05,,,,,,,ODN0000429679,z,right_only
1728257B-C254-4FD2-A650-1577A2340111,,,,,,,ODN0000434854,z,right_only
C341421F-2592-4C41-BAC5-7D10C8575431,,,,,,,ODN0000425211,z,right_only
BA21A4F0-BEF5-4F7D-856C-2B6AAE670B50,,,,,,,ODN0000428916,z,right_only
5445D3FB-02E4-4AD2-9446-5B066E305E48,,,,,,,ODN0000433423,z,right_only
9C8FF371-F467-4B9E-A185-F9868EDDFCDE,,,,,,,ODN0000425232,z,right_only
F63B6B48-8854-49B4-896B-F7555FD2DF89,,,,,,,ODN0000441791,z,right_only
C4067414-9ADC-4ECE-B6EF-F2532083F2A6,,,,,,,ODN0000447301,z,right_only
4466D069-7516-40E1-BFAF-1E83A1FA441D,,,,,,,ODN0000434454,z,right_only
B48DF49C-590F-4CD3-99D8-E2613A284AE9,,,,,,,ODN0000432712,z,right_only
D994E243-DE4A-4F72-8B60-197853859793,,,,,,,ODN0000432583,z,right_only
87E33BCA-7D22-4F7F-B5BA-97A5F1F46C3A,,,,,,,ODN0000445649,z,right_only
1014A0B0-354E-4D64-96DB-99D5F095777C,,,,,,,ODN0000441220,z,right_only
13ADD040-08D2-4E9D-B849-94540DD7AF7C,,,,,,,ODN0000425306,z,right_only
076BB887-357E-4810-B60B-7C9ABED52D3E,,,,,,,ODN0000437690,z,right_only
6A113187-2444-448A-8C69-048FFF63C9D0,,,,,,,ODN0000434430,z,right_only
EA7D32B7-45EE-460C-A0CE-33EECA28D2BA,,,,,,,ODN0000434431,z,right_only
321251FF-4894-4080-9BAB-112ABFB62B13,,,,,,,ODN0000430010,z,right_only
21EB2065-1C32-4F2D-9B16-5FEF43AD64F8,,,,,,,ODN0000421250,z,right_only
F9E478C8-F9A9-44BC-A605-74F3B6F04202,,,,,,,ODN0000425652,z,right_only
8F2F9A83-5931-442B-9D2F-BF2879828119,,,,,,,ODN0000433421,z,right_only
0E66B60A-D1A5-4641-86B5-A95AEDE3E036,,,,,,,ODN0000424465,z,right_only
7F9CFB0A-4261-44EB-A3A5-3FDCA9F387DD,,,,,,,ODN0000432854,z,right_only
9B9E551A-4434-4E32-93A1-C224295B0D1D,,,,,,,ODN0000423606,z,right_only
CBDDD264-CEAF-4830-98AE-8E542FFDA0C8,,,,,,,ODN0000433497,z,right_only
EF27ECDA-7E05-4DAE-9FEC-2A1505EF82D1,,,,,,,ODN0000429704,z,right_only
3A520BB0-D62C-4D29-826E-5109C4DD8AC8,,,,,,,ODN0000449179,z,right_only
0918C7C3-8A7F-4CB1-B92A-98F13FF67F88,,,,,,,ODN0000432486,z,right_only
8F3DD49A-FFD9-4689-9174-AF8916AA5DDF,,,,,,,ODN0000434933,z,right_only
BCE4B261-4BB2-4B7F-A549-A1018106D5EF,,,,,,,ODN0000432914,z,right_only
BC28C511-EDA3-4847-8E6A-FA4046CD6D04,,,,,,,ODN0000440155,z,right_only
BAE7F615-C30E-4BFD-B009-4283188C9822,,,,,,,ODN0000428720,z,right_only
BC0898AB-E83B-421B-8C33-670113F4537B,,,,,,,ODN0000438441,z,right_only
926A531C-EF11-4652-9487-DC7CF2414978,,,,,,,ODN0000433420,z,right_only
1EDC2737-5C30-4D3F-88D1-C889397FE4C5,,,,,,,ODN0000421667,z,right_only
CF615DB2-8E8A-41D9-A41E-9D6F256E6CE4,,,,,,,ODN0000426801,z,right_only
E9DC4706-7014-4630-8943-B4FF9006F5EB,,,,,,,ODN0000423612,z,right_only
0C927446-20D7-4541-B287-73CAB2F0A778,,,,,,,ODN0000434758,z,right_only
DE1A9FD7-7170-43B1-AA0E-0B1BDFDC76F3,,,,,,,ODN0000435555,z,right_only
26B7C119-C583-4B28-AF69-E96A1B65E440,,,,,,,ODN0000442701,z,right_only
AC1448D2-7A12-4262-8F48-5652000377C7,,,,,,,ODN0000426143,z,right_only
159699ED-EE88-49C6-A0D9-C0C3AEA111A9,,,,,,,ODN0000435417,z,right_only
8DFAED8D-BEAE-4A2D-8A94-7E53D4F51F5D,,,,,,,ODN0000421842,z,right_only
DBE02B36-75E8-485D-B028-CF7F49ED43AB,,,,,,,ODN0000444011,z,right_only
9FE50A99-3BB9-4080-B3EC-A2150C972CD5,,,,,,,ODN0000434731,z,right_only
092834C8-E8FC-463D-92C4-50765AAF6908,,,,,,,ODN0000433343,z,right_only
37B617E4-E725-4C6E-859E-2C538936B200,,,,,,,ODN0000432701,z,right_only
616746A5-CEDA-456F-AEA8-88A6C4E6B4EF,,,,,,,ODN0000435399,z,right_only
856FA4E6-3FB9-4F5F-8E89-5BDDF641EA9F,,,,,,,ODN0000440122,z,right_only
D0D138BE-3C7A-4B49-8267-6377F4F71C27,,,,,,,ODN0000432791,z,right_only
D4FFF0DB-D650-4ED5-9DBE-8A2FAA6D4F41,,,,,,,ODN0000438619,z,right_only
1F3518CB-7E9B-41EC-B271-D176F861484A,,,,,,,ODN0000434636,z,right_only
2899FAB0-1668-4A75-A2C1-0A5DE7F5F011,,,,,,,ODN0000436353,z,right_only
5AA68F89-CC6F-4B34-AC69-558FFB09B91C,,,,,,,ODN0000443171,z,right_only
E4EEEBE0-D9E1-4FA7-B1D1-D63CAF61DE3E,,,,,,,ODN0000426709,z,right_only
A7EA47D8-9A34-4CA3-BDD1-BFE5A00B3B71,,,,,,,ODN0000441046,z,right_only
B4367261-F174-4603-B582-55E36C44136B,,,,,,,ODN0000422314,z,right_only
A9D170F3-18CA-4565-9CCA-F141FE6FB935,,,,,,,ODN0000433435,z,right_only
682E4E98-3806-4566-96F7-571AD9DC04A1,,,,,,,ODN0000435346,z,right_only
03B4F6E4-56EF-40A4-96E2-3FA670EDC483,,,,,,,ODN0000431498,z,right_only
299BCE4E-0886-4CC6-BA45-D1DD91533C89,,,,,,,ODN0000435567,z,right_only
4224FF06-8243-499E-A1F5-B18CF94AB65E,,,,,,,ODN0000428050,z,right_only
772957AB-3707-4D62-93C4-DA2B2504AAD1,,,,,,,ODN0000433406,z,right_only
3B7121DA-6A8F-4E22-AAD4-A3BD010AE7CF,,,,,,,ODN0000439104,z,right_only
2C0BDB7D-300E-4943-82DA-F57AD5E72022,,,,,,,ODN0000436609,z,right_only
919A7A47-690C-49AA-A61F-7B17B5C6279C,,,,,,,ODN0000432758,z,right_only
BC6133D4-8A38-40AF-A5CA-DE7874514164,,,,,,,ODN0000439553,z,right_only
B0D507C6-2967-4D01-8321-846C5CAF2B3F,,,,,,,ODN0000444068,z,right_only
B559AD05-4AE1-440E-85D9-6108AF5844A7,,,,,,,ODN0000421777,z,right_only
EFE2A47C-B7D9-40F9-B51A-EEF11FF74C44,,,,,,,ODN0000448812,z,right_only
4252256C-1831-4B73-BE8A-5CFB4A43C6C6,,,,,,,ODN0000435525,z,right_only
D4926B46-0EB5-4963-8F24-11CC6A26AF03,,,,,,,ODN0000421351,z,right_only
67D640F2-ECDC-4C29-A399-06DC05305B96,,,,,,,ODN0000432578,z,right_only
02B264A5-606A-4DB0-93B5-A754A9B8FF94,,,,,,,ODN0000433730,z,right_only
22471B22-8C87-4442-B639-3F84F9115897,,,,,,,ODN0000434299,z,right_only
AD388122-8D42-43B0-8F45-911CD7A2FD0A,,,,,,,ODN0000432567,z,right_only
E0CA03DC-6062-45C0-AC98-94EC7DC0AB4F,,,,,,,ODN0000432638,z,right_only
E01E57AA-2136-4047-9727-755C599C35C9,,,,,,,ODN0000432542,z,right_only
8B40C16D-0B80-447F-A87B-0DB5239C4D79,,,,,,,ODN0000432818,z,right_only
4ECAE68F-1739-4634-B9F5-B910C6913AC5,,,,,,,ODN0000434760,z,right_only
0AE9E7DE-62A0-4F7B-A51C-05EDFC90D9DA,,,,,,,ODN0000440596,z,right_only
94321E87-876B-445B-8D2F-E969E3D8FBFB,,,,,,,ODN0000437829,z,right_only
5F2A8106-104E-429F-9D6F-F9DE45080300,,,,,,,ODN0000445961,z,right_only
A3DDFDE7-5BB1-443A-B24E-0E142124195F,,,,,,,ODN0000421802,z,right_only
C3A046AA-F2CC-4A2B-99F8-990396F0F517,,,,,,,ODN0000447725,z,right_only
A850A63D-6490-4CE8-BED7-D6062BC55990,,,,,,,ODN0000434726,z,right_only
4B82D0CD-B631-4E77-B701-3A7B77F52439,,,,,,,ODN0000447391,z,right_only
DCCE09F6-844D-4A8A-85C2-14F3BF755D4A,,,,,,,ODN0000424659,z,right_only
DB446783-6680-4824-BE05-173EF8E899E4,,,,,,,ODN0000426614,z,right_only
B3C9EEAA-F424-4847-A214-E3517185E6F3,,,,,,,ODN0000441249,z,right_only
6C3A3008-1E08-47FA-BB78-8685DACB20A1,,,,,,,ODN0000431625,z,right_only
19BABF5E-4762-4413-A8BC-B82E3AD90E62,,,,,,,ODN0000439319,z,right_only
E307C600-3278-4A0E-96B9-737B968989CC,,,,,,,ODN0000439320,z,right_only
01E47125-57C9-4D33-A6D7-2DD92D70E71F,,,,,,,ODN0000425252,z,right_only
AB68D16A-3FFF-4531-BDCB-11980E2DB960,,,,,,,ODN0000432800,z,right_only
DAACAF4E-221B-4CDD-948D-8D14C61989ED,,,,,,,ODN0000436914,z,right_only
8F2FED4B-CE88-4CB5-9C01-3D57217EF2C5,,,,,,,ODN0000434262,z,right_only
41221D48-827B-4FDC-9EC2-78DD4BE11DD5,,,,,,,ODN0000433724,z,right_only
C90A7217-B93A-4430-9205-853B83DA237E,,,,,,,ODN0000433726,z,right_only
354A0874-BB0C-4A32-BE8C-F8574BF3A8BD,,,,,,,ODN0000423846,z,right_only
44E83E40-D27F-4AF4-B477-06AEBC1D232F,,,,,,,ODN0000433729,z,right_only
B8CD9A17-5736-4821-A24C-3723A51B72FC,,,,,,,ODN0000433708,z,right_only
372868E3-EA5D-4C12-96A9-C6318742D9E3,,,,,,,ODN0000433709,z,right_only
6468BF1A-86CC-4968-A4FC-56A207CB73D3,,,,,,,ODN0000433710,z,right_only
5B48803D-2B3D-4833-A64C-1AF3D84BACDA,,,,,,,ODN0000433749,z,right_only
229F32B0-8865-4BD5-A38D-84EE790E016A,,,,,,,ODN0000439615,z,right_only
660F3683-3648-47E7-9EEA-B27C93E39C51,,,,,,,ODN0000441352,z,right_only
9937C41B-5C95-4253-8C09-B8C2618D6D1A,,,,,,,ODN0000434285,z,right_only
7E53DA06-F100-4284-8199-01483D691794,,,,,,,ODN0000433719,z,right_only
C7332CEB-3EF3-4A34-9C9D-30BCB92874E5,,,,,,,ODN0000433740,z,right_only
5E8E9167-0F86-4493-8330-53868378394C,,,,,,,ODN0000434302,z,right_only
86DF2889-F864-46A0-9F0D-981B133C0A46,,,,,,,ODN0000435342,z,right_only
42B0CF18-6CF8-4A79-A552-4E756F8E03DA,,,,,,,ODN0000437850,z,right_only
FFAFCC60-310A-44DB-B6F8-48D8FF01320C,,,,,,,ODN0000433720,z,right_only
6388FD23-C9BC-4635-BA9C-F36B74D0B1FC,,,,,,,ODN0000433711,z,right_only
97B897CF-2AA0-472C-A183-C19CC3F7ADB2,,,,,,,ODN0000432790,z,right_only
813B9AD4-6FB8-4B0D-B33B-511F4F9D549F,,,,,,,ODN0000446725,z,right_only
BC7C3236-A097-4B11-B195-A7AFB8A962FC,,,,,,,ODN0000430827,z,right_only
8A1B3481-AE00-4385-9F81-6D5ABFFD8391,,,,,,,ODN0000440081,z,right_only
5D45CDB5-51C8-4AD6-8FA5-4205A875A698,,,,,,,ODN0000432707,z,right_only
0C4EC2EA-10E1-44C8-AD1E-E41B8F7B4D2D,,,,,,,ODN0000431215,z,right_only
9764D826-51E3-4DA5-B9E0-B571C2554335,,,,,,,ODN0000447685,z,right_only
19596A1B-D7BA-4766-98D5-39B9ADFA3075,,,,,,,ODN0000439435,z,right_only
F7871FB0-545C-4A18-BDC5-D120E2A6170F,,,,,,,ODN0000428427,z,right_only
8DF44908-6B5D-42A6-A9D0-FA3D88471713,,,,,,,ODN0000437678,z,right_only
318D2F68-8137-4A26-A0E5-642000F4046A,,,,,,,ODN0000437679,z,right_only
C268A903-F7C2-41F2-8CF4-418731E14A07,,,,,,,ODN0000448250,z,right_only
82A19671-1494-4C70-B601-398FFC2C72B6,,,,,,,ODN0000427794,z,right_only
A53098BD-6F75-4BA9-A4BA-F7DF2C15FF9A,,,,,,,ODN0000445775,z,right_only
B441C568-6BBB-49E1-91F9-F2094E837122,,,,,,,ODN0000434730,z,right_only
8E00F504-B2E8-4CC1-8DAD-30739A265D83,,,,,,,ODN0000429492,z,right_only
F766E9BD-9EC5-4CEF-B89F-86CCAE824339,,,,,,,ODN0000440386,z,right_only
B3EF7B56-D3B8-453E-B637-AD223DCAE9F3,,,,,,,ODN0000440387,z,right_only
46A42A69-9ADE-4669-906B-8EE5A0A8FCC3,,,,,,,ODN0000440388,z,right_only
A6EBFCC0-04ED-4533-B969-E88CAADF3FC4,,,,,,,ODN0000443909,z,right_only
3495AC90-CB08-4747-815C-D632A8926EE6,,,,,,,ODN0000448028,z,right_only
2D7A041D-BD2A-4D9F-B6CC-873B1D32F6A9,,,,,,,ODN0000430845,z,right_only
DCA04C65-B6D2-47B4-AA65-AF5A9322F6A6,,,,,,,ODN0000428128,z,right_only
BB5CB1A5-F2F5-4FA8-8F33-9F6EFCD15860,,,,,,,ODN0000444012,z,right_only
38A72F88-0140-4B85-B9E6-AF58B58B6DFF,,,,,,,ODN0000447978,z,right_only
8CFF7E1B-9617-422C-B212-A749F8A1A7E1,,,,,,,ODN0000447979,z,right_only
250DA489-4E4D-406F-A26D-C80322BA7B90,,,,,,,ODN0000447980,z,right_only
57A23F46-F64D-4257-B670-458B2D1C4EC8,,,,,,,ODN0000445047,z,right_only
0F7D8E43-EFF8-4A01-A9E4-09B4C6186A93,,,,,,,ODN0000442518,z,right_only
DB0D3278-44DF-4967-8262-4C3E550CEE74,,,,,,,ODN0000441931,z,right_only
7B3D0459-980A-4D07-9383-45F8D93925B3,,,,,,,ODN0000445051,z,right_only
5FBB714D-59B7-4ACD-8CBF-6E66901F8F42,,,,,,,ODN0000445385,z,right_only
BA297380-B07F-4ED1-9530-2A69430E10CA,,,,,,,ODN0000442028,z,right_only
BFF1512A-BF91-455F-921E-EFD55DDE9829,,,,,,,ODN0000448681,z,right_only
B77607D9-FE0A-40D9-A46B-F86C580861F2,,,,,,,ODN0000448344,z,right_only
DF4BBDDE-28F2-4DEC-83FF-2BBD17A19D6D,,,,,,,ODN0000444128,z,right_only
F4AD4D87-1447-4429-8D3D-21C0019AED5E,,,,,,,ODN0000444129,z,right_only
D5BC1099-6AA2-4DFA-A01E-578B6295D8A7,,,,,,,ODN0000433542,z,right_only
286191C1-7D98-47D7-8392-BC3C745240C8,,,,,,,ODN0000422252,z,right_only
F9C5CEBE-4B13-4E83-8F4E-71EC2723FEA0,,,,,,,ODN0000447749,z,right_only
3283ACA0-1500-4590-819B-4E179B782990,,,,,,,ODN0000448389,z,right_only
78791605-ED3E-423C-B896-CFB8179F6CC6,,,,,,,ODN0000448390,z,right_only
5807AFB2-A4A0-4DC6-AFE6-191AA7DDC7F3,,,,,,,ODN0000448559,z,right_only
4BEABD7F-8257-48F0-B617-5772F46D2C48,,,,,,,ODN0000448734,z,right_only
108028C4-5CC2-448D-8D33-E23CA56BD533,,,,,,,ODN0000448784,z,right_only
2EA3148E-888B-4980-B77F-4C9AE344FFD1,,,,,,,ODN0000422372,z,right_only
77EDC0D9-6EFD-4098-89D6-7BD84A9F6AB0,,,,,,,ODN0000434012,z,right_only
9A1A93FA-AC2E-4CDF-A14D-04640F9B0BDD,,,,,,,ODN0000427199,z,right_only
201EC657-12FD-436D-82D3-B3D55A35AFA6,,,,,,,ODN0000445034,z,right_only
05E5EAD2-B061-4E4A-B44F-167F8EC08151,,,,,,,ODN0000448082,z,right_only
EC3B8A44-828F-403A-9B6C-72F9D3EBBA35,,,,,,,ODN0000432672,z,right_only
34CB5DC5-E5D2-470F-A8C4-66F89B1CC07B,,,,,,,ODN0000427090,z,right_only
C5E10F57-C189-424D-A91C-7D043F08D89A,,,,,,,ODN0000444273,z,right_only
37A747C6-0324-4546-9815-B433976325D9,,,,,,,ODN0000446752,z,right_only
0B100EDD-5441-4661-8C70-6F8ED9FD7C78,,,,,,,ODN0000429747,z,right_only
9BD4844A-771A-44BB-8C93-7502B6C1222D,,,,,,,ODN0000439960,z,right_only
3546D299-F2FA-4B1E-98AE-C1A05600B68F,,,,,,,ODN0000435003,z,right_only
57A79285-D6F3-4DBE-A27B-D8A3C7348B6B,,,,,,,ODN0000433273,z,right_only
2B03E85D-CB2B-420A-AABC-45FB3C68A8A4,,,,,,,ODN0000433131,z,right_only
C01117EE-9A18-46F3-A134-6A673A149C09,,,,,,,ODN0000432775,z,right_only
FA28BA26-9EA7-4DD2-B11D-73E6BA2EC1A0,,,,,,,ODN0000433099,z,right_only
E69C7C05-EC7D-4F7C-80AD-A25C0377A5E3,,,,,,,ODN0000429604,z,right_only
DCC27CE7-11D9-425C-B606-03FA0060E694,,,,,,,ODN0000433434,z,right_only
EF60BEA3-76DE-47A2-A3A4-71D48F5CD3EF,,,,,,,ODN0000432776,z,right_only
E031A3D1-9F5C-4439-9FFB-EAB401B2CF3A,,,,,,,ODN0000433255,z,right_only
A0C48EFC-44DB-453F-82FE-D328D2A13408,,,,,,,ODN0000445388,z,right_only
AEF85C86-61D6-473E-857D-AA96E7BFBA7B,,,,,,,ODN0000436765,z,right_only
F92C36A7-8D22-4651-BC59-6CBE7CA563AC,,,,,,,ODN0000440825,z,right_only
E52B6CE7-5115-4EDC-BFE4-9CD65369B4BD,,,,,,,ODN0000432747,z,right_only
B27BB07C-92F8-4365-88BE-A260333BC585,,,,,,,ODN0000434969,z,right_only
41692698-653A-4095-BED0-D3F91A83E47B,,,,,,,ODN0000428823,z,right_only
62AF3CC5-AC57-4965-AEE8-7FA3FFECEEE5,,,,,,,ODN0000432925,z,right_only
DFBFC5F9-9202-42BA-8EE3-4950F1709CD8,,,,,,,ODN0000442991,z,right_only
529032F5-FD7B-482E-A072-D24297B3E686,,,,,,,ODN0000434521,z,right_only
E867F50D-1F89-4524-B722-AC2AC8AAD083,,,,,,,ODN0000435137,z,right_only
38E69077-F1E4-4EF6-B584-938FF2A0B716,,,,,,,ODN0000438160,z,right_only
C22F9B0E-2929-470F-B81E-4756D19446F8,,,,,,,ODN0000447721,z,right_only
7FBB8794-D9FC-41A7-9A04-2DE54581F5AD,,,,,,,ODN0000434968,z,right_only
74107703-76A3-4714-8A57-A78AAB624A30,,,,,,,ODN0000439797,z,right_only
2EC0709D-F558-4626-A2A6-198AB2D51869,,,,,,,ODN0000446813,z,right_only
8BDA2BB0-6323-4CB6-B275-91307E9DD282,,,,,,,ODN0000448251,z,right_only
F1853B27-4D91-4FB5-A25D-8B31AB65DDCE,,,,,,,ODN0000426943,z,right_only
4D04BC6D-6FFC-4FB8-AC74-3859405C5FA6,,,,,,,ODN0000428234,z,right_only
9ED24818-6B13-421B-945B-C3C04AC01753,,,,,,,ODN0000433267,z,right_only
026E364C-87BA-4B6C-81E6-CAA78370E6FF,,,,,,,ODN0000434132,z,right_only
50016FA2-1AC3-4615-AB6C-285EC35CB348,,,,,,,ODN0000439025,z,right_only
CA8BB824-67B0-4531-85D0-75EBDE29007F,,,,,,,ODN0000434947,z,right_only
F1AFA700-1F7E-4735-81C4-1A3FDD983206,,,,,,,ODN0000430114,z,right_only
C43617F9-E32F-4E02-AA82-491BF7F62511,,,,,,,ODN0000425787,z,right_only
E0FA8A39-733D-4AEE-88BC-C6D76D918C8A,,,,,,,ODN0000436375,z,right_only
13670B02-3399-4C58-A695-E0F62A701F19,,,,,,,ODN0000448255,z,right_only
26FD64E6-5820-4B8F-9B21-56B74E7466E0,,,,,,,ODN0000429378,z,right_only
2DB88046-3FDC-475A-86E9-FF5EA09934C7,,,,,,,ODN0000443930,z,right_only
77219C2F-9B46-4E30-9AE9-880840FA4575,,,,,,,ODN0000441937,z,right_only
8824B83B-A44E-401E-995B-7A4404B0F522,,,,,,,ODN0000429001,z,right_only
B12CA6A9-2F52-43ED-BED1-007F09BC8FBD,,,,,,,ODN0000433503,z,right_only
6673A7E7-97C0-4EB0-839E-9F22F9AA0B96,,,,,,,ODN0000432830,z,right_only
8504772A-A64E-4081-9D47-4BE04BC755C4,,,,,,,ODN0000430307,z,right_only
864B57E0-CF66-4392-8CF3-E72306F1B469,,,,,,,ODN0000422392,z,right_only
B82BFFF2-F074-4F33-8659-7433CC157D0F,,,,,,,ODN0000433810,z,right_only
F2513B7D-13E1-4EF3-B3D7-35733967242C,,,,,,,ODN0000432755,z,right_only
86E92CDD-E160-4816-AC12-DF2886C98F08,,,,,,,ODN0000433220,z,right_only
EEDA4790-B8C4-4484-8C0B-2812F9511DF5,,,,,,,ODN0000436388,z,right_only
8931AAD5-C848-40A1-8375-7B097B80C64A,,,,,,,ODN0000439767,z,right_only
FE41AB76-CD1C-4892-9C93-EC91E74BFD6E,,,,,,,ODN0000439766,z,right_only
3053F843-45A1-497E-A513-56030A9A4D64,,,,,,,ODN0000448665,z,right_only
51A7DCDC-F8F7-43B5-961D-774D283F00E6,,,,,,,ODN0000445794,z,right_only
F853F364-08BA-4E42-93EA-56049B8E4B77,,,,,,,ODN0000436684,z,right_only
8360B956-695C-4B78-B50F-DA900B663DDB,,,,,,,ODN0000448031,z,right_only
54A84484-0849-4DDD-A5A8-93CBA9B48222,,,,,,,ODN0000448052,z,right_only
A6893980-46EE-4E2D-A26F-DFF022A2C5C8,,,,,,,ODN0000448206,z,right_only
4CA440D2-D55C-4282-920F-4EEB7384421B,,,,,,,ODN0000448207,z,right_only
D6B468A6-E721-4559-B98C-ED1A7CA48973,,,,,,,ODN0000448016,z,right_only
C3EAE3EC-A818-446A-9382-01FA0DB042DD,,,,,,,ODN0000448017,z,right_only
DC568573-5F2D-44DE-9138-73894C2CFD92,,,,,,,ODN0000448018,z,right_only
CC234DF1-0E41-4C2C-BE79-BE6A49CE49A5,,,,,,,ODN0000448019,z,right_only
DFE819E2-9EEE-474B-9AAB-77F737816DB8,,,,,,,ODN0000440143,z,right_only
875E7C32-15E7-49DA-8960-7F742FEBF9D1,,,,,,,ODN0000444938,z,right_only
2AE6106D-F565-4846-BB9D-BA791B20E873,,,,,,,ODN0000438114,z,right_only
CECDFD9A-1BB4-489C-979D-BA719741CD78,,,,,,,ODN0000437184,z,right_only
3FD8B3DE-AF84-4E58-98D8-5D9C3A87E230,,,,,,,ODN0000441232,z,right_only
07964A47-7001-4DF1-BBA8-E38AD179B7B8,,,,,,,ODN0000433490,z,right_only
6440AE8B-6C38-415C-99D2-69E29D062B6E,,,,,,,ODN0000433491,z,right_only
9F52241D-09F9-4866-B0AF-F614AE7B2106,,,,,,,ODN0000447844,z,right_only
03690BD3-D36D-4130-BC94-00CE89E95A47,,,,,,,ODN0000441920,z,right_only
07DB2AAA-FE5F-4040-9EE9-F159CD48D186,,,,,,,ODN0000444456,z,right_only
703B7680-A30E-43DA-A476-D7F86609B394,,,,,,,ODN0000429906,z,right_only
119E9DA3-F19A-4AFB-92FA-9DDC4AFCB7CD,,,,,,,ODN0000439873,z,right_only
6B216A9F-CB48-4253-B557-69128DC9B31B,,,,,,,ODN0000427084,z,right_only
5743B8E1-55D9-4509-A532-141DABF91A72,,,,,,,ODN0000428328,z,right_only
751DF698-1A3C-4DF2-A29E-DD21F7890E12,,,,,,,ODN0000433140,z,right_only
F78172F7-AE80-4F5D-8D8B-787564A9DEBA,,,,,,,ODN0000435307,z,right_only
6054E267-05D0-4E28-A2A5-E578811AB12B,,,,,,,ODN0000425785,z,right_only
7752518B-20BF-4381-A3B2-7CB12337C214,,,,,,,ODN0000444216,z,right_only
8E689AF6-C6DE-4455-9AA4-3DB524CD11CD,,,,,,,ODN0000444217,z,right_only
150AD33B-608D-4168-982B-57FAF79C634C,,,,,,,ODN0000444218,z,right_only
7C7346E3-C42B-43E7-A416-37466B2EDA2A,,,,,,,ODN0000444219,z,right_only
5386B7EE-310C-4371-A154-1446E6CEE81D,,,,,,,ODN0000446956,z,right_only
18F79E1F-C537-4688-ADB7-B4045C7A117B,,,,,,,ODN0000428119,z,right_only
3847D701-2A03-4BDE-BF66-C0E8002C24FA,,,,,,,ODN0000435806,z,right_only
5B28A11E-3033-4989-9A2A-5D9ED46021A2,,,,,,,ODN0000433556,z,right_only
82FD1613-1209-429E-8622-BECCAEC65A3C,,,,,,,ODN0000425155,z,right_only
612C07D1-FE67-4190-BD92-721839514BD1,,,,,,,ODN0000424573,z,right_only
4F516EB7-565E-441D-8ED6-894178DBD18F,,,,,,,ODN0000449103,z,right_only
ED9AA5D7-B911-4270-A937-96CD1CD31FA3,,,,,,,ODN0000434621,z,right_only
EC5AA6BD-C263-4381-81F8-8F3472F08DDC,,,,,,,ODN0000447658,z,right_only
C49CFB17-BD0C-4052-9829-105C6863EAE2,,,,,,,ODN0000448654,z,right_only
A9BED17B-D508-402C-BF12-32048E787B96,,,,,,,ODN0000434063,z,right_only
33CE13EC-2CA2-4EFA-9BF5-922092320AD3,,,,,,,ODN0000432487,z,right_only
E53CC89F-F221-4952-8B3E-30F3829E2388,,,,,,,ODN0000434597,z,right_only
E72EA41C-105C-45A4-B4C8-445388A5C5EA,,,,,,,ODN0000434106,z,right_only
8B8F5578-DCD2-4A91-93F0-732F09650B87,,,,,,,ODN0000436539,z,right_only
A3E9C515-2FAC-4914-B2D0-95BE93F5BBEA,,,,,,,ODN0000440235,z,right_only
B090D8A9-B28E-45F5-8864-8EDF9FEFAB39,,,,,,,ODN0000442823,z,right_only
043C0312-E63E-47E4-9060-9EA34DBD28F9,,,,,,,ODN0000421807,z,right_only
CEFA208E-7041-4B8D-AF39-E36DEE88EF3B,,,,,,,ODN0000429499,z,right_only
973847A0-A31A-444D-A7F7-11C4EEDB098B,,,,,,,ODN0000428966,z,right_only
B229DC78-2A8C-474D-AAE4-A240177B245D,,,,,,,ODN0000435326,z,right_only
E0AAB5C4-4796-40CE-90D2-99E602A95D2C,,,,,,,ODN0000437912,z,right_only
F5662173-C6CA-4530-9B6F-2C69CE18F94E,,,,,,,ODN0000441271,z,right_only
F0652BD4-CD05-4F4A-A37E-A47FD2A79A7C,,,,,,,ODN0000436576,z,right_only
88586C50-9B1C-4AAF-84CD-4450C85AD807,,,,,,,ODN0000444094,z,right_only
F4A39DAC-D1BC-4A43-AC18-AD7E31ABB948,,,,,,,ODN0000430157,z,right_only
E723B16D-0BA1-47EA-B471-06C7F5297B8E,,,,,,,ODN0000430158,z,right_only
C3EDD934-D306-44C9-8ED3-248542C78CCE,,,,,,,ODN0000426232,z,right_only
45B97524-66BA-4FD4-BD64-83704E0AC285,,,,,,,ODN0000444427,z,right_only
397BFCB6-59E2-4D18-A8AE-049974123097,,,,,,,ODN0000448700,z,right_only
FB0F5B64-0DA9-4B44-8214-EB7B36121E46,,,,,,,ODN0000436683,z,right_only
6E9FC6F0-9CD3-4A3C-98EA-D634C9861B9F,,,,,,,ODN0000447377,z,right_only
58A243CE-7C69-469C-9AF3-34B0AB86E0F1,,,,,,,ODN0000445442,z,right_only
6EB031C4-EDD3-4D27-99B9-DA79E809E101,,,,,,,ODN0000447558,z,right_only
C22701C9-9662-4B40-8D5E-6DC8121C5878,,,,,,,ODN0000447562,z,right_only
98A2A11D-4D77-455A-918A-9806D4EEEEBF,,,,,,,ODN0000447563,z,right_only
BF5F5C06-7B29-48F5-9B1E-7E2DD5764EAD,,,,,,,ODN0000447586,z,right_only
EC23CC8E-E6F4-4CA8-808C-B002D23EF637,,,,,,,ODN0000447587,z,right_only
9C10F769-3B1E-43DF-A7F2-D9D3FC5E4306,,,,,,,ODN0000438951,z,right_only
AB141F2F-2D91-492A-B21B-7571B0FBA8DE,,,,,,,ODN0000438952,z,right_only
2D712B46-6A57-439D-B76A-99C8C0AC8452,,,,,,,ODN0000438953,z,right_only
AC435C5E-92C3-4A36-95D9-1365E0992296,,,,,,,ODN0000428727,z,right_only
172CAE09-3733-4328-A18A-E2C6E7A0A880,,,,,,,ODN0000444426,z,right_only
5212BA6B-0AEF-4351-988C-FB149F99E68F,,,,,,,ODN0000444220,z,right_only
DD8064AE-B0DF-4B87-BC5D-7F284B7D6D71,,,,,,,ODN0000442021,z,right_only
716C87D7-D9E9-4591-B0B4-A43CD30C0E5B,,,,,,,ODN0000433230,z,right_only
33C3E31A-9FE4-4C7F-BF47-9B5438F130D4,,,,,,,ODN0000420833,z,right_only
19F9261B-6719-4631-B585-BC2E8278D0CC,,,,,,,ODN0000445347,z,right_only
7D30CF42-A5EF-4E34-BB59-8E4C561A08A7,,,,,,,ODN0000422255,z,right_only
1D175CD2-3FAE-4FFF-9B6C-388DA99721DE,,,,,,,ODN0000438417,z,right_only
C0D41AD3-52C6-43A0-8C07-84F757C799CD,,,,,,,ODN0000434036,z,right_only
06188FEF-BBC7-40D0-8E76-83FAE9C972E7,,,,,,,ODN0000447648,z,right_only
5C7D167F-872A-414B-B42E-8B447F9D7FF5,,,,,,,ODN0000437892,z,right_only
4B6364AC-154D-4DAF-8764-B0618454525D,,,,,,,ODN0000426660,z,right_only
F5070B90-8DFD-469E-94F2-DF3D2363C414,,,,,,,ODN0000426661,z,right_only
0F177522-DACE-4CB5-9CDF-700749DE6CD5,,,,,,,ODN0000426662,z,right_only
A33360BA-3660-42CB-BD5A-16DA57C0ABA7,,,,,,,ODN0000442471,z,right_only
575342AE-4B11-48C3-8D90-C51B521693FD,,,,,,,ODN0000423956,z,right_only
FBD19C10-96B6-4090-83C8-B4683D5D5D0D,,,,,,,ODN0000435106,z,right_only
9BC86F24-0F63-4DE8-AD73-053A7C8A7478,,,,,,,ODN0000436995,z,right_only
19CE1CBB-27DF-4C90-A38F-7D64F341B778,,,,,,,ODN0000445298,z,right_only
EA39610B-CC38-43BA-86AD-FAF2C7F5F2F0,,,,,,,ODN0000428776,z,right_only
4A224F51-048E-46AB-BFC1-5C78F58B5EDE,,,,,,,ODN0000434095,z,right_only
94C4352E-8216-4E53-8BD8-129F28E093DE,,,,,,,ODN0000436786,z,right_only
55F3E10D-317C-4C59-8537-DC8DADE36013,,,,,,,ODN0000442742,z,right_only
BA8F8184-7E55-485C-9D41-D5C8E36A594E,,,,,,,ODN0000425890,z,right_only
FD1D1EAC-4A2F-4C9C-8177-AD163B520C95,,,,,,,ODN0000443120,z,right_only
678B1E35-BDD2-4E0E-B760-6BA3B73B6C6D,,,,,,,ODN0000443353,z,right_only
A2971225-E83D-41AD-B3E2-912F0CD1B559,,,,,,,ODN0000443529,z,right_only
3ECE510B-9963-477B-9816-75335675FC94,,,,,,,ODN0000443808,z,right_only
0BB0332B-ACE0-42B2-8BE6-DCC07A20AA12,,,,,,,ODN0000445556,z,right_only
9CA71325-AB9D-4DF3-A4F9-397549C9DF81,,,,,,,ODN0000442985,z,right_only
93383716-52CE-47A6-BC5E-52C12A24D749,,,,,,,ODN0000441681,z,right_only
EF319278-0E8E-44B9-BF87-A2743A5D217C,,,,,,,ODN0000430146,z,right_only
F2D27574-387D-4309-BD37-C3EE0DDD8772,,,,,,,ODN0000437483,z,right_only
71EE343E-B0F5-4702-AAB0-68113080CC55,,,,,,,ODN0000442264,z,right_only
396D8021-E76A-4E4E-BD8F-95577B80CCC0,,,,,,,ODN0000425315,z,right_only
ECC95D81-10FF-4C07-8366-E74AD7242C48,,,,,,,ODN0000440192,z,right_only
63ED20E8-1122-49D7-AE99-B41FB1AB0115,,,,,,,ODN0000447296,z,right_only
1AC30EEE-D21B-433E-870D-3375EC055807,,,,,,,ODN0000448201,z,right_only
2AD56471-F633-4693-9B5F-CB0BB005B3C1,,,,,,,ODN0000426659,z,right_only
A826BE76-5B15-4B25-8EAE-E59B3F7D1009,,,,,,,ODN0000433941,z,right_only
D66AE0C8-971E-4CC6-A76D-F26DD827C97D,,,,,,,ODN0000433867,z,right_only
46F70DB1-4FF5-4A40-89CB-5FA24E1A8507,,,,,,,ODN0000429274,z,right_only
4672C7CB-E926-442F-983A-029F4BB8B25E,,,,,,,ODN0000438258,z,right_only
54B8DD93-6DA3-4EA1-B016-8D6D76E41C83,,,,,,,ODN0000437989,z,right_only
2595A777-8AC9-47DF-B57A-2AFAE8DAC62D,,,,,,,ODN0000439053,z,right_only
DEF3B325-0C2C-45F3-9A46-810AD1D32B4C,,,,,,,ODN0000441044,z,right_only
3D05ED24-80C2-458A-B381-0EF543B27D08,,,,,,,ODN0000441684,z,right_only
9D47E143-CC6C-4D36-8B73-8A38560B7D45,,,,,,,ODN0000431669,z,right_only
040337F2-EC14-40AA-BD9D-5ABC74CF6855,,,,,,,ODN0000427874,z,right_only
ED09482D-8639-4ABB-9D68-5631168E43F7,,,,,,,ODN0000425261,z,right_only
8F9EC375-4020-4A3B-AA50-0F98DC30020F,,,,,,,ODN0000428256,z,right_only
51B86E71-36A7-4603-A60A-33A7E9083747,,,,,,,ODN0000445319,z,right_only
0781FDAF-AFF5-4708-BCCC-31695B2810BC,,,,,,,ODN0000433266,z,right_only
B5D14E21-3402-4FA2-B319-E66DE1D7F852,,,,,,,ODN0000422321,z,right_only
C9D47FEC-707F-4645-88EA-EE37C7A69762,,,,,,,ODN0000432645,z,right_only
8CA6D8A1-89B1-4FA9-B22A-7CFD6468E589,,,,,,,ODN0000437753,z,right_only
2AF06D1E-052A-4812-A22A-4C5BE337DA14,,,,,,,ODN0000437917,z,right_only
8017BEED-8059-4F7E-88A1-23AAE035AAE1,,,,,,,ODN0000437181,z,right_only
435410ED-2A0F-4D52-8BBF-216A0FCA9C18,,,,,,,ODN0000434970,z,right_only
D50ADFB4-32C4-455C-91F8-009763B3CA05,,,,,,,ODN0000434232,z,right_only
A879B767-8306-4FD5-9672-57355626967E,,,,,,,ODN0000433393,z,right_only
4999809A-0599-419E-97A7-58B1B51F4600,,,,,,,ODN0000448770,z,right_only
B2377642-759F-4D57-BDAA-342768FB56B4,,,,,,,ODN0000434843,z,right_only
1AFA82D8-BC01-44D6-AEEE-05F698F29B54,,,,,,,ODN0000435305,z,right_only
764833E9-5510-4131-A572-FA32D7C8C07A,,,,,,,ODN0000428607,z,right_only
FF7A5943-1931-4F4E-A6B6-10F8B52531D5,,,,,,,ODN0000447846,z,right_only
B6B7BD4F-B77F-4AA7-9915-D0CBFF94E4C5,,,,,,,ODN0000444548,z,right_only
BB7B0DC0-8E95-469B-B9E6-3588B3918D6D,,,,,,,ODN0000433825,z,right_only
7073014B-BD91-4FFE-ACEA-F3DB17577C4A,,,,,,,ODN0000440098,z,right_only
B0811D2D-18FE-492F-9B21-6D5792324DBB,,,,,,,ODN0000433879,z,right_only
05DA1909-B180-4DD5-A3A7-7F67017C570F,,,,,,,ODN0000426151,z,right_only
16AD2643-F983-4A2B-A8D3-0C4B031F7D71,,,,,,,ODN0000441618,z,right_only
29435035-0849-4E13-A1A5-1F010D5E0139,,,,,,,ODN0000449193,z,right_only
B83D3487-FE01-4615-B0BA-9A11E7EB1457,,,,,,,ODN0000436677,z,right_only
F51F8CA9-959A-407B-9096-8993965A1255,,,,,,,ODN0000432616,z,right_only
DE0C70F6-4A86-4ED9-9E34-3D0047CC5994,,,,,,,ODN0000437062,z,right_only
8393EA85-4DC1-49CC-851E-C23873393822,,,,,,,ODN0000432753,z,right_only
D487A64E-3571-4077-9965-44C75EEEC204,,,,,,,ODN0000444124,z,right_only
B466B95A-074A-452D-AA9E-7297C063C843,,,,,,,ODN0000435423,z,right_only
423EEBF4-6E6F-4413-BE3B-908B937258D6,,,,,,,ODN0000440393,z,right_only
EF7156EE-DB96-4435-998B-B84F6936A04D,,,,,,,ODN0000440083,z,right_only
AD618F19-9729-4A54-A834-11365D620B75,,,,,,,ODN0000425033,z,right_only
B847F34D-3891-4E42-B16F-554143A955FF,,,,,,,ODN0000433424,z,right_only
E23588D7-12C7-42AE-A3E2-17323AF61DA8,,,,,,,ODN0000440125,z,right_only
45479E5B-2438-4027-84A8-1E1E01790524,,,,,,,ODN0000433289,z,right_only
EB81C397-0B4D-4B7C-B911-34109C8E4BD7,,,,,,,ODN0000426684,z,right_only
7A359F07-67A7-4623-9E23-1D8CB7549D9F,,,,,,,ODN0000424670,z,right_only
1FC0CF91-963E-4F5D-8B3D-749D30DF9A0C,,,,,,,ODN0000449023,z,right_only
2342E43A-5047-43F3-980E-982601B25A8E,,,,,,,ODN0000437786,z,right_only
A56ACC26-84CA-4A85-B2D3-AE3AFF57C79D,,,,,,,ODN0000432873,z,right_only
093948DA-7ACB-4BAC-B492-6D7901C4F48D,,,,,,,ODN0000432857,z,right_only
AD2614D2-EFEA-4992-BA03-0681224F355A,,,,,,,ODN0000434766,z,right_only
8375D7E7-6BBC-44ED-B3FA-ABDB8EF057E9,,,,,,,ODN0000421821,z,right_only
DA45A4DD-DCFA-47D9-9A72-B2F43DA2925D,,,,,,,ODN0000433818,z,right_only
9C5196FD-4AF6-43C0-8FFA-D4FAB34B7809,,,,,,,ODN0000437970,z,right_only
7B13F9A8-4F91-45AE-B84E-0CBDE66D9586,,,,,,,ODN0000425238,z,right_only
9952B3F4-6DFF-4FE9-A648-0D8E4FE169EA,,,,,,,ODN0000432573,z,right_only
9F5D0C36-6346-4B8C-93D0-95EF58F3DB7E,,,,,,,ODN0000434134,z,right_only
1F7DBD4E-EFB7-4FF7-B02C-7CF701E2F138,,,,,,,ODN0000435789,z,right_only
B367B482-0EA5-4029-AE19-764F4A26B403,,,,,,,ODN0000423933,z,right_only
6D6AF516-29BA-4EBE-8B3D-999E0ED58016,,,,,,,ODN0000420870,z,right_only
BD7F911C-48AD-440A-B865-386EFDA68953,,,,,,,ODN0000434226,z,right_only
5C5A6EEE-5639-464D-A9EC-8EB6536E8CA6,,,,,,,ODN0000428528,z,right_only
8A7231CF-F760-488E-B4E3-81E7D4546B5C,,,,,,,ODN0000438113,z,right_only
C4268A0D-A819-4E1D-8793-7BD6AABEB562,,,,,,,ODN0000435471,z,right_only
B20EB531-2718-4E2B-A4BD-CEE2A58DE619,,,,,,,ODN0000426358,z,right_only
A4466636-34F5-495A-92EE-3A9C701F46CF,,,,,,,ODN0000432890,z,right_only
DD13C464-519C-4B03-9AFD-A37493FFCDE8,,,,,,,ODN0000438331,z,right_only
E70BAEEE-2019-437C-B430-6C1CAFCDC86F,,,,,,,ODN0000434533,z,right_only
78191215-23D2-4A36-855A-DCFD504A56B0,,,,,,,ODN0000436021,z,right_only
34C9EB31-D174-43E4-9B7C-FE1FB09E6D71,,,,,,,ODN0000438375,z,right_only
A956BAF7-92E2-4431-9BF5-B72F13244044,,,,,,,ODN0000426341,z,right_only
277A5BBD-88F9-4362-A2C1-6E6E16E12E08,,,,,,,ODN0000433641,z,right_only
3759CDDA-238F-4BAF-9EAB-F49863C5BD40,,,,,,,ODN0000433334,z,right_only
64C78C8E-B75D-4A6C-897D-E4F359328960,,,,,,,ODN0000433115,z,right_only
46928CC3-9812-4A18-8B09-A14BDB9EE01A,,,,,,,ODN0000437079,z,right_only
83C8AE37-7A68-48E5-908E-1DFAE9EA69E4,,,,,,,ODN0000427187,z,right_only
6976FAFD-3C9B-4964-A7C0-1DC1A1C40FB1,,,,,,,ODN0000444289,z,right_only
71AAF05A-5DA4-478D-892B-B316CC95637E,,,,,,,ODN0000427369,z,right_only
57228D5F-DA94-4E94-923F-8328B2A2F71D,,,,,,,ODN0000447531,z,right_only
D487A518-E6D6-4AAB-8026-33F40C15A916,,,,,,,ODN0000433172,z,right_only
1F83A833-E51D-41FD-A2F5-67CEBC09B85E,,,,,,,ODN0000427038,z,right_only
C120ACA5-84C4-4805-9293-6784600BE7D5,,,,,,,ODN0000432671,z,right_only
7DFD4DB6-DFC9-4646-B880-3BE9505FDF6E,,,,,,,ODN0000432576,z,right_only
8C40184B-02A7-4D3D-A4DF-4B0D9DFE1E71,,,,,,,ODN0000423890,z,right_only
6FFE23A2-ED1D-4061-B783-487C1541A2FB,,,,,,,ODN0000425110,z,right_only
5EDAE080-EEC1-4770-8854-F91998A35D43,,,,,,,ODN0000434452,z,right_only
4EB03979-C1B0-4BB8-B774-86DFA00B8552,,,,,,,ODN0000424680,z,right_only
6597E424-8EF1-40AD-9957-AF48A1EFB084,,,,,,,ODN0000432765,z,right_only
34C0BDBD-1D48-4FF5-B25F-D5AEA3F701F5,,,,,,,ODN0000433285,z,right_only
6D3D55BB-6FDA-4513-85E4-B9888F22ADD4,,,,,,,ODN0000425354,z,right_only
A6782D50-309D-494A-ACB1-962D17BFAB19,,,,,,,ODN0000434319,z,right_only
6C52DC18-A8B3-4F6D-A37A-60ED94EB1D22,,,,,,,ODN0000432566,z,right_only
EFB19528-0DF2-4FF1-BC8E-80B00E99D32D,,,,,,,ODN0000435473,z,right_only
2454922F-93F0-4497-A24F-B44422B038E5,,,,,,,ODN0000439237,z,right_only
4D850B38-76BF-4F3E-8A17-C92704EC2FEA,,,,,,,ODN0000434693,z,right_only
23E36837-D0CF-4CD2-B869-8BAA4CFADB81,,,,,,,ODN0000432821,z,right_only
E7DB5410-7AAF-4958-966C-DCF5171713EC,,,,,,,ODN0000433456,z,right_only
D20A7536-89FC-4A54-8312-EC7DB1790183,,,,,,,ODN0000438064,z,right_only
83FF3BBB-8A1E-426E-865F-4E499839EAEF,,,,,,,ODN0000442070,z,right_only
9B8B37D7-A8FA-46E6-A5ED-E4BBEB77B9E1,,,,,,,ODN0000426927,z,right_only
64000C37-DD30-4F54-A6F1-957D4621C3C7,,,,,,,ODN0000433483,z,right_only
20CC35D8-BB3A-4663-B979-5D003DF7ED61,,,,,,,ODN0000433058,z,right_only
A2CDD3AF-E7B0-49C0-BF23-5846A5FA6E3B,,,,,,,ODN0000432820,z,right_only
FED5F9C4-10D8-4B94-B1B7-8DB8F84229D5,,,,,,,ODN0000431265,z,right_only
63AE38C6-FDDD-40A2-8ACE-B50BE083E7E5,,,,,,,ODN0000433751,z,right_only
8786162E-4AB9-4FB3-A9C4-E0BE97B214EB,,,,,,,ODN0000437612,z,right_only
44C94A07-B058-4512-AFCD-57D5E1E128E9,,,,,,,ODN0000437610,z,right_only
A8EA88A4-BCFD-4C36-9ACB-1C4B7FCC1007,,,,,,,ODN0000437611,z,right_only
215A4A9A-537E-4735-9AC9-2F5ACD0D011F,,,,,,,ODN0000434277,z,right_only
95DD964C-400F-4FEF-8A2D-8FFBB59D315E,,,,,,,ODN0000433718,z,right_only
56F72490-7BFE-4D3A-A927-956808854F41,,,,,,,ODN0000448155,z,right_only
A4033ABA-EF2E-4612-B8DF-62CDEA03D118,,,,,,,ODN0000434658,z,right_only
5A06A3C8-19B1-46B9-BBD9-157FE335288B,,,,,,,ODN0000445837,z,right_only
533A6EE0-CBE7-4C50-8B61-5842C50309F8,,,,,,,ODN0000425752,z,right_only
876AA7FA-E946-4BF5-849A-346E7ADD643D,,,,,,,ODN0000425753,z,right_only
0B6FA8A5-6584-4334-8AC7-A341D448894B,,,,,,,ODN0000425754,z,right_only
963F2397-5713-4621-A8EF-0C3E86C7212D,,,,,,,ODN0000425755,z,right_only
033B7FCE-1D42-425D-8758-29DFF8A90B8F,,,,,,,ODN0000425756,z,right_only
104B0479-55B1-4795-950F-52BD9CD743BB,,,,,,,ODN0000425757,z,right_only
9C3EFAE3-6DB0-47BC-B616-985EC4C1AFEF,,,,,,,ODN0000433322,z,right_only
C2E503ED-A4C0-43E7-90F6-4FA4848D3217,,,,,,,ODN0000432771,z,right_only
79E32529-07DE-4E19-8D8F-151752474508,,,,,,,ODN0000438882,z,right_only
D4613FE0-6E44-4DAA-8B0E-920845F5EB92,,,,,,,ODN0000434300,z,right_only
001FCAA0-540D-4412-BEBC-11D655D482AC,,,,,,,ODN0000433741,z,right_only
6920AAD8-8921-4EC1-9A0F-78A3D048A2CA,,,,,,,ODN0000432746,z,right_only
262A8758-F1DF-4DF2-BF0F-69113C01521E,,,,,,,ODN0000438991,z,right_only
BD6C7D1B-D360-4DF4-8165-9624BA2D3F34,,,,,,,ODN0000436401,z,right_only
99B21C5D-938B-40C8-A272-63B0D8C2E345,,,,,,,ODN0000438237,z,right_only
4F6A6996-C268-4946-A4DF-E63B4D669EBF,,,,,,,ODN0000434480,z,right_only
C12BA1D3-89AF-485F-B088-614A8F1D0E89,,,,,,,ODN0000432825,z,right_only
595803C9-8546-4C62-A501-8D37B6DF3A26,,,,,,,ODN0000449037,z,right_only
D41EFABB-E554-466F-A0DD-A7EA87C76E30,,,,,,,ODN0000432808,z,right_only
14A4EEBA-7649-4CA8-912F-C985D7587D4A,,,,,,,ODN0000424328,z,right_only
E72F705B-65B9-41EE-900E-35840DE3F156,,,,,,,ODN0000432798,z,right_only
9D6C9B44-69DD-41B7-9DBF-3AD5C489DEDA,,,,,,,ODN0000433292,z,right_only
822704BC-8781-426D-97B8-8649EE60DAAF,,,,,,,ODN0000438070,z,right_only
ADD8C601-070F-41FA-B79C-72FAE5E6E113,,,,,,,ODN0000440117,z,right_only
68BBBBF5-8B55-4F84-AF48-882B02BD5E61,,,,,,,ODN0000432918,z,right_only
B38B9866-9D4E-4782-82CD-DEF0799B41A7,,,,,,,ODN0000432655,z,right_only
D845FCFA-032D-46CC-AD8B-6C070D09E66E,,,,,,,ODN0000435564,z,right_only
CE9B540B-A2D5-441D-A8D6-5AF389BE4187,,,,,,,ODN0000425561,z,right_only
7AE51BB2-45B1-490F-820A-CF9F0B4B8645,,,,,,,ODN0000423314,z,right_only
03F33688-4EB2-4396-91A5-92D717A834B2,,,,,,,ODN0000433310,z,right_only
30A907E4-FF95-471C-B5DF-31BF477690CE,,,,,,,ODN0000428596,z,right_only
F567D5AE-3466-4F7A-9DCD-44E9BE2448C0,,,,,,,ODN0000434532,z,right_only
50CE0864-A1F6-47CD-8C2C-78B289EFC749,,,,,,,ODN0000435201,z,right_only
327F51BB-418D-4337-B626-584AD8EAED7B,,,,,,,ODN0000433780,z,right_only
2882A50A-0409-4156-9F47-3CDE22560BD0,,,,,,,ODN0000435165,z,right_only
78BAC3D3-BD83-44A1-8D8E-F9955105C952,,,,,,,ODN0000432617,z,right_only
9733DD13-5F96-40D4-AB89-23F47A2B8EA6,,,,,,,ODN0000434740,z,right_only
270CBBD4-14C1-4489-9CB2-91A71A178C7B,,,,,,,ODN0000434732,z,right_only
121D0D80-F6FA-4DC1-A555-608CF79E9FC9,,,,,,,ODN0000440121,z,right_only
DE39CFF1-DF49-4E6A-9A53-55481AAC204F,,,,,,,ODN0000435786,z,right_only
8B836256-0F55-426D-9866-8D8F4E59DE93,,,,,,,ODN0000439785,z,right_only
1F83F4FB-F36C-424D-8F6F-9F23DB3C0542,,,,,,,ODN0000435308,z,right_only
C39531BD-AB88-4D61-8DD9-B65959447DB8,,,,,,,ODN0000422884,z,right_only
EAEBC875-76CA-452D-A441-54287817040F,,,,,,,ODN0000425477,z,right_only
8B5CF30B-2D5D-434D-A8B6-3398D79AEACB,,,,,,,ODN0000425810,z,right_only
FCF90425-0446-4DDA-B0A8-94D7092B3E58,,,,,,,ODN0000433884,z,right_only
49406FAF-287F-41C5-A494-78CAC8FEF004,,,,,,,ODN0000442950,z,right_only
0E4A6FD0-F518-4696-85A6-8CFF07BCCD0C,,,,,,,ODN0000433862,z,right_only
90DAE0CF-5D7D-4584-ABB4-6F95CF60B3BF,,,,,,,ODN0000439299,z,right_only
4C4DA68C-84EB-4614-A66A-BB50A841363C,,,,,,,ODN0000433882,z,right_only
FF5F83AB-B687-4F15-B0DA-103024FC33AB,,,,,,,ODN0000426300,z,right_only
319E4083-E541-4917-BB26-E9FB1002991B,,,,,,,ODN0000438308,z,right_only
87E605F1-0FE2-4158-8E8D-A5ECBC2B8474,,,,,,,ODN0000441059,z,right_only
B6EF722F-470B-46EB-97D8-FF6F69BF059F,,,,,,,ODN0000448010,z,right_only
83D25197-B5C5-40DC-86A9-D5D41FB68EFC,,,,,,,ODN0000432846,z,right_only
9E594C1B-22C3-4B6E-9CF3-EBA27B635C04,,,,,,,ODN0000432568,z,right_only
B353DC66-394F-4DDD-818B-BC7D8239F13E,,,,,,,ODN0000430011,z,right_only
C6C22361-0F26-40B8-84BB-2CEC45CBCDB1,,,,,,,ODN0000444655,z,right_only
306D0C58-ED21-4424-8389-A8DF02F8FA5C,,,,,,,ODN0000440312,z,right_only
053CC42D-D957-44D7-9BB3-E06EA685069D,,,,,,,ODN0000427366,z,right_only
3D358BB6-6A4E-48DE-A8AC-DEF74E559241,,,,,,,ODN0000428095,z,right_only
BEDEAB49-7A8D-49DC-87E9-07165AB6ED25,,,,,,,ODN0000422917,z,right_only
3A007E41-966B-47B5-98DA-53E3ECD93470,,,,,,,ODN0000426439,z,right_only
47C876E3-868F-486C-93BE-294F3E68D075,,,,,,,ODN0000425457,z,right_only
0E07C153-0104-47F6-A921-23BBE1D1E795,,,,,,,ODN0000437164,z,right_only
D4CAFBB8-8D8C-4C57-91A1-B58286AC0D76,,,,,,,ODN0000437760,z,right_only
32F57BA4-05A6-4BBF-A62C-3BE35317639E,,,,,,,ODN0000434247,z,right_only
D22F519C-25BD-4953-92A0-4C35EC5156BD,,,,,,,ODN0000434248,z,right_only
B8A30400-C4C5-43AE-A901-E769E0E69579,,,,,,,ODN0000449102,z,right_only
F59E1AB9-2869-4E6F-BDC3-98A651F1B617,,,,,,,ODN0000437930,z,right_only
8D7D0996-24C2-4812-ADD8-4B0744099ED1,,,,,,,ODN0000437927,z,right_only
81B4F17E-47CE-46B1-A9C6-E50C4DA70A23,,,,,,,ODN0000437928,z,right_only
0FCB5F2A-1FE3-4546-9943-40FDDC054799,,,,,,,ODN0000437929,z,right_only
AB913840-D1F5-4A27-A1C2-D74D5A5181C1,,,,,,,ODN0000424738,z,right_only
0D9B493F-B4CF-41E3-8221-0EAA018D4CB5,,,,,,,ODN0000443998,z,right_only
5A26B02D-CD50-4F40-8E34-FB0F297D0E05,,,,,,,ODN0000443999,z,right_only
129E3DB3-9E06-40B5-B143-1EA5499BF4A6,,,,,,,ODN0000432725,z,right_only
22F828E1-9069-40D1-8A92-8619803C9087,,,,,,,ODN0000432563,z,right_only
E8384A2F-462F-4D76-AA68-5B8E5AFA5E12,,,,,,,ODN0000446284,z,right_only
A28632DD-6610-445F-8EAE-2133F9B87622,,,,,,,ODN0000434911,z,right_only
CCA25D8D-0075-4FBE-8653-564CDD4D8000,,,,,,,ODN0000434917,z,right_only
8738179A-2E5E-408D-B9F5-E17603234ACF,,,,,,,ODN0000435080,z,right_only
B6DCA425-7CAA-4DF2-AF1D-0D793DD5DDA7,,,,,,,ODN0000432684,z,right_only
C10A2599-0E76-4DF8-A4A2-15FDA25433C2,,,,,,,ODN0000434737,z,right_only
321D612D-80E0-4736-8A0E-A0560F3167D4,,,,,,,ODN0000434739,z,right_only
BE9B77F4-574B-47C1-9599-E098C1B0C954,,,,,,,ODN0000421981,z,right_only
7C247D3F-A7CE-4AB5-B632-6B0A37AB74D6,,,,,,,ODN0000434459,z,right_only
1B378A27-C725-49FE-98F0-8C92C3EBCAA6,,,,,,,ODN0000433294,z,right_only
E187B839-628D-4D3F-9C25-E6294B02E94C,,,,,,,ODN0000433363,z,right_only
D4A612E0-FB2E-4681-B428-9EDCE67A6CAE,,,,,,,ODN0000434733,z,right_only
EA5DCAD5-3F6F-4E61-921E-C8288A3A673E,,,,,,,ODN0000432610,z,right_only
AD999A03-CF96-41B1-8673-DC98447A9EAC,,,,,,,ODN0000432663,z,right_only
DDF11553-B0C0-4780-84C8-41DCDB8D58A0,,,,,,,ODN0000447405,z,right_only
2F744E87-5FC1-470B-AD88-8B4E8097DCCB,,,,,,,ODN0000426791,z,right_only
9AAE0E63-AC97-4E07-AD70-75FDF38B1725,,,,,,,ODN0000432498,z,right_only
F67A1472-4827-4E34-A210-2D6A295C4A90,,,,,,,ODN0000434220,z,right_only
815AFCCF-BAD9-45D1-B2C1-92951CD8ACA0,,,,,,,ODN0000428781,z,right_only
8867436B-3E25-4C56-89B7-01BA38BECCAA,,,,,,,ODN0000434725,z,right_only
008BDB6F-01F8-42C4-8917-7D11133FC883,,,,,,,ODN0000438069,z,right_only
7359B34E-0D99-4000-A4F3-A097DB6E616B,,,,,,,ODN0000434724,z,right_only
8B8EA620-F960-46AC-A913-4C42D8199398,,,,,,,ODN0000432960,z,right_only
BF913096-95DC-4FE9-92C8-0A1E12981507,,,,,,,ODN0000432815,z,right_only
6A167229-F129-4B5B-AB95-3EEE2E9AEB67,,,,,,,ODN0000433196,z,right_only
DADD71CC-32FD-4390-BF4D-06D27C0F15E0,,,,,,,ODN0000435582,z,right_only
7D52B47B-E1E6-4421-A352-B74EC433772D,,,,,,,ODN0000437651,z,right_only
1303D063-C9BE-4D55-BC46-2D6BECC94A06,,,,,,,ODN0000430049,z,right_only
D0E032DB-5CD7-4926-9CB2-4F5092D8BF7F,,,,,,,ODN0000428089,z,right_only
7C13AC04-2157-4797-AF05-3B1DC3FB89DE,,,,,,,ODN0000424416,z,right_only
A6A90C20-328A-48CB-B00C-94374D23B254,,,,,,,ODN0000428271,z,right_only
638C2B68-7CE3-4872-8C70-F65371E7B20C,,,,,,,ODN0000423479,z,right_only
0F234582-8E5D-435F-A809-E165EC4E6D66,,,,,,,ODN0000435953,z,right_only
FFDDD68D-BA02-4A0D-B1D2-027108490F35,,,,,,,ODN0000423945,z,right_only
40BB4359-CDA8-4ED1-9FFF-63BAA5865747,,,,,,,ODN0000444321,z,right_only
71430617-AA95-410F-AA65-4020604B7225,,,,,,,ODN0000447262,z,right_only
84180A19-D6F0-4AC3-94E7-3D27CBA21056,,,,,,,ODN0000426900,z,right_only
02BD798F-F35A-499B-BE22-19F899B0ABBB,,,,,,,ODN0000421544,z,right_only
BD538AC7-3C39-404B-8172-07418CD79F47,,,,,,,ODN0000435863,z,right_only
CAA6E9C0-19FD-4C3E-AC05-9EFAFA07285F,,,,,,,ODN0000432570,z,right_only
2E28775E-1A4D-4722-A9BA-5EFA445AF206,,,,,,,ODN0000436384,z,right_only
3A63AA0E-2996-4A31-9B4A-A84D973F8761,,,,,,,ODN0000432588,z,right_only
B4A6EE4D-A9FA-428B-90D5-C941B4DD25EE,,,,,,,ODN0000436716,z,right_only
5C47F96D-442D-497B-8CF4-390BC577121E,,,,,,,ODN0000434274,z,right_only
CF0D3897-A15B-4F7A-BE69-5D4399994CE1,,,,,,,ODN0000433738,z,right_only
BCD4E8F7-6D88-4C1D-AAF1-3360181CCEA9,,,,,,,ODN0000424053,z,right_only
88C87CC9-D175-4114-A7B7-9792050B40CA,,,,,,,ODN0000424304,z,right_only
80827BFD-61D8-46A8-A3C8-A78A898EED00,,,,,,,ODN0000439111,z,right_only
EAAE18D7-1EF5-4AFC-98E3-DFD393835280,,,,,,,ODN0000428605,z,right_only
DC47AF09-0075-458C-9349-875022CF5E74,,,,,,,ODN0000424290,z,right_only
CA3F31B6-CC78-4930-A5E3-405057722F91,,,,,,,ODN0000434667,z,right_only
9996C94D-2AF3-4DB4-A5DF-06B85A2A0CCF,,,,,,,ODN0000434759,z,right_only
7976E1B8-6D66-49B6-A639-2CF44AA6D672,,,,,,,ODN0000447488,z,right_only
E9A3F94A-7434-4B31-A569-74A3980B01D9,,,,,,,ODN0000425912,z,right_only
492A8C84-A37F-42F8-9E6E-7CE3F7766A3D,,,,,,,ODN0000426165,z,right_only
6469564D-33EA-4B9E-9DED-B30FD31F070C,,,,,,,ODN0000437382,z,right_only
C9CFD8ED-8C59-43A5-A14F-EE34FEB64EB3,,,,,,,ODN0000433166,z,right_only
AE073478-E81E-4F43-B68F-3022DA11610E,,,,,,,ODN0000422664,z,right_only
30DED4A6-6981-4D7D-907A-EBBE6C1B643A,,,,,,,ODN0000434535,z,right_only
336E9386-2B29-47E5-B17A-52B354D1D431,,,,,,,ODN0000447559,z,right_only
C676B86A-2579-4AE3-9474-2E79A60670EC,,,,,,,ODN0000432762,z,right_only
88A6D3F1-8367-4C7C-BC93-9A69F373954E,,,,,,,ODN0000422032,z,right_only
54407783-B003-4FCA-9499-BA623E2E1002,,,,,,,ODN0000430982,z,right_only
E7CF7919-008B-480C-B293-A8BBF26F6075,,,,,,,ODN0000441206,z,right_only
3AF378B8-56E9-4925-8AA7-BBD08952AADA,,,,,,,ODN0000430488,z,right_only
5DA6C98A-7452-4654-9574-D3C97BB71EF4,,,,,,,ODN0000438444,z,right_only
025BCCE3-1018-4DEC-9651-F6C958BE0BBA,,,,,,,ODN0000434279,z,right_only
F67EF00E-A083-4416-8D44-463573090B67,,,,,,,ODN0000433723,z,right_only
CD6FF781-747E-4CBE-847A-2A3BB262B679,,,,,,,ODN0000429252,z,right_only
936CAD87-A926-4DE6-8A78-02B32F082AE9,,,,,,,ODN0000440805,z,right_only
17F1B8CA-9905-4D28-A1C2-BC8F49D1C84F,,,,,,,ODN0000432727,z,right_only
56E93FDC-79C5-4ADE-98C3-A78BAD6B79E9,,,,,,,ODN0000433725,z,right_only
018BD4FD-51F9-4FC8-9A7B-22C29FC033B3,,,,,,,ODN0000424052,z,right_only
8020192C-4324-4077-8C8B-48CAE40FF7A9,,,,,,,ODN0000434273,z,right_only
61FCEA9C-21A5-414C-86B3-E5DC4FB525D7,,,,,,,ODN0000433629,z,right_only
3CC9D0B4-0691-44A0-BB6D-901CF6459E06,,,,,,,ODN0000447295,z,right_only
0D24C64A-F7D8-4C7A-90FD-5BD00C4B8462,,,,,,,ODN0000435327,z,right_only
FE86C1AE-30AA-4472-B26D-E9803C8F72EE,,,,,,,ODN0000440298,z,right_only
54CE5C46-23E7-47EE-9B7A-44296EA0911E,,,,,,,ODN0000433951,z,right_only
8CDC3582-F343-45C1-A853-3E5ECD1F9D2A,,,,,,,ODN0000433888,z,right_only
09218766-BEC6-45C1-B0BB-239569E5CFB5,,,,,,,ODN0000427459,z,right_only
4912CDB3-C4A2-40F8-945D-215ED11106D1,,,,,,,ODN0000438655,z,right_only
9F343FE7-1F14-46DF-B99A-8F686CEAFDEC,,,,,,,ODN0000447310,z,right_only
340FF364-D469-4028-802E-FD478F44074B,,,,,,,ODN0000423704,z,right_only
D97E8685-4BA4-4236-BAE3-FBB21B417FA9,,,,,,,ODN0000440570,z,right_only
D3BA9D66-93A8-4C04-8581-07F8E0987C0D,,,,,,,ODN0000440900,z,right_only
10B4F49A-0B57-4D7D-AE99-49A3A038D2F6,,,,,,,ODN0000432572,z,right_only
7A3FDF48-4823-4DB0-997A-D130AFDAF842,,,,,,,ODN0000425505,z,right_only
5408F8A7-7BD7-4CE9-B099-D783FC6525BF,,,,,,,ODN0000437359,z,right_only
9BFED552-0AB0-466D-8C1A-23E23D16839B,,,,,,,ODN0000434278,z,right_only
C979E425-014C-43B7-8E34-3D484BA33BE4,,,,,,,ODN0000433722,z,right_only
32958007-B710-4AE5-A865-E3326AAD7F67,,,,,,,ODN0000438637,z,right_only
A9C76BAD-7EAD-4B86-841D-3CA1CCEF128D,,,,,,,ODN0000441073,z,right_only
A035CEBB-DBE7-40F2-BDD6-C64EED283A81,,,,,,,ODN0000438083,z,right_only
452D8840-6178-4357-B4C2-4FED3B907DFE,,,,,,,ODN0000437975,z,right_only
F4BB9FC8-FF26-4EFC-A55E-23F9530827CD,,,,,,,ODN0000423031,z,right_only
8FDF9A12-01C9-4D0A-8A34-87A3A329806D,,,,,,,ODN0000428988,z,right_only
8DB5B4E1-E435-4C13-93D6-AF507A92E7A6,,,,,,,ODN0000442350,z,right_only
4527EE49-58B0-4404-8F50-33D03D27DE88,,,,,,,ODN0000437401,z,right_only
E3245B86-4B95-47B5-980E-899719167841,,,,,,,ODN0000434653,z,right_only
1DA49144-5207-4207-B571-2EDAA8E0BA96,,,,,,,ODN0000440068,z,right_only
85BC3F1F-9B4E-4105-B1C0-B721A64012EB,,,,,,,ODN0000432814,z,right_only
857C09F1-FA99-401B-AD34-C6ADFBDDDF66,,,,,,,ODN0000427115,z,right_only
2F460088-6D4C-4484-A7E2-003693C14239,,,,,,,ODN0000440139,z,right_only
8F18EE5F-83BF-4FF3-A213-F793BDBEF017,,,,,,,ODN0000421652,z,right_only
11286947-8514-4588-87F0-2310391F520D,,,,,,,ODN0000433365,z,right_only
B7627392-DC29-4EFD-B9DA-182C1E2979EF,,,,,,,ODN0000433270,z,right_only
B0592373-B73B-44C5-96D6-62F7C409C0A5,,,,,,,ODN0000441177,z,right_only
A0003101-088B-4EB5-9C55-455E5182961C,,,,,,,ODN0000433651,z,right_only
E14FC29E-F771-4161-8665-2AFB1A5FA45A,,,,,,,ODN0000435400,z,right_only
7BCF9BAD-10D5-407A-9165-366FA93830EB,,,,,,,ODN0000444329,z,right_only
C5E3AE8E-990A-424B-9316-7EC88C2E6247,,,,,,,ODN0000435923,z,right_only
E0A0DED7-5514-4E71-BC34-569DC6133E74,,,,,,,ODN0000432743,z,right_only
C669626A-6230-463B-8C30-3E94E130F344,,,,,,,ODN0000432744,z,right_only
DFF56BEE-2F28-41E2-AC53-EB64CDD77AC9,,,,,,,ODN0000424917,z,right_only
18EE0718-3A04-43B1-9232-F0D873056353,,,,,,,ODN0000426724,z,right_only
BE12ECDC-5B44-4405-8B23-D20FA0E1016C,,,,,,,ODN0000433809,z,right_only
86D1993A-7352-4959-B62D-224DE2A1B806,,,,,,,ODN0000438029,z,right_only
0ED2C1A5-DFD7-48A8-BB8D-2A85C2F31099,,,,,,,ODN0000424909,z,right_only
064C1138-A97F-490A-8BED-233DA6E0CE1C,,,,,,,ODN0000424722,z,right_only
2D82C485-59B2-4F60-B678-5AEB224679FA,,,,,,,ODN0000424644,z,right_only
2B4A0615-4163-4A0A-8FF0-2D47C97FACBD,,,,,,,ODN0000447950,z,right_only
3968BD4B-A42F-4CC7-A605-ACF0BD5FBC25,,,,,,,ODN0000433669,z,right_only
286906B4-46D6-4936-BB9A-E087D1EC406A,,,,,,,ODN0000438163,z,right_only
D112F196-D45A-455D-B4B5-6C598701562F,,,,,,,ODN0000442029,z,right_only
7E8F6823-AB8D-417B-8FF4-292999772A3D,,,,,,,ODN0000434688,z,right_only
7D84696F-F2FE-43A0-A87E-234A4C2589EE,,,,,,,ODN0000434501,z,right_only
190E57EF-6907-4D93-8BBD-610ADABF6E87,,,,,,,ODN0000427432,z,right_only
6ECF4C08-DF73-4D88-8484-CB1EB14DEF1A,,,,,,,ODN0000435579,z,right_only
60BB6DC0-ADA2-458E-A77F-06B385045EC1,,,,,,,ODN0000435028,z,right_only
856BC745-B5E1-44AB-81A4-B7F32349ACAE,,,,,,,ODN0000441654,z,right_only
BBBE44BD-0C2A-4EA7-A5DE-2D00D97DC08D,,,,,,,ODN0000430218,z,right_only
8B901AB9-79DF-4423-BBE6-D1558CF65E3A,,,,,,,ODN0000430217,z,right_only
5298FF49-29AE-4747-A5ED-4EA331AEE7CE,,,,,,,ODN0000437755,z,right_only
A543A226-A708-4DA4-AB8F-93ACB8FD43FA,,,,,,,ODN0000433380,z,right_only
A4A0F8D7-E338-41EB-A1DE-31DCD999F473,,,,,,,ODN0000440812,z,right_only
75E16EA2-3AA2-4040-A20B-2ED69CEA2C09,,,,,,,ODN0000423324,z,right_only
0B28098F-D352-4AA5-950D-1474A006DDA6,,,,,,,ODN0000435134,z,right_only
C55C33F9-52FE-4877-9D97-455D868F8A46,,,,,,,ODN0000430595,z,right_only
988FDD44-258C-41C4-8F57-F0D02B33FE70,,,,,,,ODN0000437618,z,right_only
183A4B8B-E1C0-48CF-9684-8D329C9DDA1B,,,,,,,ODN0000432973,z,right_only
DEC9189A-7637-4F5B-B8BE-DEEF49FA9269,,,,,,,ODN0000442504,z,right_only
80575B8D-336B-42B1-ABDF-51A2C6840692,,,,,,,ODN0000440106,z,right_only
F307BC0E-75E3-44AA-9E18-4B2C19884454,,,,,,,ODN0000442398,z,right_only
553529BB-6716-40AE-8D1E-767B1A609F74,,,,,,,ODN0000432534,z,right_only
CCA8B7A2-D578-406F-BCAC-2AF74B5D8761,,,,,,,ODN0000426374,z,right_only
3EDA95A5-2E1F-4B96-8429-FA3C9B7080BC,,,,,,,ODN0000436221,z,right_only
DAF7A65E-7783-4CEE-BB0B-F849CE5334D9,,,,,,,ODN0000428704,z,right_only
79A8EDBF-58CD-4625-A08E-1CACD1B95EEA,,,,,,,ODN0000432625,z,right_only
B6A325C9-126B-4150-8550-1C8FAA044AF2,,,,,,,ODN0000433108,z,right_only
C084F950-68D8-4043-8CCA-C0675921891D,,,,,,,ODN0000433387,z,right_only
87D9D4B4-F02C-4FB9-B8A2-6F644E9D6992,,,,,,,ODN0000441205,z,right_only
FA83B4D4-A60F-48A1-9A7A-06B64CC2469B,,,,,,,ODN0000432580,z,right_only
FC7F360B-1C3B-4D11-ADD9-6B36C7472FA9,,,,,,,ODN0000443230,z,right_only
5A62B352-2658-44F8-9682-C95194A4AD59,,,,,,,ODN0000443929,z,right_only
483BB1B4-C39A-4AF2-8821-BA78D30358AD,,,,,,,ODN0000424502,z,right_only
DED3D097-BF38-48F1-8AB2-CC8B3D739042,,,,,,,ODN0000432888,z,right_only
B6902403-DCB2-4F07-9175-233708F68919,,,,,,,ODN0000424745,z,right_only
DDF6981E-4504-48C6-9F09-27CAF1AD1698,,,,,,,ODN0000430046,z,right_only
7E1DE7E7-E4FB-4959-9655-DA90960F0985,,,,,,,ODN0000447512,z,right_only
4C0825D0-CDA6-4C15-BB94-394B25EC7303,,,,,,,ODN0000447427,z,right_only
BE19AFD8-D4B5-4274-B7AA-BC64369114DC,,,,,,,ODN0000430008,z,right_only
EE90E889-6CEB-40A8-9268-E385A07B817C,,,,,,,ODN0000432843,z,right_only
8A371159-155F-4823-B9DD-D1F00325D17F,,,,,,,ODN0000438713,z,right_only
598DDFAB-3660-4F01-95A9-CA1420BAE4DA,,,,,,,ODN0000444327,z,right_only
E160E754-3215-4FBF-B792-028C1E57805F,,,,,,,ODN0000432934,z,right_only
1D61A246-8649-44B5-BA49-2219C45B5C75,,,,,,,ODN0000433199,z,right_only
DC768225-A8E3-4367-8647-3173B6E56E15,,,,,,,ODN0000433642,z,right_only
43FFC240-46EA-4362-AA26-F1D19EA3C130,,,,,,,ODN0000433637,z,right_only
DB504C16-BDDD-497C-985B-83C9E0B435C2,,,,,,,ODN0000433395,z,right_only
765DE3A0-4C63-4BB9-8F37-6A08DD248ADE,,,,,,,ODN0000433727,z,right_only
9BDAF1FA-05F6-4DD6-B178-1A47B950C7CA,,,,,,,ODN0000433728,z,right_only
15A3FC7D-0F0D-4AEB-80E4-20B4963683DC,,,,,,,ODN0000434276,z,right_only
C5A93F16-6EB8-4A5C-B6B6-57C3E462AF0E,,,,,,,ODN0000432714,z,right_only
B8A772BE-06C5-46F7-A5C5-8DF49ED9ADCF,,,,,,,ODN0000433243,z,right_only
5EC25EA6-DE75-4A1D-8403-4904236CCF45,,,,,,,ODN0000433640,z,right_only
B427F26D-55EA-4BBD-9019-8C8EE36D2AAB,,,,,,,ODN0000428454,z,right_only
1A3C147E-92BA-48A6-ABA1-213626C64032,,,,,,,ODN0000445721,z,right_only
9E4F1DFE-730C-4701-B593-238DC7E8E0BA,,,,,,,ODN0000434736,z,right_only
6B5D05C3-F833-4C51-8FA4-74ED4CA4F372,,,,,,,ODN0000420880,z,right_only
396F8813-E1B1-4BB8-8A84-6DCDC40CD345,,,,,,,ODN0000426577,z,right_only
6FF94E68-4896-4751-A174-A020E2B61577,,,,,,,ODN0000429466,z,right_only
F984B889-51A2-4DD2-A2C8-9EF9FD7FD49D,,,,,,,ODN0000430976,z,right_only
48C7C7A3-EFB7-4AAA-8E66-57C36E6E4D21,,,,,,,ODN0000425042,z,right_only
B30CB8F4-5625-4EDB-98EB-FA9663C46AD5,,,,,,,ODN0000428574,z,right_only
B26288C1-B6CC-4F9B-8B2E-E265B89B1327,,,,,,,ODN0000434438,z,right_only
F06A2302-33CA-4428-82D4-29BDE948766F,,,,,,,ODN0000435841,z,right_only
AC37EC2E-3370-4A8E-878C-C2447BBD7C69,,,,,,,ODN0000421195,z,right_only
9290A50A-A2BC-4574-8774-95CAB2D504CA,,,,,,,ODN0000432606,z,right_only
2C99FAA5-A82A-4745-847E-34F0B6823D2D,,,,,,,ODN0000427819,z,right_only
523BA2C7-2548-44E7-9893-CA97D31DB1E5,,,,,,,ODN0000448889,z,right_only
86969601-26FD-45AA-A98F-3EC688130B31,,,,,,,ODN0000426391,z,right_only
8345581F-A346-485E-80F4-359B19BDE1C8,,,,,,,ODN0000438470,z,right_only
66C2006A-C200-45F6-87F3-E0C1D44E811D,,,,,,,ODN0000424064,z,right_only
9B485E91-31E0-4851-84FD-D1BB9F52C3BE,,,,,,,ODN0000434536,z,right_only
B54606FD-E660-4E1B-89E1-85B309A06626,,,,,,,ODN0000433816,z,right_only
8CA5D1CC-FF78-4046-9410-DEA33449F3BE,,,,,,,ODN0000436742,z,right_only
ED1EC063-1175-4326-92C4-6BFD205CA620,,,,,,,ODN0000439314,z,right_only
9DD5444B-FD85-4AE6-9565-A78C6697A7D5,,,,,,,ODN0000435261,z,right_only
B57B3BE6-8A29-4F81-8D42-3864D6C6E851,,,,,,,ODN0000422956,z,right_only
9607BE1F-EDDE-44E7-9D1A-BAF6A3F106C4,,,,,,,ODN0000425922,z,right_only
23044129-DCFF-41A4-BDA0-8FB207153907,,,,,,,ODN0000430636,z,right_only
36E9AD78-6D2D-4606-92BC-54060A341E24,,,,,,,ODN0000421273,z,right_only
1CE29013-90C4-455E-84B2-856B1F6DC273,,,,,,,ODN0000435147,z,right_only
485E2C8B-F68B-4369-BBCA-095DFD66DB2E,,,,,,,ODN0000433195,z,right_only
7E22FE5C-A6D0-428F-87F1-E5A916D7F72E,,,,,,,ODN0000433505,z,right_only
C5EDE4A1-FC73-4C68-9F24-D78C430D4E1D,,,,,,,ODN0000435894,z,right_only
F04B30C3-FA67-4D02-96F2-E4462766DA83,,,,,,,ODN0000439127,z,right_only
4FDD17F8-734B-4219-9DA5-24EFA92C6554,,,,,,,ODN0000432938,z,right_only
2058711E-E164-4C9E-AC66-1DB5610EDD70,,,,,,,ODN0000433854,z,right_only
3571B64C-5FBA-4418-A68D-ADFB23C3C8C0,,,,,,,ODN0000426290,z,right_only
A50F14B1-573C-487A-BC84-B04ABD4E7EE2,,,,,,,ODN0000425216,z,right_only
2ACD0B9A-62D1-4E1C-9074-3E1F430AEDAB,,,,,,,ODN0000423481,z,right_only
DFE79F58-5A8E-4BC2-BCF8-2CA89FA83D70,,,,,,,ODN0000432724,z,right_only
82A45625-A216-4981-95C8-34DEBEF9E74A,,,,,,,ODN0000427249,z,right_only
A800C34F-5628-49B9-880A-AB560BA30328,,,,,,,ODN0000446796,z,right_only
2E18202E-FEB9-45CF-BA78-907788B28299,,,,,,,ODN0000428978,z,right_only
460582F9-7BE9-424D-A3A7-9FE6D44FE394,,,,,,,ODN0000446686,z,right_only
0A94A1B5-8215-43A4-AF0B-766DB98D8042,,,,,,,ODN0000440876,z,right_only
669F2DD3-1D20-4301-8A4B-261CBDECAE25,,,,,,,ODN0000437677,z,right_only
E89824DF-F32F-402B-8C75-0FF17BB410D5,,,,,,,ODN0000427141,z,right_only
3028B4C7-AFDA-4443-828A-0F0F09443DE5,,,,,,,ODN0000430404,z,right_only
09FBFB02-4C3D-4C27-8ACD-5E5A95ED6CF2,,,,,,,ODN0000435549,z,right_only
82C6449D-E61F-48E8-9F0E-F66D00C0C254,,,,,,,ODN0000423164,z,right_only
A94F0046-70D5-4553-8E6A-A8378BB5B24A,,,,,,,ODN0000421408,z,right_only
1A3F3455-8CAE-43A8-8D21-AC461B49F9AC,,,,,,,ODN0000421887,z,right_only
B49C1CD7-7298-411B-8B64-FB0DBAED4C97,,,,,,,ODN0000433846,z,right_only
F2481A2A-C22F-48C0-B14F-38BEB905F1E7,,,,,,,ODN0000435358,z,right_only
83ACC921-F58E-4DB3-92E5-FA1F6E2680B0,,,,,,,ODN0000432473,z,right_only
BC74E108-B438-4D6E-96AD-51FCB3AE8148,,,,,,,ODN0000445367,z,right_only
38ACEDB1-ED2D-4FF8-A02C-2610B99C9D01,,,,,,,ODN0000440067,z,right_only
523F9838-21D7-4AC5-9511-99BCB8095546,,,,,,,ODN0000433665,z,right_only
918F0778-152C-4F62-AAA1-A1866928AB2E,,,,,,,ODN0000444560,z,right_only
E5E21986-D583-4140-8E2E-AED438B8B405,,,,,,,ODN0000425177,z,right_only
9BFB9A9E-E9C0-4345-9F64-C1717041E996,,,,,,,ODN0000424319,z,right_only
582D3552-4910-4699-9B28-6B2601534CBE,,,,,,,ODN0000437659,z,right_only
E9DA9367-7B4D-4E8E-BF56-810089E74EFD,,,,,,,ODN0000429795,z,right_only
4C625B47-8EDF-488F-8EDD-5BB2EC73256A,,,,,,,ODN0000437458,z,right_only
B2DABB2B-AD9E-42FA-A842-0CB5F80D7851,,,,,,,ODN0000424415,z,right_only
AD406D1C-496E-42C0-9E63-98609E1645A2,,,,,,,ODN0000447371,z,right_only
49D9F8A1-04A4-4B3F-AFC4-49F68ED6F39D,,,,,,,ODN0000447791,z,right_only
B8ACDFDA-8C44-43AF-8783-E7A5B0A4BAB5,,,,,,,ODN0000430738,z,right_only
115307EA-880B-428E-8C3A-4B21C8979ADF,,,,,,,ODN0000436978,z,right_only
EB8D41C6-137D-498A-ADA9-A4FD7FCD13F4,,,,,,,ODN0000425503,z,right_only
1DFD4D49-CCBA-40C7-B51E-51BD2A1FB639,,,,,,,ODN0000429877,z,right_only
51318906-7242-46CF-9E01-232F586FC764,,,,,,,ODN0000427894,z,right_only
1A0B26E2-C5FD-4309-BA6B-D4D7C246A83D,,,,,,,ODN0000425669,z,right_only
43825A9C-B93B-4599-B3B4-5A9106535834,,,,,,,ODN0000429411,z,right_only
8FA40A6B-2C59-4A95-A2A6-490FDE3A13E5,,,,,,,ODN0000443432,z,right_only
13DA4BF8-57F2-4A93-8152-642B1BB18629,,,,,,,ODN0000440108,z,right_only
908C81DD-2BD5-44E7-AEB3-952917AD255C,,,,,,,ODN0000433171,z,right_only
4D859B45-F7AA-45F3-A2D7-82AED8D75F33,,,,,,,ODN0000428828,z,right_only
FB9AC746-878B-426F-BC7B-30390FEF8999,,,,,,,ODN0000425578,z,right_only
75110EAE-71F4-4241-AEFB-7550149F1547,,,,,,,ODN0000445881,z,right_only
31995DBB-7053-4E30-9D43-21DDF0B2B8D6,,,,,,,ODN0000433354,z,right_only
507A194F-1896-476B-BD69-E651EA69108D,,,,,,,ODN0000433811,z,right_only
A4DDB2CC-33EB-417B-871B-407D6CDF764C,,,,,,,ODN0000445441,z,right_only
8BDEB3DD-248C-4D7E-AE13-ED453D258235,,,,,,,ODN0000432819,z,right_only
C1C410C6-94B7-4C24-AA6A-5AFB6D2D379D,,,,,,,ODN0000433824,z,right_only
BC03E4E5-78B2-4067-A33E-90867B078C11,,,,,,,ODN0000427083,z,right_only
6FA0E5FA-BE81-4700-B6E9-9B5586E23CA6,,,,,,,ODN0000428198,z,right_only
BFAF07AA-2D55-4D3D-8215-D8E4FF175CA6,,,,,,,ODN0000420825,z,right_only
CD8EC486-DFAC-4705-9889-956002F06C6F,,,,,,,ODN0000425017,z,right_only
B9763AB0-0B33-4798-8E31-B9E441D5F499,,,,,,,ODN0000430799,z,right_only
B8346C6B-A9BA-49D4-98F5-0E47DB8684EF,,,,,,,ODN0000431003,z,right_only
279EF45C-7ECD-48D4-A33E-654EDEE9ABE3,,,,,,,ODN0000426769,z,right_only
8B088C1C-2A91-49E6-B3EB-F9366E77A8B9,,,,,,,ODN0000446700,z,right_only
B75093B4-5701-4585-B195-DD62EFF22FBD,,,,,,,ODN0000433293,z,right_only
0611E83F-C542-44B4-91BF-9409E112909D,,,,,,,ODN0000447780,z,right_only
0AFCE76C-871C-4800-9F55-AF0E69237B2F,,,,,,,ODN0000442804,z,right_only
FA784D30-14C8-4BCF-B66C-930007727FAD,,,,,,,ODN0000429839,z,right_only
4E27E8D8-F46F-4DDB-BF92-FC64947DCA24,,,,,,,ODN0000433336,z,right_only
703C63D2-3524-4C80-902A-4F49E82E5184,,,,,,,ODN0000440577,z,right_only
0150D9FD-10C3-4349-9554-DDB56ED0FC90,,,,,,,ODN0000425347,z,right_only
1C197931-32F2-4BF7-B055-682B5D31FD41,,,,,,,ODN0000427144,z,right_only
99BC38BE-E5AE-4AAD-AA16-30AF903757CC,,,,,,,ODN0000439904,z,right_only
3C132658-E890-49C3-AAC4-3F02262573A9,,,,,,,ODN0000433962,z,right_only
AE4606E5-07C9-49D3-B0DA-7D905BC0AE9C,,,,,,,ODN0000434728,z,right_only
8F6EC78E-D1CD-4107-BFAA-0F6328F03E97,,,,,,,ODN0000423881,z,right_only
C0758AA5-FAC5-41D5-8382-19AB52D687D2,,,,,,,ODN0000427722,z,right_only
3A8F4424-63CB-40D0-8C2F-84608F67CDBC,,,,,,,ODN0000427114,z,right_only
44507122-75F7-43E3-A14C-E9A0148CBAAC,,,,,,,ODN0000433652,z,right_only
BF480E66-02BB-49C9-9247-14B75A5F4FD7,,,,,,,ODN0000433644,z,right_only
94D928FD-705F-4010-AD9D-439A4BC057C5,,,,,,,ODN0000434700,z,right_only
810D0993-4792-4CB4-A001-D6AABA2CDABB,,,,,,,ODN0000421462,z,right_only
8C2517D5-8EB0-4414-8CB8-ACB0F2C13F4B,,,,,,,ODN0000443928,z,right_only
8C31B61C-869F-4E02-8595-4AF1DB29EEF5,,,,,,,ODN0000447734,z,right_only
C142DD40-9E5A-4763-A8B9-9EB7B9EAC200,,,,,,,ODN0000445862,z,right_only
B2AA608F-6170-4A0E-A243-7BDC8D60B862,,,,,,,ODN0000433465,z,right_only
B61496F0-DB41-4C2D-A3B5-FA6190F4B2A3,,,,,,,ODN0000435944,z,right_only
D463B8FB-E105-4542-BAB1-73F2A4215367,,,,,,,ODN0000432552,z,right_only
B4494EDB-A375-4C6E-B2D6-F6A24535CF5D,,,,,,,ODN0000426225,z,right_only
B0B36EC8-9353-49EE-A92F-A54C12FFCEF6,,,,,,,ODN0000434098,z,right_only
5661971E-1633-46DA-B292-D9CF25FCD5AA,,,,,,,ODN0000438465,z,right_only
C0F9F34A-2508-47E8-8897-6A126684D42F,,,,,,,ODN0000432972,z,right_only
56CBD361-5790-435C-B0E6-B59FD6D73EB0,,,,,,,ODN0000426116,z,right_only
F830DEE0-47FA-4C5D-8F0B-F6E5E9CED311,,,,,,,ODN0000433403,z,right_only
C937CA4B-4EED-485C-819C-6BEE534427A9,,,,,,,ODN0000421496,z,right_only
F66B7CF6-1C76-40E1-95C3-C42C768BDB7A,,,,,,,ODN0000447451,z,right_only
5E5B4C2B-D658-42A3-B292-34D3939613A0,,,,,,,ODN0000442807,z,right_only
B8CA067D-167D-4658-AD94-57EAFD2C448E,,,,,,,ODN0000438959,z,right_only
7DC48F13-2F83-48FC-86FA-06DF5A948CD7,,,,,,,ODN0000427883,z,right_only
A83A06C0-DEAC-494C-900A-2D8B4A50D91B,,,,,,,ODN0000421075,z,right_only
95DF6B5D-11B0-4E43-9997-3FFC498D4AED,,,,,,,ODN0000444070,z,right_only
D2371D56-2346-43CD-AE9B-DDA8F301B978,,,,,,,ODN0000445351,z,right_only
34D5389E-0995-4E3C-97D9-F50E762C2C36,,,,,,,ODN0000432558,z,right_only
1C7454FC-8314-4C74-87E7-D1570171565A,,,,,,,ODN0000432506,z,right_only
0632AA4F-C189-4999-BB3F-4407D239ABF6,,,,,,,ODN0000427316,z,right_only
6F6FC7E7-E88E-4699-9EF7-168E91B7C1C5,,,,,,,ODN0000432474,z,right_only
6946F224-C5A6-42B8-A187-4573BEE1AF9D,,,,,,,ODN0000425240,z,right_only
602C5359-23B0-4E20-ABC2-603E491AD3E2,,,,,,,ODN0000432745,z,right_only
BF255F45-4C16-486F-9D95-F0E81B78A0F6,,,,,,,ODN0000446247,z,right_only
19B310DB-D646-4E5F-8C32-4D8358595BFC,,,,,,,ODN0000432757,z,right_only
675C9B00-0D85-4DE2-983A-C691D17FEC08,,,,,,,ODN0000432658,z,right_only
93071F2D-C318-4D79-9B9C-1C3996201C75,,,,,,,ODN0000432733,z,right_only
A812FE42-A04D-4F34-97A3-22DA52F46C28,,,,,,,ODN0000433583,z,right_only
6E51B135-EE21-45B8-BAC1-1EE5AA63F7A2,,,,,,,ODN0000435332,z,right_only
7A46CD18-717D-4907-9C14-2791AC36951C,,,,,,,ODN0000425163,z,right_only
1DD70164-7ECE-43DF-B133-AE94B42B4B86,,,,,,,ODN0000440115,z,right_only
69D43C75-01AC-4119-BACE-C14E7D71041B,,,,,,,ODN0000441002,z,right_only
2F9C79A0-A0FF-49EC-8A54-FDE8C501E6D6,,,,,,,ODN0000442667,z,right_only
04DA5C38-06F8-4C56-8D3F-95FD67D268D8,,,,,,,ODN0000433048,z,right_only
8A1AC632-2C9A-489B-A6B9-A9A301B5000D,,,,,,,ODN0000431392,z,right_only
70463BDB-D0BC-4181-89B9-CD16F1A94FA4,,,,,,,ODN0000430421,z,right_only
B92BF69E-EA55-4934-B784-71CECD810A96,,,,,,,ODN0000442015,z,right_only
80D86825-EB76-4BCC-B85C-B48A72CE3203,,,,,,,ODN0000432722,z,right_only
B82D4523-5684-42F9-B61D-6399C055BF63,,,,,,,ODN0000432721,z,right_only
66C9D9AD-FDCB-4035-8FF4-82F56854D34B,,,,,,,ODN0000435146,z,right_only
B1D68E36-2F27-4C2C-8552-1295C6E6D0A4,,,,,,,ODN0000441058,z,right_only
0ABE9BC6-BE3D-4FA9-88AD-E5CACD4484D7,,,,,,,ODN0000425876,z,right_only
08D05CC9-D3BE-4E01-B2E2-56893B509065,,,,,,,ODN0000440102,z,right_only
97CEAD40-5DF3-4D57-8E51-CCA851A102AC,,,,,,,ODN0000421236,z,right_only
8D0D02C7-97A0-4E89-B786-869AA4110411,,,,,,,ODN0000424332,z,right_only
BDA8F611-24E4-4C4C-A309-F145F334F609,,,,,,,ODN0000440120,z,right_only
816AAB3C-1AE3-491F-BBEC-D819BECCC5DA,,,,,,,ODN0000431054,z,right_only
7578BC5A-526A-4282-9BF4-6A39BDAC1DA6,,,,,,,ODN0000439144,z,right_only
EE19E3F1-C19F-476B-94DE-1EFF7DF6C3D6,,,,,,,ODN0000445598,z,right_only
14DBD794-AF07-47F5-9497-7BD37E365291,,,,,,,ODN0000422954,z,right_only
3ABBC97C-7BF1-45D2-A625-BC092F2423E8,,,,,,,ODN0000425233,z,right_only
A2C06BF0-6920-4959-A229-C1259EC348EA,,,,,,,ODN0000440123,z,right_only
CEDAC3FE-5543-43CF-87EC-48A15CC9D6D4,,,,,,,ODN0000440132,z,right_only
BA0EBCF1-F983-41D1-8CBE-27062F4355AD,,,,,,,ODN0000434765,z,right_only
52A278AA-B985-428C-A62A-507227F78143,,,,,,,ODN0000428367,z,right_only
5341DFAD-C8AA-46D3-81B1-60F68331264D,,,,,,,ODN0000446214,z,right_only
0163BF93-2E4F-42C1-8DEB-E3CE93BF6E28,,,,,,,ODN0000433077,z,right_only
C1491E43-D4E7-4799-BF6F-49BB2234F7FD,,,,,,,ODN0000435804,z,right_only
0AF5B923-7293-45C8-AF6E-3228EFB347FD,,,,,,,ODN0000436670,z,right_only
30616DB7-A324-4A67-8C08-6E4896BF72D5,,,,,,,ODN0000448777,z,right_only
E3618FA3-4B89-4D7A-91C7-E8A3835AA978,,,,,,,ODN0000435392,z,right_only
5C33F08F-B6FD-47E2-977E-12D42C00AF7A,,,,,,,ODN0000421714,z,right_only
A0A74B2B-0AC7-4647-B630-4B318EF5FDE1,,,,,,,ODN0000434219,z,right_only
C2FC1383-E429-4D4B-BE15-A9F51E1B0009,,,,,,,ODN0000437811,z,right_only
C68398F7-137D-4478-AEAE-89F8CBCCD0ED,,,,,,,ODN0000433473,z,right_only
3CF408A2-6C9D-4973-ABF6-1536FDE8C2A5,,,,,,,ODN0000425215,z,right_only
B9D52D19-8F49-42A9-9B20-0B8EBC50A4CA,,,,,,,ODN0000432866,z,right_only
8F52DC82-52A8-41AD-898C-424E6D3463BB,,,,,,,ODN0000447684,z,right_only
1E3DA10D-D37C-4E82-AB6B-87E5C2456551,,,,,,,ODN0000436750,z,right_only
DC1AB4BE-EFFB-473C-A2A4-E83492A4CAB6,,,,,,,ODN0000427410,z,right_only
2E962F16-9900-45FA-841F-89C8AE002621,,,,,,,ODN0000421295,z,right_only
E326451F-51BE-4F21-9F32-2D0782BB7906,,,,,,,ODN0000434950,z,right_only
7DAE181E-C1ED-422E-AC5E-C99446884B40,,,,,,,ODN0000440152,z,right_only
6974EE6E-648D-426E-9267-2BBB26593761,,,,,,,ODN0000433323,z,right_only
CA5ADC3D-EB3B-4977-BBD3-B65A08DD687E,,,,,,,ODN0000441213,z,right_only
C9A72EEB-3FE2-4E11-A285-71A3E18EEFBF,,,,,,,ODN0000436007,z,right_only
353E7F9E-07AA-427A-9504-6A8653EA0315,,,,,,,ODN0000421324,z,right_only
12CA1A88-548D-4D88-9564-A58AAA3B1FEE,,,,,,,ODN0000445343,z,right_only
5B91E906-B5EA-4BCB-B73F-4995BACDC08E,,,,,,,ODN0000435524,z,right_only
EB2D7FE0-586B-42AC-8C88-03A77AFBC4FC,,,,,,,ODN0000446902,z,right_only
76B7051D-28F7-40F5-B41E-61D7FAA7655C,,,,,,,ODN0000432560,z,right_only
D7595E4A-7822-437F-BB53-3AC602EEACFB,,,,,,,ODN0000433739,z,right_only
F2879322-AC1E-4B64-A1DB-9979FD7E607D,,,,,,,ODN0000434303,z,right_only
55586411-9214-4850-9E25-737EE3EA934E,,,,,,,ODN0000433903,z,right_only
CF9D2F84-3B23-4C74-87A8-C5F5E62AA5D9,,,,,,,ODN0000440129,z,right_only
5AB21A7D-C59E-4E42-88F5-34B6AF8D0D71,,,,,,,ODN0000425308,z,right_only
591F33DA-3B62-4F70-B794-4C3D797B4EAD,,,,,,,ODN0000435971,z,right_only
8E263D37-45A1-41DA-9C2E-CC5290A51D5E,,,,,,,ODN0000428987,z,right_only
E1AD9DBF-B443-40AC-AD8D-02E634FD697B,,,,,,,ODN0000433215,z,right_only
60AE9E38-828C-4CBD-8936-F68083FE0361,,,,,,,ODN0000439245,z,right_only
49B3D07B-48F2-4228-8518-668FCEAC562F,,,,,,,ODN0000425341,z,right_only
E6576A12-67CE-4BCB-9F40-3CA032EA5A81,,,,,,,ODN0000433002,z,right_only
63BA58B4-F673-4E82-9582-FF640FCAD56E,,,,,,,ODN0000423092,z,right_only
1B5AC0E9-7365-40CA-BF2D-9B15F7E0628F,,,,,,,ODN0000427921,z,right_only
E8D63452-F546-4488-9D53-54772E8707F7,,,,,,,ODN0000432751,z,right_only
13AFABBC-B726-4C11-8C81-6309ECF11969,,,,,,,ODN0000430964,z,right_only
5CE110E5-8CC5-4AA9-A0DF-A30A88CF9C7F,,,,,,,ODN0000421167,z,right_only
1DC00680-BBB0-47C3-A417-22E6C75FC9B1,,,,,,,ODN0000444081,z,right_only
D96ED0BB-A211-4C00-9D27-A3991310D526,,,,,,,ODN0000435602,z,right_only
1B87EF71-5C84-432C-9667-B8BE87594DDE,,,,,,,ODN0000432863,z,right_only
96461B0F-AD51-4618-9DD6-C1764CCE3417,,,,,,,ODN0000440111,z,right_only
42247CD9-1423-42FE-AACC-3AE7A79C294B,,,,,,,ODN0000433762,z,right_only
8604884E-7C94-4133-A4F4-0F23EE793F54,,,,,,,ODN0000432793,z,right_only
ED845180-C451-43D9-9860-6030520A96A8,,,,,,,ODN0000431112,z,right_only
AA53898C-74B8-4AE2-A5ED-B3788935A8F2,,,,,,,ODN0000432627,z,right_only
BDF07BD8-CAC7-421B-BD73-6065033F32F1,,,,,,,ODN0000426376,z,right_only
74AEC5F7-9209-4BAB-B770-5B79F484B592,,,,,,,ODN0000434331,z,right_only
3A4D0199-15F3-46F7-920B-19301BFE7489,,,,,,,ODN0000432471,z,right_only
9DE2FCE8-137C-4CFF-BDD6-DA559EDBB27F,,,,,,,ODN0000432476,z,right_only
37B8B58B-445C-4974-A4E6-5E6C9341B093,,,,,,,ODN0000440137,z,right_only
757BB591-B745-4E1A-9C35-168DC198C949,,,,,,,ODN0000432501,z,right_only
70475121-2C9F-4C24-9A89-612092EDD8EB,,,,,,,ODN0000432737,z,right_only
42853F28-80AA-4C4B-9093-38D9049760BC,,,,,,,ODN0000435494,z,right_only
F42EBDA9-3EF1-4809-BD02-1F28E0C6C85F,,,,,,,ODN0000423375,z,right_only
6AF9D92B-3244-4C4E-84DE-D106B74E52B5,,,,,,,ODN0000421598,z,right_only
81992505-8463-4FBA-89DF-A434E6770C4F,,,,,,,ODN0000440113,z,right_only
88324991-07A4-44DD-9785-5B400DC1A601,,,,,,,ODN0000439243,z,right_only
C00B625A-E12F-4D2E-B0D3-F5F7A66DCBEF,,,,,,,ODN0000439244,z,right_only
32E1A9EB-D490-41EE-8E56-7586210DFBE5,,,,,,,ODN0000439049,z,right_only
68BB9707-EB9A-4D87-A01A-24C9B4431BDB,,,,,,,ODN0000439047,z,right_only
C7862488-2234-4A59-8AD7-500571CF19B4,,,,,,,ODN0000439048,z,right_only
BD49D011-1F9E-4D37-B6C3-0739AA8EBE3E,,,,,,,ODN0000439052,z,right_only
01C59241-D54D-46C7-AA1B-3A430C28168E,,,,,,,ODN0000439050,z,right_only
EE543518-B932-459D-AAFF-3865692067EF,,,,,,,ODN0000439051,z,right_only
A80ED23F-FD23-4DC8-AFAF-0306D75F5D96,,,,,,,ODN0000446506,z,right_only
0D9F6F31-DD97-4DD2-9689-0F13221CA0E9,,,,,,,ODN0000433197,z,right_only
BF2B0A7C-76EF-44E8-AB5D-1CA498536D0C,,,,,,,ODN0000430616,z,right_only
4700DEE8-18AE-4367-92F6-4125FD4294C9,,,,,,,ODN0000433752,z,right_only
213EFC0D-6B98-44D2-BF6F-6482C533F44B,,,,,,,ODN0000433753,z,right_only
66886992-849F-4E01-9093-1924BFC7F6E6,,,,,,,ODN0000439236,z,right_only
7195F663-F1B6-47E4-90C3-B7D5A5D92112,,,,,,,ODN0000434450,z,right_only
4AC47537-DE18-46D9-86A2-A807CBAD9D17,,,,,,,ODN0000433281,z,right_only
6DA9F023-BC59-44C1-BC81-A7ED02C2651B,,,,,,,ODN0000432246,z,right_only
C0CC1CD5-CAB3-48F0-853F-9482FA4A6218,,,,,,,ODN0000422906,z,right_only
4CB921C5-C50D-4E0A-8EF1-1E60547CBEE4,,,,,,,ODN0000435064,z,right_only
05A18E97-EF95-45DB-B237-932E2BCCCB95,,,,,,,ODN0000434403,z,right_only
F478AE71-0F91-4E9E-A339-5FDFB11DDB0F,,,,,,,ODN0000432827,z,right_only
5BF1CA03-5FF7-4787-93C9-2B66731FAE0F,,,,,,,ODN0000435006,z,right_only
4730D9BC-AC3D-4645-A186-F4C4D9474061,,,,,,,ODN0000426655,z,right_only
43F10951-565A-4FBD-A111-68E380C184AD,,,,,,,ODN0000432679,z,right_only
CE89E72E-8876-43EF-B5B9-F5CE664431D2,,,,,,,ODN0000434577,z,right_only
F2487F8F-D222-47EC-9AC0-7FDB47B859B5,,,,,,,ODN0000430625,z,right_only
B13A41A9-E197-46E9-AE94-73B202440201,,,,,,,ODN0000434162,z,right_only
F3DCB93B-68E8-4881-A116-71D940B388A1,,,,,,,ODN0000447571,z,right_only
097EEA09-DBC9-43D1-9935-5C44BD577F27,,,,,,,ODN0000427251,z,right_only
E0708DA8-0FFD-425E-854E-D2D401D20770,,,,,,,ODN0000434703,z,right_only
7C08E584-0401-4841-8EE1-4B8694BEE1B0,,,,,,,ODN0000433856,z,right_only
ED87659C-BBD1-433A-9A0A-CDBFFB6D437F,,,,,,,ODN0000448448,z,right_only
685EB3FC-3861-46F1-BC6F-89F155617685,,,,,,,ODN0000433698,z,right_only
99B5A44C-4E31-4C9C-9043-D37093AC0034,,,,,,,ODN0000433745,z,right_only
A66AB870-D912-4996-81D7-8AFFBC409355,,,,,,,ODN0000433628,z,right_only
B8E0CDCE-9EE4-4F89-AC40-46E3731AF650,,,,,,,ODN0000430519,z,right_only
302D0D0F-2A46-4FF0-88A9-FF4A68C2AF6D,,,,,,,ODN0000427930,z,right_only
33551F42-4CDA-4963-BE08-91481C7CF5AA,,,,,,,ODN0000443570,z,right_only
7A206B2E-0175-4483-999A-34BC65315B21,,,,,,,ODN0000436028,z,right_only
61ADE731-8FEF-4AED-8F05-ADFA1C186630,,,,,,,ODN0000433036,z,right_only
DEDE28FD-BDA6-4641-831B-CA690BA28BF3,,,,,,,ODN0000432541,z,right_only
ECF7D6B1-7BA9-498F-B0F5-574D7FB731DC,,,,,,,ODN0000427323,z,right_only
DDD0CCFD-BD09-42A9-A9E4-650969DB6352,,,,,,,ODN0000427624,z,right_only
030550B2-56FC-4955-96D3-FE052D9F023B,,,,,,,ODN0000427625,z,right_only
920CCFC9-C2B2-4E59-83C2-66E9CA2F2755,,,,,,,ODN0000433566,z,right_only
4456C24E-6F16-4A57-819D-CFC4B1BD43BA,,,,,,,ODN0000435822,z,right_only
7FB8D991-E3DF-463A-A4A1-40942C0ABE04,,,,,,,ODN0000437985,z,right_only
6CCCED69-2A71-415B-A1B2-7FD5F85FBEE2,,,,,,,ODN0000432708,z,right_only
4063AD6D-04EF-4D78-A021-3DC0410B11E2,,,,,,,ODN0000432598,z,right_only
FCA34497-E915-4FF6-99F7-89991A6B8162,,,,,,,ODN0000434782,z,right_only
7DCF935D-3878-4780-9D00-5F1FE497FDA1,,,,,,,ODN0000435368,z,right_only
82532943-90E5-483B-AE64-45FEA6CEB159,,,,,,,ODN0000425205,z,right_only
DB388226-1A6F-43A4-994C-2E985193ADE0,,,,,,,ODN0000436673,z,right_only
76CD141E-8AEC-4797-9B44-A02E2845D64C,,,,,,,ODN0000430064,z,right_only
8ADD31C8-9B1E-4D3A-A6BB-9D9509814616,,,,,,,ODN0000433200,z,right_only
6E1BB0CE-1E07-4BD3-8F62-5A38AF888536,,,,,,,ODN0000428733,z,right_only
6C417749-D9D9-4D03-9537-B164B7CE300F,,,,,,,ODN0000436371,z,right_only
D4A2E56F-3892-4E0D-AC89-981AF203F0D3,,,,,,,ODN0000448025,z,right_only
748B7069-34A1-47F5-B9EC-2994AA68A01D,,,,,,,ODN0000448610,z,right_only
C2161403-B717-4EC0-B5B6-B97AABAF6CCE,,,,,,,ODN0000433168,z,right_only
DFDE3AB2-CD6F-439E-AC95-D65153ACA5DE,,,,,,,ODN0000433733,z,right_only
BAB3951D-098F-4D69-9E8F-D9EC37D550C5,,,,,,,ODN0000432495,z,right_only
37C30977-BA49-49A4-AAA3-D7AA9209338A,,,,,,,ODN0000446061,z,right_only
BFED5BF6-097E-4768-9962-870E9CCD0DE0,,,,,,,ODN0000434083,z,right_only
53DDD340-6DF7-444D-9EE9-F37BEB372E5F,,,,,,,ODN0000432952,z,right_only
8838C3BD-6925-449F-A7F7-BC3E559001D2,,,,,,,ODN0000427307,z,right_only
31A69A86-CABA-4052-960D-B32DBE266003,,,,,,,ODN0000428538,z,right_only
5B08DE53-A124-4839-A968-0A9E847D03D9,,,,,,,ODN0000426580,z,right_only
9ADDB711-6381-43C0-B2DF-562A6996B72C,,,,,,,ODN0000427398,z,right_only
1A59BDF3-2C24-4696-AF08-444537C6D0CA,,,,,,,ODN0000432597,z,right_only
BDD18BEB-76F6-4E0C-8251-90604C48ECC6,,,,,,,ODN0000435836,z,right_only
CA915E6A-A86E-4C9B-AF16-5EC05C14B012,,,,,,,ODN0000428543,z,right_only
07AD2154-25F4-4C2A-9ABA-36F2D074C9EF,,,,,,,ODN0000438196,z,right_only
5A23F88A-59A1-46C9-BE85-23887FAD8618,,,,,,,ODN0000433014,z,right_only
02C8FB23-74F5-4A75-B234-C495F5A26C3B,,,,,,,ODN0000435577,z,right_only
FE63CD4A-9B1B-4A3E-A15D-319E56E22C14,,,,,,,ODN0000441574,z,right_only
084C40F5-BF1A-4E62-AAB3-6FAA8C452378,,,,,,,ODN0000434875,z,right_only
085735ED-A564-45D6-AF73-83DA6532121E,,,,,,,ODN0000434082,z,right_only
C5CC8057-8DF5-4B62-8182-59A9836B380C,,,,,,,ODN0000428792,z,right_only
B142BD28-5E22-44A0-B5F2-F1F0E3C3F36C,,,,,,,ODN0000432561,z,right_only
F59B9B83-4680-4D82-9843-43E2DCDABA52,,,,,,,ODN0000437043,z,right_only
039B87C0-20B7-4FF6-AEC1-82E4C635764E,,,,,,,ODN0000449194,z,right_only
99223137-B5D4-4B8A-B830-E6A849C311AB,,,,,,,ODN0000424481,z,right_only
EC1BF95A-82D6-42FF-B13A-967FD811725A,,,,,,,ODN0000429668,z,right_only
815DB0C8-B4CC-4B32-8D96-E68A7AB6C5F8,,,,,,,ODN0000425667,z,right_only
0A0A39C6-3C6C-439C-B166-A9DCD08593B5,,,,,,,ODN0000445363,z,right_only
A46E3293-E31F-4B8E-82EC-3EF850153352,,,,,,,ODN0000447045,z,right_only
5DC6FDA6-3781-436F-8349-16FA4A127C49,,,,,,,ODN0000423227,z,right_only
D697CD7A-C52F-4F3E-A7BF-325D9D856B62,,,,,,,ODN0000424439,z,right_only
303E5FEB-2231-4DEC-8191-AA25250E3556,,,,,,,ODN0000433965,z,right_only
41E4334A-3E3E-4543-AE2E-20445A8BC825,,,,,,,ODN0000448919,z,right_only
BF3E8C34-1D21-4135-8D1A-3F43E53F75C7,,,,,,,ODN0000435852,z,right_only
63E4CCFB-AF49-45DF-8E19-D2AF8D27B7DF,,,,,,,ODN0000433023,z,right_only
C47BC3FF-B0AC-4E1E-B422-F41197B8157B,,,,,,,ODN0000444928,z,right_only
BB106A81-993B-476F-AF67-6CCA1A098399,,,,,,,ODN0000433341,z,right_only
789B7F36-D2E6-4880-A6EB-694295ADB181,,,,,,,ODN0000433364,z,right_only
04A5399D-A452-4A7D-AF67-ABD31903DF37,,,,,,,ODN0000439819,z,right_only
9FA601F2-2430-4533-A505-EB8EA702EDDC,,,,,,,ODN0000432649,z,right_only
C7DD1C36-EC1F-4A96-8F83-BBE15B5E5ED7,,,,,,,ODN0000433326,z,right_only
E7C61999-7C3F-42AE-9EC5-0A40B1083480,,,,,,,ODN0000434665,z,right_only
8C7E6E9B-3560-47A4-B178-9AF45D4117DA,,,,,,,ODN0000434666,z,right_only
3455F103-6A39-4549-ABBA-BCF788D9EBE5,,,,,,,ODN0000442615,z,right_only
A3367134-3EE7-4857-ACDF-0F21B87C0D54,,,,,,,ODN0000442616,z,right_only
DD38B3A0-F6DF-4ECB-BEE3-BAD943C777B5,,,,,,,ODN0000445540,z,right_only
33BF1752-9F40-4A0E-95B4-B8C7BB57A6F1,,,,,,,ODN0000446599,z,right_only
FD5E1D27-4F2C-404E-BA2A-52AD2AD37FAE,,,,,,,ODN0000435073,z,right_only
FA369C6A-6BA8-495A-B3FE-C249CF6E6C21,,,,,,,ODN0000432948,z,right_only
D9E9A75F-673A-4D56-84AA-8030943622A5,,,,,,,ODN0000432788,z,right_only
E2BE7DC3-1A67-4C90-917A-47821936EA8C,,,,,,,ODN0000440827,z,right_only
64F733A4-4C17-4E61-877D-5001DF9D6EAA,,,,,,,ODN0000439098,z,right_only
A006AA99-D503-4A8C-8563-11006DE5BD5B,,,,,,,ODN0000447683,z,right_only
D8879C40-FB73-4B64-9EE0-62C51872A7A7,,,,,,,ODN0000434836,z,right_only
37C882A9-81FD-48F4-AE55-1248D5B1F01A,,,,,,,ODN0000432557,z,right_only
9486289A-31D5-478D-A5A7-9EF649F81902,,,,,,,ODN0000436393,z,right_only
80E7AD89-AC5F-4086-B7E1-96B3BC839579,,,,,,,ODN0000444979,z,right_only
77462CE6-150D-4FE7-9AB8-CAA2715B1151,,,,,,,ODN0000433663,z,right_only
955C01ED-C25B-4CCB-99A3-E1035780EBAA,,,,,,,ODN0000432861,z,right_only
57E74EED-A50B-4D1A-A457-3A34C8F82D10,,,,,,,ODN0000434556,z,right_only
7F143701-74D6-4E3D-BBE7-57F9D95E0A8B,,,,,,,ODN0000435416,z,right_only
081053F2-77F0-4393-A1AF-D42A55DB8703,,,,,,,ODN0000426500,z,right_only
3F91B452-99A2-48D9-A93B-4F49599A2DD1,,,,,,,ODN0000428289,z,right_only
86F32851-3105-4CE5-9523-96A340351DC8,,,,,,,ODN0000437923,z,right_only
FA77375F-14F1-464A-8D15-A90EA98A04C0,,,,,,,ODN0000437921,z,right_only
C909C988-14FB-4FD5-835A-F478F133B7DC,,,,,,,ODN0000437922,z,right_only
3241DAA2-E2C0-4D53-A8DF-192484FFEB11,,,,,,,ODN0000439940,z,right_only
3D0A646B-C6AA-4786-8EC8-9CE2FFF0E489,,,,,,,ODN0000434805,z,right_only
8F2C6ACA-B570-4050-BB19-974931543970,,,,,,,ODN0000434806,z,right_only
C428C99F-8BE3-45EA-ACB3-BFD6BAB3C1B7,,,,,,,ODN0000435888,z,right_only
3501D46B-89F2-4FFE-8071-74FCFFAC6C08,,,,,,,ODN0000429000,z,right_only
9DCB9115-5DEA-4B57-98E1-F4149FA6A706,,,,,,,ODN0000429172,z,right_only
3E442BEF-A345-4F62-BBF4-00796F81D6A2,,,,,,,ODN0000422516,z,right_only
F1E622A2-F6C6-48A6-9E0E-239C53A19D91,,,,,,,ODN0000423647,z,right_only
908CBA67-F757-4B31-8F45-A6DE01B4C2E1,,,,,,,ODN0000422908,z,right_only
CBF24DDA-3247-44F3-89A3-3E68F0AF784E,,,,,,,ODN0000439968,z,right_only
4E782058-9F87-4A88-8CB1-2E3988F5629B,,,,,,,ODN0000444527,z,right_only
FFAC09A0-D90B-45D3-9765-4DA8BA419C8F,,,,,,,ODN0000429706,z,right_only
B8353AED-1E3B-4556-BC10-211F602A8B6F,,,,,,,ODN0000437781,z,right_only
1CF7D991-913D-4225-8F54-78924A78E4B8,,,,,,,ODN0000447740,z,right_only
AEAA050C-0D28-4CE5-B880-A8119729E2BB,,,,,,,ODN0000447580,z,right_only
2206F03B-2F98-4B1A-92C6-A51CC7E2C318,,,,,,,ODN0000423157,z,right_only
54482D83-1543-41F2-B571-E16676045BA5,,,,,,,ODN0000430016,z,right_only
9266C23B-9566-42F5-B081-CABCD8993112,,,,,,,ODN0000430662,z,right_only
04470D17-9959-4060-97E7-EDDCF9DEB26D,,,,,,,ODN0000437002,z,right_only
EAAC590F-9C64-43B6-BFC7-5D079F4BB07D,,,,,,,ODN0000421293,z,right_only
D74F01F8-E895-45DF-8C1A-550F288F7AA5,,,,,,,ODN0000447454,z,right_only
BC7AE3E2-29E5-4067-985A-C650BD6F8DDC,,,,,,,ODN0000436039,z,right_only
24AB61C2-5591-4AF4-A17D-9055E70880EB,,,,,,,ODN0000437132,z,right_only
841801B8-C2EF-4D64-B182-10B28A049ADE,,,,,,,ODN0000432983,z,right_only
DB252B07-429B-4100-967B-4F9CB6654A36,,,,,,,ODN0000432835,z,right_only
266F8266-2F94-49EC-8DE0-277D12DEAF0B,,,,,,,ODN0000432526,z,right_only
D1A4D036-50A9-4C74-8941-3D73DCD6DC51,,,,,,,ODN0000433576,z,right_only
925F4B28-6B64-4055-8618-DF0858C7750D,,,,,,,ODN0000434225,z,right_only
FC2215BD-AC1E-4C14-9D55-15442DCB388E,,,,,,,ODN0000433946,z,right_only
C7223748-FC4A-4B89-92E4-81577C41B9B9,,,,,,,ODN0000438124,z,right_only
5FF0D88A-0166-4238-8B6D-371793D2E39A,,,,,,,ODN0000432754,z,right_only
80C03C0D-1CD8-43FF-8F4D-0A7EC12495E8,,,,,,,ODN0000423060,z,right_only
4CF00881-DC87-4BDF-BFA9-A74D7DEA82DE,,,,,,,ODN0000429388,z,right_only
448A6C63-F970-471D-A4A5-A8E1EFB48A25,,,,,,,ODN0000432710,z,right_only
158B74E1-E54F-40F5-98A1-3D6F8E5D770D,,,,,,,ODN0000433057,z,right_only
A40FD73A-3A94-4DF5-B526-3397DEF7D654,,,,,,,ODN0000433056,z,right_only
68E9CC91-8817-4593-B61D-C2127CF98A22,,,,,,,ODN0000432845,z,right_only
CE2D0ACD-FD8C-44FD-A3EB-2146C1EDE99A,,,,,,,ODN0000432505,z,right_only
7967686B-59CD-42E1-8504-0D488F47CD7E,,,,,,,ODN0000422792,z,right_only
5447E81A-BF4D-4D83-8A21-77ED1944697E,,,,,,,ODN0000426299,z,right_only
8B1F0F9E-B569-4B8C-849D-7D1012638ABC,,,,,,,ODN0000425324,z,right_only
86915A93-D859-4F86-98D8-B78A598C916F,,,,,,,ODN0000444563,z,right_only
31FF05EF-883B-444D-8FB8-7E1584BC78D2,,,,,,,ODN0000430401,z,right_only
D90F2C15-CCFA-4790-AB61-A03E4D9B96CB,,,,,,,ODN0000432533,z,right_only
5C79C10B-ED47-40EE-B425-2D6B073F68B8,,,,,,,ODN0000428677,z,right_only
527724A6-0AD3-4064-90AC-57E8CEB07E87,,,,,,,ODN0000425761,z,right_only
89FE75AF-551F-4D62-97B4-8B28FB2C46C6,,,,,,,ODN0000433335,z,right_only
13A60721-6BE8-4BBD-8D44-A0EF2E5A3B58,,,,,,,ODN0000436973,z,right_only
F774D107-C1B5-492F-A1FF-1CF5C4FF3481,,,,,,,ODN0000429532,z,right_only
3ABE16D2-49F3-49C4-9F21-CE30E8E934E4,,,,,,,ODN0000429803,z,right_only
5CF5E84E-C626-4B6C-BDAE-2EB0B221921C,,,,,,,ODN0000443602,z,right_only
0DFA4E92-B8D6-486B-A3AB-2F16A091DF85,,,,,,,ODN0000440141,z,right_only
972C979C-3990-4FEB-84CC-369724B7BAEF,,,,,,,ODN0000440085,z,right_only
B235A1CE-91D8-453A-9711-473AD9481784,,,,,,,ODN0000433038,z,right_only
5E1C577C-D3BF-4471-AAFB-9B833C485A92,,,,,,,ODN0000443080,z,right_only
8BDE0EF1-B3B7-47BA-833A-AD5B420DE62F,,,,,,,ODN0000421735,z,right_only
C97BBB25-DFEC-45F7-AA8D-656CCC6DAFE4,,,,,,,ODN0000426940,z,right_only
5CC342CB-F081-4D87-BB20-71733E321672,,,,,,,ODN0000438036,z,right_only
F5E61CCD-6159-48B6-B8B6-8738C7A81101,,,,,,,ODN0000432826,z,right_only
05525682-5C86-44D7-8E42-0B26342C22FE,,,,,,,ODN0000423080,z,right_only
AA5556CB-2BAB-420D-A50E-858CA5F644B0,,,,,,,ODN0000448117,z,right_only
960A4383-72A6-4236-9D42-C1DA3A2C6597,,,,,,,ODN0000426824,z,right_only
6757D985-DC91-4ED6-A35D-F53BD65A6A76,,,,,,,ODN0000446171,z,right_only
E3ABBCFD-A3B3-42DC-9051-745144C4040C,,,,,,,ODN0000432931,z,right_only
0DF07C8A-52ED-48A4-B872-EA6FBB7D455D,,,,,,,ODN0000425348,z,right_only
B451A6CC-0EA4-46F4-BE34-E2E5B0B6C2B4,,,,,,,ODN0000422049,z,right_only
D4F27D57-67BF-4DE5-84D2-D773CB672B69,,,,,,,ODN0000433339,z,right_only
C89080CC-C70D-47F2-9A1D-DD225DF68E72,,,,,,,ODN0000426010,z,right_only
481D0E55-9069-4A41-AE7F-8D970E3AB320,,,,,,,ODN0000422467,z,right_only
DE33B8AA-2A34-42F5-974D-6DD41DB1809C,,,,,,,ODN0000435597,z,right_only
192C48CB-7D39-44EC-A2E4-DEDB4EB80048,,,,,,,ODN0000428444,z,right_only
069C83D4-E0C5-4B2D-896B-B61442294174,,,,,,,ODN0000426514,z,right_only
4B1C832D-0F8A-4045-A4DC-C1C6FB5A7F66,,,,,,,ODN0000440394,z,right_only
6E8F100D-A229-4C40-8636-F455F9977F83,,,,,,,ODN0000438116,z,right_only
E4A74325-9811-4EC4-B818-20CC1047DB78,,,,,,,ODN0000434018,z,right_only
4A974857-8497-45C1-B5E1-25B6017F7310,,,,,,,ODN0000425344,z,right_only
F3B55270-0AAD-4467-9FB3-7A7167C6D0EA,,,,,,,ODN0000421470,z,right_only
BB94719B-251E-4F18-A870-0A9AEFF3B56D,,,,,,,ODN0000434499,z,right_only
9DDB21EE-9860-46DF-8F08-FA0A84CAEEAA,,,,,,,ODN0000442663,z,right_only
CB404DDD-ECC9-4586-AF38-AC83B48D5668,,,,,,,ODN0000432839,z,right_only
633E4D0B-1949-48B6-B102-4B7F050B7BC1,,,,,,,ODN0000443140,z,right_only
6769B3D2-0056-4193-964D-AD03C97E2BD0,,,,,,,ODN0000448465,z,right_only
5DD8EAEB-C70D-4C53-A0C3-D19DC9A37875,,,,,,,ODN0000445420,z,right_only
B3CB8062-6B84-4B59-8123-FE1B011207B1,,,,,,,ODN0000421995,z,right_only
DB647B8C-BF6A-4DF0-850A-D0DCF4427E53,,,,,,,ODN0000443506,z,right_only
A741AC9D-1009-467E-A49B-9EA3354AF312,,,,,,,ODN0000442896,z,right_only
F2219F0A-9E1C-4BA3-B452-E99268EC7314,,,,,,,ODN0000424047,z,right_only
66896867-F9FF-423B-880C-992062236817,,,,,,,ODN0000443131,z,right_only
10DE9DF9-2A97-4649-A06E-60634921104E,,,,,,,ODN0000425572,z,right_only
CFB399AD-A432-44F0-B8DD-AB481FD16C22,,,,,,,ODN0000435874,z,right_only
AF0F9C0B-CE6F-4D10-870A-7F2B05F01503,,,,,,,ODN0000435300,z,right_only
618C0CB8-29E9-41F8-ADC3-AD640C54B69E,,,,,,,ODN0000438742,z,right_only
3F042067-84F3-4344-BA95-BEDDB148FB9B,,,,,,,ODN0000438750,z,right_only
950E9447-F23A-4349-86E6-0B9243F9ADC7,,,,,,,ODN0000438752,z,right_only
386E1C8D-90E1-4BA5-9475-6677906FB073,,,,,,,ODN0000426569,z,right_only
72FA4D7F-3D1C-41EB-8EE2-7E0F2D68C5A8,,,,,,,ODN0000433055,z,right_only
5C466FF6-9EC7-4A34-B52D-C81EDE4BEFC3,,,,,,,ODN0000435395,z,right_only
EA0117D8-80BA-417A-A941-A4E16A8EFD10,,,,,,,ODN0000436709,z,right_only
6678ADC6-B0FA-43C9-9C4E-808452991DBA,,,,,,,ODN0000430115,z,right_only
569591A6-EB9F-454A-9BDC-6FA4D7FD0052,,,,,,,ODN0000433980,z,right_only
590588E8-8C3C-4631-AA80-AC79B4EA24F0,,,,,,,ODN0000429337,z,right_only
7F3D4537-04A1-4F7C-9E9C-EA5C1CB38B53,,,,,,,ODN0000436669,z,right_only
9F41664B-E8FD-44D5-902A-3D94D94C237E,,,,,,,ODN0000436916,z,right_only
E8F71AC1-0169-454E-890E-0BE3F761FFFC,,,,,,,ODN0000428859,z,right_only
9EFF695D-10A3-4A1C-AA80-9FF175B6A2AA,,,,,,,ODN0000440901,z,right_only
ECF81A59-A601-43DB-86B4-CF837E33263B,,,,,,,ODN0000445510,z,right_only
147E1126-97E9-4714-AC15-F0C094B4899B,,,,,,,ODN0000428849,z,right_only
1388D11B-7288-4F94-BBBC-795AB3BD34D5,,,,,,,ODN0000426570,z,right_only
E5CA2860-B5F3-4D0D-B6C4-A857B2486990,,,,,,,ODN0000444591,z,right_only
42D72A06-2D67-455E-9C72-14DB70CDB028,,,,,,,ODN0000429128,z,right_only
1BD7840C-0B9E-4710-871B-BD0E0358C12E,,,,,,,ODN0000433713,z,right_only
17656293-A5DD-47BA-9D49-556415475A56,,,,,,,ODN0000433714,z,right_only
B3B6B38D-D569-4D9D-A0E5-5E215B8AC875,,,,,,,ODN0000425730,z,right_only
B6458163-026E-458E-A869-DFFB360003F6,,,,,,,ODN0000447292,z,right_only
7E15EA47-F27E-4E01-9DA6-559CE2F8F740,,,,,,,ODN0000434698,z,right_only
D174B58A-1179-468A-B3C4-C5D00D66C71B,,,,,,,ODN0000432875,z,right_only
B4790DC6-639B-4F61-875A-89796ED49235,,,,,,,ODN0000433383,z,right_only
B0A093E6-2883-42CF-9BD2-CA5C82C86508,,,,,,,ODN0000423310,z,right_only
6E18B0BB-B13D-43E0-AC41-E9FDB9E2AF4E,,,,,,,ODN0000446272,z,right_only
5540B061-5EFE-4740-AC7F-D65854733F1D,,,,,,,ODN0000434195,z,right_only
D3364EA7-0550-4C90-8D9F-FD63B9901031,,,,,,,ODN0000432666,z,right_only
3EF7BAB6-A942-4F78-9231-77D8AE232C63,,,,,,,ODN0000424957,z,right_only
336692F7-3A07-48FF-BFBC-5CB71805D931,,,,,,,ODN0000432841,z,right_only
C4F28F11-9C55-467E-9336-F43AA6D0E88D,,,,,,,ODN0000432514,z,right_only
3E5CF60F-1571-4D55-A4AB-B225E84C12A1,,,,,,,ODN0000423724,z,right_only
87837571-CF24-4E22-8932-F1014D79F832,,,,,,,ODN0000432916,z,right_only
6E3B7BEC-3120-4B32-BBCF-F35676F48030,,,,,,,ODN0000434987,z,right_only
34674220-DBF7-4C68-A12A-A87986E50569,,,,,,,ODN0000433129,z,right_only
375B1AB0-FCA8-489B-8655-FA32E170EB33,,,,,,,ODN0000425514,z,right_only
0E3C79CD-4451-4378-A8B6-A614FD396D59,,,,,,,ODN0000424206,z,right_only
A3BBC51C-50E5-4E2A-8FDC-2E2928BB2DD5,,,,,,,ODN0000428163,z,right_only
D7322A36-419E-40BB-BA74-E248559A6D02,,,,,,,ODN0000439271,z,right_only
B4267BA7-C386-4868-A40E-505520415DDB,,,,,,,ODN0000440468,z,right_only
329945AF-B767-4FC3-BF0F-5429AF7277FB,,,,,,,ODN0000432766,z,right_only
45DAF687-1C70-42A0-B88C-7281DBF7934E,,,,,,,ODN0000432669,z,right_only
B0135DAD-58AC-4BC7-B065-CD168DD11410,,,,,,,ODN0000425962,z,right_only
52A2704D-4852-44F0-9DFA-FFDC0D97DDA8,,,,,,,ODN0000441850,z,right_only
1C5CE84C-0A6D-4006-8101-1EB804C80EAF,,,,,,,ODN0000427964,z,right_only
B2A24DAB-CF0D-4E83-BF91-E6452868A25D,,,,,,,ODN0000433977,z,right_only
AFAAF88B-B2C6-4D8F-9F35-DCC671AB4917,,,,,,,ODN0000427086,z,right_only
19C840C1-7920-4845-8F38-7EC177DBB975,,,,,,,ODN0000434264,z,right_only
5E7A8F1F-8B71-41C0-B8E3-51A2676CFB19,,,,,,,ODN0000441280,z,right_only
F08D6ADC-306C-42AB-A17E-5E8B3CD218F1,,,,,,,ODN0000435025,z,right_only
A6CCF597-5872-4F37-B7DF-979DE1658D47,,,,,,,ODN0000421832,z,right_only
E3C18772-CE9A-4812-BB88-FB9261F6F5EC,,,,,,,ODN0000426832,z,right_only
092D7B38-107E-4A02-97ED-13BBC88AAF27,,,,,,,ODN0000448539,z,right_only
2FA5F687-C9FC-4CE4-A09F-405FC7D71B0E,,,,,,,ODN0000434144,z,right_only
CE7FE206-46E2-47E2-8BC8-EB8E2C0B578B,,,,,,,ODN0000444917,z,right_only
8451FF6D-213B-4A73-A00B-52130150D712,,,,,,,ODN0000436770,z,right_only
3A5AC575-1998-431C-97F7-2B5840541EB5,,,,,,,ODN0000444751,z,right_only
55DE429D-5B45-43B1-AFDC-5910ABBE5EA2,,,,,,,ODN0000430360,z,right_only
ECB7A589-F0EF-4875-8ECF-A701E14C9ABD,,,,,,,ODN0000421047,z,right_only
82E84903-071A-4EC6-AA7C-C9D36A42B539,,,,,,,ODN0000432673,z,right_only
5830BD76-A330-49FD-BA3B-F027BA076BC4,,,,,,,ODN0000434425,z,right_only
F203B2FE-DEB1-4684-97D3-0A32E5D2B6AE,,,,,,,ODN0000435819,z,right_only
BA9DBCD8-BE17-4FF2-A03D-3F90298691D7,,,,,,,ODN0000432545,z,right_only
2EAA7842-B488-439C-850B-E73DE21BBCBF,,,,,,,ODN0000432786,z,right_only
CCF7CCD4-FC3E-4268-920A-77311F10DC84,,,,,,,ODN0000437650,z,right_only
2AEB7CBA-72E7-42AE-9221-EC33DDE8B1A9,,,,,,,ODN0000433204,z,right_only
1A71C395-67C1-47CF-82BA-AFD947C170E7,,,,,,,ODN0000433878,z,right_only
CDB957CF-0C28-49B6-B235-C9CD18A666D2,,,,,,,ODN0000430141,z,right_only
EDAE7BC6-8255-4860-B5ED-C82C59B81E9B,,,,,,,ODN0000433398,z,right_only
555C5D32-E01F-41CC-9295-6896A16ECF2B,,,,,,,ODN0000432624,z,right_only
EEC6A85E-CD83-4696-A4EE-780397B0DE11,,,,,,,ODN0000432544,z,right_only
CCB8311E-BF18-4A5A-B455-AE2B2161B338,,,,,,,ODN0000432519,z,right_only
8B779CBB-F424-42DC-A52A-762839383235,,,,,,,ODN0000447569,z,right_only
6A3859E1-AE20-49E3-8562-9AA5DBC40E23,,,,,,,ODN0000432553,z,right_only
EFFD79C6-A342-48AD-8AF3-BE102BFA08A7,,,,,,,ODN0000438737,z,right_only
8DE6EC41-E90D-4C04-86FB-2ACC6E070FFA,,,,,,,ODN0000444504,z,right_only
4AF0F938-F01F-4918-B28A-41453BEE115B,,,,,,,ODN0000436562,z,right_only
0AAE1DA7-2792-4E19-9DAA-5DE4B6FFF82A,,,,,,,ODN0000426901,z,right_only
4961A293-5524-4691-A30A-CD2B5164F91B,,,,,,,ODN0000432930,z,right_only
580E81E5-E4CE-466E-9632-D99E5DB04690,,,,,,,ODN0000432868,z,right_only
99ABC393-6E70-49E2-A9D4-62558AF733B1,,,,,,,ODN0000427566,z,right_only
2A078511-E055-4932-8E1B-368CF5AFBDF1,,,,,,,ODN0000434286,z,right_only
19C1859A-4414-467F-ADD3-B826A0E9316C,,,,,,,ODN0000434293,z,right_only
6596E3E6-75F5-4A52-B3B4-581C5BBE9B4D,,,,,,,ODN0000447280,z,right_only
C1321BE4-C079-4668-9D49-03A1A4AB3B2E,,,,,,,ODN0000434390,z,right_only
89E01BE1-AEA1-41C0-A8B0-C83080291888,,,,,,,ODN0000435502,z,right_only
AFE6888D-054D-4B0F-B328-650320A4C5A7,,,,,,,ODN0000433535,z,right_only
CD9A99CA-3D5A-4D78-AACD-36C6F09389C2,,,,,,,ODN0000443578,z,right_only
45F94944-C806-4D47-AB0F-76E537E2F82A,,,,,,,ODN0000446679,z,right_only
96A723D1-FC92-4C74-8D2D-7145920B7A0A,,,,,,,ODN0000435111,z,right_only
34812F09-B1F3-4372-B9D3-907645DC00E2,,,,,,,ODN0000441043,z,right_only
D6111DC0-2542-4303-A679-5D290CA2E757,,,,,,,ODN0000426240,z,right_only
8E1EBA0F-4C25-4213-9A39-4D1EC6377E38,,,,,,,ODN0000440084,z,right_only
7F6D9D26-C0CB-4528-A122-CD836E3F0CBB,,,,,,,ODN0000435569,z,right_only
BBA3D177-C533-41FC-B774-5D5AE4C0722E,,,,,,,ODN0000429935,z,right_only
A1414959-DD54-4475-BBDC-30476C23A7DC,,,,,,,ODN0000432577,z,right_only
CA6681D7-F8FE-45A3-9905-90F9616975A4,,,,,,,ODN0000429105,z,right_only
0248B51E-696C-4530-A431-9B5E9D4401FD,,,,,,,ODN0000426417,z,right_only
D2825B8B-9486-4A99-94BD-7A90978CA4A0,,,,,,,ODN0000433284,z,right_only
9053BF33-24BD-4DE5-B4C6-8F08B99AB5F8,,,,,,,ODN0000432687,z,right_only
BFF8B74E-3768-47B0-A9B5-39B9AD7959AB,,,,,,,ODN0000432579,z,right_only
9091FF81-E929-483C-BE08-74523357FBC4,,,,,,,ODN0000439969,z,right_only
7DBD6231-64D5-4FA4-A264-C3AE3F50C8C6,,,,,,,ODN0000444903,z,right_only
44EBFAB7-95FE-4101-8217-5828FA9FB3BC,,,,,,,ODN0000432862,z,right_only
C35A5510-3FD4-496D-8E4E-DB5BD970B123,,,,,,,ODN0000427293,z,right_only
C8D00E0F-46E4-4FBC-9F9A-C127F115E06C,,,,,,,ODN0000433443,z,right_only
EB8C0367-9172-43B2-AC2E-95CC26BE3A1F,,,,,,,ODN0000422219,z,right_only
A34FE6B1-0531-4BB9-9E1D-B2A7F968DC08,,,,,,,ODN0000432716,z,right_only
44EB0DA6-F77C-4463-960F-6B6914FAE63C,,,,,,,ODN0000432897,z,right_only
DEBF33CE-8492-45C5-9573-CC0EDEB90B66,,,,,,,ODN0000449034,z,right_only
DCA81BFA-A663-4F20-A123-94F74CD55C68,,,,,,,ODN0000445779,z,right_only
8C2E2EA8-D82B-48E0-A003-B87ED602F665,,,,,,,ODN0000435581,z,right_only
4F22FA69-3DB5-4351-B24B-4C9AE4E2469D,,,,,,,ODN0000436725,z,right_only
D7A8A193-889B-4E5A-86CC-76509C512103,,,,,,,ODN0000447210,z,right_only
99AC507B-77D3-40C3-99A7-C4C15F2373DB,,,,,,,ODN0000432599,z,right_only
4E0B7971-1901-4F0F-82A6-F8A7ECCA0DEE,,,,,,,ODN0000436746,z,right_only
30FA93B2-3F2A-4DC8-8CAA-7634A75CE707,,,,,,,ODN0000432472,z,right_only
C39EB33B-312F-4B5D-AFBD-9BE6A176CDE1,,,,,,,ODN0000441156,z,right_only
BA3F047C-5B5D-41EB-BAFF-B7E0C494AEBA,,,,,,,ODN0000433782,z,right_only
BA8A3914-F5B0-4856-8A6E-340FCA4F28AD,,,,,,,ODN0000438636,z,right_only
395C6BE6-12AB-40D6-B861-7767AEFA9D44,,,,,,,ODN0000447704,z,right_only
29AA2228-53E5-47EA-82D8-1B0FCDD3E1D8,,,,,,,ODN0000447527,z,right_only
0994FA0F-DC44-422D-86F0-3C353A3104FF,,,,,,,ODN0000430532,z,right_only
EEE457D2-0232-47CF-9728-71A877E82B75,,,,,,,ODN0000425273,z,right_only
0245ACD7-600D-4FA6-A916-FA35C96A81CF,,,,,,,ODN0000436045,z,right_only
BB5EC705-C7C2-4120-ADEE-2D77AFC63FEE,,,,,,,ODN0000424890,z,right_only
D396A04C-6C13-4FC2-A632-9DD0BDE8BC34,,,,,,,ODN0000443598,z,right_only
4494ED1E-C334-44FE-B740-0A6B8D5757B3,,,,,,,ODN0000434923,z,right_only
02EDAFCF-F395-4965-8DE2-6ABD7744C892,,,,,,,ODN0000432801,z,right_only
B95A5FFD-15E5-40C2-AD21-0E817088FFD3,,,,,,,ODN0000433721,z,right_only
0E48A7C2-8026-45B3-BAEE-DF118CCD8699,,,,,,,ODN0000434297,z,right_only
CD93F8B6-3BEA-46A1-8BE8-7D8F3E0E9833,,,,,,,ODN0000445859,z,right_only
D4468BB8-FA4D-47BF-9307-C260758F91FF,,,,,,,ODN0000436902,z,right_only
0A9B1387-D538-44BF-85ED-87990A9A8D9F,,,,,,,ODN0000439046,z,right_only
9A50C862-CCF2-40AB-ACBF-9934A6B9CFBD,,,,,,,ODN0000424935,z,right_only
FBDA29C2-DBC9-4806-B2AA-C93E334168EC,,,,,,,ODN0000434631,z,right_only
698A8269-C2E8-4647-BC68-3A87622C9DC0,,,,,,,ODN0000435441,z,right_only
387335DE-3E99-4C14-AF15-DDD590885E0C,,,,,,,ODN0000434780,z,right_only
4FF216B6-0579-446A-8459-CD3773C0E681,,,,,,,ODN0000435082,z,right_only
4D273682-2E4B-4ED0-9443-BAF971016BBE,,,,,,,ODN0000436041,z,right_only
33EC2AAD-50AE-4F1B-8C25-45EACF4A0C5F,,,,,,,ODN0000432802,z,right_only
3C907F49-D8BB-4719-A1F5-CFF710DC981E,,,,,,,ODN0000434544,z,right_only
75B197AE-4BA6-4A35-B1D7-C85DE88C4FDD,,,,,,,ODN0000433106,z,right_only
8856E3AF-BB2E-4BB7-9BB4-D665B58A765E,,,,,,,ODN0000434009,z,right_only
2A353476-E7D2-4F6D-8D8A-908AE25267E0,,,,,,,ODN0000430798,z,right_only
BB8A093C-6157-416E-A457-62AA1F210D4D,,,,,,,ODN0000430450,z,right_only
D71F84FA-7076-47A9-AF74-395B7EAE0D83,,,,,,,ODN0000428334,z,right_only
EFC53DB6-4734-4E1A-8D28-22580220C03D,,,,,,,ODN0000442695,z,right_only
DDEB5A49-F79A-4CAE-9C84-9A827BB753A4,,,,,,,ODN0000421082,z,right_only
A04D6CA3-9835-4F55-8D6E-181E299C30CD,,,,,,,ODN0000433622,z,right_only
B60C387C-F2FD-488B-8AF3-A8B53B62B450,,,,,,,ODN0000433405,z,right_only
B0C67F0A-BBDA-4FA0-8FCA-8A9B52BEA77B,,,,,,,ODN0000421369,z,right_only
B45DEB19-330B-47A3-8C3C-2B9ED214E193,,,,,,,ODN0000423473,z,right_only
3ED1CE6E-BABE-4F0D-8065-82511E0F3CFE,,,,,,,ODN0000435943,z,right_only
05650ACC-8130-4430-BD27-E3C3E2B8FA0C,,,,,,,ODN0000425672,z,right_only
8C0AEACD-C6C0-4AD6-B9B0-CC4742536947,,,,,,,ODN0000447139,z,right_only
08567528-FBCF-40A8-AE69-46E680CBD66F,,,,,,,ODN0000437655,z,right_only
10031A4E-45CE-41A6-88FC-C1B649123955,,,,,,,ODN0000441250,z,right_only
FE6BCCB4-D770-4657-8130-B20B02B335FC,,,,,,,ODN0000426798,z,right_only
9373860C-5157-493A-BE99-D950947C83F9,,,,,,,ODN0000430456,z,right_only
73033B0C-BFF4-4E9A-AE24-2F622381A1C6,,,,,,,ODN0000449020,z,right_only
D4468C82-A2EC-4307-AD81-E5B9AB46E5D7,,,,,,,ODN0000444416,z,right_only
C88C8A50-E3EE-428E-8084-348C4E59CBCB,,,,,,,ODN0000424855,z,right_only
71A629E1-809A-47F9-8898-C64FFBD0F9DF,,,,,,,ODN0000433573,z,right_only
97664428-1415-4AEA-BB72-8AEB17C9C68A,,,,,,,ODN0000440707,z,right_only
ED3AC18A-B4BC-4B4D-A694-68F9728B3C27,,,,,,,ODN0000429697,z,right_only
CEE01C25-6532-4D7C-9921-DAC05C596F66,,,,,,,ODN0000431819,z,right_only
5D1A0E32-6882-4700-ADEB-F76FA231AC01,,,,,,,ODN0000442900,z,right_only
9E17FC69-0FCE-43FD-8D3F-80502E982DC4,,,,,,,ODN0000442760,z,right_only
282D5EA2-CE87-4741-B59E-88CA4C1FCC12,,,,,,,ODN0000432565,z,right_only
2B8473ED-4B6F-4DB8-BF51-BFD9E5209400,,,,,,,ODN0000434830,z,right_only
2AB106B8-3E7D-4C65-AE4D-EB51DA738C2A,,,,,,,ODN0000434856,z,right_only
E644FBD2-714A-48A8-A445-4E528442B0DD,,,,,,,ODN0000425728,z,right_only
224ADFA7-37B4-4B7F-80DE-E3E17A34996D,,,,,,,ODN0000428965,z,right_only
427FDE89-18A5-472E-B358-899DABAB18E4,,,,,,,ODN0000433538,z,right_only
86473D85-8836-4935-B168-5C2049087123,,,,,,,ODN0000433283,z,right_only
4C3C4AF7-B3BC-45AF-9936-0DE5552C48DA,,,,,,,ODN0000440482,z,right_only
49FBF4C8-C1ED-47E7-996B-1436A65FCBD5,,,,,,,ODN0000432740,z,right_only
3A8E4AF9-4B71-495D-B008-1B8D7AF14DC8,,,,,,,ODN0000432482,z,right_only
75F11CD1-6813-4BDC-A74E-63F1EB459C1D,,,,,,,ODN0000426199,z,right_only
767EC009-92FD-4B24-AA84-AB190AAAB489,,,,,,,ODN0000423093,z,right_only
8BE0E283-7970-467F-BD6A-7C54DF17837D,,,,,,,ODN0000428554,z,right_only
D512E63F-45B6-4250-B1E6-595ED6791346,,,,,,,ODN0000439338,z,right_only
F8004636-65A7-4252-BDC2-FF21E917FE54,,,,,,,ODN0000438181,z,right_only
CBAFCCB3-C5DE-4BB4-81F6-17E5C3B9306B,,,,,,,ODN0000442019,z,right_only
CF444AFB-A304-4A7C-A5B6-B8086099A55F,,,,,,,ODN0000442612,z,right_only
C9F6CC76-C05E-4F2E-8FFE-856E2DECB93C,,,,,,,ODN0000422823,z,right_only
E2A94B5C-F442-4BE2-A2AB-456FE1AE257C,,,,,,,ODN0000421397,z,right_only
8F8E563C-69B8-4220-BE30-86D9D97AF9A8,,,,,,,ODN0000437440,z,right_only
9FA6D6EA-394A-45D6-A5F7-7BAAEA6FB921,,,,,,,ODN0000436020,z,right_only
078789F5-6234-4B57-98D1-72366FF4E767,,,,,,,ODN0000426716,z,right_only
C7246796-40CE-4146-8FD9-CA378FB3CAA3,,,,,,,ODN0000426717,z,right_only
874F6D00-A737-4913-A434-B269E9941BC5,,,,,,,ODN0000447745,z,right_only
A577B72E-0A2F-4FDF-99F6-DE4F819A4378,,,,,,,ODN0000433374,z,right_only
E41202DE-1495-4E77-BD2E-D096846F31B6,,,,,,,ODN0000433907,z,right_only
865CB929-60DD-4383-8D3C-21283A9424B5,,,,,,,ODN0000433425,z,right_only
0BE5994E-FD43-4913-86B1-B2D8C354B730,,,,,,,ODN0000434037,z,right_only
8347E1B8-6F1E-41EE-81D7-2A5B7A520085,,,,,,,ODN0000427302,z,right_only
BC3A6A3A-5C6F-4375-AE0C-E74C798CC4A1,,,,,,,ODN0000438587,z,right_only
4D8D6C37-E4E1-4B75-88B2-B36F8B6BA2DD,,,,,,,ODN0000433414,z,right_only
33A8E078-2720-4A79-AB10-1EC041775EA1,,,,,,,ODN0000433299,z,right_only
67901DB9-2106-48C0-B361-7A2EA9EEAED7,,,,,,,ODN0000447474,z,right_only
DC25B02E-A945-4F60-AF11-F9C28290D51C,,,,,,,ODN0000432548,z,right_only
F7F4801B-CEE4-46D7-8DFD-9E5769198F21,,,,,,,ODN0000426964,z,right_only
F263D936-04C8-40C8-9FF2-24719FA5FDF4,,,,,,,ODN0000433855,z,right_only
98DDAD31-577D-4777-A770-393870EFCC46,,,,,,,ODN0000436180,z,right_only
28704936-F79E-4C7C-AEAA-74C32B080299,,,,,,,ODN0000433892,z,right_only
7E2AE0D9-3ED1-4C47-B94B-FB805F2DBCE7,,,,,,,ODN0000437198,z,right_only
A656A596-9626-4608-BEB8-44121D833F86,,,,,,,ODN0000432623,z,right_only
5D425B44-ACDC-46E9-98F0-54D33D856696,,,,,,,ODN0000435367,z,right_only
CB196221-3959-4C21-A75C-100AD7CDA334,,,,,,,ODN0000445267,z,right_only
CE85BFCF-D810-445F-8727-95197EB13455,,,,,,,ODN0000429832,z,right_only
E143D924-E8A7-416E-8DA0-4B2DE80A9B7E,,,,,,,ODN0000440103,z,right_only
BE69E82A-F318-4883-9073-1FFB919481D7,,,,,,,ODN0000447242,z,right_only
4F74C448-96F1-4CF7-82B8-4A0C18068AFC,,,,,,,ODN0000433401,z,right_only
E3545A9C-F32B-417B-A47C-53224101D6CF,,,,,,,ODN0000433572,z,right_only
91D3B47D-82CA-4C74-BFDD-90D9CE0605F3,,,,,,,ODN0000432965,z,right_only
3F508189-FFC5-4999-B1AF-147581A99212,,,,,,,ODN0000435164,z,right_only
9C4B23A5-6EA2-4833-B439-99F232A5566F,,,,,,,ODN0000432585,z,right_only
F6DE99EA-29DE-4573-A933-78E8EB770057,,,,,,,ODN0000422968,z,right_only
CF699178-CBF1-4CD2-8D50-0CC8EC750FC1,,,,,,,ODN0000427473,z,right_only
0744FCE7-C37A-46CC-B6C6-32D481EB0BC2,,,,,,,ODN0000438589,z,right_only
3921EB9A-CC58-4484-B8AF-84D3156B7DE4,,,,,,,ODN0000443937,z,right_only
EAAE6A55-6BED-4D30-9CC3-0DB889E864CE,,,,,,,ODN0000446789,z,right_only
FC953759-3385-40A3-A22D-E2D0A13B7739,,,,,,,ODN0000434336,z,right_only
37764949-E532-4B0D-9C2F-E48CFD89AC7E,,,,,,,ODN0000429285,z,right_only
A908397B-3BB3-46F9-BC3B-B0F2D8D6C524,,,,,,,ODN0000446345,z,right_only
A4C097F3-A8FA-42DA-80C1-1D92C41E5C01,,,,,,,ODN0000446348,z,right_only
4527D32D-2F1D-4190-B519-D54F7EA29BE6,,,,,,,ODN0000446350,z,right_only
E1BFF335-6BE8-4477-9E77-AB9B02C92798,,,,,,,ODN0000436356,z,right_only
D7FE594D-71B8-4ACD-9A3B-7728E86DF536,,,,,,,ODN0000433541,z,right_only
E91A1A37-87E7-442B-B40C-4E333BD9D596,,,,,,,ODN0000444736,z,right_only
88E06948-F42F-40AF-972A-B147A63E2AF0,,,,,,,ODN0000433617,z,right_only
ED8B5777-8E79-4624-8BED-CD1551A0E38F,,,,,,,ODN0000428406,z,right_only
F07C3964-0EBD-4C5D-AE36-BD21095D206E,,,,,,,ODN0000440094,z,right_only
702C9BB7-8F9F-4A4B-BBE9-12B562784B21,,,,,,,ODN0000434001,z,right_only
D84669ED-719F-4DB8-A4B8-A7AEEC04E045,,,,,,,ODN0000437964,z,right_only
FFF1BAF5-A381-4C59-BC74-BD1D650713C7,,,,,,,ODN0000424655,z,right_only
412B8B27-30F9-4556-983E-81B0824B1C19,,,,,,,ODN0000431904,z,right_only
E966C03D-08B1-4690-A38E-12BDD0E487E7,,,,,,,ODN0000431560,z,right_only
6182B705-6A21-4D7C-B510-2CE25606C025,,,,,,,ODN0000430209,z,right_only
62169736-1741-4159-8B52-F861C5C82CF7,,,,,,,ODN0000432829,z,right_only
CAC42004-B0C5-4540-84C6-D1F98D349AA0,,,,,,,ODN0000430832,z,right_only
9A330817-A858-49BB-AE02-CCC3C5A8BE0B,,,,,,,ODN0000439295,z,right_only
6376252B-1FA8-4DC5-B07B-D16293FA6DD8,,,,,,,ODN0000444944,z,right_only
4F60D153-9BDF-40BC-9297-411C72CDA8D4,,,,,,,ODN0000423495,z,right_only
ECFE03C6-FD4A-4C1C-AEA2-DADC5D6C9435,,,,,,,ODN0000427041,z,right_only
6509CFA2-FCF0-48FE-A6CD-8A1B422C2116,,,,,,,ODN0000434306,z,right_only
0A64E5C2-1515-477E-AEF5-A1803A73660B,,,,,,,ODN0000442941,z,right_only
98408A4C-6FF1-4885-8B17-09EFD14F5054,,,,,,,ODN0000433348,z,right_only
B609D42C-E0EE-4589-A687-530364A24AE3,,,,,,,ODN0000436056,z,right_only
FEB0E682-77B6-4F81-AAA6-428C3E26373D,,,,,,,ODN0000423139,z,right_only
3FB93E2F-E119-4E1D-A22F-66F703BD29B0,,,,,,,ODN0000432865,z,right_only
07A98EE5-8531-4B5B-BF44-175BECD8EB1C,,,,,,,ODN0000432764,z,right_only
57F536D7-4D63-4BAD-9FF4-B44C7095EA20,,,,,,,ODN0000438284,z,right_only
73F01C8C-EBA9-443E-A326-393697D57AB0,,,,,,,ODN0000436360,z,right_only
ABA556BD-152A-4268-AEFA-4E4B62F15475,,,,,,,ODN0000430389,z,right_only
AB99967B-FC93-4889-968B-A570E59E5A40,,,,,,,ODN0000431166,z,right_only
C2EB4C2F-974F-4E54-80C0-1B025D9E0789,,,,,,,ODN0000437131,z,right_only
B332BCFD-4A0C-4A31-B7DC-8A2E5954BE97,,,,,,,ODN0000440219,z,right_only
87C3FEC4-4F65-4BDB-A0C2-3457C4F254B1,,,,,,,ODN0000430752,z,right_only
B16130C8-0470-47F8-A32B-821ABB71BA66,,,,,,,ODN0000430808,z,right_only
3B517695-6F43-41C0-92C2-73639E017D5E,,,,,,,ODN0000443549,z,right_only
EE7F9EFA-B7AA-4609-B6D0-B4F9B5644020,,,,,,,ODN0000425864,z,right_only
206412E4-8045-48F8-B081-8B6DB6FEC9CF,,,,,,,ODN0000427617,z,right_only
B575A3D3-472F-4A2C-8EE7-E6AC367A7754,,,,,,,ODN0000434136,z,right_only
1EC57CB8-7821-41B3-B6B7-474CF9EEC244,,,,,,,ODN0000437130,z,right_only
FBB1F6B0-1DF3-4553-B32B-CE4AF982DE15,,,,,,,ODN0000431665,z,right_only
97B08009-DB12-4AA2-93F6-3EDAC4C2D2D6,,,,,,,ODN0000434512,z,right_only
FDD57ADB-57F5-4026-A6F1-E65D9E53BACA,,,,,,,ODN0000434511,z,right_only
BC85956F-0A72-434E-852D-ED311D467EC8,,,,,,,ODN0000438553,z,right_only
FFC25041-8E82-41F7-9A33-E50A4E27E405,,,,,,,ODN0000440086,z,right_only
FB698A2E-E74F-41A6-8050-E57878391BCC,,,,,,,ODN0000434168,z,right_only
E400409D-62A3-4606-B819-C6CD2E6831DE,,,,,,,ODN0000428042,z,right_only
A807510E-2A47-414E-B69E-D3C14E066BA1,,,,,,,ODN0000425706,z,right_only
1097B539-C71E-46AC-B2B5-0924EE251332,,,,,,,ODN0000432924,z,right_only
986490D6-723C-4318-A9AB-4285C2D0263C,,,,,,,ODN0000434475,z,right_only
1F884F44-2D66-4931-A39F-CC63232F98F1,,,,,,,ODN0000426426,z,right_only
7C0B9837-3DD1-48DD-B1DD-3D6DC7284DB0,,,,,,,ODN0000422543,z,right_only
7054A2C7-2913-4D9D-ABD0-4182A6A94889,,,,,,,ODN0000432892,z,right_only
F0D44706-D7A1-4BB2-9395-386FB4ADA740,,,,,,,ODN0000437717,z,right_only
2E2C5BC9-CFA8-4C7D-B77F-DF6DA4C5E8AB,,,,,,,ODN0000434796,z,right_only
3384AAFE-2735-494E-831E-1E492482E1B2,,,,,,,ODN0000434699,z,right_only
D5FAA807-E423-450F-9E0A-5B82E8AEB7D5,,,,,,,ODN0000434817,z,right_only
E6CB6B7F-2976-4AC4-99CE-735A72C2E344,,,,,,,ODN0000432636,z,right_only
7F825A74-0A86-413B-8DF3-9DF6876FD505,,,,,,,ODN0000440092,z,right_only
62799DEE-4A60-42E0-84D1-03A40A69DC77,,,,,,,ODN0000429889,z,right_only
C51EB68F-A61C-4E64-96F3-242483F87F30,,,,,,,ODN0000425198,z,right_only
D5EA0A09-1C44-4C91-BB39-90A5E6D1C80E,,,,,,,ODN0000439246,z,right_only
46B924BC-3C3D-4251-BE72-08B50DA84636,,,,,,,ODN0000433214,z,right_only
46B54C3E-5087-4CBC-B4D2-940CBF939EDA,,,,,,,ODN0000440127,z,right_only
4F1A813E-B720-42B4-9AF2-BF8590895D15,,,,,,,ODN0000440114,z,right_only
FAE0D76F-7C3B-41B8-B41E-9F95562CB159,,,,,,,ODN0000428130,z,right_only
02B33CBB-7B3D-4575-992D-43D086ED193F,,,,,,,ODN0000433246,z,right_only
393FF065-682E-40DD-ACAA-0D969FE4ACA8,,,,,,,ODN0000433248,z,right_only
245308E0-A3C7-416C-9AF9-EE3144CCA4B4,,,,,,,ODN0000425058,z,right_only
F6D1A1F9-097C-4E9C-850C-0FC9123811A2,,,,,,,ODN0000441697,z,right_only
EA763292-E9EC-4DAF-BE17-EFA68C526699,,,,,,,ODN0000420921,z,right_only
4907B117-932B-4C68-A617-E9154F5DD2D7,,,,,,,ODN0000428673,z,right_only
877FD52A-07CA-4547-831B-561CC3E6E7FE,,,,,,,ODN0000442541,z,right_only
0711108E-BA32-4A64-AA50-F83A310B3C4B,,,,,,,ODN0000426294,z,right_only
9FEE7857-0DED-47C7-84DA-7DBC2579B185,,,,,,,ODN0000424504,z,right_only
AE4DE17E-B71B-4B33-BC8C-BFB61E31CA7C,,,,,,,ODN0000434828,z,right_only
1D119CE0-18E1-4EE3-858A-2824E034443E,,,,,,,ODN0000436591,z,right_only
6DFA1009-82D8-4C5A-B030-F4D58BE5227B,,,,,,,ODN0000432662,z,right_only
72FCC5C2-FCCD-492E-AF9E-264828F3C4E1,,,,,,,ODN0000426908,z,right_only
0CEE5754-CFD8-4336-8E69-AC01CA742E80,,,,,,,ODN0000436236,z,right_only
75918DF5-5DC7-4447-8659-15C64074B08C,,,,,,,ODN0000437145,z,right_only
51FEE17B-8D34-4CBE-BCB6-8B152A8254EF,,,,,,,ODN0000433788,z,right_only
A23986A6-192F-4EA8-9A07-7BB15E54EDE5,,,,,,,ODN0000440093,z,right_only
6556C215-C312-450B-8546-F3B1C6B1EF49,,,,,,,ODN0000432889,z,right_only
C7F85B17-D8D3-4CCF-B062-CFF497D490E7,,,,,,,ODN0000430649,z,right_only
FD2CE132-3F65-45BE-8DB5-EC498680085A,,,,,,,ODN0000437865,z,right_only
B8B943D1-1565-48BB-9987-ECD54DA9FCA2,,,,,,,ODN0000431207,z,right_only
0AB368BC-3E03-4A5B-AF15-4FB37F0FE379,,,,,,,ODN0000445110,z,right_only
887E391C-455A-4F6F-98D6-9899EE7C0844,,,,,,,ODN0000429014,z,right_only
270A7AAB-718D-4743-890E-A723BBC70058,,,,,,,ODN0000432782,z,right_only
1DC712D1-DC0F-4A39-8D15-DA5FAC1C291E,,,,,,,ODN0000437466,z,right_only
140276E6-2FDA-4330-9D7D-6E5FE892CACC,,,,,,,ODN0000434263,z,right_only
B8C35853-0866-4B51-990A-32A8D61EEE4F,,,,,,,ODN0000443021,z,right_only
79214F51-EA8A-4964-8029-C9BB92B8ADD9,,,,,,,ODN0000446433,z,right_only
53142180-F518-4C54-9250-01D283290A7F,,,,,,,ODN0000433679,z,right_only
FE52CCEE-0CDC-4175-B518-44F7FA2E5B6B,,,,,,,ODN0000430554,z,right_only
C5FE1DA3-ADC2-4ECA-809E-AAF6E9A810D0,,,,,,,ODN0000433550,z,right_only
4F63974C-D5E6-4197-A6E1-9A64A2B17CAD,,,,,,,ODN0000434358,z,right_only
D62E2480-5A83-494D-81AA-4182FD8C2A50,,,,,,,ODN0000433635,z,right_only
F1C88722-7B73-44BE-8E28-0BBC6BB3290E,,,,,,,ODN0000434117,z,right_only
CEB23EBE-1571-4159-A8D1-3902098C403D,,,,,,,ODN0000430886,z,right_only
1B125A19-7ACC-4932-86A2-72ED0A24F864,,,,,,,ODN0000426996,z,right_only
DBB1F579-A2F5-4E73-8A05-1E7094D35402,,,,,,,ODN0000432528,z,right_only
ACC8B512-55CB-4113-A182-831309A5C78E,,,,,,,ODN0000423094,z,right_only
0BADD82D-8CF1-4F3F-92AD-C3F972F86177,,,,,,,ODN0000434406,z,right_only
A7945C6C-2DEF-4A7E-BA2B-14A601658C46,,,,,,,ODN0000432470,z,right_only
BA22478E-D619-43F2-9B76-E4C17B70CA52,,,,,,,ODN0000432490,z,right_only
0986B79D-F4EC-490B-980B-58202CCC9CFA,,,,,,,ODN0000424185,z,right_only
5710C242-EEA6-4DE3-8B4E-FE3B38D8F2BF,,,,,,,ODN0000445751,z,right_only
B721400E-E1F6-4219-BBA9-D9F0F6DF34DF,,,,,,,ODN0000435962,z,right_only
B7DB2364-F374-47AD-964F-E7757DB4C73E,,,,,,,ODN0000447964,z,right_only
48258E07-623B-458D-805D-B13F7E08F708,,,,,,,ODN0000434034,z,right_only
2F3D372A-507F-4207-9D7D-BC0793BC8E53,,,,,,,ODN0000422903,z,right_only
F7AE0FF6-FC40-485C-9D47-21D47333FCC2,,,,,,,ODN0000432864,z,right_only
D70FE269-DBD9-464E-96F7-B39DECE6352F,,,,,,,ODN0000434080,z,right_only
78893134-598F-43F2-9397-FD483E8310B4,,,,,,,ODN0000432620,z,right_only
C206D717-437E-4C66-B445-ABD7E99A54C3,,,,,,,ODN0000433893,z,right_only
FFE3923E-A4D2-4BF9-A54E-0B08945293C3,,,,,,,ODN0000433506,z,right_only
9B34C651-9C4B-47F3-91E3-086D125E02B2,,,,,,,ODN0000429884,z,right_only
CF7630D9-381D-4F49-9F14-C57A1E4DF409,,,,,,,ODN0000433324,z,right_only
A36342CD-F429-4393-83A2-0995F76A5C1B,,,,,,,ODN0000432723,z,right_only
2E57D547-60F0-433F-BF94-8B79E65F6C4C,,,,,,,ODN0000432787,z,right_only
96DE164B-42CF-4D5A-BA69-33C720F2E160,,,,,,,ODN0000425855,z,right_only
4F4334DE-3EE1-4D64-99AD-F3AC417D17F7,,,,,,,ODN0000444718,z,right_only
7247105F-AE7C-4555-8161-8D38FAEB2E39,,,,,,,ODN0000425671,z,right_only
49B1427F-ADA7-4DBC-BB51-60899D137D72,,,,,,,ODN0000433452,z,right_only
7128940C-50B3-4EC9-8D0E-08EBC7C509FB,,,,,,,ODN0000445159,z,right_only
3AED7CB7-A569-4D4E-8FF4-0B69BBA71853,,,,,,,ODN0000430905,z,right_only
2F0543E7-2FCF-4593-AF56-02498F5AFB55,,,,,,,ODN0000431006,z,right_only
B19FDF32-A0D2-4609-BAA1-8334A0948359,,,,,,,ODN0000427546,z,right_only
10568DAA-DB50-4FC9-BDFD-6B77904EC75F,,,,,,,ODN0000433158,z,right_only
F57B7D1F-3FBB-4367-8D22-75046513EF8F,,,,,,,ODN0000432611,z,right_only
A7F5AE09-55F4-4CF3-8DF9-9EAFDA763BC8,,,,,,,ODN0000427208,z,right_only
9CC8B0AC-FEB6-4564-91F9-817FE492DEFF,,,,,,,ODN0000440065,z,right_only
71DC528E-D902-442D-AA4F-C8C5103EB26E,,,,,,,ODN0000433479,z,right_only
22DC50BA-F059-4714-A5B0-23E71DD76326,,,,,,,ODN0000426002,z,right_only
254E5274-DF19-4FE4-89A6-5647D06E0538,,,,,,,ODN0000440515,z,right_only
59436064-EF84-4C5F-91B4-7A1E54D00952,,,,,,,ODN0000425287,z,right_only
6570C182-DA70-423A-9064-8B9D7E238A0E,,,,,,,ODN0000432705,z,right_only
D696D4DA-5578-4C1B-B393-2BC0A7929053,,,,,,,ODN0000427165,z,right_only
363DF769-DF31-436E-8A49-3D4F0EDB60B5,,,,,,,ODN0000434931,z,right_only
FC8EC0A9-11CF-4788-A1D9-6D16871FDDA6,,,,,,,ODN0000427230,z,right_only
7320CA07-4430-4B52-8C43-A99053EE0A82,,,,,,,ODN0000423168,z,right_only
DCA83959-471E-462C-9596-EAA58EE12ABC,,,,,,,ODN0000435584,z,right_only
0F936E07-34FF-498E-B17A-27A89D4D7863,,,,,,,ODN0000432676,z,right_only
0461F3A2-3ED9-47D1-8FE6-9BE0EE163591,,,,,,,ODN0000426929,z,right_only
E64CE5A7-F6B3-4B81-BE9C-71C5A20518DC,,,,,,,ODN0000442409,z,right_only
6B96F62D-2A11-411C-B40F-207291C09C2C,,,,,,,ODN0000433895,z,right_only
136F9521-F818-4C8A-8903-67B91B47F56E,,,,,,,ODN0000437343,z,right_only
4A93B7A2-CD2C-429F-A033-F87C49498ED6,,,,,,,ODN0000437450,z,right_only
585AFFE9-55AA-4226-BC43-896AC58A3EAD,,,,,,,ODN0000423725,z,right_only
08DAC65F-3B60-4F95-921C-1FD414DB1DAA,,,,,,,ODN0000424991,z,right_only
ADE9E8A8-BAD0-4EE0-9E7F-EB8BBB6A1E30,,,,,,,ODN0000425353,z,right_only
1D5A9796-C85C-4A1E-B2EF-2507E18CDC82,,,,,,,ODN0000443083,z,right_only
378D7198-58D7-49FB-88FD-CE799380C26F,,,,,,,ODN0000435086,z,right_only
D70D464E-1E04-44FF-B983-A96A7E0D3B67,,,,,,,ODN0000440479,z,right_only
1773EB62-B73E-4235-A3AF-145BF79E1B11,,,,,,,ODN0000430994,z,right_only
12E916F9-7DF6-47C2-A5B6-5FA936C63D95,,,,,,,ODN0000447901,z,right_only
745F42B2-2778-4F13-8C82-D327AD9179AC,,,,,,,ODN0000445233,z,right_only
EC9D83C7-BE66-403C-A068-B1D26929589B,,,,,,,ODN0000434261,z,right_only
7485DC16-7AA7-4F80-ABE7-5C6E908ACFD6,,,,,,,ODN0000441805,z,right_only
C5C45D62-5CE9-42A9-9584-82FD78661C2E,,,,,,,ODN0000426489,z,right_only
A317AD22-7A01-4851-8F60-FFBF242ADBB9,,,,,,,ODN0000432416,z,right_only
43D69F5D-395B-4FD5-A6F5-BA8075282A98,,,,,,,ODN0000448085,z,right_only
D709E748-5C27-414E-B9BF-BB4916CCD31C,,,,,,,ODN0000448998,z,right_only
7BFA0D49-8FA6-4661-82B1-1DB6352A2C1C,,,,,,,ODN0000432851,z,right_only
F8E19E83-1539-41B3-B616-E0729F0D5B02,,,,,,,ODN0000436915,z,right_only
0B3CD4C4-AC5E-49F2-B135-141411F5BBF4,,,,,,,ODN0000437057,z,right_only
561E71E6-18CB-4951-9259-BD92396C1594,,,,,,,ODN0000432736,z,right_only
94A88441-A1AF-4156-B19C-45D07C8E9779,,,,,,,ODN0000437354,z,right_only
DA5B2987-CD67-46E0-AF37-0D93DD373320,,,,,,,ODN0000433655,z,right_only
46CD1EC8-5ADC-4761-A921-8EBBB043EFD0,,,,,,,ODN0000425478,z,right_only
CE8D4725-36E8-42E4-8D82-C2A17CCD4AB1,,,,,,,ODN0000432877,z,right_only
6125778C-AC4E-4988-88A5-B3D7C1CDEC4E,,,,,,,ODN0000429829,z,right_only
7D55E649-264A-470B-B128-681650993F5A,,,,,,,ODN0000436335,z,right_only
15F3E7D6-D7E1-48FA-8722-960F6632FFEF,,,,,,,ODN0000434424,z,right_only
6E4FCC95-80DC-4B9E-ADBE-7A6350EDAEA1,,,,,,,ODN0000427164,z,right_only
71EE096D-ADF3-4306-9177-F4EB5D064D90,,,,,,,ODN0000435037,z,right_only
9B5C2AA8-CF20-49C2-A5D8-AC7F4F1D886B,,,,,,,ODN0000425382,z,right_only
2AFCEE43-94D5-4698-92A6-8E09EAAAE6D9,,,,,,,ODN0000425412,z,right_only
A8E7412E-3170-479F-977A-3DEE3F850B04,,,,,,,ODN0000434793,z,right_only
C41D9802-914D-41B5-BEF2-3F061908D662,,,,,,,ODN0000440228,z,right_only
E8F2C2AF-E086-49AF-9BA6-0FC90A11580E,,,,,,,ODN0000421831,z,right_only
4C7D4973-96A4-4874-82EF-A7628FFFA914,,,,,,,ODN0000437704,z,right_only
252E7C8E-91AB-4DB6-9C93-C7BBFEB5D4CC,,,,,,,ODN0000436176,z,right_only
B9B720F6-4200-404E-A57D-FFD06C181C13,,,,,,,ODN0000448169,z,right_only
1F0A6148-2967-4C17-88D4-2C51523440BD,,,,,,,ODN0000422223,z,right_only
7266FCCE-205D-4234-858E-0F379BA587FC,,,,,,,ODN0000432488,z,right_only
6C13F3FB-671C-43C5-A0BA-394F7002000F,,,,,,,ODN0000432489,z,right_only
31B6EADA-774B-4EF1-B261-77106D065D4C,,,,,,,ODN0000427161,z,right_only
E1148A69-720D-4AFC-97C2-A2DB442CE1E0,,,,,,,ODN0000433426,z,right_only
5C1C8EFC-3F7B-408E-9C3C-663483A1A569,,,,,,,ODN0000437996,z,right_only
230F54EE-6C1F-4568-994D-7714483C3AFC,,,,,,,ODN0000437852,z,right_only
7FAA8AA5-4F6D-4246-A2A7-231990F3B4BE,,,,,,,ODN0000426663,z,right_only
36E1E25E-383E-4B83-BC65-4BB5D24D4F67,,,,,,,ODN0000433375,z,right_only
0A05B28B-96C0-4157-A703-4A438EC8FAD0,,,,,,,ODN0000436394,z,right_only
269D2208-6BCC-4009-878E-00D8A5F9F3BC,,,,,,,ODN0000442498,z,right_only
63735936-2FFD-4F86-8E50-4D411EF07880,,,,,,,ODN0000431983,z,right_only
C58DF95C-0A7D-419E-AD81-52A617573752,,,,,,,ODN0000428662,z,right_only
E370A826-8ABA-4B7F-ADFB-05A5EF86843E,,,,,,,ODN0000434863,z,right_only
F5B08DCF-0E36-4267-AE6A-A9EE008265CE,,,,,,,ODN0000426741,z,right_only
9F15B9BA-2D7B-458A-94DC-575F8AE58B6D,,,,,,,ODN0000427363,z,right_only
CE3150B2-8CF5-439D-85EC-8808C7D870A5,,,,,,,ODN0000447123,z,right_only
02A340DA-3CBA-4E4E-A044-917035E99AA4,,,,,,,ODN0000443892,z,right_only
C36447EB-3912-4F5A-B448-AA7FAEBC7F83,,,,,,,ODN0000443893,z,right_only
A749D6C5-974E-4F31-BABF-B43E4CAD5AC1,,,,,,,ODN0000443895,z,right_only
65AEB4BD-E0BD-4F05-BAF4-302AE2410807,,,,,,,ODN0000427188,z,right_only
DE62C35C-BC92-4331-8344-B409A655296D,,,,,,,ODN0000432644,z,right_only
EF7D043A-A54E-4926-9949-3093EAB64917,,,,,,,ODN0000425923,z,right_only
6286679C-902E-4DFD-8B7D-BFB4E63CAA82,,,,,,,ODN0000427679,z,right_only
DCDECBCC-F5AD-4D69-9DC0-6AEAB9E586BC,,,,,,,ODN0000426963,z,right_only
90FA8FF0-29EB-4987-9957-DF16B4450178,,,,,,,ODN0000447674,z,right_only
D418150D-63DA-45BE-965C-A4F992151F7E,,,,,,,ODN0000432589,z,right_only
DD9C9DAF-3F92-4307-8651-6EA9EF735D61,,,,,,,ODN0000440082,z,right_only
B780EBFA-69D7-4532-9DA8-D193796DDBC6,,,,,,,ODN0000433250,z,right_only
C47C649C-1DE8-43B1-ACE6-EE1E8C53CFEC,,,,,,,ODN0000449212,z,right_only
5FB6FEF9-5B13-44C8-AA31-374D818CF317,,,,,,,ODN0000441098,z,right_only
AA7421E6-9F7D-46B5-9835-ADEA258555A0,,,,,,,ODN0000435062,z,right_only
A776A2B6-32C0-47F7-B0F4-DFA165D69CFC,,,,,,,ODN0000433865,z,right_only
70EA3B30-C754-4213-A055-A564FB2DF624,,,,,,,ODN0000433832,z,right_only
EB51F312-E646-4836-B866-A59313CC898A,,,,,,,ODN0000432828,z,right_only
C171B11C-CD27-4CE0-BBC0-6567BEA9FACE,,,,,,,ODN0000434507,z,right_only
77D4DE78-B771-4C40-B65F-ADD5C139A592,,,,,,,ODN0000442131,z,right_only
7A1165D7-334C-4236-8ECF-AC8314D83990,,,,,,,ODN0000439038,z,right_only
EA1BC15D-CAB2-4AD6-B49F-386B7332F80B,,,,,,,ODN0000440119,z,right_only
39E7BA6E-EC7F-4C7C-97B9-4BDF23CE3CC3,,,,,,,ODN0000422041,z,right_only
90F1FC7C-98E1-48BC-BFB4-48AB0F9E7830,,,,,,,ODN0000436186,z,right_only
3EA2DC56-1B3B-4622-B78F-341F6B4F3214,,,,,,,ODN0000429160,z,right_only
517FE482-13B0-451A-A046-D6EB5B46C60F,,,,,,,ODN0000432822,z,right_only
6BF79C47-BDDB-4765-9A61-8A5C0A2783AC,,,,,,,ODN0000428471,z,right_only
D1B0B059-5827-46A2-843B-D7D995CE6D80,,,,,,,ODN0000427191,z,right_only
B9713393-57F0-4C8C-AA03-06693A3E828B,,,,,,,ODN0000440019,z,right_only
676B00E2-5FE6-411F-9C34-C7523DB4C578,,,,,,,ODN0000445750,z,right_only
C0B5CE8E-1C01-46FD-91B4-7C62F4554C5B,,,,,,,ODN0000444565,z,right_only
384BB4BC-897A-4DED-879E-AF4795595182,,,,,,,ODN0000445079,z,right_only
03D923D5-54B7-40FE-BEAB-C372ACD51FC3,,,,,,,ODN0000432536,z,right_only
4CB3DF76-F4F4-4638-AB1B-DA06B0CE4442,,,,,,,ODN0000424794,z,right_only
7FEB4A52-08E3-43B0-A6E2-5702B3AEE29A,,,,,,,ODN0000432805,z,right_only
6A3EDCDE-8758-4F1F-A2D5-022199979BA9,,,,,,,ODN0000430419,z,right_only
72920B72-166F-461C-82A4-9EF194DFF406,,,,,,,ODN0000433522,z,right_only
76933C59-B84C-4758-91A8-8DDEC31D030F,,,,,,,ODN0000432947,z,right_only
924A4436-D15D-4DA6-A244-7B2830D8E19F,,,,,,,ODN0000421946,z,right_only
43C34598-ED53-4F10-BFDC-DBCD15203AA9,,,,,,,ODN0000432685,z,right_only
B58F50C2-9284-4EC7-956A-8FD7C8B478F2,,,,,,,ODN0000447781,z,right_only
2FDD0C73-9447-4146-A90C-CB41FCC1F331,,,,,,,ODN0000443340,z,right_only
E1EC038F-8E29-46A6-8DFD-32A7FFF528AA,,,,,,,ODN0000427946,z,right_only
4B0E3E92-5FCE-4D9D-80BE-4E1097DD116F,,,,,,,ODN0000438239,z,right_only
0560258B-6D94-4506-8F65-0C9E25ECF8A2,,,,,,,ODN0000432913,z,right_only
E4CA6A6D-EA07-4C83-90B5-637B4D73345D,,,,,,,ODN0000433242,z,right_only
70314655-1CE8-4803-9163-3E9AD75717C4,,,,,,,ODN0000429157,z,right_only
4B2B57CB-7E01-49EC-A9C6-F9A0C6C0A13D,,,,,,,ODN0000437982,z,right_only
D2EB1A5A-3BF2-49C1-B04B-DADE737BB655,,,,,,,ODN0000434558,z,right_only
B67B50EA-1287-4DF1-95D8-21B19F493C29,,,,,,,ODN0000433446,z,right_only
68D83F1A-D10E-495D-8140-49C4BC34A9BD,,,,,,,ODN0000423040,z,right_only
E7519187-EAF9-4A02-AB9A-7E221671D7C0,,,,,,,ODN0000440506,z,right_only
79274D8F-9018-433B-B739-0206A508BBDD,,,,,,,ODN0000445085,z,right_only
B2ECAC0D-D612-4553-9678-3E44B17CBFB7,,,,,,,ODN0000434281,z,right_only
D015BA39-D867-40A3-8EA9-7F8B9B7625F1,,,,,,,ODN0000433716,z,right_only
530A813A-8034-4522-B24A-0A1F5BA06AE0,,,,,,,ODN0000421374,z,right_only
629FBE03-E6C8-456E-A955-317306159434,,,,,,,ODN0000429424,z,right_only
0CAC5B2F-D6A2-4ACF-8AA7-5791AFE14F62,,,,,,,ODN0000433300,z,right_only
AE1163FC-5629-4751-8F05-99A840C09535,,,,,,,ODN0000433442,z,right_only
437FF902-3D18-4F53-945D-C3AB375EFB18,,,,,,,ODN0000432530,z,right_only
7BB29C24-CADE-4F51-ADDF-35FA8BB9B5E9,,,,,,,ODN0000432518,z,right_only
53EB07CB-BF2F-4D1A-96AE-D03D196D723C,,,,,,,ODN0000434097,z,right_only
7DC3E756-E341-4136-9E20-333085352ED2,,,,,,,ODN0000433625,z,right_only
37A1FEAC-7173-44A8-8691-128B57A08994,,,,,,,ODN0000443383,z,right_only
A30D01F4-FE03-40D2-81E0-D6D18DB8ADEC,,,,,,,ODN0000433748,z,right_only
61F4FA12-4EAC-48F2-A90D-088BBA18115D,,,,,,,ODN0000424050,z,right_only
0F9F4366-E7C4-4B66-8103-6CDD87FFE902,,,,,,,ODN0000434271,z,right_only
0F1B39ED-5C8E-457A-AD9B-B02625C5C1CF,,,,,,,ODN0000421574,z,right_only
2CF0A8CA-1775-41D9-A2E4-3ABA4E834C7B,,,,,,,ODN0000433254,z,right_only
C412C258-6D0C-4110-90AC-D025836C3D18,,,,,,,ODN0000433495,z,right_only
5F88F580-F2D0-4BFC-B5F8-7852B9A6453A,,,,,,,ODN0000434668,z,right_only
B3412F81-50EE-442B-BA04-CF0F19506E3F,,,,,,,ODN0000433295,z,right_only
C6C9267B-D291-4B83-A118-0B97FA05ECE6,,,,,,,ODN0000436304,z,right_only
A6A19B10-AD9C-4BC6-9B64-D1D726894DDF,,,,,,,ODN0000442702,z,right_only
3151BEC0-9935-4488-BBFF-4DF98A0171D0,,,,,,,ODN0000448990,z,right_only
8BF4B699-F0A9-45BA-B0F5-6E5D35C358A3,,,,,,,ODN0000432546,z,right_only
FE61DA76-1526-4F43-B872-54CDA841433B,,,,,,,ODN0000438574,z,right_only
7670769F-D9A7-41B4-8BB4-FFCABEF09DCC,,,,,,,ODN0000422915,z,right_only
BA466BEA-BA72-4801-963B-6ACC1896B92F,,,,,,,ODN0000427045,z,right_only
B3E8C5B5-1A4A-4E12-9F8F-473BDCFFBA4D,,,,,,,ODN0000448852,z,right_only
772A27C7-E780-44C4-9169-3D3B872F7ADE,,,,,,,ODN0000448615,z,right_only
4AF7596F-FAF1-4E12-9407-036DC17A5F97,,,,,,,ODN0000422754,z,right_only
7638E7FA-4F20-4FEF-B2C9-07ACCBF9913F,,,,,,,ODN0000428041,z,right_only
8501983B-54CD-4E8A-8CDC-D100AFD6573E,,,,,,,ODN0000423061,z,right_only
47A4C41F-CDAD-4FA8-A866-67641E751985,,,,,,,ODN0000435206,z,right_only
B413D5F8-C749-4A50-8521-C56686CF48F7,,,,,,,ODN0000436578,z,right_only
11DFA359-3E30-4519-ADF8-8991C172155A,,,,,,,ODN0000429497,z,right_only
BF9150B6-ED75-4A0D-95EE-B09030855DD8,,,,,,,ODN0000421701,z,right_only
288D28F2-D1C1-47FA-90ED-854F407D5D3A,,,,,,,ODN0000439660,z,right_only
51AF4CBF-9281-401B-9A9B-E53BC28368F5,,,,,,,ODN0000426530,z,right_only
F8D7DC40-AD78-4E24-913E-105F8F13D345,,,,,,,ODN0000425356,z,right_only
E8FF0698-370A-4366-AC87-456373ABDE71,,,,,,,ODN0000430807,z,right_only
E6A6D077-AFF0-44B3-A503-06204D9EF38C,,,,,,,ODN0000432932,z,right_only
C0EF968F-40D6-4ED7-831C-E4DA8116D0DD,,,,,,,ODN0000436910,z,right_only
618DC3EE-ACC3-4E78-BA61-469CBA1F3A36,,,,,,,ODN0000433145,z,right_only
55D9191D-53D4-40D8-AF81-63249620E756,,,,,,,ODN0000433060,z,right_only
2749F764-28FC-4E67-A095-C43DC7FADE15,,,,,,,ODN0000424911,z,right_only
875530E2-254A-4D07-9108-7ABCE7CBEB85,,,,,,,ODN0000433090,z,right_only
85190891-2811-4001-B263-75BD4B580F4E,,,,,,,ODN0000434240,z,right_only
8779631A-ED91-471E-BD51-84AB8037D3A5,,,,,,,ODN0000436218,z,right_only
9C7A147F-C835-4A89-9A3C-57EEB2B609BF,,,,,,,ODN0000432690,z,right_only
D7C12499-85A2-495D-8E01-FF3614C8FC5C,,,,,,,ODN0000433524,z,right_only
6C905F6B-0125-4F8E-8302-9D7029C5A413,,,,,,,ODN0000440138,z,right_only
79CA9272-0270-4EB4-A4DC-C6F59AF5B4C7,,,,,,,ODN0000432691,z,right_only
AD327C8A-62DC-4074-AD08-E4CF9C0D8CBE,,,,,,,ODN0000434249,z,right_only
873BD6B8-D559-44B8-AD4A-C88F1BA12365,,,,,,,ODN0000433494,z,right_only
D33AF32E-09BA-471E-BB44-0322B4D468E5,,,,,,,ODN0000448753,z,right_only
57ECBC1B-8BBD-4441-B498-D76546742259,,,,,,,ODN0000440101,z,right_only
8F29DB6E-6EED-446C-B6B3-010EAEDFC1A2,,,,,,,ODN0000438699,z,right_only
A10FB2CE-3131-4B49-9A4A-A9F311DF709D,,,,,,,ODN0000432465,z,right_only
015276F7-DE4D-41F2-A6D5-43E7B834D36B,,,,,,,ODN0000436895,z,right_only
582C67D2-0F4A-42DA-91D4-2DF01F277331,,,,,,,ODN0000432513,z,right_only
8288D06C-DBAF-4B86-8EB6-8A385AF8E81D,,,,,,,ODN0000425996,z,right_only
E17C5A17-2797-4229-BA55-D6A57EBE88BF,,,,,,,ODN0000424322,z,right_only
99D50377-7754-49ED-AA24-D9D6B02439B0,,,,,,,ODN0000433282,z,right_only
4A481734-B937-440E-BB89-A26E3E281FB5,,,,,,,ODN0000432483,z,right_only
8AF53B49-904B-4C8F-B3DD-F3FB0296A155,,,,,,,ODN0000429277,z,right_only
F7241A10-0C50-4EE9-97CC-E3B7F8C88462,,,,,,,ODN0000434924,z,right_only
73504D2D-53EA-413D-8BBB-7575EEBE65FC,,,,,,,ODN0000440133,z,right_only
53BDF44B-3755-48E7-8342-8914370CCB08,,,,,,,ODN0000434298,z,right_only
B15E5976-ECC4-4D12-97FC-2DCF13342197,,,,,,,ODN0000433744,z,right_only
4A6F7274-E730-488B-8272-909B7A936853,,,,,,,ODN0000433286,z,right_only
E9722823-4C0E-4295-9D64-B65D9DC80823,,,,,,,ODN0000448542,z,right_only
1CB3AE48-3298-434B-B7EA-20BBE6E38237,,,,,,,ODN0000432149,z,right_only
8BE62CFB-DA06-43FB-8A09-C85ACB538EE4,,,,,,,ODN0000434296,z,right_only
6381D8F5-9BFB-4163-B42D-C579F251B5C5,,,,,,,ODN0000433252,z,right_only
E01605B1-83FD-43F1-9380-29C08C752550,,,,,,,ODN0000434145,z,right_only
9C781E47-44D1-4EA6-AAD6-6FFF6FBE6292,,,,,,,ODN0000442812,z,right_only
6063F03A-7A48-4C74-A69C-0BCDD539F513,,,,,,,ODN0000448029,z,right_only
877CD53A-D39D-4B51-A1B0-38BDF4C088FA,,,,,,,ODN0000430835,z,right_only
B1B9A30E-002C-4016-8218-C6A2E034862B,,,,,,,ODN0000440087,z,right_only
688D6F56-264B-46B8-8A1E-BB8D5E3A881E,,,,,,,ODN0000432529,z,right_only
D9F8ECD5-26CF-45B8-94A9-F576DA06965E,,,,,,,ODN0000432531,z,right_only
097EE755-5097-489B-8012-FBA8819077EA,,,,,,,ODN0000433634,z,right_only
19BE7500-83A7-4FF1-9C56-9614A70B4064,,,,,,,ODN0000432871,z,right_only
B77F8B88-D6B8-45B3-94AD-8DF53B4D9237,,,,,,,ODN0000433066,z,right_only
4DAE8C79-BF04-42EE-8141-5606264E837F,,,,,,,ODN0000441038,z,right_only
660BA344-F4C8-4249-AEEA-2C9E126163A2,,,,,,,ODN0000443632,z,right_only
C1D166B4-B24E-47AE-84AB-721412F3A805,,,,,,,ODN0000440940,z,right_only
4836FB4A-E862-418E-B6AE-A57BA4AA60BC,,,,,,,ODN0000432657,z,right_only
CBBCDB27-24D5-42EC-9614-747B8936E2A4,,,,,,,ODN0000433306,z,right_only
F4CB5EEB-40F5-4109-B78A-15A832964B12,,,,,,,ODN0000435975,z,right_only
5C4B2D76-9F93-42EA-B50D-CF9847CE885B,,,,,,,ODN0000432874,z,right_only
EEFAC320-9E11-463F-9FB6-CE7DAD182367,,,,,,,ODN0000430439,z,right_only
AD6F6F71-7A6A-4102-9F31-8FF2A3C9E2A5,,,,,,,ODN0000430689,z,right_only
9258B0E1-99B8-43AB-A907-6D486DD3948C,,,,,,,ODN0000429814,z,right_only
CD42FBFE-42F7-4983-8FDF-A3736C71D051,,,,,,,ODN0000440466,z,right_only
757EB423-E423-4C9C-A183-8DAE65E9FE1B,,,,,,,ODN0000432538,z,right_only
3043BA9B-2595-40F0-83B2-83B03C56FEB7,,,,,,,ODN0000442920,z,right_only
AFFB764E-B51A-4CB2-8291-D70AF34C152C,,,,,,,ODN0000433715,z,right_only
DBB1B375-97B9-4632-8743-C08629D5D566,,,,,,,ODN0000421434,z,right_only
5C73D90D-1F17-44AE-8496-8C9FA1B126CD,,,,,,,ODN0000439998,z,right_only
29907BA2-8E76-4F4C-ADEA-1691CEDEC6E7,,,,,,,ODN0000429028,z,right_only
338D4251-3C0B-428E-8A10-4D3904EC3D91,,,,,,,ODN0000436721,z,right_only
4090F767-AB38-480D-94A7-50AB73550460,,,,,,,ODN0000437544,z,right_only
5F6E64B4-896B-4089-B13D-D3E97144DC7C,,,,,,,ODN0000434138,z,right_only
14A59297-7B96-4F76-853E-34061F89E16E,,,,,,,ODN0000427653,z,right_only
ED606BF2-5218-4B4C-AE4C-3A8FF3B40632,,,,,,,ODN0000432550,z,right_only
BE3A4A48-D0BC-48B4-8AFC-6476BB39157B,,,,,,,ODN0000438564,z,right_only
685E73DF-19FC-4DBD-B643-2B76097F70AC,,,,,,,ODN0000440255,z,right_only
A06B66C4-79E2-4AD8-B0EB-458188AD27BE,,,,,,,ODN0000437287,z,right_only
CA04EEC5-EC5A-4059-96CA-63F7C2186D1B,,,,,,,ODN0000432911,z,right_only
A8D34619-260A-4EED-A03C-76BC032A6050,,,,,,,ODN0000432551,z,right_only
A8BE0DE1-655A-4AE2-8D0E-80A3B22BEF7F,,,,,,,ODN0000428326,z,right_only
0E92326D-2991-4E39-9010-1F7CC7551FAD,,,,,,,ODN0000439830,z,right_only
EAC92AE4-75D5-49D0-ACDD-139EEBF96C8E,,,,,,,ODN0000448978,z,right_only
A1759490-52AA-4375-9C39-6CB5C056E946,,,,,,,ODN0000430802,z,right_only
67BD4D0F-E149-4822-A9BA-2C11D172C835,,,,,,,ODN0000429026,z,right_only
6697EB98-0854-446B-AC5E-F7C554D8E35D,,,,,,,ODN0000432797,z,right_only
CC4F46AA-4952-49E9-B595-6457514F5F61,,,,,,,ODN0000433239,z,right_only
A4FA4E88-BD70-49CB-A1F7-DACFE7D63E18,,,,,,,ODN0000425533,z,right_only
F6754006-1015-41F0-9D57-69FB81ACC099,,,,,,,ODN0000432654,z,right_only
7AA72911-17AB-42B0-8F38-941A720A552D,,,,,,,ODN0000433885,z,right_only
B9341436-3AD0-438E-9DD3-B5CD995B2CB4,,,,,,,ODN0000430014,z,right_only
FDEBC66D-6F27-40F0-96B0-2511CC7B1494,,,,,,,ODN0000422374,z,right_only
BD79CBB1-419E-458A-8E33-89CA6F7774E8,,,,,,,ODN0000437039,z,right_only
3FF9E677-7C10-4467-A842-D56F023693B4,,,,,,,ODN0000424436,z,right_only
EFD54F44-5125-474A-9B0F-3066D7064479,,,,,,,ODN0000436258,z,right_only
B33DFFB6-FF5A-43F9-976D-F4C258632D4A,,,,,,,ODN0000432665,z,right_only
A734F344-69E1-4210-9B07-F2ACCCF60A11,,,,,,,ODN0000433736,z,right_only
DA6C989C-A41F-4340-AAF1-A1E92054B194,,,,,,,ODN0000432648,z,right_only
E327430D-F4F2-409C-8BA2-9353952664B4,,,,,,,ODN0000440756,z,right_only
CCCFF4E6-1256-4EBA-A264-6C8458A8C3EB,,,,,,,ODN0000432729,z,right_only
2B8E9C0F-991D-46F8-9EE8-5CF2A768EEBB,,,,,,,ODN0000445913,z,right_only
F29D3340-824F-4CD9-B84D-2ACF56CD5D37,,,,,,,ODN0000428162,z,right_only
679DFBCD-CE8A-4229-AE3E-2FBE9467BACB,,,,,,,ODN0000434831,z,right_only
B7384667-17A1-4B1C-851A-40815D13904D,,,,,,,ODN0000430285,z,right_only
72CFA3A0-A141-4F39-AF06-984FE1F1376B,,,,,,,ODN0000427116,z,right_only
E9C06412-7D36-4B64-BEAD-4CE7CED93EE9,,,,,,,ODN0000437836,z,right_only
47A59EDA-0E61-4DF1-AB97-8B0980AE892F,,,,,,,ODN0000432613,z,right_only
31A184D3-DDF3-4889-BBA7-243A9B19D683,,,,,,,ODN0000446429,z,right_only
26204867-722A-44A5-8F89-C2F6239EEC61,,,,,,,ODN0000425656,z,right_only
E864D169-AF2E-4874-A200-AD022D3DCC24,,,,,,,ODN0000447241,z,right_only
FC9B70CE-5C00-4B19-BC4A-C54F0CD14E09,,,,,,,ODN0000433734,z,right_only
F8685EFF-BAC9-4D8A-AD87-901B2C7D028E,,,,,,,ODN0000433735,z,right_only
0A30B991-3DAD-4B23-A6F6-4DD3DF885AA9,,,,,,,ODN0000434283,z,right_only
1F31C7E1-5F37-43BC-9EEA-63C7D112FE2A,,,,,,,ODN0000433899,z,right_only
8808E5C5-D5A5-4AA6-BE44-6A76A8B237B7,,,,,,,ODN0000432587,z,right_only
DDD271DC-469F-4F85-9B1D-BBFEF7A59755,,,,,,,ODN0000433496,z,right_only
622465A0-8B2E-4991-A069-F896E4832193,,,,,,,ODN0000428907,z,right_only
3BB8F239-C780-43D3-95C3-44CA188EBD47,,,,,,,ODN0000430275,z,right_only
DDC88C36-08E6-44FF-9E99-461B410151F4,,,,,,,ODN0000443985,z,right_only
62C0B149-AC93-429F-BA22-C956D1D113BE,,,,,,,ODN0000434829,z,right_only
069164D9-6D6A-4C9F-AAE4-74A55799926D,,,,,,,ODN0000433362,z,right_only
F40E4D6A-DAA3-4544-9AFF-C5AFE2771865,,,,,,,ODN0000429970,z,right_only
14A6080B-9E91-487C-8915-EA4F830D147D,,,,,,,ODN0000433812,z,right_only
DCFC1BF9-71FE-4772-A3F9-200FD1491177,,,,,,,ODN0000433717,z,right_only
5D192386-DB91-40E2-86A1-22FEF2834F16,,,,,,,ODN0000424051,z,right_only
F791E107-76B9-4BF0-B052-85F5AEAF3140,,,,,,,ODN0000434272,z,right_only
79A2B60C-CB70-40A5-99C2-664BA653DD86,,,,,,,ODN0000435054,z,right_only
24E8F732-F1E7-4BB2-A05C-565AE614C581,,,,,,,ODN0000434903,z,right_only
E61922F1-6CFC-479D-843C-5BD07F16BEE4,,,,,,,ODN0000426945,z,right_only
B8538342-D141-4556-B026-745CF75268A9,,,,,,,ODN0000434130,z,right_only
E00C62DF-9192-45B5-80D7-E4997DDAC8DB,,,,,,,ODN0000435945,z,right_only
63495C3B-BF1D-4019-BE25-3BB25274397E,,,,,,,ODN0000434002,z,right_only
CFBB4637-0674-4237-83A6-F2A8E8E3C252,,,,,,,ODN0000429123,z,right_only
6D68815B-FD4A-42BC-91C8-11A41E08DBF8,,,,,,,ODN0000433402,z,right_only
034112A3-E7FC-4050-B9AC-9A699992E0EB,,,,,,,ODN0000425700,z,right_only
5E7E301A-37BD-4984-8C6F-624DC675A189,,,,,,,ODN0000421630,z,right_only
B6FC7683-38E5-43A2-9B76-A4F7E3F38BBD,,,,,,,ODN0000435967,z,right_only
37CBA1CD-89E3-4BCE-A3FA-9F8CE86DE212,,,,,,,ODN0000445437,z,right_only
F072FCEB-E9CC-47E3-AE68-5E00551C8725,,,,,,,ODN0000429990,z,right_only
793A7250-2ED0-4395-98A0-69579FFFAB33,,,,,,,ODN0000432929,z,right_only
1E4BC080-FB3A-4FE3-B9C9-7B4D7F7BACB0,,,,,,,ODN0000441068,z,right_only
06C7E7A0-8D98-4B1F-A83D-86C9CF3F9E54,,,,,,,ODN0000432607,z,right_only
443AB4DE-F22F-4605-B48D-22B14B8887A1,,,,,,,ODN0000448817,z,right_only
19F8ED5D-6322-4CCE-A565-E5C5E5B03E4C,,,,,,,ODN0000433244,z,right_only
21DA70C1-A48A-486B-B9C4-754B1183B79D,,,,,,,ODN0000437897,z,right_only
E6A82B0A-6D80-425B-B6C2-E1FB64602A3B,,,,,,,ODN0000432921,z,right_only
AD0056D2-5EFC-4B2D-A9CC-F4D747F0DC38,,,,,,,ODN0000434800,z,right_only
32713E24-335A-4AAC-BCC0-45E607B4B9D2,,,,,,,ODN0000428441,z,right_only
D6968FB1-2F31-451A-9470-26512C4FF63B,,,,,,,ODN0000434652,z,right_only
34FD8C99-BB07-46CD-92A8-ABAD33533E18,,,,,,,ODN0000435568,z,right_only
A1859BBD-68F7-4249-99E0-17C8FBD1A7E8,,,,,,,ODN0000434562,z,right_only
7453BABA-0245-4B1C-9675-A7310237DA1F,,,,,,,ODN0000434494,z,right_only
EC5A8D37-E6E0-4420-B524-5DDE9D922587,,,,,,,ODN0000433585,z,right_only
EDED7AB4-746E-4423-A24B-7987926E4C15,,,,,,,ODN0000440287,z,right_only
BAD26473-F9C4-4EC6-A501-A4778528AF9A,,,,,,,ODN0000432816,z,right_only
11985FC2-CCE4-4543-BD13-7AFE97777A9C,,,,,,,ODN0000434797,z,right_only
CA09B64B-D365-4C97-B403-DD947DD4D97F,,,,,,,ODN0000447528,z,right_only
3922558C-E6B1-41C6-8B4B-A7455F70DD87,,,,,,,ODN0000438360,z,right_only
5C9B8268-0024-47BC-9979-DC61010515B3,,,,,,,ODN0000447876,z,right_only
237E12D5-D621-4325-A9AA-4A4CCED7D8D2,,,,,,,ODN0000426936,z,right_only
2C8D7E7C-C15F-4C1C-99B0-DEC1983B9672,,,,,,,ODN0000432549,z,right_only
26846762-D303-4EF0-9212-1232D8754C84,,,,,,,ODN0000432454,z,right_only
C4022D96-5BD7-45D1-B80D-D4AA71532DF2,,,,,,,ODN0000432833,z,right_only
86AC9BC0-3393-463C-80BE-56ED2DFAE701,,,,,,,ODN0000429657,z,right_only
24635707-7E63-417A-8E88-AFD2134F945A,,,,,,,ODN0000433833,z,right_only
C8EA4803-0D0B-4210-AC70-026C1F7E9A1F,,,,,,,ODN0000427347,z,right_only
4213A983-0CC7-498B-8209-CF20582EB23D,,,,,,,ODN0000423221,z,right_only
A74A9704-1B26-4DAB-B331-4055E9C00626,,,,,,,ODN0000441408,z,right_only
8ACA52C7-D733-4FCC-A24C-2A4385E5AE80,,,,,,,ODN0000434405,z,right_only
E9542D1A-4758-4A4E-95B1-7B102469A8E3,,,,,,,ODN0000434727,z,right_only
79A4B1AA-1EE7-4DB4-A1D8-49D143CE57FF,,,,,,,ODN0000425712,z,right_only
B84D46AB-E507-4BEE-B492-28BC2D588251,,,,,,,ODN0000441666,z,right_only
FD99F6F7-50B2-436F-98C6-322307ABEED1,,,,,,,ODN0000432768,z,right_only
EEA30DD8-32DE-466E-9655-C8C3567F9CEB,,,,,,,ODN0000432987,z,right_only
64795FC9-0B26-4C50-A79B-55E493EC1639,,,,,,,ODN0000445224,z,right_only
51C1F4A8-3231-45A2-917E-52E21354661F,,,,,,,ODN0000427900,z,right_only
1A13DCC9-A3CD-4630-A250-CE1B02FE83D3,,,,,,,ODN0000435550,z,right_only
1E65523C-DB2E-4CBC-91C7-D595634D0EE8,,,,,,,ODN0000435167,z,right_only
7CF16D77-5615-40BB-899E-1A6E8901DB4A,,,,,,,ODN0000433662,z,right_only
B714E799-A1BA-4613-8FAB-93DE48907751,,,,,,,ODN0000429460,z,right_only
20ED8393-036D-48C0-B9A7-F777AA9C7C4F,,,,,,,ODN0000442428,z,right_only
EB092927-5B25-486D-8EA5-257713AA374C,,,,,,,ODN0000437435,z,right_only
B4578504-2D67-4805-AF46-0B1DC95AA9BE,,,,,,,ODN0000434738,z,right_only
208D71DD-C3BA-4EB8-A7CD-0197BBABD8EA,,,,,,,ODN0000428175,z,right_only
8C6C2610-DC31-42BC-BAAA-AF752BFE4B57,,,,,,,ODN0000432971,z,right_only
09C3C73A-5912-498A-B3A8-ACF39F64FB64,,,,,,,ODN0000432992,z,right_only
B19906FD-C479-4FC5-847E-5327962F8094,,,,,,,ODN0000445088,z,right_only
EED48BFB-4757-4939-A2BB-18B44AA4AEC3,,,,,,,ODN0000430744,z,right_only
F917CA8E-4F89-425C-A2D1-F75F142F3FEE,,,,,,,ODN0000430593,z,right_only
14A51D43-8594-4B62-930B-E26005A2BE8C,,,,,,,ODN0000442181,z,right_only
6D608F8A-FBC2-45D9-A5B3-31D52E822813,,,,,,,ODN0000423237,z,right_only
AFA6500D-8F75-4657-98DD-A131B672D4CF,,,,,,,ODN0000430394,z,right_only
FA6B0A0E-11E0-426A-9AEE-ECBBE92528A5,,,,,,,ODN0000433352,z,right_only
F6627388-48C2-4EE4-BD55-F2CB18FBF7AC,,,,,,,ODN0000427190,z,right_only
9D271CF1-F21D-43F5-8B29-FEBF315A583F,,,,,,,ODN0000432706,z,right_only
DEC68124-CE30-4C08-B818-6E038D107FD4,,,,,,,ODN0000446827,z,right_only
18EFD849-59B8-49FE-A6EB-FD6702AB2368,,,,,,,ODN0000446294,z,right_only
54159EEB-5332-472B-9F93-891089012F00,,,,,,,ODN0000425150,z,right_only
7763D92F-0182-41E9-8CEB-E129B4C9FEA7,,,,,,,ODN0000444586,z,right_only
0348459A-9D8A-4065-A381-E89123460CF1,,,,,,,ODN0000448946,z,right_only
4B917CEE-AF28-4BE7-8F15-8005DAC84008,,,,,,,ODN0000434606,z,right_only
6CE55E42-A710-4E22-9D75-E869E1B71226,,,,,,,ODN0000437710,z,right_only
2B160FF4-08A7-4134-8CD3-7BEC49520B66,,,,,,,ODN0000449029,z,right_only
7428BA21-4A28-4E65-9204-E588D27424A3,,,,,,,ODN0000425694,z,right_only
22A9DDAD-7EBD-445F-B247-CA05A58778A0,,,,,,,ODN0000449139,z,right_only
878B16EB-D41B-4182-9250-C7D372E2DC3A,,,,,,,ODN0000443366,z,right_only
575A60D7-7439-4311-9373-4C0B6F2D3988,,,,,,,ODN0000427440,z,right_only
613D8D8D-8E9F-4EE6-93D6-AB3D45464979,,,,,,,ODN0000440091,z,right_only
5455FD5D-E3F6-4761-9D85-F687076A9CC6,,,,,,,ODN0000440063,z,right_only
733D4254-4CCA-4ECB-B342-9B194DA7ECB3,,,,,,,ODN0000435290,z,right_only
E9107C2E-14D9-4554-954B-46A6D8DCA048,,,,,,,ODN0000444221,z,right_only
1BC9368A-D6E1-4B3D-8740-D57295CFAD45,,,,,,,ODN0000433005,z,right_only
EC0D91DE-368E-4B04-A5DB-133CEDCEE415,,,,,,,ODN0000427300,z,right_only
462BA395-3DFE-41BB-B5D2-BE3E0E4EF188,,,,,,,ODN0000433533,z,right_only
FEB13C45-5BFB-49EF-B651-DB3E2444DE5B,,,,,,,ODN0000439275,z,right_only
0304E2BB-2289-4102-8411-183FBF18C4F6,,,,,,,ODN0000432767,z,right_only
7AF7C580-3A09-497D-96DB-1DCE509BED65,,,,,,,ODN0000440116,z,right_only
38D53828-1160-4872-AC6D-FFAE1E9D89BA,,,,,,,ODN0000440088,z,right_only
117A4C42-8607-44AF-B345-20DEFC3C9A62,,,,,,,ODN0000433998,z,right_only
C9413EBF-53F2-4C51-9E27-3AA5755233E3,,,,,,,ODN0000427743,z,right_only
25BCA271-3B88-4434-A5C4-F859B0294786,,,,,,,ODN0000440543,z,right_only
829099E5-A6B1-4459-B569-D71C1D14CFAB,,,,,,,ODN0000432817,z,right_only
B9D3B05A-8D4D-47BF-BD95-5664282B2A38,,,,,,,ODN0000437087,z,right_only
78B071A9-12A9-47DC-85B8-7A2E87686C10,,,,,,,ODN0000444191,z,right_only
CF0D4192-8952-4D2C-8116-0EC7D4878677,,,,,,,ODN0000436404,z,right_only
F8285655-CF88-456E-92EC-07E9F485B865,,,,,,,ODN0000446269,z,right_only
FFD1C717-7615-497A-AA85-4E9A34306E7C,,,,,,,ODN0000424078,z,right_only
06150329-8E01-4713-B6B3-6734A9F60EA4,,,,,,,ODN0000429776,z,right_only
82B13B24-AED2-4854-A5D8-37A62F2C1997,,,,,,,ODN0000435578,z,right_only
E87547FE-0084-4BC8-A219-231ADD1AF975,,,,,,,ODN0000446511,z,right_only
30C28EB0-C1AC-4E78-BF89-769BC376F9B1,,,,,,,ODN0000432609,z,right_only
BB69D656-DD2A-42B8-ACF7-600916757CAB,,,,,,,ODN0000433329,z,right_only
AEBF7F3E-8CCB-409E-B1A3-CE1F0359868F,,,,,,,ODN0000437849,z,right_only
AD318CEC-6978-4DC4-ADAA-22978B0F577A,,,,,,,ODN0000437854,z,right_only
BAAF0037-3136-4B53-A045-B7CB74BAB433,,,,,,,ODN0000421541,z,right_only
EFB863B6-9BD6-4752-B40C-9DB51A3BEC35,,,,,,,ODN0000446844,z,right_only
A21538F6-A72E-46E9-A065-09EB385310C7,,,,,,,ODN0000433919,z,right_only
437730C7-2C64-45E3-A829-A0C7A031F342,,,,,,,ODN0000425828,z,right_only
7AB80CC9-C277-4179-BB18-0007501CD59B,,,,,,,ODN0000433122,z,right_only
DB462E28-5DCD-44F1-AE57-AD38FA5E6AC8,,,,,,,ODN0000443946,z,right_only
F0B1C7FF-734F-4095-9BF8-FAA04E01B0C4,,,,,,,ODN0000433433,z,right_only
128232EF-B8E6-4A57-9893-1460A945D988,,,,,,,ODN0000432484,z,right_only
A26070C3-2605-4D90-9268-46F909AD8F7A,,,,,,,ODN0000432990,z,right_only
AEB41B58-75FB-4E35-81D2-2F00C4A8AB81,,,,,,,ODN0000432509,z,right_only
006C8073-357C-4166-8EE2-D86A667937FB,,,,,,,ODN0000421431,z,right_only
A54532CD-C0C8-44A1-A7B2-8B746AC154B8,,,,,,,ODN0000430698,z,right_only
C65BF1D1-9535-458E-82AE-5BA4696136E8,,,,,,,ODN0000434837,z,right_only
A0AA38F3-DFD7-480A-9B69-E3311BB3C9DC,,,,,,,ODN0000430256,z,right_only
D0A54B08-30FA-419F-A1BF-75289D2F0908,,,,,,,ODN0000428087,z,right_only
96FDEB10-A544-49A8-B833-81C8D96749F6,,,,,,,ODN0000426401,z,right_only
FE0BC917-22A0-4B6F-ADF9-E6956B6E3FA3,,,,,,,ODN0000436812,z,right_only
A597CD9B-53A8-41AB-9375-2420F9E537D7,,,,,,,ODN0000432702,z,right_only
F963B2A0-9970-42B5-9641-4367B6DFC16A,,,,,,,ODN0000435902,z,right_only
A9FFEC15-4898-435E-997F-A5C5A48E735E,,,,,,,ODN0000439973,z,right_only
585FF53D-C0E5-4EB4-8227-C1B0FE9ABF30,,,,,,,ODN0000432761,z,right_only
D95FE3DF-2724-4774-9511-DAC45CE65D52,,,,,,,ODN0000432592,z,right_only
68091F41-F831-49BE-93BB-500386902082,,,,,,,ODN0000435199,z,right_only
812599A2-8967-4615-8321-1B4C4F62F952,,,,,,,ODN0000440196,z,right_only
6C58EDB8-AAF6-4037-966C-8DE1CF2E1034,,,,,,,ODN0000435072,z,right_only
9A927FA3-D652-4DCA-BA15-43E046AC8CF5,,,,,,,ODN0000434979,z,right_only
98A82E36-8EF1-408D-9DBB-0DC638762169,,,,,,,ODN0000434350,z,right_only
F4BB37D9-6750-4982-8A19-CDF98914723E,,,,,,,ODN0000428943,z,right_only
EA3BE4D1-E9D1-4A57-A9A5-601034F8A027,,,,,,,ODN0000441728,z,right_only
D38D8427-BFCF-4E28-8BDC-E92515B41C42,,,,,,,ODN0000432511,z,right_only
2D542249-B003-42AB-AFE4-177FB99C990B,,,,,,,ODN0000432742,z,right_only
DB430532-3813-4877-9A08-BA25F0712252,,,,,,,ODN0000439966,z,right_only
DF7961B0-454F-48AF-B852-EBCE1E099DF7,,,,,,,ODN0000436739,z,right_only
1438A6E3-AEC8-4E4F-9661-FFAB5557342F,,,,,,,ODN0000439967,z,right_only
42C012CB-DE9D-4881-A555-8E418000D465,,,,,,,ODN0000438364,z,right_only
A747E358-E9E1-4D09-9C24-6F28D253F936,,,,,,,ODN0000443773,z,right_only
6BE50D31-E1B5-4343-92AF-4911C6D568C2,,,,,,,ODN0000433501,z,right_only
B07AEFFE-8A8C-49A0-9016-FACB829DEEA5,,,,,,,ODN0000434553,z,right_only
10EB4DA5-9993-4FC8-B059-4FC3AC789708,,,,,,,ODN0000433117,z,right_only
D226AE95-B175-4143-B755-54F493715057,,,,,,,ODN0000444792,z,right_only
31CDCA8D-E73A-4EC0-95F4-093B84670895,,,,,,,ODN0000432713,z,right_only
1DA4D5B8-E19A-4F71-B69B-4836AEBB31A5,,,,,,,ODN0000438388,z,right_only
61C8686A-F284-45EA-BE35-77FB325DCA52,,,,,,,ODN0000429929,z,right_only
F5CA630F-49C5-446C-B1B2-4B71622900F9,,,,,,,ODN0000433234,z,right_only
25753FAD-4C89-4624-BA97-821BD82E2E45,,,,,,,ODN0000433241,z,right_only
24D3858B-1EB1-467C-A4E0-4253AC0053CD,,,,,,,ODN0000438193,z,right_only
A70D6921-FE4E-4961-A420-CA1B152644A6,,,,,,,ODN0000441181,z,right_only
6DF5A390-331E-4330-88C7-D6321D673B5D,,,,,,,ODN0000427817,z,right_only
8C234149-33CC-40F6-BC87-0E99EFE758FE,,,,,,,ODN0000440095,z,right_only
4AF70DE9-7D1C-4353-81C6-384C9E1F5DDD,,,,,,,ODN0000432837,z,right_only
4ABB1580-C047-4565-AB15-66AE6A88A23F,,,,,,,ODN0000444192,z,right_only
465FFAE3-364B-4993-9452-A61D4644CA28,,,,,,,ODN0000433307,z,right_only
70BF1079-D33C-4ED1-9553-4BBBB7348BF5,,,,,,,ODN0000436668,z,right_only
42620622-5E22-4E48-BAAD-721A48A6B1AD,,,,,,,ODN0000430831,z,right_only
50F58BAA-3AC1-446F-9529-94700FE8987B,,,,,,,ODN0000435404,z,right_only
D17AA680-A068-44C5-A165-F29B3CC916A8,,,,,,,ODN0000435390,z,right_only
22A4549A-90D2-4E9A-B3FF-25258C1F21A8,,,,,,,ODN0000435443,z,right_only
B9210F73-88D1-4E9B-B64E-CF292CD09E1C,,,,,,,ODN0000431090,z,right_only
BAB380AA-E551-46D8-94A4-6E8B35688357,,,,,,,ODN0000435825,z,right_only
9B42C098-1E23-4A50-AF0B-046416E8F868,,,,,,,ODN0000425507,z,right_only
8D97B04F-5585-464F-8139-D548746765B8,,,,,,,ODN0000434141,z,right_only
62C6C9C7-BA23-4E6D-9AFB-37DECF148683,,,,,,,ODN0000434366,z,right_only
06295BA9-DC21-49FA-B310-52C7A7883B99,,,,,,,ODN0000434367,z,right_only
E01E2CD4-6BBA-4425-B004-14CF7E0FCA07,,,,,,,ODN0000434368,z,right_only
260CC663-7C4E-4EF4-AAA2-27E6B23E040B,,,,,,,ODN0000434369,z,right_only
2DF53F53-F5CB-44FD-994C-FF568D6301E7,,,,,,,ODN0000434370,z,right_only
59CDF039-2722-46BC-9DAC-D9601FA851A8,,,,,,,ODN0000434371,z,right_only
DD738935-1C20-402F-83AD-89B59A250BD9,,,,,,,ODN0000434372,z,right_only
FD7C7443-72BF-4D50-A382-79925F412FFB,,,,,,,ODN0000434373,z,right_only
FE60AFAC-B563-4E24-8A79-ECBEB0883136,,,,,,,ODN0000434435,z,right_only
1F125B1A-9A69-44D6-A2A6-3B5B5E8531E6,,,,,,,ODN0000434436,z,right_only
8CA01451-9242-4E85-BA52-BB9C60682EDA,,,,,,,ODN0000434437,z,right_only
811FF5D2-23E3-4435-9F5F-79B34726147B,,,,,,,ODN0000438066,z,right_only
DA519A6F-F6F6-4128-8951-F407E64F7B54,,,,,,,ODN0000433806,z,right_only
F53F3D97-567F-4D4C-B41F-5FCC74498B65,,,,,,,ODN0000432675,z,right_only
1FF3BBB7-FB70-4332-81F6-BB68421DED97,,,,,,,ODN0000428348,z,right_only
6194A1F4-BF36-4914-92D2-064FBB7E0178,,,,,,,ODN0000432217,z,right_only
344E34AE-A792-40E8-9633-0B9AAFD55F1D,,,,,,,ODN0000432795,z,right_only
138C676D-5555-49C0-8A47-A55C55DE0DB9,,,,,,,ODN0000429813,z,right_only
D16F14F3-4411-4E32-B4C2-0CA91104CC13,,,,,,,ODN0000430358,z,right_only
D86D6B10-3367-40E3-B2D6-75D54C328061,,,,,,,ODN0000421279,z,right_only
2B613DC0-324F-4E3B-8B9F-7E732C90E41E,,,,,,,ODN0000429124,z,right_only
6AD84F4D-13E2-4D28-9839-563477A01F07,,,,,,,ODN0000433747,z,right_only
43CFD597-E2AA-4132-B79E-312B08D80ABC,,,,,,,ODN0000434284,z,right_only
0167804B-F0B8-4E4E-B6E6-59B7BE341CB0,,,,,,,ODN0000425255,z,right_only
BA329B41-90BF-46FD-A244-86F9CF58E827,,,,,,,ODN0000432626,z,right_only
29457205-AA62-4515-9DAA-9A71BF94A4E8,,,,,,,ODN0000438269,z,right_only
7867107E-0A57-412E-9B3E-5193562A1684,,,,,,,ODN0000425641,z,right_only
606B20E6-8FEE-4167-80B5-E6682A0B706D,,,,,,,ODN0000427027,z,right_only
FB132929-AFF1-4398-B522-811AC9E6C3FE,,,,,,,ODN0000442662,z,right_only
59FEB541-1863-45E1-8D9A-78351E57F5C0,,,,,,,ODN0000426625,z,right_only
A16EF3C7-3D24-4FF1-87EE-9D38CD3E0AC2,,,,,,,ODN0000438554,z,right_only
8C4E02DC-D39B-40A4-B422-39B8AC500842,,,,,,,ODN0000434781,z,right_only
A9E60732-1702-402A-AB0D-1C2AF1D8C6B5,,,,,,,ODN0000426486,z,right_only
1C985EB4-15AF-4880-AB16-95393171A309,,,,,,,ODN0000446622,z,right_only
769DBF10-A1EF-4EFD-8B35-C5C629A42149,,,,,,,ODN0000429511,z,right_only
59728535-1DD7-4AF4-B65A-B66024DA1E98,,,,,,,ODN0000433360,z,right_only
5C3892C1-852F-4123-A510-E469BB714859,,,,,,,ODN0000435942,z,right_only
2C16BEBB-3CD6-4C76-9E68-19DFF7AE10C1,,,,,,,ODN0000440124,z,right_only
CC27F106-B15D-4F18-9BC3-3292FBB65A1B,,,,,,,ODN0000439335,z,right_only
77BD4439-5426-4A8D-BAB7-BC2A00D0A609,,,,,,,ODN0000443987,z,right_only
76EABC6B-FEC4-427B-95A8-5E572945D070,,,,,,,ODN0000445907,z,right_only
CAA9519D-26DA-4182-888B-BDA8132871DF,,,,,,,ODN0000433960,z,right_only
18D2E727-A289-4A7B-9D7D-8A7D3E2DB3A6,,,,,,,ODN0000439722,z,right_only
C79893AA-8A65-4CFE-B83E-02BC8A9DD9DE,,,,,,,ODN0000432955,z,right_only
981B6B54-CD9C-4944-8653-AEC22E8B727C,,,,,,,ODN0000433186,z,right_only
F375A841-821C-426E-8588-8F1DE92D2C74,,,,,,,ODN0000438086,z,right_only
F52DA550-981A-4E15-965A-535607113D36,,,,,,,ODN0000440548,z,right_only
C2D3B8F0-582F-437F-9ED1-FD000D036A59,,,,,,,ODN0000435909,z,right_only
CF4A53F4-8F3C-4817-8E0A-5F03BBE70068,,,,,,,ODN0000442431,z,right_only
9DCF5ED0-A6FF-4C90-B85C-559D7815D81E,,,,,,,ODN0000432386,z,right_only
ADC05E4E-786E-4438-A6BB-00AB4B310E98,,,,,,,ODN0000432499,z,right_only
F3F38910-5895-424E-BF33-4E17A55C767F,,,,,,,ODN0000425658,z,right_only
81119695-9CF6-485B-BBF6-A70414820D78,,,,,,,ODN0000425716,z,right_only
C8E5742F-ECFB-4D16-9861-213FF13F1230,,,,,,,ODN0000441986,z,right_only
5DB00910-079B-488C-86BE-CE2A53A1F376,,,,,,,ODN0000421681,z,right_only
69737CAF-E1A8-4DAE-879D-7D5E6D865261,,,,,,,ODN0000423220,z,right_only
EB14262F-DCE6-4171-A6F0-3AEDE0EC73A6,,,,,,,ODN0000432859,z,right_only
E840BC00-493C-40FA-BA18-7C5A4759693C,,,,,,,ODN0000427823,z,right_only
59EFCE4B-8E77-4A48-86FA-6F93FD930F50,,,,,,,ODN0000423786,z,right_only
BCF616C4-3C02-462B-8461-FAF9DF0989EA,,,,,,,ODN0000430335,z,right_only
3FB20159-ABE4-4E6E-A1FE-3A071FFE0ADF,,,,,,,ODN0000429024,z,right_only
5CF150EC-409C-4AEB-B319-7DD17B841766,,,,,,,ODN0000443058,z,right_only
259077F6-8A47-4E9E-A1E5-5E5D19C65691,,,,,,,ODN0000440873,z,right_only
E5EC01D7-8780-45D0-BF7F-A30B4D2149C5,,,,,,,ODN0000434214,z,right_only
C02839F1-B064-45AE-828B-DCB9EBFEE073,,,,,,,ODN0000434215,z,right_only
35F05A07-BA1D-4636-927B-F443ACD7001F,,,,,,,ODN0000434216,z,right_only
61B55A3A-0443-4E5B-9C44-02494518A5F7,,,,,,,ODN0000434217,z,right_only
A7D88CBC-1C8D-4A72-B1CB-4CB8C9B9A3D4,,,,,,,ODN0000434218,z,right_only
3D9B974E-904A-4771-81A9-66A0BAFCFE19,,,,,,,ODN0000426364,z,right_only
CC248D93-85AB-421B-9C42-99724DE98443,,,,,,,ODN0000422503,z,right_only
2BF64166-F087-4A87-931D-5820C9162FA6,,,,,,,ODN0000422791,z,right_only
0B44AF86-882F-444A-8446-CB694D489774,,,,,,,ODN0000447459,z,right_only
F8FD1211-1F9F-4618-9848-D2F6C3FA6891,,,,,,,ODN0000447460,z,right_only
C44B4804-7463-4700-8FCF-276BDE7BBD37,,,,,,,ODN0000447461,z,right_only
36D92F02-90E4-49AE-886B-7AEA67555154,,,,,,,ODN0000423184,z,right_only
932BDF4A-735D-4DAF-9728-83A4CB91BCF5,,,,,,,ODN0000429211,z,right_only
8F7C55C7-A77F-42FB-8874-909A82C959B9,,,,,,,ODN0000429237,z,right_only
9C531F74-DB5E-45F3-93C5-B10F66D20922,,,,,,,ODN0000434365,z,right_only
884F3023-13CC-4EE3-AAC1-45A813CF9A6D,,,,,,,ODN0000425123,z,right_only
8DD889C2-6D8D-4FD7-B465-01623CD8DFFD,,,,,,,ODN0000445281,z,right_only
68CD1547-7415-4BDD-B258-44FEE50BD4F5,,,,,,,ODN0000424049,z,right_only
7EAA7C5E-D92D-4729-BAFD-8D6D9CB3B167,,,,,,,ODN0000429440,z,right_only
8C87D80F-B831-4488-8D12-C44298BFD90E,,,,,,,ODN0000433366,z,right_only
349E507A-EE6E-47E8-BB82-886AE0F56882,,,,,,,ODN0000432760,z,right_only
D2BCE378-DC54-4978-A32D-1BE2283A3F6B,,,,,,,ODN0000426350,z,right_only
B6D0E765-3959-4B56-8853-A3FD49A9BC71,,,,,,,ODN0000426928,z,right_only
EC7A5F7B-9E81-417C-9157-D78CB88CE6B2,,,,,,,ODN0000433677,z,right_only
F7B723C8-17BD-477D-B5FB-708F66A3DD5F,,,,,,,ODN0000442842,z,right_only
D4F938D6-0862-4F73-91C0-A04465C7CBBB,,,,,,,ODN0000427809,z,right_only
0273184D-38D6-435D-9C84-3AD264B0D8BB,,,,,,,ODN0000435520,z,right_only
1EB45F1B-560C-4AE1-9C1F-D8DB95C3D8D6,,,,,,,ODN0000433779,z,right_only
97ED7242-9BB3-456A-AA93-C520F29D7889,,,,,,,ODN0000426205,z,right_only
E2CB44CB-7A72-4CE7-965D-D01A9CB113C2,,,,,,,ODN0000425039,z,right_only
61D0B7E4-B82E-4548-A8BB-7E66237C1DA1,,,,,,,ODN0000424335,z,right_only
B4E1EF5F-86DB-4E54-A47C-09029E08C4C9,,,,,,,ODN0000422911,z,right_only
D7E39A22-E098-4FA3-BD0C-AC6272085BB8,,,,,,,ODN0000428809,z,right_only
EAA6F375-5C08-44B6-A9B6-DE816E91D9D0,,,,,,,ODN0000433004,z,right_only
21C7206A-B652-4790-8022-7545B2A43795,,,,,,,ODN0000425953,z,right_only
3BECFCEA-7726-4B6E-BB46-A594325CD4B8,,,,,,,ODN0000434538,z,right_only
0172308D-2F82-4026-B41C-8F35D55B4F07,,,,,,,ODN0000438340,z,right_only
ACCB370F-7DE0-41DD-9C5A-8BB21F6EA823,,,,,,,ODN0000434241,z,right_only
18E71382-3D05-48F4-9770-28D17F4BFE83,,,,,,,ODN0000432695,z,right_only
92B6A892-FAA6-4159-B8A8-3FD1B9CCFB80,,,,,,,ODN0000421378,z,right_only
136E1D7F-78EE-4C3A-8262-5246EA925100,,,,,,,ODN0000433988,z,right_only
22C466E8-1111-4047-86D7-F53C4A8540CE,,,,,,,ODN0000432901,z,right_only
C5B9856B-54E0-4059-9FC0-3398160B359C,,,,,,,ODN0000420988,z,right_only
22C07DA8-68D0-4B96-9C6C-0856A56492DD,,,,,,,ODN0000435446,z,right_only
0C0902A3-BC57-477C-AE0E-010D4BE5067A,,,,,,,ODN0000448922,z,right_only
0EDDC583-CB86-4206-B511-88D2DA026D0F,,,,,,,ODN0000430249,z,right_only
EF969AC3-ADD1-43AE-AFEA-D3DA8001FBE0,,,,,,,ODN0000425093,z,right_only
E2932FB5-12D4-4DEB-9786-522164802C4E,,,,,,,ODN0000424926,z,right_only
50970009-A41F-40DA-885F-543646B5E4EA,,,,,,,ODN0000433954,z,right_only
BBDD6F4A-C876-46B7-9CFD-21D3C32EF35A,,,,,,,ODN0000425326,z,right_only
EEB3FE1C-6EE0-4AE7-AE5D-8F07EFEF3445,,,,,,,ODN0000428363,z,right_only
FF502119-AB05-482A-9952-B57286EB615B,,,,,,,ODN0000426026,z,right_only
22FE0E64-E2F1-44F1-AECA-36352A37C989,,,,,,,ODN0000442847,z,right_only
8B9263FC-A7D7-4EE7-90A3-4B81C995252D,,,,,,,ODN0000425063,z,right_only
3131172E-79DE-4EA4-B1E5-E89ED63462B6,,,,,,,ODN0000426396,z,right_only
777A0168-E9A0-480F-8D71-81A1221BDF22,,,,,,,ODN0000425020,z,right_only
76D13966-3E99-4DD9-8174-7323F439E4D8,,,,,,,ODN0000426357,z,right_only
7B169D5C-E029-4FFB-9E8A-CE0149F9CDB9,,,,,,,ODN0000426083,z,right_only
235EA98C-ED88-4230-90D6-7A30714C2D34,,,,,,,ODN0000424793,z,right_only
DDFBF731-A981-4B65-B607-A0EBA09BB2C3,,,,,,,ODN0000424850,z,right_only
13CE1231-802A-40BE-9A20-DC4DB09E02EA,,,,,,,ODN0000424985,z,right_only
DC15B8EC-8972-4869-9BDB-6C6640CCF5BF,,,,,,,ODN0000425091,z,right_only
C76ECBD4-539B-49A8-BFA9-B59ED8E88D7B,,,,,,,ODN0000428143,z,right_only
CAF905AF-F659-41B5-84D8-4346F41A154D,,,,,,,ODN0000429178,z,right_only
0D4EAB2D-0457-433F-858D-5CECEB41DF02,,,,,,,ODN0000428144,z,right_only
2D54D9C2-EFC1-4524-BE8F-D101EC8FCACB,,,,,,,ODN0000426107,z,right_only
46261AB3-092C-4103-B792-A8E6C7E3A241,,,,,,,ODN0000425016,z,right_only
BA0B9864-4674-44AA-BCC3-8C71E20A4C2C,,,,,,,ODN0000425128,z,right_only
96EC867D-0738-4CF6-BED0-2853B5D9F6D7,,,,,,,ODN0000424825,z,right_only
2E2E826D-E940-4F38-A16C-30863003EDEA,,,,,,,ODN0000424954,z,right_only
3BB6382D-4418-4ED0-B844-5893913C5F0C,,,,,,,ODN0000438494,z,right_only
1DCC762A-C625-4F38-A84A-599FE0EF2DB5,,,,,,,ODN0000438679,z,right_only
BCD56D88-6808-42A7-8F7B-852B82BF3368,,,,,,,ODN0000426233,z,right_only
72DC4EA0-74C2-4797-AF68-6B5B8E4A6637,,,,,,,ODN0000427878,z,right_only
25205CC7-99E0-4FDF-95E9-DECBF2CDBB36,,,,,,,ODN0000426342,z,right_only
C31B710A-0651-477A-BD89-2EA9F9C9D5B5,,,,,,,ODN0000424971,z,right_only
3B562118-C8A6-4C40-8A62-51D05633D3F2,,,,,,,ODN0000425076,z,right_only
70971147-CF5D-4BCF-B7CE-0EA1FD3E2EE4,,,,,,,ODN0000426109,z,right_only
5BD60675-C788-4F5E-94CD-8C2F7E5000ED,,,,,,,ODN0000426260,z,right_only
3BE2121E-2E16-4E85-B672-ACAD980D58D8,,,,,,,ODN0000424942,z,right_only
691BACC2-1D71-4EE1-85CC-367E074D6091,,,,,,,ODN0000426221,z,right_only
20AB7A72-88EA-4F0C-B6B4-CD58D9D918E2,,,,,,,ODN0000426266,z,right_only
5C3E9782-BA6C-4BE0-961C-5BFEA95118B4,,,,,,,ODN0000426158,z,right_only
BC25CCEF-81E3-4762-8428-1212EE05E259,,,,,,,ODN0000426062,z,right_only
6880DD98-F64D-4BFC-9B03-0D793A864D03,,,,,,,ODN0000438457,z,right_only
B0A613AD-5F2B-4180-BA3E-BFBDE91F14A7,,,,,,,ODN0000426098,z,right_only
4B69A09E-D083-48B4-A867-1E6163552F5A,,,,,,,ODN0000438693,z,right_only
E35E468B-3E3E-4363-A911-F3A83C741BB0,,,,,,,ODN0000438694,z,right_only
C18FEC8C-299B-498E-9030-89EF9CEA249B,,,,,,,ODN0000425168,z,right_only
231C7413-AA8C-4456-885F-3E561EE87610,,,,,,,ODN0000427803,z,right_only
9BBAE224-2644-4C7C-86CB-36B076C09925,,,,,,,ODN0000425218,z,right_only
487C8B44-BAED-4F8B-A278-4348053D5E56,,,,,,,ODN0000424881,z,right_only
264B6453-1F15-469C-A6B2-5515C383FBED,,,,,,,ODN0000438621,z,right_only
9C4D7919-48D5-40EB-92E6-AE2334B6A032,,,,,,,ODN0000426303,z,right_only
3DE47231-C95F-45A4-BC5B-54C186A9E67F,,,,,,,ODN0000424822,z,right_only
2A3215EA-A7E0-412A-B3D1-D99667CDF504,,,,,,,ODN0000424788,z,right_only
8B00D705-0A53-4C4D-B909-BDAC9200C26B,,,,,,,ODN0000425622,z,right_only
56BFA63F-DF0C-4CA1-9D43-27D7F5CBAC0F,,,,,,,ODN0000424768,z,right_only
72367C2B-5B12-4793-8451-C54B85F234D3,,,,,,,ODN0000426188,z,right_only
FE39BB51-B479-44D7-A09C-ADFE70CA27EE,,,,,,,ODN0005477069,z,right_only
BBF49CBA-BD57-4D1B-8EE4-80796B8F6364,,,,,,,ODN0004826097,z,right_only
2943DA25-7642-47E2-9944-CB6296189D1E,,,,,,,ODN0000509353,z,right_only
52684B7A-2B1E-4B62-86D0-901ECF89F9F4,,,,,,,ODN0005058934,z,right_only
117AD6D3-6B3E-4AFC-8B43-1C6A4D82E487,,,,,,,ODN0005262939,z,right_only
E6659B87-B553-4DA3-A87E-70E7D7871280,,,,,,,ODN0005449986,z,right_only
68A314A7-4475-46D6-9E9F-1CCFE4BCE6CF,,,,,,,ODN0005715928,z,right_only
D843DFAA-1C39-4432-94E0-293599312A1A,,,,,,,ODN0005576988,z,right_only
4C60E2FA-26E2-457C-8598-4ED02D1F3A14,,,,,,,ODN0005401028,z,right_only
D6842DB3-FB40-44A3-8076-730CB1E628A6,,,,,,,ODN0005064811,z,right_only
11BC604E-F612-4447-A276-72D7B867D7A8,,,,,,,ODN0005064783,z,right_only
B397F349-7B76-4F53-B31E-7A6240B011B3,,,,,,,ODN0001221401,z,right_only
94BB2A86-4BD1-4A80-B5DB-457F2DB3B00B,,,,,,,ODN0000979857,z,right_only
D7434B89-0761-4C29-AE50-E162BE3A65B1,,,,,,,ODN0002309987,z,right_only
0CB171AC-AA63-4B90-8933-408E202ADC2B,,,,,,,ODN0002309446,z,right_only
78C37844-39F0-41F8-8EB5-F9168C81778D,,,,,,,ODN0002309751,z,right_only
06EADE3E-7B84-48FC-BC89-FD6A895F3E95,,,,,,,ODN0001772159,z,right_only
424E8DEA-B9D9-4825-888F-76346D703AC8,,,,,,,ODN0001772075,z,right_only
68861140-2184-427E-8FAF-7042A8E28E79,,,,,,,ODN0000592552,z,right_only
958D14FD-5269-46D8-B8E1-054874E97A0C,,,,,,,ODN0001885845,z,right_only
CE2E1B89-6F8B-4D61-BA2C-E2012CC4CF24,,,,,,,ODN0002155972,z,right_only
4F1E67F4-5826-4035-98C5-14126CD7C6B5,,,,,,,ODN0005333005,z,right_only
A73D330F-4C79-480B-ACB6-9610D100F22E,,,,,,,ODN0005333421,z,right_only
F83F6BAB-E668-4EA8-80F8-22BD0FAF7AA5,,,,,,,ODN0005366706,z,right_only
3D48CF10-D93B-4F9E-A75C-7DECCAD08A72,,,,,,,ODN0005333128,z,right_only
C56E4B65-0EB9-480D-82CA-51C85DAA15AA,,,,,,,ODN0001273978,z,right_only
25DF1DF5-F600-4DF9-882E-4DF2CDAFB9FE,,,,,,,ODN0005367428,z,right_only
924EFA4C-B5CC-479B-B452-7ADFA9D630C3,,,,,,,ODN0001423292,z,right_only
BC10AA78-F506-457A-8FE7-71169EBA8239,,,,,,,ODN0000305217,z,right_only
6EEC5936-ACBD-494C-9B98-B4BC44A33E75,,,,,,,ODN0000868912,z,right_only
2D2845F8-149C-44DA-B4C4-7C78DF8BDC73,,,,,,,ODN0000868916,z,right_only
48372373-DEFA-4FC1-8BCC-DB0D738D6D0C,,,,,,,ODN0002261692,z,right_only
775093FD-0AD3-44EE-B1BD-B83EBD89B2B4,,,,,,,ODN0005085370,z,right_only
A22973C4-B5DF-4FEF-9D83-598AFB20752B,,,,,,,ODN0005567676,z,right_only
3667D010-2FD3-4E93-938E-FEB9BE02B513,,,,,,,ODN0005567691,z,right_only
26EFA166-92C8-4FC8-B07D-3FE6F1C96C34,,,,,,,ODN0003643264,z,right_only
2D95D862-FF8D-4B4A-B0DB-206FAB8EC2D6,,,,,,,ODN0004237457,z,right_only
D991F490-94EB-4E64-A34E-B4BB3D1E821F,,,,,,,ODN0003681522,z,right_only
0CC78AD7-611C-45A0-81EF-41E4E7CCCA85,,,,,,,ODN0003644057,z,right_only
54E9FAAA-AE3E-434A-826C-9C496AFE897F,,,,,,,ODN0001045166,z,right_only
2BEB2AE0-EDF4-42B9-8850-526E55456CE6,,,,,,,ODN0001379757,z,right_only
782B0173-584E-4262-A268-03611D57DB63,,,,,,,ODN0000718701,z,right_only
5B2EDBC3-3E87-415C-99CC-E6DCB277E52A,,,,,,,ODN0000859936,z,right_only
6E94E4D0-0456-4BDC-9EC5-7F5542C0863B,,,,,,,ODN0000627898,z,right_only
F883CAE3-43EB-48F6-8AC9-6361B0EE438B,,,,,,,ODN0000718739,z,right_only
B225D2EF-A395-4E94-990C-0AC6F2375F4C,,,,,,,ODN0000718811,z,right_only
99046AE8-73E6-4C06-B76C-E5E61FE0B950,,,,,,,ODN0000719360,z,right_only
D656F03C-C7FF-488C-ACB7-B17C9C8D8653,,,,,,,ODN0005506507,z,right_only
739807CD-683A-4C20-806A-080E39813664,,,,,,,ODN0001887104,z,right_only
BC46EF11-719D-4EE5-B4F4-C0D6A375C443,,,,,,,ODN0005616229,z,right_only
7F6873DF-334E-4E7F-BEED-6D133525752D,,,,,,,ODN0002387550,z,right_only
A61CA0B1-92D4-4830-B04C-59F9C0F3E318,,,,,,,ODN0001374285,z,right_only
A2315B33-7E88-4122-9C05-598849BACF04,,,,,,,ODN0001460483,z,right_only
DFE401DA-DE8D-4B1D-830A-2DD686194D8F,,,,,,,ODN0000014083,z,right_only
591F79BF-3A1F-40D8-AF3E-6A87C446F39D,,,,,,,ODN0005567677,z,right_only
0AA2995A-6001-45A0-BEC6-8AF61DE670F9,,,,,,,ODN0002028009,z,right_only
FD32FA3B-D372-4E66-B769-0F8E4425621A,,,,,,,ODN0000579205,z,right_only
ACCE3333-9378-4CB5-A6B0-B90A4070D4D5,,,,,,,ODN0005386146,z,right_only
F6F5EB46-73F7-4AD0-B9FE-1C324594BEE4,,,,,,,ODN0005333566,z,right_only
1B5DCB5C-D462-4B25-9347-B24D9783AF95,,,,,,,ODN0001760932,z,right_only
65312548-98AD-4E2F-8C1D-479B4F22E7F2,,,,,,,ODN0001271959,z,right_only
427C5F26-7579-42EB-8547-A6294A40B86E,,,,,,,ODN0002248981,z,right_only
F9A7C642-0F89-4812-A873-3E24493BF7A7,,,,,,,ODN0000573464,z,right_only
C618F3A4-716E-4746-9F0B-9E6A28AE237D,,,,,,,ODN0001586095,z,right_only
C386F928-5BEF-42B2-8ED4-4FADC6CDE4C7,,,,,,,ODN0001811820,z,right_only
F99991FE-B131-4C52-B28D-CF29F3F132C5,,,,,,,ODN0001811788,z,right_only
5DCACAC0-DF82-4971-9FBC-E3DB24C14577,,,,,,,ODN0003640645,z,right_only
FE5FE0E7-7CFD-48E7-9231-7D7571A173D3,,,,,,,ODN0003640209,z,right_only
68F20810-08CC-4D9C-928A-0CFF40515279,,,,,,,ODN0003640210,z,right_only
312546E0-401A-4F34-9373-DCFC904BBA14,,,,,,,ODN0003640536,z,right_only
EE738AE7-4E45-49A4-8E09-E6420DEE45C3,,,,,,,ODN0003640216,z,right_only
0BC67A3D-5E3D-4D9D-B302-07B76A53CAFD,,,,,,,ODN0003640220,z,right_only
55424135-7279-4112-87E1-427DAC892C69,,,,,,,ODN0003640221,z,right_only
55458D42-ACF3-4E35-80C1-E68FE0BF2EDC,,,,,,,ODN0003640550,z,right_only
D1BD8042-7300-4CCA-A75F-01ACA93D9C10,,,,,,,ODN0003640224,z,right_only
1E8FBBEC-DE70-446A-AA1F-BECC9190838D,,,,,,,ODN0003640228,z,right_only
677F2D7B-E89B-4913-9F03-1266F3E228AF,,,,,,,ODN0003640556,z,right_only
0945DE57-C7C2-4419-AFDA-827B24D8461C,,,,,,,ODN0003640238,z,right_only
C7A16A3E-78EE-419E-B636-22C661490819,,,,,,,ODN0003640239,z,right_only
08865332-36F1-47E7-BE57-173758201DEF,,,,,,,ODN0003640185,z,right_only
C93ADA2D-A6C4-4A2F-B35F-40D4193453D5,,,,,,,ODN0003640558,z,right_only
64D58D99-AC56-49B9-A36A-82226911B6CA,,,,,,,ODN0003640241,z,right_only
D12CF6D8-D8F5-400F-BE8E-6670B711501C,,,,,,,ODN0003640562,z,right_only
BB699995-E923-4E0A-9247-C19B66A2EF57,,,,,,,ODN0003640245,z,right_only
9499CFC3-51A1-4788-AEA0-9F76877AE125,,,,,,,ODN0003640246,z,right_only
431A15C0-DA4D-4BE5-B74D-A06157F1A3BF,,,,,,,ODN0003640247,z,right_only
FACFD1A4-60C5-496F-936D-17E854BD6E58,,,,,,,ODN0003640570,z,right_only
E53BE451-923B-439B-82BE-0429C3EEEDBC,,,,,,,ODN0003640571,z,right_only
F059580C-002D-450B-B3C7-7513094BFC58,,,,,,,ODN0003640251,z,right_only
F0E1AE20-E879-436F-B705-7C9A19854577,,,,,,,ODN0003640259,z,right_only
8A0B8992-28F6-4AD2-98CF-92DA34BECF2F,,,,,,,ODN0003640572,z,right_only
04C5436A-B95D-48F2-A6EE-7628923560A1,,,,,,,ODN0003640189,z,right_only
A706AF67-2FD5-4FEF-BFCD-B78DB7ED58A1,,,,,,,ODN0003640260,z,right_only
BD2BF1E3-9FF1-4C99-B9CC-3B8EEF4A2274,,,,,,,ODN0003640261,z,right_only
0277C005-755F-43F1-88CC-4750C0EB09CD,,,,,,,ODN0003640270,z,right_only
229DFA58-1E35-4823-BED2-952949114BA1,,,,,,,ODN0003640271,z,right_only
68921EC3-9A0F-498B-B699-83A0F2B06898,,,,,,,ODN0005556031,z,right_only
4F5BE6B7-D37E-44E0-95B9-ECE4B6A7FF2A,,,,,,,ODN0003640272,z,right_only
7A0A7C27-78A1-464B-A4E1-785839E6924D,,,,,,,ODN0003640273,z,right_only
E0CD2DBF-029D-4EF3-BE91-051F457C7EE4,,,,,,,ODN0003640577,z,right_only
B016362B-B42D-49A6-A154-05FEFB872700,,,,,,,ODN0003640277,z,right_only
A63399AF-42BD-459F-83F4-CAB4CADC04F8,,,,,,,ODN0003640281,z,right_only
9B82A33A-719A-4EC6-BCD5-B89322FB762E,,,,,,,ODN0003640282,z,right_only
BA41EB96-6E91-4F35-9532-D4478B20C019,,,,,,,ODN0003640579,z,right_only
6551AD08-31CC-4501-8CD1-6479CBAB20DD,,,,,,,ODN0003640580,z,right_only
122FF273-A3F7-4E5E-872F-6E941FEB801E,,,,,,,ODN0003640284,z,right_only
28B7F94C-CBD3-4576-B6CA-A7F8D763360A,,,,,,,ODN0000573524,z,right_only
995EED8C-A6D9-447A-B70E-2CF52EB7798A,,,,,,,ODN0003640286,z,right_only
505459DE-49D4-47C2-BACB-38CE3F94D25F,,,,,,,ODN0003640288,z,right_only
04A10E9F-CF71-418A-89D5-32E4792D0925,,,,,,,ODN0003640291,z,right_only
4038D4EA-8475-4197-9A17-1CCBDE342288,,,,,,,ODN0003640292,z,right_only
76002E74-F4E1-4A21-BD4F-27EAB11F3D4F,,,,,,,ODN0003640582,z,right_only
457F7B56-A5B5-425C-BC7E-D49B28939471,,,,,,,ODN0003640295,z,right_only
93A80126-4AD4-46D2-93EC-B3752A8AECC8,,,,,,,ODN0003640298,z,right_only
47C649B5-9CC6-4800-A91B-5255E4300610,,,,,,,ODN0003640301,z,right_only
80EA8DC5-19BA-40F4-8C5D-8448B722F3B5,,,,,,,ODN0003640303,z,right_only
8A32713A-69E1-40BE-A43D-3E3256C1DB70,,,,,,,ODN0003640312,z,right_only
FA93F0DD-A8EB-4BE5-B837-2F9430F8F07C,,,,,,,ODN0003640590,z,right_only
FB7A857F-64D8-460B-A219-C120A35E5AD8,,,,,,,ODN0003640591,z,right_only
20F19617-3B43-4252-85FB-2A58C2735DB0,,,,,,,ODN0003640318,z,right_only
A95328A9-F3EE-41E7-8E84-F818D97E591A,,,,,,,ODN0003640321,z,right_only
7A30134B-D7B4-4928-B29C-5351054284EB,,,,,,,ODN0003640323,z,right_only
1646175D-94F6-4776-A1AF-972D7C20A336,,,,,,,ODN0003640325,z,right_only
65A0B950-7E78-4424-BB31-6AC9DCC96C2A,,,,,,,ODN0003640327,z,right_only
165B9AA0-6C0A-41BF-BC2C-4A57BC209C11,,,,,,,ODN0003640593,z,right_only
EBB6CDA3-258B-4829-9500-A0CDFEEEBDD2,,,,,,,ODN0001395716,z,right_only
8431D4C9-0B1D-44D1-A983-AB313961DC94,,,,,,,ODN0003640192,z,right_only
32F64DD5-B724-4AFB-9B7D-098C186D9F92,,,,,,,ODN0003640332,z,right_only
99FF5CDF-BB77-4FA1-82E9-790E2C7756AB,,,,,,,ODN0003640595,z,right_only
28ABE6BD-482B-4A0F-BD19-2E8968ADD411,,,,,,,ODN0003640598,z,right_only
8D626010-CDF7-4071-85F8-9AF57C1CAC9B,,,,,,,ODN0003640343,z,right_only
DD11E34D-F2CC-4FC8-B70C-BDE25F3C2705,,,,,,,ODN0003640604,z,right_only
FB172B27-1056-4A55-9A48-CE6AAC188AE9,,,,,,,ODN0003640345,z,right_only
43163A0B-B4AC-4061-9B3C-33161D655449,,,,,,,ODN0003640605,z,right_only
02069B26-2496-411B-BDD3-36D9785C4691,,,,,,,ODN0003640351,z,right_only
BDCE92AC-6574-4B1D-A9BF-BCBAEF5796A5,,,,,,,ODN0003640606,z,right_only
3E0986C1-1B26-4113-A914-083B36EA03A7,,,,,,,ODN0003640353,z,right_only
E41B5BFD-5D32-4FE1-B42B-86E5EF884FB6,,,,,,,ODN0003640358,z,right_only
652F4ACC-622E-4D68-BB5C-6F4409B00637,,,,,,,ODN0002028563,z,right_only
E70771BC-254A-439D-8C25-CCB964BC1F4F,,,,,,,ODN0003640360,z,right_only
5FE25319-5E82-452E-83AE-9A5DD114FD54,,,,,,,ODN0003640362,z,right_only
05D43730-5CD7-4B20-A40E-1DF1702F80DB,,,,,,,ODN0003640367,z,right_only
7CA595FF-B355-4574-8DCD-2426C8E43B72,,,,,,,ODN0003640196,z,right_only
48D175B6-4FF6-4FC1-88BD-A68146DF1DC9,,,,,,,ODN0003640197,z,right_only
2378A5F9-0BC5-47E6-B579-A61A44E3342A,,,,,,,ODN0003640199,z,right_only
05D799A1-D9E0-4C1A-BB0D-7B749EE3C7DC,,,,,,,ODN0001044929,z,right_only
ED82C205-0475-4671-ADF2-68AEA78F7F20,,,,,,,ODN0003640614,z,right_only
B1B8A43F-0841-41A9-953B-4843D1A79197,,,,,,,ODN0003640615,z,right_only
F87D8FE0-2643-42AF-AC1C-9A5503A90117,,,,,,,ODN0003640381,z,right_only
C21411B2-FC12-4AB9-834B-C64AAA650DEA,,,,,,,ODN0003640383,z,right_only
38D1183D-DAFA-489A-A31F-E6F99A938C75,,,,,,,ODN0003640398,z,right_only
33764317-D46B-40C5-B3C0-C2BC3B4AD9CD,,,,,,,ODN0003640619,z,right_only
1107BD02-09DD-4986-982E-F3B0C45C44A4,,,,,,,ODN0003640624,z,right_only
6592F3B4-89E1-4EE4-802E-BE0DD68BAD52,,,,,,,ODN0003640402,z,right_only
350327FA-E427-41C9-82FF-739A71E8082A,,,,,,,ODN0003640419,z,right_only
95F3B1A4-C476-457B-9D50-6C1597F9A4A2,,,,,,,ODN0003640200,z,right_only
B1E8D024-8FCC-40A7-8FC4-5ED7C1DA785E,,,,,,,ODN0003640626,z,right_only
7DD44D17-A06E-4BE1-AD3C-56D3F3F5E226,,,,,,,ODN0003640424,z,right_only
2349DAFF-E0F4-4E53-93C1-FBDBE8E60CCC,,,,,,,ODN0003640628,z,right_only
274CE3FF-C059-40FB-A8A6-0406F35B5CFA,,,,,,,ODN0003640460,z,right_only
5DE8B7EC-2BC5-43DF-87B2-04798A4AACAA,,,,,,,ODN0003640478,z,right_only
CDB0D77C-1B4D-4169-B5FC-64E52C88CAD7,,,,,,,ODN0003640495,z,right_only
079507CF-8A38-4732-A0BB-07B77873FCA1,,,,,,,ODN0003640498,z,right_only
5A9F6F92-DE6C-4907-A143-621F54A8F2EB,,,,,,,ODN0003640506,z,right_only
703449A2-B10F-4A4B-8FDF-DDB2B965196B,,,,,,,ODN0003640512,z,right_only
3D4617A3-FD7A-494E-9040-5631769143D6,,,,,,,ODN0003640634,z,right_only
1BC40CBB-35EB-4AD5-A9D1-1E939C2E044D,,,,,,,ODN0003640643,z,right_only
1D796CD1-56E9-4568-9616-144FB1525AFB,,,,,,,ODN0003640652,z,right_only
BADF9788-126D-448C-A068-27D8E71DBD5A,,,,,,,ODN0003640653,z,right_only
4A45C387-903F-41BF-A50F-BCD7542F32D3,,,,,,,ODN0003640654,z,right_only
A1DF661A-87E8-45C6-8FB2-BD8ABA308ACC,,,,,,,ODN0003640658,z,right_only
F19174BF-6DAB-4DEA-84BE-9E7A1910D6B8,,,,,,,ODN0003640659,z,right_only
29A65288-94CB-4F90-B1CC-9B9568958D27,,,,,,,ODN0003640639,z,right_only
DAF2D4E8-D141-4292-B21A-30E4F057F2D8,,,,,,,ODN0003640669,z,right_only
FE8D8CFF-5940-48C9-B68E-E1976BEAD421,,,,,,,ODN0003640692,z,right_only
3683C499-AC72-4D88-9856-F37DE8B0686B,,,,,,,ODN0003640204,z,right_only
EEEB8F49-5982-4F52-A3A0-D54E4F188C56,,,,,,,ODN0003640696,z,right_only
89FA4D0A-065D-4B1C-8A81-18787FA54377,,,,,,,ODN0003640702,z,right_only
5287BFD9-A9BD-475F-AFE9-42CE39FD55BB,,,,,,,ODN0003640642,z,right_only
DCAF3773-7F67-4EED-AE60-03952423D13A,,,,,,,ODN0003640205,z,right_only
E79A278E-064E-47C0-A5C6-85EF05C56C89,,,,,,,ODN0003640718,z,right_only
E265F271-0C73-42CF-97B8-910C3F85C28F,,,,,,,ODN0002535811,z,right_only
6D368A47-7855-4F59-BB9D-6A2AF8E31AE4,,,,,,,ODN0005321992,z,right_only
2824D102-B47D-4C25-B8E8-5B1CC113D17D,,,,,,,ODN0005366243,z,right_only
0462577D-EBB3-4E62-AA09-56A9357CFA0B,,,,,,,ODN0005287787,z,right_only
91FBFA33-9E30-414A-AEFD-0A6E3A66D25C,,,,,,,ODN0002479341,z,right_only
482812DE-444F-446C-B267-A765564DEC83,,,,,,,ODN0002575919,z,right_only
83CDCAE9-166A-4EFA-89EA-05C9D2A24964,,,,,,,ODN0002479359,z,right_only
9543F947-2520-4F73-B5B8-B0090D2E2ECF,,,,,,,ODN0002665710,z,right_only
240E79A9-22BB-45CE-AFA4-57D88F4FDC7B,,,,,,,ODN0001201805,z,right_only
B8433D05-0348-489C-8322-2A401E9AD37C,,,,,,,ODN0002012323,z,right_only
C190C83D-3AB6-47E3-8DA9-2EB3BAD7F980,,,,,,,ODN0001201808,z,right_only
F23932F3-57DD-45CA-9B11-D691DB7BADE3,,,,,,,ODN0002012327,z,right_only
1BD9ECDC-9D2C-41B3-A934-22BCC4DF8A85,,,,,,,ODN0002019471,z,right_only
1F52A1F4-4370-483A-B25C-6F6B5E8B69BD,,,,,,,ODN0002013083,z,right_only
CEF1E778-E8AC-4275-8F44-1D383A3D1E2F,,,,,,,ODN0002012347,z,right_only
2F0F6D12-4373-40AD-AC38-A0C3F340925A,,,,,,,ODN0002012370,z,right_only
C6F25EE2-1B3C-40D3-B046-BDED3F9F31DE,,,,,,,ODN0000841669,z,right_only
1FD033BF-E29F-4C1F-B012-B3F7F62581DE,,,,,,,ODN0005616001,z,right_only
B8068BD2-56CA-4021-95CF-A842B6546933,,,,,,,ODN0002012772,z,right_only
952A6413-1042-446B-A550-687704481458,,,,,,,ODN0002012792,z,right_only
5E0F0924-AD9D-407E-B9DC-67DAA8AA704E,,,,,,,ODN0002012793,z,right_only
C9CD9660-223D-42CE-9DEC-EA9C6C410ECD,,,,,,,ODN0002012795,z,right_only
590294BE-D911-49EE-9A71-AA44D6F21676,,,,,,,ODN0002013118,z,right_only
F6221644-5A01-4B49-ADAC-3628E0DEAE85,,,,,,,ODN0001893740,z,right_only
4FD1EEAB-3867-4013-BC65-125E018B5557,,,,,,,ODN0005658449,z,right_only
BCF9117B-790A-4439-9357-56A1061035E2,,,,,,,ODN0002012823,z,right_only
45025A32-66B4-4452-A626-D96B8510B77E,,,,,,,ODN0002013142,z,right_only
DC3CF7C6-7326-43D1-8B10-1F0730024462,,,,,,,ODN0001893741,z,right_only
F73E8C7C-364E-4A43-B567-B7828AC7BA22,,,,,,,ODN0003909559,z,right_only
04E3F435-C4F0-4172-A98A-217C6DA18CAE,,,,,,,ODN0002012954,z,right_only
4DF179BC-E76B-4B42-9C9B-9DEC84AC1E6E,,,,,,,ODN0005532773,z,right_only
6006572F-E4C6-4577-9473-DF9240EF5189,,,,,,,ODN0001887117,z,right_only
54E63CD8-F0E2-4B8D-B2BD-7FC54D80B617,,,,,,,ODN0001914861,z,right_only
400E200E-B1D7-4EB5-8C00-D3AB15C0FCB0,,,,,,,ODN0005578800,z,right_only
444B4698-FECF-4EE9-8ECA-DB33395F3A0F,,,,,,,ODN0002012317,z,right_only
D5817324-E274-4BB6-BAB4-EB180BA3BD54,,,,,,,ODN0002013143,z,right_only
3B610403-6BFE-4849-B90A-A4D857D0236D,,,,,,,ODN0005418750,z,right_only
4622C9B2-31CE-4184-A450-70A991551CFF,,,,,,,ODN0000001308,z,right_only
8DC634F3-B2FD-415F-9BBD-D0981D2F7FA9,,,,,,,ODN0001914862,z,right_only
D1D15CBE-95FE-4457-BA02-75D01682F32D,,,,,,,ODN0001137751,z,right_only
90473EEA-5F45-435A-BF97-FF79F9CF7604,,,,,,,ODN0001231879,z,right_only
F75C4DE5-F0B9-404F-A8D4-AC2FCAB3458C,,,,,,,ODN0003889131,z,right_only
6CEBFFF8-3405-40CB-B486-D17E9CBAC5E3,,,,,,,ODN0003889134,z,right_only
56287F87-916E-4360-A64D-686CB5A02C10,,,,,,,ODN0003889135,z,right_only
1C45C97E-F321-4DCC-98A4-FE3CBECCE010,,,,,,,ODN0002012314,z,right_only
5B090C74-ADEC-4326-905B-3DB2F07FDE22,,,,,,,ODN0002012803,z,right_only
9A0F4247-6661-4689-AC00-8E164C7B1F7E,,,,,,,ODN0002012810,z,right_only
6476C953-596F-483B-B004-23F14E9BFB3E,,,,,,,ODN0002013066,z,right_only
508E6239-F0F5-44DF-8836-947F99913BA3,,,,,,,ODN0002013180,z,right_only
5E395A19-26CB-436E-A692-E54EB4F6636A,,,,,,,ODN0002013092,z,right_only
7218556C-1A2F-4401-8FFE-58029A5C2FE2,,,,,,,ODN0005533263,z,right_only
174472DE-E713-4DEF-A59A-2C54D263F35C,,,,,,,ODN0000309729,z,right_only
A2EB4A04-BA7E-4C1A-A625-5D13564CE970,,,,,,,ODN0002013097,z,right_only
D70A804C-F2AD-4FCA-860A-ECF1D83A77DA,,,,,,,ODN0005532424,z,right_only
B257A45E-F059-4D57-A001-0AEDC44FEEC6,,,,,,,ODN0005532435,z,right_only
A4DE40E9-758F-4A93-B667-AEF9D3DBEF51,,,,,,,ODN0005616194,z,right_only
EFD34067-A3F6-4B2D-AA96-849381DBD54D,,,,,,,ODN0005532533,z,right_only
3D303739-6413-4205-81A8-62F921C4E3C2,,,,,,,ODN0005616051,z,right_only
808C25D8-5956-4719-B2A8-A76A838FEA92,,,,,,,ODN0005616172,z,right_only
482CAB8F-9FED-49CB-A1AB-CF199F78FB9F,,,,,,,ODN0005616174,z,right_only
32D52295-A46F-452B-8D05-A6080DF33706,,,,,,,ODN0005616182,z,right_only
1157B04B-9F7E-4BE9-9CBE-CDB1025533D9,,,,,,,ODN0002012984,z,right_only
D0BD423F-3E39-4110-BEE0-9C3D85A39D00,,,,,,,ODN0005616207,z,right_only
FC70A0CD-9831-4574-A010-48C4C930CED7,,,,,,,ODN0005533013,z,right_only
D4396FD7-2700-455B-AF24-F5F8DE93E37A,,,,,,,ODN0001440130,z,right_only
28DF5A6A-0DC3-446A-B7E2-789609EB26E9,,,,,,,ODN0000638502,z,right_only
F299DA78-2F9E-415D-AAA7-7547BC1D56D0,,,,,,,ODN0000638519,z,right_only
6DCF5D91-496B-4F01-B452-66E290D7DBA9,,,,,,,ODN0000672184,z,right_only
DE1471C2-115F-4ABF-8D45-D8706813F5AB,,,,,,,ODN0000569285,z,right_only
091EDB82-4E24-4237-8A51-BC57C9857AAD,,,,,,,ODN0000645086,z,right_only
4AFF9324-0CB5-4F85-8A3D-BC9326357754,,,,,,,ODN0000645079,z,right_only
3794361E-1135-45A3-8429-5639DA0BCB53,,,,,,,ODN0002410293,z,right_only
E0B57681-1517-406C-ABE1-10DC99247049,,,,,,,ODN0003318791,z,right_only
77879684-1038-412D-9D9C-A4AB96FD369F,,,,,,,ODN0003318794,z,right_only
E021C84F-1AB5-4E1F-A92C-B14F60AA694E,,,,,,,ODN0004501455,z,right_only
B1FDAEEE-1383-4787-9FB3-E18E97724A4E,,,,,,,ODN0000541046,z,right_only
6962F94B-EF94-4DE2-8651-7FE1AA636ADF,,,,,,,ODN0002021729,z,right_only
80E62DBF-4E37-45F2-87BE-624431F22337,,,,,,,ODN0002516383,z,right_only
711CF3FF-5D27-48F7-BA75-2C9763601CF4,,,,,,,ODN0002021799,z,right_only
43277CA8-27C9-497B-A827-5FFB9076E68C,,,,,,,ODN0002012191,z,right_only
28D16D0D-FE06-4077-B6BF-810B41193C42,,,,,,,ODN0002482871,z,right_only
C4647426-4570-4779-9EE0-54E48D64762C,,,,,,,ODN0002516394,z,right_only
093167D9-C7E1-4D55-8840-9D7D02B4D2D6,,,,,,,ODN0002012196,z,right_only
FECB1DF9-424E-41F4-BF15-6A42006C2305,,,,,,,ODN0003640378,z,right_only
2782883E-F95E-4478-A786-F7403DF85383,,,,,,,ODN0002182325,z,right_only
AE992F7C-8FBF-4A6D-8DC2-2DCE0F1A5D2B,,,,,,,ODN0000342777,z,right_only
1F2C2BEB-009B-42B2-8E6D-72F6ADD243DC,,,,,,,ODN0002678558,z,right_only
B2E05BE7-1EEF-4E5A-B5D5-EE60EE36DA0B,,,,,,,ODN0002317290,z,right_only
919FB405-2F38-40BF-9314-D99B93BD8F70,,,,,,,ODN0002310584,z,right_only
D70C731A-419F-4236-8F50-B108CF2288C4,,,,,,,ODN0002309697,z,right_only
F7B9257B-0FA5-44F9-8773-33B58F64F1B7,,,,,,,ODN0000983678,z,right_only
49E017EE-1A14-427C-8669-893D93BF3003,,,,,,,ODN0000983871,z,right_only
6E9B8FEA-B614-404A-9A76-83FE7EF8115C,,,,,,,ODN0002133319,z,right_only
47CD79A9-64E7-43CE-A23A-BDE569B68A4E,,,,,,,ODN0001559819,z,right_only
42DCBBB1-F129-4E94-BE7E-089FB1C26FEC,,,,,,,ODN0004384466,z,right_only
E4E06D49-9FDA-45AD-BB3C-51EA5F266F30,,,,,,,ODN0004384475,z,right_only
2463312B-02B7-46BE-A534-A3CE000D554E,,,,,,,ODN0000979872,z,right_only
2FD119CB-A768-4A41-AEE3-4B8FFE68E67D,,,,,,,ODN0002359478,z,right_only
0A295812-9721-4093-BD09-FC2AAD4DB079,,,,,,,ODN0001680222,z,right_only
FCDCB256-83F9-42DA-B2C6-6B3A08B99992,,,,,,,ODN0000979879,z,right_only
57EF3E9E-30D8-4A44-B8C3-085DA3B459E2,,,,,,,ODN0000902822,z,right_only
6FA6B1B4-5C08-42D8-B765-AE646422C186,,,,,,,ODN0001387121,z,right_only
2B2321B3-2C7B-4E0E-9E4F-3C76AE27B685,,,,,,,ODN0005556003,z,right_only
3F1C90F5-7BCF-41CB-966D-2E0E527A867F,,,,,,,ODN0005556146,z,right_only
1F033F78-84A0-4B48-B8F3-2D2EF03377BD,,,,,,,ODN0005556268,z,right_only
493BF9D3-96F0-4C54-A7A6-935FBDF46ED9,,,,,,,ODN0002179836,z,right_only
478FD59E-7D21-4D5E-844F-1321C0251D14,,,,,,,ODN0001911861,z,right_only
5F33351D-DA5C-4C6E-A506-ACD88BC9B3D3,,,,,,,ODN0002027847,z,right_only
38D060EF-90B0-4535-B5CE-9F0AA93EA62F,,,,,,,ODN0002020934,z,right_only
F516CBDD-1350-464A-850E-C695226350BA,,,,,,,ODN0001973874,z,right_only
9F0E585C-294F-4A36-A4B7-15ACB3D3367F,,,,,,,ODN0002010501,z,right_only
9C436945-A889-4A76-BA3E-5B15E5B613E4,,,,,,,ODN0002010503,z,right_only
21EEBE53-E71A-45DE-A8FB-5FCC62636D74,,,,,,,ODN0002029835,z,right_only
75EFF4F1-E3EC-46D3-BF04-0C5FD0EA3604,,,,,,,ODN0002010506,z,right_only
37D5884B-ABFF-4337-8335-CB6FD11A11CC,,,,,,,ODN0002010508,z,right_only
730EDB88-5818-4D5F-BB7D-CF8A8FAACDAD,,,,,,,ODN0002010515,z,right_only
493DDC65-D91D-4C72-8EC7-09705689D35D,,,,,,,ODN0002010519,z,right_only
3D5A81A0-2973-4445-AE1C-8B75216F9E93,,,,,,,ODN0002029837,z,right_only
2E32BF12-E373-4D82-A858-4E3BFE47A9A4,,,,,,,ODN0002010500,z,right_only
F4ED9C91-6566-4FCF-9F20-13E794B39F06,,,,,,,ODN0004224652,z,right_only
2D477B75-BE88-4418-8E40-7BA6956E84FE,,,,,,,ODN0000784360,z,right_only
B3B711FC-0472-490F-B517-10DB24AB814A,,,,,,,ODN0000784362,z,right_only
0EF97435-A7DC-4124-8593-26442AAA83E4,,,,,,,ODN0000784868,z,right_only
6B5BBCFB-6533-41F4-95DA-5D2303E7E0F0,,,,,,,ODN0000784365,z,right_only
95EE85DC-69FB-47B5-8961-C4158F95AEDA,,,,,,,ODN0000784382,z,right_only
87FDE8F7-9F11-42F2-A2B8-9B600D633735,,,,,,,ODN0000784384,z,right_only
D4A618C5-4417-4CC4-8672-306099522757,,,,,,,ODN0000786671,z,right_only
D761EB5F-B0F9-4711-880E-4F58484A52DE,,,,,,,ODN0000784880,z,right_only
F5A5459C-1EEA-42D2-9EFE-2DFF333B1EAE,,,,,,,ODN0000784885,z,right_only
ED106C7A-1C91-4A66-82CE-1D61958653E6,,,,,,,ODN0000786686,z,right_only
DC8E2572-1502-4EF3-9A94-DE193790A3B7,,,,,,,ODN0000784414,z,right_only
52CC7BF1-82EA-4D51-BD35-97EFF9C024E2,,,,,,,ODN0000848926,z,right_only
8F4ED4B6-5DF4-480B-B70A-5CD7016D35DA,,,,,,,ODN0000786395,z,right_only
BB2770E5-AB67-485F-AE6E-51018CB05781,,,,,,,ODN0000930521,z,right_only
2BE1BFFD-DC09-47FE-BB6E-3638CF7132D9,,,,,,,ODN0000784462,z,right_only
A8F982B0-337E-417B-86B4-49F4FBFC595F,,,,,,,ODN0000786415,z,right_only
39DF5CCA-EB57-4312-9D62-544054F690A9,,,,,,,ODN0000784926,z,right_only
58834A0C-BA04-40C8-B3E1-1917B8879499,,,,,,,ODN0000784927,z,right_only
324463ED-6A8A-4489-8F51-A48710703D2A,,,,,,,ODN0000786299,z,right_only
510A2C0C-A844-4478-8241-8B4516AA87AF,,,,,,,ODN0000786428,z,right_only
B4D1C4BD-3101-4ECA-B120-92231C99E26A,,,,,,,ODN0000784504,z,right_only
4105FBF0-855C-443C-B6D0-616E6EFCCBD9,,,,,,,ODN0000993050,z,right_only
77EF1F89-54C0-451A-BED7-90C6B9804AF7,,,,,,,ODN0000784557,z,right_only
D05459D4-30A4-4404-B2C2-165F3FD9980D,,,,,,,ODN0001096179,z,right_only
9F7E3FD5-9C17-4664-BD99-DEFE403A8310,,,,,,,ODN0000784584,z,right_only
FBDA5966-0A70-48D5-B0B6-56C0A83927CF,,,,,,,ODN0001554253,z,right_only
ED46FE40-BD6F-4F08-AAAD-3B569D7CF508,,,,,,,ODN0000848979,z,right_only
DF935D83-19D1-4FDD-A36C-2847C4F8DA68,,,,,,,ODN0001028667,z,right_only
7973EC65-A2C9-4B19-ACDE-139375EB5A36,,,,,,,ODN0000784950,z,right_only
D94FDE32-75CB-46CE-B20C-3E7E0F229C2B,,,,,,,ODN0001096201,z,right_only
74F4E030-C3AB-4105-9475-17DBA15E9C05,,,,,,,ODN0000784594,z,right_only
B435EF7B-EF87-4CC1-BA8B-0D40E52C4BFE,,,,,,,ODN0000786357,z,right_only
EAD22445-EDD5-4E82-A448-0E5EC5F6DD70,,,,,,,ODN0000993000,z,right_only
F2AD7627-BDFC-4EDF-8981-9899AD1E4D47,,,,,,,ODN0000930534,z,right_only
AF560700-3721-4E5C-91F4-D03BE332E2AB,,,,,,,ODN0000786308,z,right_only
9B4562DB-03D9-442D-8B1A-C8E429D98C06,,,,,,,ODN0000784659,z,right_only
87BB2EBE-5F95-44FA-BF26-523B19054E09,,,,,,,ODN0000784991,z,right_only
71B1CBE1-595C-4DE4-BD2A-1DCD15B3E2EE,,,,,,,ODN0000784685,z,right_only
48D5BE32-7711-453A-A8F7-BDCC22E4F25F,,,,,,,ODN0000786877,z,right_only
4851ECB1-E1BB-454C-9AFA-DECCCD9B1980,,,,,,,ODN0000786882,z,right_only
E5574A13-E8A0-451E-AEFA-7BDA78AC2114,,,,,,,ODN0000786543,z,right_only
9F0F64A9-02F5-431A-AB5C-217A7E795077,,,,,,,ODN0000784347,z,right_only
CDFB051B-59D2-4640-B4A8-60A6F4100E65,,,,,,,ODN0001028646,z,right_only
9DA83CF6-C49F-415F-8329-87715DF474FA,,,,,,,ODN0000786560,z,right_only
A830341F-0B96-4D9F-B459-874508B28525,,,,,,,ODN0000786901,z,right_only
55FE749C-01EB-48C9-AD4E-200DF5FF6975,,,,,,,ODN0000993018,z,right_only
2B2E0B99-CE86-4FF7-845B-36A1DB34C4D7,,,,,,,ODN0000786917,z,right_only
3ABA42E9-9943-431E-9D7B-1923036503CE,,,,,,,ODN0000785042,z,right_only
A99C9D96-894A-4727-8868-9E0326B5C470,,,,,,,ODN0000848962,z,right_only
246A65AD-A484-48FB-A707-70DA5B1BDC0F,,,,,,,ODN0000785053,z,right_only
9EC186A2-69E7-4CBA-90A2-CABF8919D221,,,,,,,ODN0000930587,z,right_only
A261F4F6-E903-417F-BFAB-5FCBA675AB4C,,,,,,,ODN0001902757,z,right_only
B8C5894B-1AE0-4506-9C1E-C232C2D3F444,,,,,,,ODN0001028700,z,right_only
C3CD592A-711F-488E-8FE2-C3578804C171,,,,,,,ODN0000786935,z,right_only
98B040BC-7034-48D5-9CD9-5437411E71CA,,,,,,,ODN0000785085,z,right_only
0BB80A14-6937-4337-8EEC-75FFA357DD26,,,,,,,ODN0001234663,z,right_only
F5062729-CE1C-4B94-8270-64A087453E67,,,,,,,ODN0001028722,z,right_only
320837BA-027B-4989-A2EC-195A6FE649CD,,,,,,,ODN0000993088,z,right_only
14F1EC66-F536-48FD-89F5-733E1EB70FCB,,,,,,,ODN0000786628,z,right_only
0462CB05-C623-4D30-B172-4293A8C1C245,,,,,,,ODN0000930559,z,right_only
645C97C6-DCCD-4747-8F76-AC94477951BE,,,,,,,ODN0000848975,z,right_only
22911312-812A-44CC-9758-02B42C818785,,,,,,,ODN0000993091,z,right_only
A688491B-7C29-40E2-8460-7E12E35A4532,,,,,,,ODN0000785123,z,right_only
793D5E47-620F-4430-9A38-3EBB238A69E1,,,,,,,ODN0000784855,z,right_only
5E9F7FBC-08DC-4B38-9CC1-33F0126C38FA,,,,,,,ODN0000785132,z,right_only
437DE03E-D66E-44D2-ACE6-25846DA9F704,,,,,,,ODN0000930601,z,right_only
D075ADE3-C9E0-4941-8784-6E08EED85448,,,,,,,ODN0000785139,z,right_only
9D47591B-C212-4C4B-B6F7-EC634566CD68,,,,,,,ODN0000785189,z,right_only
9A1AD6A2-26FF-4F96-81C8-8C2C68637CAA,,,,,,,ODN0000849003,z,right_only
B05CDA64-E444-4749-8B7C-6CC7B7B374BE,,,,,,,ODN0000785219,z,right_only
E8FCA171-2BBC-4000-82E8-2AA29F69785D,,,,,,,ODN0000786989,z,right_only
7903B023-2A4C-4D44-9CFE-C3D87F57CA44,,,,,,,ODN0000785147,z,right_only
D4C9599F-9984-4153-AAED-784D86200972,,,,,,,ODN0000930602,z,right_only
71A704C5-63F9-408B-A5DB-885B012EA411,,,,,,,ODN0000785228,z,right_only
73F9C939-497F-48EE-B9FA-7F821CA27DA7,,,,,,,ODN0000785232,z,right_only
7B83A2F5-477D-4524-B66D-750FF2AA8A4A,,,,,,,ODN0000930604,z,right_only
EDA53331-D695-484A-B0EA-19A8471D06D6,,,,,,,ODN0000787046,z,right_only
65CB6A26-0B0B-4CFB-9321-01012F1E4484,,,,,,,ODN0000785237,z,right_only
B3808450-9BFB-4926-97B7-60971FFADB1A,,,,,,,ODN0000786995,z,right_only
B857CF64-A642-4282-9542-94E2C76BB2F5,,,,,,,ODN0000785155,z,right_only
14FDFA60-F677-4B50-B15B-727FC5BFBE70,,,,,,,ODN0000849005,z,right_only
7BB36E85-894B-44A4-B914-C9B4DED3B24A,,,,,,,ODN0000785244,z,right_only
D65BF8B4-08B4-467E-BB74-AC3F8BDBA75A,,,,,,,ODN0000785162,z,right_only
C519FB73-11B5-4FDF-A2C9-12FEC9E3CFC8,,,,,,,ODN0000787052,z,right_only
95DB43BC-2E1B-43EE-90A9-815CAA9EC7AA,,,,,,,ODN0000787001,z,right_only
D9798DD5-55A5-4575-BFF9-AF354B17DC17,,,,,,,ODN0000787073,z,right_only
DC14453F-D6B4-436A-A3E9-2526C33CA47D,,,,,,,ODN0000785172,z,right_only
0B753ED1-1351-491A-B77B-1D2ABB4FE7F7,,,,,,,ODN0000785174,z,right_only
99FDE1C3-F5C4-49FA-B500-FD2162A4D72D,,,,,,,ODN0000785179,z,right_only
36184B6B-EBDD-4B52-B401-B96845F39D81,,,,,,,ODN0000785180,z,right_only
49BA4F96-B71A-4F2F-93FC-4217D68A67B8,,,,,,,ODN0004858801,z,right_only
F4FDE0AF-B05D-484D-A42B-4279060CFD16,,,,,,,ODN0005678147,z,right_only
1FA2DD01-6D1E-4494-9CFE-F56887AEA3AD,,,,,,,ODN0004322359,z,right_only
E24F8F71-0F64-4BB7-978A-8796175B14C9,,,,,,,ODN0000535187,z,right_only
73E4347F-7802-475A-BBD8-C793782ED01A,,,,,,,ODN0003750050,z,right_only
CB4CF362-CA53-4C33-90F4-1B1C2E34C53D,,,,,,,ODN0005057270,z,right_only
1F515462-2F81-469E-BF74-E8D1676D29C1,,,,,,,ODN0005067601,z,right_only
A22BC224-9F7C-4432-ACDB-6B43D8907862,,,,,,,ODN0000511241,z,right_only
9DBFD38D-652B-4982-83F6-FE796B2EAB8F,,,,,,,ODN0005067562,z,right_only
00064241-B4EF-4E16-993B-1E52A19CE43E,,,,,,,ODN0003027746,z,right_only
4F1749E3-80AC-479E-8B4F-AAD3EE280BCB,,,,,,,ODN0005116335,z,right_only
6F95F6B2-0DCB-4DCC-A0FF-BDC291ABD3F4,,,,,,,ODN0005096256,z,right_only
BC065184-9617-4B8C-91B6-36EDDDD6C5C1,,,,,,,ODN0000571305,z,right_only
26E5727B-B5BE-486D-936F-3EF88290F48B,,,,,,,ODN0002930899,z,right_only
BA6BEDDD-A090-423E-B241-C7412D3291C6,,,,,,,ODN0004815903,z,right_only
8904974F-7AFB-4548-ADA8-548D9FF996D3,,,,,,,ODN0003610157,z,right_only
568A1634-5F31-4538-8B30-FAA3ED52DE08,,,,,,,ODN0005417301,z,right_only
41C1E0B3-3626-41F1-BEE3-48879325DE37,,,,,,,ODN0004947806,z,right_only
816415DC-AF55-4F94-A768-43C4A663AD97,,,,,,,ODN0001386845,z,right_only
B9FB8AF7-5ADC-4D57-80F0-30D18A568BC9,,,,,,,ODN0003865658,z,right_only
5EA0F08D-6640-4299-B279-B17E5CE8F364,,,,,,,ODN0003536334,z,right_only
2B8F20BB-649A-4901-BBF5-149B20C27446,,,,,,,ODN0004197552,z,right_only
93EFD24E-8733-41C1-832D-1BC5B2FEACA5,,,,,,,ODN0000720051,z,right_only
9DD81A59-037F-4967-AE70-4401156290CD,,,,,,,ODN0005340684,z,right_only
E07803EF-F187-4806-91BA-A9C85FC69084,,,,,,,ODN0001396432,z,right_only
FFC1E898-45A5-4B28-94E1-EFA8518D86CA,,,,,,,ODN0004229578,z,right_only
0A6F78E4-4AE3-4399-BF2E-0B5C5BD8C708,,,,,,,ODN0003177559,z,right_only
808959E9-F22A-4C7B-9D07-B87582A5FCAC,,,,,,,ODN0001083060,z,right_only
9BB9088D-DD25-4885-9D40-4198DDFAD8E1,,,,,,,ODN0004639872,z,right_only
ABB59938-A9AA-4285-8995-DAEB84001E83,,,,,,,ODN0004434092,z,right_only
CCA22434-223B-46AC-A99B-D543DD8909F7,,,,,,,ODN0004849366,z,right_only
3F1F000B-BD04-4404-AA1F-25EB002323D5,,,,,,,ODN0003948615,z,right_only
F965A9D0-065E-4FFC-9F78-B7D93AE19371,,,,,,,ODN0005217290,z,right_only
66B6ECA1-6C3C-4447-9429-9F6A68AE359B,,,,,,,ODN0001440438,z,right_only
2C0D32F4-BCFD-4FFD-9F8A-C79455782DDF,,,,,,,ODN0004739622,z,right_only
592DC9AF-49E9-4FA7-95C8-CB69D3A384C8,,,,,,,ODN0000911753,z,right_only
EA7620C8-95AE-4179-8CD7-F3C015580744,,,,,,,ODN0000514847,z,right_only
A9B18E20-EC62-410E-88EB-A06F01FC98B2,,,,,,,ODN0004681124,z,right_only
C3C2FF3B-C3CF-4014-857E-C753C53FBCA4,,,,,,,ODN0002687123,z,right_only
FC329C00-92B1-4A01-847C-3C4BDC409FFF,,,,,,,ODN0003581075,z,right_only
D4659E56-8D23-473A-B01B-7293E44FA4F8,,,,,,,ODN0004538754,z,right_only
9396FAA4-0097-423E-ABB4-0BD9BE4759A0,,,,,,,ODN0002106155,z,right_only
F716A626-1542-4CBD-9723-E03D4DFE8ECA,,,,,,,ODN0000610529,z,right_only
A0D90412-5898-4CD8-BAB6-C521846DD991,,,,,,,ODN0004617958,z,right_only
F2755D16-8265-4B7E-8D4E-FB707E22F77E,,,,,,,ODN0002571449,z,right_only
6DB1C150-D3CE-499A-8BD6-3CB9E9D0C724,,,,,,,ODN0004617965,z,right_only
84C2BFC3-6FBC-49DE-83DA-01DF25C289BF,,,,,,,ODN0002163618,z,right_only
634DE4B3-313F-41CC-B64E-3CBD829F07CF,,,,,,,ODN0003280211,z,right_only
AF8C97BC-ED19-4F43-8D02-E3661245B545,,,,,,,ODN0004876538,z,right_only
218E08F2-C688-4B13-B3FF-1DCD91036A71,,,,,,,ODN0004681094,z,right_only
D0611617-0578-4677-9B95-D083EB42EB68,,,,,,,ODN0004229589,z,right_only
C2F25B5A-A7D6-4035-958B-6EF48335DC0F,,,,,,,ODN0001542744,z,right_only
64C37FEE-60EF-4AD1-BACC-DBA580E54F45,,,,,,,ODN0003217871,z,right_only
6123CF8C-93FC-41B7-B512-7DB6540E1904,,,,,,,ODN0004868025,z,right_only
CF0197A2-5892-4416-8ABB-596D87C60911,,,,,,,ODN0005340725,z,right_only
82359A93-64DF-4AB5-AF49-186A63DE3EFE,,,,,,,ODN0001477212,z,right_only
CAE032FE-26E1-4DC7-981E-E1DA93A3322F,,,,,,,ODN0000845232,z,right_only
62922068-4F45-415E-818B-B5AE3F3A2697,,,,,,,ODN0001158183,z,right_only
E9734D16-8E97-4E74-9955-AD3FC9AAF6B9,,,,,,,ODN0004570665,z,right_only
8435BB4E-F907-417E-BD95-C606491E0892,,,,,,,ODN0004229600,z,right_only
C2D41792-4F87-415D-999F-0A38175A4FE7,,,,,,,ODN0005704746,z,right_only
943EE6D1-D8CC-40A7-9C43-062D36790E18,,,,,,,ODN0003892152,z,right_only
607B1F06-CC82-4FD0-BEAC-B4EB7C455D90,,,,,,,ODN0005042672,z,right_only
FE66045B-507C-4815-AF4D-B37846FFB7CB,,,,,,,ODN0005057241,z,right_only
90A5E128-A8AE-4BA8-8FEA-6D53299D6DDB,,,,,,,ODN0003939998,z,right_only
4CF12AA9-7351-49B5-8BBF-6D2CA67C8B7C,,,,,,,ODN0004884436,z,right_only
CE2C12A7-D058-4A03-8120-29CA3615060F,,,,,,,ODN0004239344,z,right_only
CE8E0609-C5AC-4272-A145-390254AF2E43,,,,,,,ODN0004187736,z,right_only
52B6C042-8B11-4C15-8C86-79970D879257,,,,,,,ODN0004729920,z,right_only
EB65D98C-C76D-4FC6-91F1-EEA503742A75,,,,,,,ODN0005042655,z,right_only
D410BDDE-2A78-4022-A2D2-0160E263A807,,,,,,,ODN0005340712,z,right_only
29D5ACB7-9390-4AE1-99B9-D064E422A1A6,,,,,,,ODN0001647018,z,right_only
18D06A8A-D136-4D57-AB55-6541A84F8D89,,,,,,,ODN0004559166,z,right_only
753444CB-5859-4CC1-992C-67DE6CC3CB09,,,,,,,ODN0003983669,z,right_only
30F6E1EE-FDC8-44C7-A90F-03DF96738E02,,,,,,,ODN0004608109,z,right_only
0ECE1572-DC6F-4034-BBA7-C53B8A7DF981,,,,,,,ODN0003970902,z,right_only
7F44691B-45D6-45A5-AD2B-BA007CA5DD59,,,,,,,ODN0005340782,z,right_only
DCDF98DA-F327-4EEE-837C-2D7AAD66B3B4,,,,,,,ODN0000712683,z,right_only
CE4E837D-0BB6-44AC-A27D-9C01E25715EE,,,,,,,ODN0002399585,z,right_only
5EE13074-B4ED-47EB-893D-710047E16B11,,,,,,,ODN0003302290,z,right_only
E6CF668B-5DD1-4D45-910A-5F00D3EE0999,,,,,,,ODN0004681072,z,right_only
B945E423-6B89-44E2-A471-7D21D290E52D,,,,,,,ODN0004283423,z,right_only
37CD7883-86DE-4994-8B3B-A07C0B864385,,,,,,,ODN0004538714,z,right_only
92E14C4E-9FBD-42AD-93E4-48820A7972BE,,,,,,,ODN0004265379,z,right_only
6B68FF98-24FD-47A9-AA51-4F85ADFA20A8,,,,,,,ODN0005168340,z,right_only
B4BFC852-2669-490A-BC63-AEF768BE24EB,,,,,,,ODN0004908323,z,right_only
BB6F097C-4250-4F38-89FA-4E71C925A301,,,,,,,ODN0001201643,z,right_only
AEBDA754-3285-4EEE-B37E-D085731661CC,,,,,,,ODN0003948591,z,right_only
BEC41F84-14A6-477B-B2C9-D055D1601A5A,,,,,,,ODN0003948593,z,right_only
D5E7FCD8-5461-4B67-B1A4-8E9094D2A2BF,,,,,,,ODN0005168355,z,right_only
EFCE7631-5975-499B-9C60-B1E86D45FB24,,,,,,,ODN0004754145,z,right_only
89845CF6-1913-4C87-B022-F1FAB4978525,,,,,,,ODN0005207566,z,right_only
E5278F6F-4A1B-4342-9A16-1C0EB3150F47,,,,,,,ODN0004347945,z,right_only
B03A8597-09DF-403D-910F-719ABC5BF6A1,,,,,,,ODN0005096303,z,right_only
D2F1E8DB-4667-4B05-BDBF-F0B603A055E9,,,,,,,ODN0005274040,z,right_only
7A719BC9-0A16-4AE4-8F96-1181BEAA44B1,,,,,,,ODN0000663125,z,right_only
D148F9DA-18B4-4C5A-8AEB-33AD10CD461F,,,,,,,ODN0000663126,z,right_only
3BDAA29D-556D-4B91-8810-97549FF9CA57,,,,,,,ODN0000663127,z,right_only
B28B2115-5EF4-4F63-B8B8-DFBAF7CF20BB,,,,,,,ODN0000663128,z,right_only
92E4506C-DED5-4332-A451-B23BB6D70BF0,,,,,,,ODN0000663140,z,right_only
C8775D35-0F78-41CF-9D2A-E6B77CDA4FB2,,,,,,,ODN0002200747,z,right_only
8A868682-7D42-41D4-AA76-49BEBC583C7A,,,,,,,ODN0000663186,z,right_only
9E9058DF-DC96-4F9C-88C1-482DDDDC274C,,,,,,,ODN0005704972,z,right_only
73FF880E-B22D-46C7-A8F5-AB884130EE9E,,,,,,,ODN0000663358,z,right_only
1B75C2D9-A813-491B-83E5-416861538DA1,,,,,,,ODN0000663407,z,right_only
2BD7A09A-2955-41CA-9250-ACB23C45BAD7,,,,,,,ODN0000663502,z,right_only
82F58575-8386-416C-BD49-4D0D32AAAAC9,,,,,,,ODN0004863149,z,right_only
4CC703A1-3449-4E02-9004-A94E9D9B8D31,,,,,,,ODN0000520721,z,right_only
4A270A63-65E6-4669-9D0B-31C80CCC48EB,,,,,,,ODN0000520731,z,right_only
409033AC-7B5A-4DF4-95F8-18651A36189C,,,,,,,ODN0000521279,z,right_only
3936B686-DF7F-40D9-B29F-B39E2C615F82,,,,,,,ODN0000521280,z,right_only
9799C739-626F-4461-B1D6-BF0839BA564D,,,,,,,ODN0004839666,z,right_only
A4162254-FD0E-4F71-BFC1-F8B89E0B114A,,,,,,,ODN0000521124,z,right_only
E08A09CF-6077-481F-9137-9D6C24AC3EA1,,,,,,,ODN0000532554,z,right_only
6364A986-237A-43C2-8C7A-586D30892C0C,,,,,,,ODN0000524528,z,right_only
0EA86C6C-D3B9-423B-A5F3-79B5D0D0B3B5,,,,,,,ODN0000521301,z,right_only
6EAC8B9B-76C2-4952-B997-0E20E7968ECE,,,,,,,ODN0005787436,z,right_only
D2356C11-77E9-43A3-9789-5E341A75DA6E,,,,,,,ODN0000520970,z,right_only
0185A303-3EB8-453D-9DE4-4FA9142A5C62,,,,,,,ODN0000521016,z,right_only
CFF28DDA-56A6-4391-97CE-48DBD7944833,,,,,,,ODN0000521319,z,right_only
76F86D6B-7292-486C-A3E2-98EE75F94632,,,,,,,ODN0000521327,z,right_only
CC264F3F-C02F-4881-BB6A-620DA18195A4,,,,,,,ODN0000520810,z,right_only
46EA6C73-BC8A-430D-A88B-DDD6F6C8F572,,,,,,,ODN0000521119,z,right_only
BD240752-C8E7-4F8B-8BD9-4270FB78E7A7,,,,,,,ODN0000532556,z,right_only
F4AC4818-8E83-4D68-BCC0-A06F01837D22,,,,,,,ODN0000532557,z,right_only
D7E3220A-BFF0-428D-9D46-EC984AFB3A47,,,,,,,ODN0000532559,z,right_only
35B052DF-C94E-4EFE-A44A-D3AD220DE01F,,,,,,,ODN0000521220,z,right_only
1E86DF97-39DD-4A7B-8B6D-40DD112EE273,,,,,,,ODN0005242417,z,right_only
9613950D-FBC7-4D6B-9CB9-0B82AE80543C,,,,,,,ODN0000521377,z,right_only
7B471CA7-B651-4FCC-B788-3462428C6CB3,,,,,,,ODN0000521393,z,right_only
CB30B765-D14F-4BD4-AD3A-269A621C6863,,,,,,,ODN0005761210,z,right_only
F8FDC6AB-5182-497A-8C5A-9703708DD430,,,,,,,ODN0005761211,z,right_only
118CE411-9079-448D-9AD9-9F16F454C0C6,,,,,,,ODN0005186118,z,right_only
80F4F1CC-4313-4CAB-8629-4AC04A3B9B2E,,,,,,,ODN0000521129,z,right_only
797C5519-1784-4160-B483-B92254E0AA51,,,,,,,ODN0000520811,z,right_only
0FD82EC8-2425-4778-805B-13E5E0A2A335,,,,,,,ODN0000520812,z,right_only
29938105-1A3E-4023-A8FE-8DDEBD6125DC,,,,,,,ODN0000520880,z,right_only
1CE2EFC4-6CC4-44BE-9BBD-687E473E0096,,,,,,,ODN0005029953,z,right_only
AF035290-3C30-4C0F-A052-B899A031D802,,,,,,,ODN0005373579,z,right_only
BB777701-D4D2-45D4-85E2-D96EFD6A4BDF,,,,,,,ODN0005389022,z,right_only
F7B544A5-5EC5-488A-B77C-E4869AAC1351,,,,,,,ODN0000520858,z,right_only
F207C505-5984-4256-B763-4F456C0FF309,,,,,,,ODN0000520941,z,right_only
A2884D8A-CD33-4C8F-A530-B42EB2646B44,,,,,,,ODN0000520682,z,right_only
28440C3A-4D0D-467A-B9D5-73742251A92F,,,,,,,ODN0000521130,z,right_only
55A2C4E5-7C6F-4EB8-ABD4-0ED090D76A52,,,,,,,ODN0000521128,z,right_only
E3B45421-EE6A-4F1C-8611-2EEA65FBBE03,,,,,,,ODN0000521383,z,right_only
3F39B937-B91B-4767-B990-CB56BE83622B,,,,,,,ODN0000521384,z,right_only
8428D631-4EC2-42FD-91DE-A30B81AAF474,,,,,,,ODN0000521387,z,right_only
D9249A12-368B-4BC6-84D5-F31042B17AAA,,,,,,,ODN0000521407,z,right_only
96A4D75B-F4CE-4287-BD09-F99D59B605E8,,,,,,,ODN0000521419,z,right_only
8D8BD7F4-7445-40CE-BB3B-16BDFCCB5E5C,,,,,,,ODN0005186119,z,right_only
5E0ED8AE-9850-4F34-8BB0-7B80FD477E16,,,,,,,ODN0000521448,z,right_only
002CD38D-185F-4A62-B2F4-AA4767A8790E,,,,,,,ODN0005587988,z,right_only
BFB2AD0E-F84F-4D1B-9C16-8A146E475552,,,,,,,ODN0004609093,z,right_only
26799E2F-A435-475E-A74C-AF3BA3955521,,,,,,,ODN0003068924,z,right_only
A89728EB-B7F4-4971-B1A2-5D05F0F492C6,,,,,,,ODN0005131561,z,right_only
6F99D9A0-CACD-451F-84D7-1605D3212038,,,,,,,ODN0003068138,z,right_only
8A966056-ACCD-4A70-ADEE-2EF680481DDC,,,,,,,ODN0005341003,z,right_only
2D48627D-B56A-4DBE-A02B-C89FC53CA059,,,,,,,ODN0002515268,z,right_only
8C690405-5D78-4432-A3FC-F3ECF487D228,,,,,,,ODN0002031775,z,right_only
DC922AA8-6647-461B-AA66-FEED0B3E26A4,,,,,,,ODN0001943031,z,right_only
70F6C224-B926-4877-9859-14AD7436729B,,,,,,,ODN0001943033,z,right_only
CDD8FC65-2BA7-4798-9C46-3D597409B28B,,,,,,,ODN0002031837,z,right_only
33454BE9-C0CF-4211-821C-F6BEBAA1F1A7,,,,,,,ODN0002031783,z,right_only
D2C19AC8-58C1-488E-92C9-22B01D11BCC8,,,,,,,ODN0002031834,z,right_only
25E331BF-A6FD-48EE-A0E4-FD16C57DFC6E,,,,,,,ODN0003069851,z,right_only
27DB2CC2-5E86-44AC-A4E9-6EE051DE441D,,,,,,,ODN0002021800,z,right_only
2DC63565-988A-4B17-B129-F6124EE0512B,,,,,,,ODN0002021798,z,right_only
ADFC451B-41A4-4819-99B3-4512E55A6D7D,,,,,,,ODN0002021796,z,right_only
5D849890-2BBC-4224-A3DF-40813A1F09FB,,,,,,,ODN0002021803,z,right_only
E7CE9BF7-AA56-40E5-B2DF-1588C7BB6B39,,,,,,,ODN0005397303,z,right_only
84E9FFF8-7683-45B3-A369-D9B6DEDCB87E,,,,,,,ODN0005397304,z,right_only
2F19A9D3-7B10-4ED9-A220-8DA3B046D7C4,,,,,,,ODN0005397321,z,right_only
77D16A76-BBAA-49E0-8720-28771D1DE205,,,,,,,ODN0004844314,z,right_only
1BC90D99-AE3E-4064-97F1-F2F56B11C302,,,,,,,ODN0004844317,z,right_only
ADAE6CE9-AC44-433E-976B-44E91433AF76,,,,,,,ODN0005397315,z,right_only
AD333119-2F59-4D29-9817-83F676382A12,,,,,,,ODN0005397316,z,right_only
244DC0B8-8EAB-483D-96E6-936696E06224,,,,,,,ODN0004844320,z,right_only
F8ED53EF-4B4B-4430-9E96-61CC7AD7CBB0,,,,,,,ODN0000052483,z,right_only
7A481D55-2F70-4E20-8F45-5611A9495DA8,,,,,,,ODN0000562216,z,right_only
41F92158-590E-49A4-9D00-756274039B6A,,,,,,,ODN0000002495,z,right_only
DF6B6663-8D7E-4396-BFF9-D2AA73D6158A,,,,,,,ODN0002193503,z,right_only
25F40046-04E8-4441-932C-6CDA48A9EF6D,,,,,,,ODN0003592249,z,right_only
9A60E45E-7FFF-4091-A65F-865E913AD66D,,,,,,,ODN0002193785,z,right_only
4714C488-CE7D-4F9D-90A6-FEB7FBD899BA,,,,,,,ODN0002193789,z,right_only
32A56F16-BC61-44AF-AC26-B3CB124669F1,,,,,,,ODN0003728840,z,right_only
BFB8EA35-C301-4454-BFEB-797EB0C71296,,,,,,,ODN0002193807,z,right_only
49A94963-2E6B-4FB6-A62C-38AA43968A02,,,,,,,ODN0002193813,z,right_only
B3438D49-944B-4E7D-88D9-F12EC6B88339,,,,,,,ODN0002193836,z,right_only
0528B140-6419-40E8-B750-256F75B0B7EA,,,,,,,ODN0002193842,z,right_only
BEBAFD98-A72B-407A-AB21-93DC355BE9B8,,,,,,,ODN0002193847,z,right_only
E3F57527-08D4-47D8-B643-1A335E66064F,,,,,,,ODN0002193849,z,right_only
9A083524-ADC7-4AB2-B1D0-0D181AE92B12,,,,,,,ODN0002193850,z,right_only
2A55B7EA-801C-4C83-8D5A-2CE5C6BD2C2E,,,,,,,ODN0002193856,z,right_only
DB128A4E-AC2E-4A4F-835C-72D8E969BBD5,,,,,,,ODN0003728841,z,right_only
69E1FBE0-8BE8-4578-8D14-30CD6B436C61,,,,,,,ODN0002193868,z,right_only
AD826CE7-F5C7-4577-B319-B4A9488709E2,,,,,,,ODN0002193877,z,right_only
95F8E19C-2AFF-48B1-A761-653862941BAC,,,,,,,ODN0002193879,z,right_only
4C94DBDA-16BC-4552-975B-7F366DFB66DB,,,,,,,ODN0002193880,z,right_only
B6ABADF0-5669-4339-800A-0E0866F69FFB,,,,,,,ODN0002193893,z,right_only
52923A42-8617-48F8-8536-5A116DEE5423,,,,,,,ODN0002193902,z,right_only
EEE37044-EB0D-4C62-816F-99B0C11F1303,,,,,,,ODN0002193916,z,right_only
53961EE5-B082-4B22-B2CE-CEB55182D007,,,,,,,ODN0002193922,z,right_only
4ECD427D-0BC5-4366-9F63-3FAC0395D4E4,,,,,,,ODN0002193931,z,right_only
15287B21-EA2A-4FCD-B0E9-E401AD84E802,,,,,,,ODN0002193952,z,right_only
0B6AF3FF-F28F-409F-A1A3-ED5C5E75BFF2,,,,,,,ODN0002193967,z,right_only
70DA46C7-674C-4820-9274-CCAA5FA8642E,,,,,,,ODN0002193974,z,right_only
170FB499-9EA6-4671-87F4-42262E31CF4D,,,,,,,ODN0002193975,z,right_only
8AB1D833-7DA6-4966-86E0-850C3FE2981B,,,,,,,ODN0002193976,z,right_only
BBC212A1-2B15-4429-B367-AAEFAC65B820,,,,,,,ODN0002193977,z,right_only
05B5EAD4-C78C-4D32-B064-21F59349F7DB,,,,,,,ODN0002193982,z,right_only
FA8A3BB6-468F-4F9B-B884-8FF04C441514,,,,,,,ODN0002193993,z,right_only
25EFFB4B-7954-4CB4-9127-103A8DDEB36F,,,,,,,ODN0002194003,z,right_only
646C02C8-9C12-4595-BBB1-1CA97C6EAE7F,,,,,,,ODN0002194009,z,right_only
E90949D1-7799-41F2-9D6C-E29096325F61,,,,,,,ODN0003728842,z,right_only
31DA1F4D-1703-4266-869B-C279662A4B41,,,,,,,ODN0002194038,z,right_only
C39F01EB-9834-4764-8DCC-1A7F03773470,,,,,,,ODN0002194045,z,right_only
20BEF695-83F8-4DF1-9BA6-613F75E58ECC,,,,,,,ODN0002194062,z,right_only
805D096C-3886-407A-A69C-E8254A960A44,,,,,,,ODN0002194068,z,right_only
8D8BB5C4-7E63-4919-9ABE-3F86DD8B1972,,,,,,,ODN0002194074,z,right_only
345B3C64-F0C8-43AE-801E-89752E073A94,,,,,,,ODN0002194075,z,right_only
B51A9D3A-EEDC-4DA8-840A-D79622E19897,,,,,,,ODN0002194081,z,right_only
1ECDBD88-9DA2-40CF-BABE-4ADDD81F14C9,,,,,,,ODN0002194089,z,right_only
20EAF83C-A69C-4822-A660-59CB0A7BA2FB,,,,,,,ODN0002194094,z,right_only
8853D780-BBB9-4A0C-9D10-402A2DB12A4A,,,,,,,ODN0002194095,z,right_only
30322AF2-C119-4FF5-B8D2-AD7B531499B9,,,,,,,ODN0002194100,z,right_only
103AF419-2197-43E4-95A7-1F629DB5B19B,,,,,,,ODN0002194122,z,right_only
35C5AC59-712E-44B9-A7CE-469332FF5AC3,,,,,,,ODN0002194123,z,right_only
EF3A1F50-89B2-4C53-A118-54363B385F19,,,,,,,ODN0002194135,z,right_only
97C150E3-C46D-4EAC-A193-20C06EBE69C1,,,,,,,ODN0002194155,z,right_only
1ABAB754-B5CD-4105-B810-95B6DE070DD6,,,,,,,ODN0003728843,z,right_only
5194C923-FA11-4D83-9E76-154B6A195AE7,,,,,,,ODN0002194167,z,right_only
2D7877B1-BF46-42AE-A5FA-E215F51676BA,,,,,,,ODN0002194174,z,right_only
3D0DF313-AEC1-4C01-A387-E32B3D2C3122,,,,,,,ODN0002194190,z,right_only
482DC775-D2AF-4E45-8397-C1A08A8B637D,,,,,,,ODN0002194192,z,right_only
D54C9905-4687-4EB9-ABC5-C749E0AFF3E9,,,,,,,ODN0002194200,z,right_only
7534E176-CBE6-4AF8-8E39-D5FD7B4121A0,,,,,,,ODN0002194207,z,right_only
9820FE9D-E504-4E00-86C6-070E34B91630,,,,,,,ODN0002194219,z,right_only
0EA3EA95-75BD-4D22-A5FB-A2EAF60FD29D,,,,,,,ODN0002194234,z,right_only
3F47F3C9-0A7A-4A89-86F8-9916933E9B04,,,,,,,ODN0002194237,z,right_only
09FA5DB2-AE90-4ED1-AFFF-F990E7D74654,,,,,,,ODN0002194250,z,right_only
07E28AD2-A077-4D69-AF33-2CF2577AEBCB,,,,,,,ODN0002194257,z,right_only
4A35B332-B2CE-4772-B970-B541B8017FF6,,,,,,,ODN0002194259,z,right_only
BEEDACC0-3B8B-4CC9-AC57-49AEA38972A0,,,,,,,ODN0002194261,z,right_only
D1E06DD3-1AB3-4E3E-B49C-386126E7F2DC,,,,,,,ODN0002194266,z,right_only
50A0266C-2957-424A-8C20-C638B951A0B0,,,,,,,ODN0002194295,z,right_only
1B0A7F18-D498-4454-BA6C-9FE14FE181A5,,,,,,,ODN0002194299,z,right_only
E9FFF343-829E-46C5-9DEE-4416508FA4CB,,,,,,,ODN0002194312,z,right_only
DD109AB7-54BD-444E-A24C-6714F4E02493,,,,,,,ODN0002194333,z,right_only
DF6791BC-03D8-4139-A4F2-B46D3E97F4D8,,,,,,,ODN0002194376,z,right_only
494F0395-6265-4F25-BA8F-202A3E873360,,,,,,,ODN0002194380,z,right_only
EB96B295-0EA2-4E94-85B5-DD39EA4C99E7,,,,,,,ODN0002194385,z,right_only
BB7C95F2-D80A-4E2A-89D2-397293C0C359,,,,,,,ODN0002194412,z,right_only
F3B8D864-F0E3-4FB1-9DE0-7E9BF554774F,,,,,,,ODN0002194418,z,right_only
DEFEEDEA-9C83-43B5-BD1F-694CDB4EF4B6,,,,,,,ODN0002194426,z,right_only
AE41F6CE-EA0C-4E66-8203-F0B5034EEAA1,,,,,,,ODN0002194433,z,right_only
D0EB6F78-8211-4854-BC2E-E09F326189E5,,,,,,,ODN0002194442,z,right_only
D92B4D03-A2D7-42D1-B115-1142C161DE2A,,,,,,,ODN0002194450,z,right_only
84F25F8A-83BA-40E6-A750-2492F21C6787,,,,,,,ODN0002194457,z,right_only
78039B5B-C911-4866-9D03-3F15349D25D0,,,,,,,ODN0002194460,z,right_only
B6EA9509-8846-4799-B34D-47299AFD4F70,,,,,,,ODN0002194478,z,right_only
A4715E2F-F184-4B4D-812A-F62F7F8D8EF9,,,,,,,ODN0002194550,z,right_only
BEF6E542-8BA0-4A42-8C29-728FDAA2E23E,,,,,,,ODN0002194556,z,right_only
D2731D33-1446-47FE-B120-6255BE9F99CD,,,,,,,ODN0002194574,z,right_only
EA9BDF9C-FDBD-4FAB-A300-0F45A7ECEBE3,,,,,,,ODN0002194575,z,right_only
FC4B35E8-DA85-4BD0-A899-A884979E4455,,,,,,,ODN0002194577,z,right_only
F20F2410-594F-4CDB-8366-036DD948334E,,,,,,,ODN0002194591,z,right_only
E3889626-067C-43E1-895C-70782032617B,,,,,,,ODN0002194616,z,right_only
47467BA5-4AA1-4D6A-947D-3505224C6C2A,,,,,,,ODN0002194668,z,right_only
DFB78665-5254-4007-9938-F87351F91A25,,,,,,,ODN0002194675,z,right_only
AC965102-357C-49BB-93AB-5629B2C7DEA7,,,,,,,ODN0002194681,z,right_only
E120EA50-C715-422D-AE3D-7BD1A5C54F76,,,,,,,ODN0002194694,z,right_only
0038411D-1B73-48CB-89F1-98CDBB6A98A6,,,,,,,ODN0002194701,z,right_only
1DD7EF94-BB40-4DFC-8D63-B8690CEB8858,,,,,,,ODN0002194704,z,right_only
4B3A84EB-5970-41E2-A300-F5F5F9961123,,,,,,,ODN0002194733,z,right_only
86B366CE-EE3B-43D3-9155-EE16771F0D43,,,,,,,ODN0003728850,z,right_only
546D7F4A-D013-4979-B705-695328955D20,,,,,,,ODN0002194787,z,right_only
E38C52D3-97E8-44DB-88C3-64251F370ABF,,,,,,,ODN0002194791,z,right_only
FCBB1921-C67E-4F44-8357-49E71639FD10,,,,,,,ODN0002194806,z,right_only
B2FF4647-47AA-421D-B881-060763BF31E8,,,,,,,ODN0002194815,z,right_only
36A9DDD3-2963-4B54-8255-D7D35B9B3B5A,,,,,,,ODN0002194821,z,right_only
9A6D54DE-DDE7-4E5A-8C31-8FDE304CBA90,,,,,,,ODN0002194827,z,right_only
EBFF2B28-6098-4D77-9273-EB6E6BF4A0F2,,,,,,,ODN0002194830,z,right_only
04E7B2D1-0239-483F-8869-9B3407607A8F,,,,,,,ODN0002194833,z,right_only
ECAEB1FB-1241-4E61-9788-E0E0BA61E9EC,,,,,,,ODN0002194836,z,right_only
3A261169-BB2D-4F23-BEC2-1B4DCBFFECCA,,,,,,,ODN0002194839,z,right_only
FE5A62D0-83FD-4CF1-A35F-30C64142A7A0,,,,,,,ODN0002194869,z,right_only
01FBBFB4-C215-451B-92C8-75E51420F822,,,,,,,ODN0002194877,z,right_only
B54AE6B5-6C06-4E13-827C-39C7E5C37B88,,,,,,,ODN0002194891,z,right_only
9EA11647-9D71-4653-87B2-A8CD8990210A,,,,,,,ODN0002194895,z,right_only
7D967A47-5A77-4E9A-9739-AFC79C0378BC,,,,,,,ODN0002194914,z,right_only
63F4002B-A891-4762-9AAB-DA34AFAA0BD1,,,,,,,ODN0002194917,z,right_only
9535BF8B-1A34-4C22-B20D-690E05DA18A4,,,,,,,ODN0002194918,z,right_only
AC02059F-2C54-41DC-8227-FDBED6EC3F66,,,,,,,ODN0002194968,z,right_only
92D4D83C-5984-4091-B0C1-68C333A86451,,,,,,,ODN0002194984,z,right_only
1B157324-8E96-4A3F-B6E0-1DCA734F6981,,,,,,,ODN0002194989,z,right_only
89CB0203-621E-425D-9FC5-B279E674E1C2,,,,,,,ODN0002194990,z,right_only
B3D80A9E-F81F-468D-A326-F87A01ADE668,,,,,,,ODN0002195002,z,right_only
2C01C777-A199-4823-9857-09DEE599318D,,,,,,,ODN0002195010,z,right_only
F989ACC1-A0D4-4710-92FD-A710FA81F2BB,,,,,,,ODN0002195028,z,right_only
4B5CADF3-9012-4374-BF1D-F8C3D1751B44,,,,,,,ODN0002195029,z,right_only
4D394D89-7256-454E-B12C-A5D2DB171A0E,,,,,,,ODN0002195045,z,right_only
AB2F4D36-7B33-4106-A577-07E46A7B7552,,,,,,,ODN0002195049,z,right_only
AFAE6782-BE39-4222-8A3B-E0A02D4BADEC,,,,,,,ODN0002195072,z,right_only
E946990F-E54D-417B-97C7-0956DC0445C5,,,,,,,ODN0002195088,z,right_only
AA451379-3FBD-4ECD-AF96-AC66642AF038,,,,,,,ODN0002195112,z,right_only
77B867DD-757F-4823-8EC4-72BDC228BBFC,,,,,,,ODN0002195113,z,right_only
A9C698C0-2130-42A3-80F8-1EA9305AD123,,,,,,,ODN0002195114,z,right_only
F7685123-F193-4F54-9E49-2AEC7C319363,,,,,,,ODN0002195116,z,right_only
BBAE32F8-B3C8-4AB2-B08D-5C4895C5852C,,,,,,,ODN0002195118,z,right_only
2A75397E-62E4-42C5-94F4-AA750FB2FE84,,,,,,,ODN0002195134,z,right_only
0A11F954-C784-4853-968A-CA9D9253EBAE,,,,,,,ODN0002195146,z,right_only
6C412BB2-DD0C-490B-8965-2907075BB7FD,,,,,,,ODN0002195147,z,right_only
EA47C123-E269-4CEC-8713-1F066AACAC3F,,,,,,,ODN0002195178,z,right_only
E6FE69F9-77A7-4F34-8EB9-45EAD416C54F,,,,,,,ODN0002195185,z,right_only
D0606BCF-8C60-48D3-917F-BB4660D44FC8,,,,,,,ODN0002195198,z,right_only
96CF5D35-81F4-4005-9DBE-64E73715AF4D,,,,,,,ODN0002195200,z,right_only
41D1EE33-BEA5-4FF6-9A8F-2EB73597E9F2,,,,,,,ODN0002195204,z,right_only
F2A39573-2E49-4BF5-9EB6-CDA4B556A76D,,,,,,,ODN0002195214,z,right_only
748D5377-0684-46D6-8311-A54E42079574,,,,,,,ODN0002195228,z,right_only
57779345-2AA7-42A8-9413-5818F64C001B,,,,,,,ODN0002195238,z,right_only
6093CB50-A7FE-4FC8-B2DD-FCC49DDB5680,,,,,,,ODN0002195241,z,right_only
E7448392-DD68-4C8E-901D-83A13E741A49,,,,,,,ODN0002195249,z,right_only
E0713B3A-A319-43C4-9464-CBA0A09A1A4E,,,,,,,ODN0002195255,z,right_only
68496A13-9DF9-446A-903B-D486F8659927,,,,,,,ODN0002195259,z,right_only
DCB16DA2-2470-420E-919D-1005F00AF22F,,,,,,,ODN0002195278,z,right_only
A3CEF5F2-BBD8-48A6-BE1C-9A63364AC11B,,,,,,,ODN0002195282,z,right_only
57FD8B83-2F0A-4615-BBAA-29DDE389A4EB,,,,,,,ODN0002195283,z,right_only
7045EB09-0C92-44B2-B82B-77E6BED10D84,,,,,,,ODN0002195285,z,right_only
8489CC53-80F4-4F65-964E-30F0E12CF6A1,,,,,,,ODN0002195287,z,right_only
C22BFA44-0B0E-4794-A01D-A0639299B5CA,,,,,,,ODN0002195289,z,right_only
2ACC8AD8-1E1E-475D-B32B-800210D5D52C,,,,,,,ODN0002195347,z,right_only
7D7621A5-D085-4D1B-A0F4-50B6867D9EA7,,,,,,,ODN0002195352,z,right_only
D4F2FEDE-B483-40F5-9DBE-53475AD63B06,,,,,,,ODN0002195353,z,right_only
960E531B-78BD-4405-B468-DD639CDC5B62,,,,,,,ODN0002195355,z,right_only
44B7B9FD-57E6-4915-B363-57F4BD0FBD76,,,,,,,ODN0002195364,z,right_only
47EFE56C-29B8-4793-9C5F-3F9F17895748,,,,,,,ODN0002195370,z,right_only
4B3DEA67-5D49-44F2-85B3-FEEDEB307F98,,,,,,,ODN0002195375,z,right_only
A437AE74-76EB-42C4-BBF4-605170EF3D05,,,,,,,ODN0002195382,z,right_only
0450291B-45FD-4985-8570-D28FDE783297,,,,,,,ODN0002195383,z,right_only
87CF651D-C30F-4F79-9724-1E09D255C808,,,,,,,ODN0002195394,z,right_only
042FCD34-FAD2-488E-8D8E-377D498726E6,,,,,,,ODN0002195397,z,right_only
1964862C-3637-4576-BDFE-CEFB8CB33E3A,,,,,,,ODN0002195400,z,right_only
D517EDC4-FC87-4278-A534-B538243B4A3D,,,,,,,ODN0002195405,z,right_only
063CDBC7-8040-4354-9637-FDD014A75CF1,,,,,,,ODN0002195415,z,right_only
AFDB2377-C6EF-46C5-95BE-FC56F855F95D,,,,,,,ODN0002195417,z,right_only
60491776-0678-44DA-9252-DF476F9BB15C,,,,,,,ODN0002195418,z,right_only
E4369662-6ABD-4E09-8EFF-C2492650C004,,,,,,,ODN0002195421,z,right_only
8348591E-921F-4715-B442-DFD7BE5A6341,,,,,,,ODN0002195429,z,right_only
4CD7268E-B1A0-4212-A427-1A924D511FED,,,,,,,ODN0002195432,z,right_only
0FB9D94E-444D-4F2B-B822-4B79264B60DE,,,,,,,ODN0002195442,z,right_only
4721F913-C399-4A1E-A963-3F9E1322125B,,,,,,,ODN0002195448,z,right_only
F9A5EA05-E1F8-40D3-B2F5-35F48A4C5209,,,,,,,ODN0002195455,z,right_only
C9F3C283-9DB3-4035-9B9F-2D50D3F61E8E,,,,,,,ODN0002195468,z,right_only
35B3B8F6-45C4-47E7-A7CC-32B88F6B53A8,,,,,,,ODN0002195486,z,right_only
16CFB347-B56E-458C-89C9-F3794D9E5418,,,,,,,ODN0002195494,z,right_only
7E93D2FD-F573-4E16-A400-BA8929261EA7,,,,,,,ODN0002195501,z,right_only
C3BDF063-53FA-4322-BB7C-0901293147CC,,,,,,,ODN0002195509,z,right_only
A27C9B55-D05E-4C9A-8AF2-6D636A5B1AF5,,,,,,,ODN0002195518,z,right_only
6653C20F-2ACA-4805-AC24-537092154423,,,,,,,ODN0002195522,z,right_only
57BEA931-A62C-43D4-AED0-1A24D669E19D,,,,,,,ODN0002195528,z,right_only
2653F750-1742-4AF4-9FE5-9026F6CFD744,,,,,,,ODN0002195529,z,right_only
3E83C699-1117-4F0C-A615-AD86B99626EB,,,,,,,ODN0002195537,z,right_only
6B3EFD2B-72EA-469C-A5D8-404650CF6796,,,,,,,ODN0002195542,z,right_only
31276B54-6EAA-4A1F-A2CC-6E00E99CD1E6,,,,,,,ODN0002195562,z,right_only
27062B63-D223-4397-BF65-8FA6D246F87E,,,,,,,ODN0002195564,z,right_only
115170B9-55BC-43BD-ABAE-33C9C7AAE6B4,,,,,,,ODN0002195567,z,right_only
43B3D45D-722D-4302-85E5-455D9944E2A3,,,,,,,ODN0002195568,z,right_only
753E399A-B753-4121-A73F-F7C3260A320B,,,,,,,ODN0002195574,z,right_only
5EC1DE88-5E1B-4B37-B7AF-6FD775DDD050,,,,,,,ODN0002195584,z,right_only
CD1A3771-A1F5-41FE-9281-C66F7E541F35,,,,,,,ODN0002195589,z,right_only
C91781FA-D230-40D3-9E01-0E00DE364687,,,,,,,ODN0002195606,z,right_only
D0BAF307-5FF2-40A5-806C-3304DBAB1034,,,,,,,ODN0002195624,z,right_only
1A1D441C-2333-4A21-83FF-966927D82175,,,,,,,ODN0002195636,z,right_only
71F0638F-3DB0-4CB5-8AC9-28AF7C1BE898,,,,,,,ODN0002195638,z,right_only
06FCB572-E9F8-4018-B2EC-1B7FFEDC9E3E,,,,,,,ODN0002195658,z,right_only
B47AC7F6-AE2E-4175-9E4D-96E65748B2CC,,,,,,,ODN0002195664,z,right_only
DF75A8FE-170D-4AD3-8993-1555AC755B2A,,,,,,,ODN0002195672,z,right_only
FE7CE1E5-6D3D-4DCC-805A-F35E73F1166C,,,,,,,ODN0002195677,z,right_only
B9D6481D-EFDB-41A7-AE12-90719989C2EF,,,,,,,ODN0002195681,z,right_only
4E19B03F-D4E4-47B0-9C42-BDE4BC737F4D,,,,,,,ODN0002195690,z,right_only
1116E4DE-61C6-4867-ABC5-BE13054D11AD,,,,,,,ODN0002195692,z,right_only
1C1D29EB-4FE0-40CF-B901-F1F78B803A1B,,,,,,,ODN0002195700,z,right_only
90F8FA08-586D-44E0-B1A3-B89D7A7C5CD8,,,,,,,ODN0002195704,z,right_only
0509CBE4-961A-4437-B73A-9A7841238D3B,,,,,,,ODN0002195709,z,right_only
76CE635A-6400-4C1E-9BC8-4E531F2B52C2,,,,,,,ODN0002195726,z,right_only
62401811-7236-479C-A1A8-F8538B5146D4,,,,,,,ODN0002195728,z,right_only
9FBEF74E-408B-4EDF-A442-68C1D27939AF,,,,,,,ODN0002195733,z,right_only
B24317EF-C237-46FF-866D-9DB65F33323A,,,,,,,ODN0002195736,z,right_only
26630E59-F110-4DD3-B931-06E1FAD9CCE4,,,,,,,ODN0003728874,z,right_only
EAF49D9B-C640-40A8-A525-5D3355F4C2AE,,,,,,,ODN0002195741,z,right_only
762C4849-EAD5-47D3-935F-4B50ED459FBB,,,,,,,ODN0003728875,z,right_only
B3CB428B-6EED-4A02-B4C9-D1DE10976F61,,,,,,,ODN0002195746,z,right_only
307A7399-9952-40BF-967B-30E15C3998C6,,,,,,,ODN0002195747,z,right_only
E31D15E6-8930-4BF9-8600-15BD979FA796,,,,,,,ODN0002195752,z,right_only
8C8C972E-0C54-4F1E-92B1-88B54EF6DD30,,,,,,,ODN0002195765,z,right_only
7560E39A-C70D-42FC-AF48-5471329DFD23,,,,,,,ODN0002195813,z,right_only
CCAE5A1C-4F82-4449-A2FE-B2AF33E5B5E6,,,,,,,ODN0002195814,z,right_only
87DF5BAD-F46E-48B6-A8E3-3EA3A9E34261,,,,,,,ODN0002195842,z,right_only
8FFAAD3B-E5FB-4D2A-9C03-58DF6C76EA70,,,,,,,ODN0002195849,z,right_only
01751E34-EAA8-499A-BB4C-0BABC226B05A,,,,,,,ODN0002195854,z,right_only
84878D11-706B-4B25-ACF0-A7525515ADAC,,,,,,,ODN0002196008,z,right_only
751252E3-00D1-4CAB-BCBE-C5E65EB809E9,,,,,,,ODN0002196010,z,right_only
5401BC0C-11C2-423A-BEB2-70D2E7E0D124,,,,,,,ODN0002196020,z,right_only
28E5FDB7-06C8-490A-BD81-8FA868897384,,,,,,,ODN0002196024,z,right_only
72EEAF8D-2072-44E0-9070-B1B6EC53E303,,,,,,,ODN0002196038,z,right_only
722ADF3D-D46E-4459-B224-AD08A8551DEE,,,,,,,ODN0003728883,z,right_only
6FE00882-2306-40DF-AD49-4422281388C1,,,,,,,ODN0002196060,z,right_only
86139178-6E1B-46B4-99C0-E831D4703626,,,,,,,ODN0002196066,z,right_only
33F15E4C-BCB0-4E38-8590-B7CA5EE28920,,,,,,,ODN0002196072,z,right_only
F63963F0-366B-4ADF-930A-954CD9A2DB07,,,,,,,ODN0002196084,z,right_only
A14D1B68-617E-423B-85A3-5536CEA021FE,,,,,,,ODN0002196085,z,right_only
D23A6AF4-771C-4141-A980-A38C0319AF12,,,,,,,ODN0002196094,z,right_only
7C8E8D22-8BB2-42C8-83A1-78A1D3AD4A07,,,,,,,ODN0002196100,z,right_only
EE7F4918-6E69-4DF6-A332-41D3BBAE68AD,,,,,,,ODN0002196103,z,right_only
87AD7F2E-D65A-4B9F-8A15-30BBFB26B56A,,,,,,,ODN0002196113,z,right_only
221EA58E-AE5B-40FC-82AE-90DF7F1D5D6F,,,,,,,ODN0003728885,z,right_only
DAD47A98-C44C-4FDB-ADBE-5CFD86A8F01B,,,,,,,ODN0002196134,z,right_only
289CABF3-EE8B-42A1-A430-AA70EFC18812,,,,,,,ODN0002196147,z,right_only
F99043CB-C2CA-45AD-A255-9E59923BF02C,,,,,,,ODN0002196148,z,right_only
5DA3A9EE-8ED0-4A10-A74E-4684BE65F4C0,,,,,,,ODN0002196150,z,right_only
2A301527-12CD-48AE-A9D3-482AC236DB5B,,,,,,,ODN0005065744,z,right_only
E6006F4A-E268-4886-964D-9177B2C4431C,,,,,,,ODN0005065752,z,right_only
4E058E31-8D06-45DF-822F-68DB91FDB323,,,,,,,ODN0005065746,z,right_only
DC2A5CEF-D1AD-4252-9484-8358A97A437C,,,,,,,ODN0001531116,z,right_only
C7876C67-483A-4BB2-97D4-CB82E17709AE,,,,,,,ODN0000642456,z,right_only
C70FFC75-A9AA-43E5-BFF8-685C239C11F7,,,,,,,ODN0001070393,z,right_only
859D3338-BD6C-4DCD-B93A-2681D0457D39,,,,,,,ODN0000318807,z,right_only
DBADAD4A-FB24-4F67-83EF-6B3D26BB3E1B,,,,,,,ODN0001070997,z,right_only
AFA21DFB-1A69-47EA-B968-330078B591A9,,,,,,,ODN0004959781,z,right_only
D2E3A946-39B2-4A37-9305-64AD3A5A1D89,,,,,,,ODN0002533232,z,right_only
CFDB2EDE-5FFF-4423-BF1F-B8C82394D242,,,,,,,ODN0000720564,z,right_only
E44FEFBC-8223-4F63-AAFC-EE9FF5EDCD26,,,,,,,ODN0000611057,z,right_only
5CB724F7-9D13-4EFD-BE02-2484FF612F03,,,,,,,ODN0000611105,z,right_only
A0C7D264-C50D-4BDA-B017-2D8DC49AF4BD,,,,,,,ODN0002040523,z,right_only
A08B2B11-CD5C-4774-8E4C-951B0CFE37E9,,,,,,,ODN0000595491,z,right_only
D986E676-7DC3-4C6D-9C52-AA9E908D21AD,,,,,,,ODN0000595528,z,right_only
E80069C5-1AE1-48C4-A27A-F681922EA52E,,,,,,,ODN0001288524,z,right_only
9A907BDC-3E4E-40B2-82C4-6C93091A7EF8,,,,,,,ODN0001142334,z,right_only
C8ED91D6-A3C4-4B02-BB06-3850BE8658CD,,,,,,,ODN0001542005,z,right_only
9BF1536D-FE07-4C0E-A542-531E9B9C1930,,,,,,,ODN0001142337,z,right_only
870556AC-8374-41C3-B514-20D1C19EA5E3,,,,,,,ODN0000595839,z,right_only
EDB2BD9C-821D-414C-B642-91D701B0F8E6,,,,,,,ODN0001677597,z,right_only
5B424225-0D12-4C8E-85D8-76A805B6D746,,,,,,,ODN0001199639,z,right_only
EAFE8569-9152-4918-956E-B464C7ED079A,,,,,,,ODN0001166495,z,right_only
2AC60E6D-8D02-4CCB-A5A5-9AC8613CCB25,,,,,,,ODN0001299948,z,right_only
BBCC01A5-5ABF-4E2B-8A4F-A5CA3A343389,,,,,,,ODN0001325707,z,right_only
3220531D-AD9B-497E-967D-BC2546B81C28,,,,,,,ODN0001872621,z,right_only
011C973C-F3C0-4DC5-9C42-FC1684D7A091,,,,,,,ODN0001005322,z,right_only
B5A12DB4-A33D-40E5-9FA4-B2E9676946D0,,,,,,,ODN0001151325,z,right_only
270620E3-0BA7-4C7A-947F-0564B178D6E6,,,,,,,ODN0001308875,z,right_only
477FF032-1A5F-4FC2-ABD0-997577CB8E38,,,,,,,ODN0001337235,z,right_only
88049D42-F0CC-42F4-998A-95A104624EE5,,,,,,,ODN0001337236,z,right_only
11940147-2804-4676-BDBF-CCF7457247CD,,,,,,,ODN0000596241,z,right_only
CE0F1DB9-1D07-4F9E-ABF1-3913F946930B,,,,,,,ODN0001199646,z,right_only
881698B0-B81C-4F72-B7F3-658FF68A7173,,,,,,,ODN0001245774,z,right_only
6928B3DE-6443-4401-A23E-BFA87BB6E8EC,,,,,,,ODN0001998367,z,right_only
4E988312-DD38-4EBC-B5B8-F0DF46041B56,,,,,,,ODN0001337240,z,right_only
8575B658-83E7-4DA7-8116-76E92048BA0B,,,,,,,ODN0001299977,z,right_only
0701441A-8887-4A5B-B178-DB390987F94A,,,,,,,ODN0001507711,z,right_only
ED9CAA69-DEC9-413F-9060-F08E1D737A6F,,,,,,,ODN0000596770,z,right_only
B885CD00-A037-4903-BEA7-4431C7408C91,,,,,,,ODN0001542014,z,right_only
24F441D1-3388-415D-924C-FFEC08F4202C,,,,,,,ODN0001151343,z,right_only
9EC7CB8B-B4C2-4736-BAE2-355E48144DF5,,,,,,,ODN0000597018,z,right_only
36522BC4-8D07-467B-A148-3287B8FD0A0A,,,,,,,ODN0001166515,z,right_only
FF28B3BB-3655-46B1-81D6-FC8724BA67BB,,,,,,,ODN0001242930,z,right_only
81A7A64A-296C-4A92-8A47-60E96B8070E5,,,,,,,ODN0001199634,z,right_only
AEC28D36-4797-45DA-BDD5-EC6423ABE612,,,,,,,ODN0001181525,z,right_only
A5403B34-8928-455A-B793-17F38D9BFC80,,,,,,,ODN0001277529,z,right_only
EA492C44-6BD0-4DFE-BE2C-653514DCE795,,,,,,,ODN0001277535,z,right_only
CB86D8D7-5F26-49F8-B081-B2DD301401DB,,,,,,,ODN0001486991,z,right_only
35F4C7DA-8BC1-4D4A-B91F-56A5CA935F8B,,,,,,,ODN0001190212,z,right_only
390F33C4-9161-4A8E-8C9F-C3F1EBA34E73,,,,,,,ODN0001181526,z,right_only
FFAC0ADF-6CD1-4AFC-A2FE-9F03D82A1FE3,,,,,,,ODN0002030968,z,right_only
FC6D80F0-D0FB-4A7B-8B5D-7AD6DF0827DC,,,,,,,ODN0001337238,z,right_only
B9CFE3B3-68A7-4B78-B434-EB1C391C34BC,,,,,,,ODN0001998371,z,right_only
1B08B885-9DA4-4738-9077-1B02031FA0EE,,,,,,,ODN0001288546,z,right_only
B0FBEDC6-2A0F-4BE0-968A-4DEE18183BFE,,,,,,,ODN0001288547,z,right_only
3130C5B1-3066-47B1-B19D-343E4651C255,,,,,,,ODN0005037699,z,right_only
CFFF4FE6-41EE-4000-A1CE-3824344939A9,,,,,,,ODN0003750708,z,right_only
8B5EBE48-DBDF-4A40-B310-8964B8B4AA78,,,,,,,ODN0005037706,z,right_only
8EA35E1E-2C0A-4D25-9C58-40927F4305BE,,,,,,,ODN0005037718,z,right_only
7F3F3984-D5D3-4B18-915F-4D84F22A9EE2,,,,,,,ODN0005037708,z,right_only
2DAAD897-5640-426A-87CB-26219D4D5DFF,,,,,,,ODN0001012823,z,right_only
994D46FD-19BD-4308-8ADE-0D2784662929,,,,,,,ODN0002026553,z,right_only
8D8D215E-DA4B-4CA2-A651-A92CF59288E5,,,,,,,ODN0002188466,z,right_only
0691607D-87B0-434E-BE14-F4C9215B7739,,,,,,,ODN0001212168,z,right_only
F83A6FE1-C31D-4EB7-BA1C-D573D6AC0114,,,,,,,ODN0003628916,z,right_only
00465545-9485-4CFF-8884-9FBF8DB85DB0,,,,,,,ODN0000660293,z,right_only
D75297EA-B94D-4EFF-B2EC-037DC89937AE,,,,,,,ODN0003471032,z,right_only
3F9CFAD7-26A1-4D98-A862-402F056D561F,,,,,,,ODN0000657944,z,right_only
A14A4BC5-4608-46C5-8950-346EBC9B7F29,,,,,,,ODN0000673147,z,right_only
9224B352-6E0F-444A-A49E-BADE78BC5ACE,,,,,,,ODN0000652408,z,right_only
6BDA76D9-FF88-41EF-BD34-B12C36E1339F,,,,,,,ODN0000652488,z,right_only
DD4FA7A0-91F0-40A4-8FCA-FB12DFD10F6E,,,,,,,ODN0000767845,z,right_only
F5224A1B-F06D-4EF6-9066-90887BA9032E,,,,,,,ODN0000767847,z,right_only
6B94D8D4-F865-43CF-AD34-7AE4407BD054,,,,,,,ODN0004678841,z,right_only
015899F2-3983-4137-828C-75C3FB87DF7F,,,,,,,ODN0001811943,z,right_only
DE90F37A-8C55-4D3A-983C-2E77CE7122BB,,,,,,,ODN0003958648,z,right_only
38A4411C-E733-4BD7-BAD5-1911E73E73F4,,,,,,,ODN0005749628,z,right_only
F6D10857-4601-4C2D-B65F-93FC216A739D,,,,,,,ODN0005391889,z,right_only
03B71AB7-3B1E-4D7F-B4D3-633B8EFA0F66,,,,,,,ODN0005222126,z,right_only
4F78EB90-4E0E-4169-8424-16512856FEAB,,,,,,,ODN0005030037,z,right_only
714CA2EC-6C9E-4BA4-86E5-23FD286FEB0D,,,,,,,ODN0005030042,z,right_only
F6E11399-EFCB-4D7C-81F9-C1DBBB746CEA,,,,,,,ODN0000643678,z,right_only
7C6495E9-B592-4255-A9DA-F9520146E58B,,,,,,,ODN0002073489,z,right_only
828446B9-608F-4BA3-8DE9-474F88E4B60D,,,,,,,ODN0003696296,z,right_only
DA3BB554-B579-431A-9B21-74523704375A,,,,,,,ODN0003696301,z,right_only
5EE2E99E-741C-4C7E-AA91-326E8F97E729,,,,,,,ODN0003696399,z,right_only
95CA5B25-A962-4318-B315-FE44C442C436,,,,,,,ODN0005273027,z,right_only
EEEE111B-DE54-4202-8961-0D5C7324ED17,,,,,,,ODN0003075174,z,right_only
73FF51A7-1834-4E29-9E7A-B3FC304AE8EB,,,,,,,ODN0005273078,z,right_only
DC4E86C4-E088-47D7-ABEB-318A9DE429C4,,,,,,,ODN0003075295,z,right_only
4A75424E-9DFB-41E7-8790-E72090C5BD0A,,,,,,,ODN0005030713,z,right_only
21F2AA25-DF79-4B26-9593-066367B91DEB,,,,,,,ODN0003696088,z,right_only
2BA0953A-ED4B-41B4-8538-B2D152B80F2E,,,,,,,ODN0003696377,z,right_only
60A01D94-0286-46EF-9133-A9C93A693E75,,,,,,,ODN0003074439,z,right_only
1985EE50-083F-4D03-A0C5-2729A68DF0E4,,,,,,,ODN0003696217,z,right_only
F0999170-F152-4F50-80D9-2DC7ECDCFBB3,,,,,,,ODN0003074776,z,right_only
CD096E52-1967-4AD1-872B-7053EA3F27AB,,,,,,,ODN0003075036,z,right_only
85A0D508-C4EA-4992-B9DD-6A02F2826F0D,,,,,,,ODN0003075115,z,right_only
395019BE-51A4-4CF6-9335-C947ED815C1F,,,,,,,ODN0000645377,z,right_only
69E0FB46-E978-4FE6-8271-0D8725AE8DD3,,,,,,,ODN0001528799,z,right_only
DEFAE9B6-BF04-47A3-8773-DBB14316CCDE,,,,,,,ODN0000645422,z,right_only
6724F611-8B01-4324-A19F-F629EEAEE402,,,,,,,ODN0001900436,z,right_only
4F6C7F69-0301-41EF-A250-F509F78939CC,,,,,,,ODN0000643583,z,right_only
8AF419E4-11C4-40B7-B39D-BA44A78904AC,,,,,,,ODN0001011791,z,right_only
F492B234-58BC-424D-BA68-509E00D41E30,,,,,,,ODN0001395003,z,right_only
BB0E285E-F000-4ECA-9CF0-2EEA18207ADA,,,,,,,ODN0001011794,z,right_only
71F5108B-EA5F-46B1-A3C3-01A9FC381C8E,,,,,,,ODN0001395013,z,right_only
D98BFF1A-182E-464C-98F0-702DFC27EA1E,,,,,,,ODN0000648892,z,right_only
375DF92A-02FB-4ABD-9274-044A86262BBD,,,,,,,ODN0001900445,z,right_only
A0CB7516-E1AD-4C3A-ADD9-07662E27AB03,,,,,,,ODN0001395016,z,right_only
0A0A1F66-EACD-438F-BC46-A84991B5D79B,,,,,,,ODN0005030058,z,right_only
0D0D56D0-BC15-4D9E-9672-A82AC7C075E1,,,,,,,ODN0005030062,z,right_only
A765A7E3-D53D-4F45-9438-A6C55B9C6C07,,,,,,,ODN0005030528,z,right_only
B7F8E59B-E5A3-4B36-B932-6C179409E760,,,,,,,ODN0005030533,z,right_only
47E16628-31E7-4EED-9475-FB9649DEE2D8,,,,,,,ODN0003377908,z,right_only
A5C93176-9C46-4D97-8214-543B2DECA5EC,,,,,,,ODN0003377909,z,right_only
8900BB39-15F5-4CB9-B721-D2C5633340C1,,,,,,,ODN0003377911,z,right_only
817333E4-ACF7-4AC3-88DD-5065AFAEAC97,,,,,,,ODN0005030600,z,right_only
E645CB83-9E04-4D29-8D00-7D6CEDB880E2,,,,,,,ODN0005030607,z,right_only
71C86593-F8BE-4B37-96F6-453D88DE1DAE,,,,,,,ODN0005273040,z,right_only
F0516920-CBD8-49BE-86B9-F4A95409A0A6,,,,,,,ODN0005272784,z,right_only
14AF8177-AA48-4487-9CA8-3431063D207D,,,,,,,ODN0005030681,z,right_only
C3F4282E-A520-461D-AE26-99C9C9C65A4D,,,,,,,ODN0005272841,z,right_only
12474C47-A3DB-4EA5-A7F5-63E2A09F1DA3,,,,,,,ODN0005272852,z,right_only
A32921CE-6C4C-4F09-B977-2E3EA8904F79,,,,,,,ODN0005272875,z,right_only
09B45128-9B26-4492-97FA-C1FEA19834BC,,,,,,,ODN0005030463,z,right_only
994A68A7-C5B9-4EE9-B0B0-8DE139B62419,,,,,,,ODN0005030685,z,right_only
44990EA9-1AE5-49D5-A781-D9F7FD56A179,,,,,,,ODN0005272933,z,right_only
CE716A90-6630-4D5F-9135-E0E39CB74C4F,,,,,,,ODN0005272944,z,right_only
B1AA9822-2EF2-4E09-9928-7AE47628BC59,,,,,,,ODN0005030692,z,right_only
7CF7C0B8-39F8-4E15-AECF-8C229CAC354C,,,,,,,ODN0005030694,z,right_only
44F777B2-487D-4A02-92F4-7377C9BB1A83,,,,,,,ODN0005030653,z,right_only
68B54AF2-83D9-4154-84C4-3C5B5F706C0D,,,,,,,ODN0002479482,z,right_only
038AF1EB-F81D-4FFE-8DCE-C4D369458E23,,,,,,,ODN0000645387,z,right_only
192BB1DF-90C0-4F09-BFB8-54493744EFA1,,,,,,,ODN0000649587,z,right_only
DA71B0A7-4EEA-4E8C-8F6F-5B0A87DD4BE2,,,,,,,ODN0004503673,z,right_only
DADE06A4-F97E-4D44-A34F-BF6B41A64C53,,,,,,,ODN0004541575,z,right_only
1F8B2C7F-2385-4508-9B13-13D3DB888E2F,,,,,,,ODN0002983109,z,right_only
06B884BF-8888-469F-AF64-7EC397117B65,,,,,,,ODN0004756539,z,right_only
F9217B2C-98AB-4A66-96FD-56BBCC336FB4,,,,,,,ODN0004732151,z,right_only
B65A810A-A1D4-4868-8270-0C72A205165B,,,,,,,ODN0005214790,z,right_only
23F1E93C-32ED-4993-BB86-DD7551009FAA,,,,,,,ODN0005214794,z,right_only
AB997F21-0C3F-420B-A24E-D6422863C170,,,,,,,ODN0005214795,z,right_only
DB2DE46A-8E0A-40D7-BFAC-D4FEE8992D4B,,,,,,,ODN0005214796,z,right_only
2A8C78EE-6313-4921-95C4-98FB6ED0CE23,,,,,,,ODN0002718644,z,right_only
3EB871DD-9D13-459C-B000-CF460844F808,,,,,,,ODN0002718645,z,right_only
A7D017EB-D44B-4CEC-9ED6-BBE279C70299,,,,,,,ODN0005214804,z,right_only
767E8CF0-4029-431C-B0F8-89D2AA5D44F1,,,,,,,ODN0005214805,z,right_only
5B032DB1-0894-4772-927B-AA6B6C0BF220,,,,,,,ODN0002718646,z,right_only
54181516-DD8F-4B0E-BC9D-33A7DC84FA3F,,,,,,,ODN0002718647,z,right_only
E171A952-F067-4D6F-B256-1B0B9E99FDCA,,,,,,,ODN0005214808,z,right_only
973C0D36-6FCC-4A45-8A39-915B91535467,,,,,,,ODN0002718648,z,right_only
429E3964-D8DA-4E73-A535-2D50123A43AD,,,,,,,ODN0005214809,z,right_only
06701EA0-D663-4F38-90A5-29FB9B999256,,,,,,,ODN0002718649,z,right_only
A6CE9A58-FF7E-4F27-BE5C-FA4CD1ACC729,,,,,,,ODN0000713240,z,right_only
A22C8CB6-B324-4EAA-92F6-46BA57288180,,,,,,,ODN0000713315,z,right_only
FDE83598-BCC9-49C4-ADA3-042B58CBA495,,,,,,,ODN0000713460,z,right_only
DCE3F5D7-6480-4649-9389-AE5B490FEE67,,,,,,,ODN0000713594,z,right_only
2B4CF1BE-10AE-45DC-AEEE-FCE32DB6FEFF,,,,,,,ODN0001405028,z,right_only
F67B0984-2691-4A06-9487-A22064E6D287,,,,,,,ODN0004816985,z,right_only
1FAF3E54-CC67-42E3-BE7E-CD74F817ECA4,,,,,,,ODN0004816987,z,right_only
6C90EFE6-BDEE-4C5E-8854-041DA4A21D99,,,,,,,ODN0004627687,z,right_only
221803A4-B3ED-4708-A76C-06179067CD41,,,,,,,ODN0005357914,z,right_only
C82C66D2-67C4-4AB5-82DF-83A28F216BEA,,,,,,,ODN0005775210,z,right_only
BDC3BB1F-0EF6-43EC-9A68-E104CF84EFE8,,,,,,,ODN0003647414,z,right_only
1293EF77-3767-4273-85C9-4B39A393D8F0,,,,,,,ODN0003285205,z,right_only
3C4AE664-B2C4-4952-87CC-28A0EB92AEC1,,,,,,,ODN0001511331,z,right_only
1DCC3AE7-DF8F-48FC-8011-8285B8BDF42C,,,,,,,ODN0001511093,z,right_only
140D7420-0E85-4568-9B83-23A363F4070F,,,,,,,ODN0003390502,z,right_only
2D0B88BB-361D-41D2-BD23-FF5BF1028649,,,,,,,ODN0003376765,z,right_only
7145E765-A451-4C02-BD4D-014AC609234C,,,,,,,ODN0004168684,z,right_only
BF33EDF0-9A17-4E78-9973-ED93C3EF4FC9,,,,,,,ODN0003391945,z,right_only
F988D6DA-9F0F-46C2-AB6C-4FBA8360068C,,,,,,,ODN0004623875,z,right_only
62BED168-C8AC-4846-B641-3C1D9D58622A,,,,,,,ODN0004505303,z,right_only
6B50775D-1BCA-48C2-88B0-9DCCEFDAF4B4,,,,,,,ODN0004623996,z,right_only
86824DDC-5D6D-48F9-AF51-75296617FEE4,,,,,,,ODN0002149399,z,right_only
A9813D2B-A02E-4B88-A432-43F2543E960B,,,,,,,ODN0004473648,z,right_only
5015F5D5-2631-4667-B38C-C5419570E5AD,,,,,,,ODN0005444799,z,right_only
35596FBF-A1A1-49A8-850E-07E6F6998778,,,,,,,ODN0003949942,z,right_only
317928A9-9F6F-4C78-A7F8-403BFFFB1B95,,,,,,,ODN0005444801,z,right_only
3DD4B92D-328B-47C3-8FED-3C720865C8B9,,,,,,,ODN0004841717,z,right_only
3E67AD84-9EFF-478B-B774-7AA479A91FC2,,,,,,,ODN0004624117,z,right_only
7C7EDE10-5B06-4A77-A89F-F786A6D5B85D,,,,,,,ODN0003949950,z,right_only
8F4D473E-9FCC-433E-A748-479EC7688ED6,,,,,,,ODN0004819413,z,right_only
E3454537-FE31-4199-91E1-C19BECF47424,,,,,,,ODN0005031496,z,right_only
25F05074-D649-448C-AF25-7FDBD2D70C02,,,,,,,ODN0005284830,z,right_only
BDDE0745-99FB-4AEE-846B-FA376DD01464,,,,,,,ODN0005031499,z,right_only
0457FE13-4BC1-465F-991E-0540D95CF289,,,,,,,ODN0003949956,z,right_only
7B8A3E4A-89FD-40FF-966F-D2E441827BF0,,,,,,,ODN0002012789,z,right_only
3C58D5C4-4CB9-4815-AFC2-7926CF9CCA4D,,,,,,,ODN0005429069,z,right_only
2A482850-73A3-4039-846C-7FC82749477B,,,,,,,ODN0005444657,z,right_only
A753B40F-5843-407E-AA86-56D395444083,,,,,,,ODN0003610542,z,right_only
6C8DAA4A-231E-4DDB-B529-A4C410D7F30F,,,,,,,ODN0002902295,z,right_only
8A7F7EC0-FB64-4525-801E-736E59DF1B19,,,,,,,ODN0005062952,z,right_only
7FE0055C-4A2A-491A-A47B-B6B42C36104F,,,,,,,ODN0004287765,z,right_only
97716BBA-99C0-4FAE-A7F9-664BB2C4A746,,,,,,,ODN0004473804,z,right_only
CBE02613-D3D5-4A1B-A8BF-EF4AE3F6B182,,,,,,,ODN0003949953,z,right_only
D084EB1B-AC83-42B2-B028-50CBE0D5338A,,,,,,,ODN0003949954,z,right_only
517C1975-EB30-46D6-AF74-2D1C77954575,,,,,,,ODN0005772211,z,right_only
37417595-55A3-4072-8437-9539E21C8DE2,,,,,,,ODN0001072067,z,right_only
67618A6A-72F7-44A3-B27A-A04541D2238C,,,,,,,ODN0001346669,z,right_only
B122678F-91FA-40F8-A68B-94EBF2C03862,,,,,,,ODN0001347824,z,right_only
F365CB30-ECE4-40FB-AFAE-1D4D1649831C,,,,,,,ODN0002028093,z,right_only
5B4B9A70-B9FF-482F-B0B4-FCBE7B9874DE,,,,,,,ODN0002144776,z,right_only
05E16494-2894-4992-BA01-90F8E22DFBD7,,,,,,,ODN0005334953,z,right_only
141F6ECF-72D4-43FC-BF8C-E81CB0D799BC,,,,,,,ODN0005444798,z,right_only
4E165BE7-3DE9-4772-BB87-F64EFE2DEA0C,,,,,,,ODN0004819414,z,right_only
8EEF080E-0068-4A67-8FE2-625C4B6F810E,,,,,,,ODN0004841099,z,right_only
D42C6D91-9CE1-400E-98A3-AA4BAE3D5C3B,,,,,,,ODN0005676825,z,right_only
B4004FE2-D6A5-4F8E-9EFF-B3CD02233B10,,,,,,,ODN0004336373,z,right_only
4DF98E0E-3EB1-4642-B118-CB48457D84AC,,,,,,,ODN0004819400,z,right_only
EC716183-8413-4E7B-9DA4-C492B76FB267,,,,,,,ODN0004758585,z,right_only
60A8B71E-705C-4603-945D-EFD4FB6140D2,,,,,,,ODN0003974672,z,right_only
2213E622-6AA4-4670-AF9A-017547F9D32F,,,,,,,ODN0004267908,z,right_only
55A4E6A3-3D32-4763-8ED3-B42919EC1965,,,,,,,ODN0003620184,z,right_only
0FD245A1-36B7-4EDF-8077-40FC39671CEB,,,,,,,ODN0004188409,z,right_only
90710052-883D-4F92-99A8-51969272F912,,,,,,,ODN0004188413,z,right_only
3B337FE4-608C-4187-B32E-46872C699738,,,,,,,ODN0004045996,z,right_only
F3F05AFA-8B27-45D9-9A17-5BCC14AFFD2F,,,,,,,ODN0002891058,z,right_only
5E372790-19D6-431B-9C1D-FAED905C9F76,,,,,,,ODN0002422601,z,right_only
546D7497-2893-44DF-8787-242C8641C29C,,,,,,,ODN0003513324,z,right_only
37D393E4-868F-40D9-B990-426097E1CEE7,,,,,,,ODN0005208846,z,right_only
8C6A0DC4-D720-4D82-871D-ACAD5877687F,,,,,,,ODN0004633408,z,right_only
8FA4B38F-9350-4CB0-8CB7-097515433FF5,,,,,,,ODN0004634243,z,right_only
F238949D-2677-4574-82D4-CBE6A62AA5E2,,,,,,,ODN0002969712,z,right_only
85F8CA77-1CC0-4B52-8BEE-10FF54F9D878,,,,,,,ODN0004623851,z,right_only
F3CA715E-4B5D-4E06-B6DB-F9A073D939B0,,,,,,,ODN0002671456,z,right_only
CA101229-A42B-4E48-86C1-5FF27152CFEA,,,,,,,ODN0004819337,z,right_only
10300057-C0C9-4120-A17D-945784C22128,,,,,,,ODN0004898752,z,right_only
1D4BCD31-CD90-49F7-AAEB-87710D13C16C,,,,,,,ODN0002476315,z,right_only
B6F81BE5-3A0A-4A6A-A413-455447AEB650,,,,,,,ODN0005751252,z,right_only
0693CF82-F198-46F9-827F-D8F05D44993C,,,,,,,ODN0004895563,z,right_only
1B1EA7FD-6AAE-4F81-8CA0-B9F164D9022C,,,,,,,ODN0005308332,z,right_only
E3DB4030-56F5-4FFB-9A68-0D209A42EB74,,,,,,,ODN0002022173,z,right_only
70D05023-71B7-49F2-B607-46586E8A62B6,,,,,,,ODN0005450706,z,right_only
EA706590-780B-47C9-92B7-188C5169F511,,,,,,,ODN0001509352,z,right_only
C99F8E3B-077B-4672-9F90-EA1C6B65F949,,,,,,,ODN0005673937,z,right_only
3F9AFCEC-EB28-484E-A888-76C1044AF83B,,,,,,,ODN0005018746,z,right_only
6FFAA605-58A6-42F0-858D-30743316595B,,,,,,,ODN0004666283,z,right_only
68BCBB47-722D-4445-B497-385A659C71AC,,,,,,,ODN0000723523,z,right_only
21AF9F3E-9F07-4681-A22B-419241479106,,,,,,,ODN0002024032,z,right_only
070D242B-23EA-47DD-9B9E-A414AD18FE0D,,,,,,,ODN0002702310,z,right_only
F5E1C611-C00B-4AE6-8A14-E7C421DB3CFB,,,,,,,ODN0005087138,z,right_only
2A0E2731-202F-49CB-A35A-CF6BD2B2E00A,,,,,,,ODN0004516957,z,right_only
DD6BD071-EE3D-4192-83D0-0784ED863C61,,,,,,,ODN0000776607,z,right_only
3CC13EF7-6D21-440F-AB4B-8F6839720339,,,,,,,ODN0004745935,z,right_only
769FDB69-8E5C-4B61-AD5C-88904C5F227D,,,,,,,ODN0004058187,z,right_only
FC59E583-907A-4417-8742-D90DE89C9618,,,,,,,ODN0004156031,z,right_only
E0A6E168-E585-47EE-B11D-BF6AA7CDFD3D,,,,,,,ODN0003163010,z,right_only
7E6FB687-7D66-4EC5-BED6-416AC8F66102,,,,,,,ODN0003035792,z,right_only
916F85ED-17E7-4461-B5B5-B0C2C74D6E16,,,,,,,ODN0002996715,z,right_only
BC478CD2-67FF-44F1-B53B-87F4F77FCD80,,,,,,,ODN0003035795,z,right_only
D17B23F0-D530-4FBA-B993-60741905ACB8,,,,,,,ODN0002996718,z,right_only
29130FD1-29E0-4CB5-A44C-C1D730DF9933,,,,,,,ODN0003035796,z,right_only
B6869043-F8E1-4723-8618-DA5E8BEB39D2,,,,,,,ODN0003595102,z,right_only
B0D4F6B7-6B0F-4597-B16A-01C99B882B4F,,,,,,,ODN0003595103,z,right_only
73DAF302-7809-4C36-BF80-32A133ECB037,,,,,,,ODN0003595104,z,right_only
A525875F-1BDA-46A1-9944-EC12AD763F33,,,,,,,ODN0002996719,z,right_only
7C7ECE77-A105-46A2-9120-744FF77FC10B,,,,,,,ODN0002996722,z,right_only
C7AF1A70-B802-4B10-8D3C-E38267EAA409,,,,,,,ODN0002996725,z,right_only
14C04B61-9950-4299-AA35-F99A9E5F9D00,,,,,,,ODN0002996726,z,right_only
252EFFF4-F305-4734-AFC9-CE32BF7C7B49,,,,,,,ODN0002996728,z,right_only
19C9C27B-4A4C-4358-9BA5-E8A97A3E3B1D,,,,,,,ODN0003035799,z,right_only
337126F9-CAEB-480D-92A0-B2CFD0B925A9,,,,,,,ODN0002938063,z,right_only
A86052E8-6672-4279-BB79-C1A85A8AC641,,,,,,,ODN0002938065,z,right_only
C82CC9B5-BCC9-4BC8-895B-FC6B5F3A5094,,,,,,,ODN0002938066,z,right_only
F5D75082-9609-4507-AC8C-5FE68C378436,,,,,,,ODN0002938067,z,right_only
F4879642-ED6F-4E77-844F-C2C5939A26F7,,,,,,,ODN0002938068,z,right_only
3CB6DD10-0A42-456D-8464-8396602064B9,,,,,,,ODN0002938069,z,right_only
01391624-7EAC-4237-A6AB-84E1CF9285BF,,,,,,,ODN0003035800,z,right_only
52029C44-122E-4FD4-B169-6F0EB2372F67,,,,,,,ODN0003460985,z,right_only
0325D204-97DF-4A2A-80B4-EC8CFD1DB524,,,,,,,ODN0003163015,z,right_only
366F0484-F473-4246-BCC0-F4EE828E6317,,,,,,,ODN0003163018,z,right_only
ECB63D80-CF8F-43DC-93A3-D362BA2D1C31,,,,,,,ODN0003163020,z,right_only
350A0B6E-E0B4-4EF1-A88C-0CBAF5F2292E,,,,,,,ODN0003163022,z,right_only
297DF2D0-2671-4791-A478-2169355F3E7B,,,,,,,ODN0003163023,z,right_only
BA4F9C36-1635-4FFD-B53F-A13711E32928,,,,,,,ODN0002996730,z,right_only
8D79D9FB-7BE8-4324-B871-217B989F4575,,,,,,,ODN0003163024,z,right_only
C5B3A645-D6B6-4D5C-9497-7B73B5CD8A34,,,,,,,ODN0003163025,z,right_only
E4B6C3A8-2C07-4A0B-82F6-9441AD289CD2,,,,,,,ODN0003149123,z,right_only
42E7E1AF-209F-414D-AA71-6D5F93E8EF7D,,,,,,,ODN0003460987,z,right_only
1C98B200-334F-4801-BAB2-2F07570BFA4F,,,,,,,ODN0003460989,z,right_only
F381210E-212B-4712-BA59-DA2D8A560A7B,,,,,,,ODN0003460990,z,right_only
13BA2DA4-4A94-4B3D-BE0E-8BC756BD6273,,,,,,,ODN0003460993,z,right_only
B6138348-E193-4B47-AC01-D7CB54C52F74,,,,,,,ODN0004888626,z,right_only
BEDBCE02-2948-44F0-90F3-4AE2F270559D,,,,,,,ODN0003460995,z,right_only
0ADB3E4A-1CDE-4A21-A34E-193A2FF078B9,,,,,,,ODN0003460997,z,right_only
AF2B84F1-13EE-49D1-A188-75D5F8B58ADC,,,,,,,ODN0003460999,z,right_only
7173C65A-A47E-43C4-9CC2-7DC38D7713BD,,,,,,,ODN0003550763,z,right_only
7A317248-C401-4A2B-8CC1-FA0A95615035,,,,,,,ODN0003595111,z,right_only
D39A1560-D007-4F96-9438-A5652B25C8C6,,,,,,,ODN0005118937,z,right_only
0FD91D21-1368-41A3-A38F-541469F9D088,,,,,,,ODN0005118938,z,right_only
8BD51071-2977-47B8-B733-35509CDD4A27,,,,,,,ODN0005118939,z,right_only
DFD00DC0-8BA9-4769-BA11-C810D39F693C,,,,,,,ODN0005118936,z,right_only
A5E9D606-C133-4A2E-822B-5EA742BC39E0,,,,,,,ODN0005118940,z,right_only
4F95A34E-BAF1-4227-8080-F9257C612E30,,,,,,,ODN0005118941,z,right_only
32C0E540-17DD-495C-92CA-A89E83259631,,,,,,,ODN0005118942,z,right_only
4CD6BC89-3650-456A-91E9-9D351DB76034,,,,,,,ODN0003018258,z,right_only
B89DA412-99F4-47A6-9025-E59FC56BCDFC,,,,,,,ODN0003595116,z,right_only
926206DC-A858-4714-9E8E-E6369BE07C1B,,,,,,,ODN0005368257,z,right_only
27BB04E5-B01C-44A1-BC27-E54263C12845,,,,,,,ODN0003595118,z,right_only
BE981759-1AA0-43A6-BC2C-533B6FEC30FA,,,,,,,ODN0005368258,z,right_only
D8B076C0-4F47-40F3-912B-3CA963AF5929,,,,,,,ODN0003595119,z,right_only
BCABEBF6-887D-441D-BA87-4612AC5FB71B,,,,,,,ODN0005368259,z,right_only
05F9FF75-AB4F-4783-8F9A-7E56FC82B8E0,,,,,,,ODN0003595121,z,right_only
B5CBD0CE-79C9-4A9A-BB9E-E60E883A14F0,,,,,,,ODN0005368260,z,right_only
F3E263CC-7102-4E5F-9A52-CE92E710F604,,,,,,,ODN0003595122,z,right_only
C99FD70A-FE0B-4279-AAB8-DD4F95614460,,,,,,,ODN0003614125,z,right_only
9992B716-6F08-46BC-A89A-88262250CE89,,,,,,,ODN0005368261,z,right_only
CA6747D9-CD52-4BBC-B799-D9BBFD5224EB,,,,,,,ODN0003595123,z,right_only
2A2A4034-308A-4B23-985D-8CF47C478CE8,,,,,,,ODN0005368262,z,right_only
1A968863-5693-4545-A3B0-B77DE5E808B8,,,,,,,ODN0003595124,z,right_only
4115F14B-6B1B-41AA-845C-94F8474EF3E4,,,,,,,ODN0005118957,z,right_only
ACC8C7E3-1BBE-4AB4-885F-A23F7FD1B8A4,,,,,,,ODN0005118958,z,right_only
9EC4B9F3-C375-4EDC-A4BE-56125557CFBC,,,,,,,ODN0000963970,z,right_only
3365F951-FFCF-4A5E-99E4-FC00FF1A8A46,,,,,,,ODN0002529159,z,right_only
06317EC5-725E-407D-A169-86CC90B9B454,,,,,,,ODN0000963620,z,right_only
BFBE7FDC-3E6E-413A-ACD3-98DBADD639A6,,,,,,,ODN0002686184,z,right_only
B0E66D5E-8382-46A1-BC11-906A49EA939A,,,,,,,ODN0005428685,z,right_only
9448761B-798A-422A-A2FA-058867124A3A,,,,,,,ODN0001986826,z,right_only
0B47EABB-7AE6-43AD-82C7-4E0EC289D767,,,,,,,ODN0004837015,z,right_only
39B3E420-B645-41D5-8C77-F9C4A57FA8E1,,,,,,,ODN0004837021,z,right_only
D3CE7C4E-9A36-4B26-8D26-F62CA7EBD626,,,,,,,ODN0004837036,z,right_only
22BBA653-0373-4AA0-9A9D-EB6AB6D6579B,,,,,,,ODN0004871023,z,right_only
2288E619-D8CF-4CC8-BB0F-A33DFC31F337,,,,,,,ODN0004461862,z,right_only
3017251B-52DE-433E-B14B-ACE66C1E5349,,,,,,,ODN0003190820,z,right_only
2403BADE-0297-4422-B6B7-2981E9A50422,,,,,,,ODN0003163750,z,right_only
6A348EB8-0E88-458F-8940-43C0068E3A70,,,,,,,ODN0004577327,z,right_only
473F5147-12FA-4E92-9B86-95A6AC16ADF0,,,,,,,ODN0003711056,z,right_only
97E0B1FF-5FA2-4F0E-8FC8-436E66786008,,,,,,,ODN0005526698,z,right_only
1CBFEEEF-5A9B-4E0E-B325-EF62FFC5E2B1,,,,,,,ODN0005526717,z,right_only
F79ECC73-3488-45C6-8581-C1DB2C151FF8,,,,,,,ODN0005540242,z,right_only
DB314A8A-C0BE-4E6E-977B-6DD68023F72C,,,,,,,ODN0005493737,z,right_only
99E6AD80-279C-44A5-9E0F-E9F65AB8410F,,,,,,,ODN0005493997,z,right_only
B7D7851F-6910-46D1-95CB-388B08F93CB7,,,,,,,ODN0003875794,z,right_only
69A9A73D-BF64-4C91-BBA6-83E5745111FD,,,,,,,ODN0003917493,z,right_only
B9F2A40F-9910-4354-8422-60219C3308A4,,,,,,,ODN0003277459,z,right_only
AC45F47B-F64E-4394-9FCA-1E1BF3BCF670,,,,,,,ODN0005514789,z,right_only
186DB933-1ECD-4DC7-B3B6-8FD8DD598627,,,,,,,ODN0002962295,z,right_only
FC2938D9-E8EB-44E7-B056-9DECBDBB05D1,,,,,,,ODN0004075526,z,right_only
1A5C7ADF-5BE2-414E-8E21-07355E70F0CE,,,,,,,ODN0005514848,z,right_only
926BF290-806A-46D4-B2A4-658D75B9F859,,,,,,,ODN0004102981,z,right_only
CF26F20A-B4D0-487C-95EC-612F5E4799E3,,,,,,,ODN0004636031,z,right_only
E0FA4220-313D-417C-B6ED-469C7662C34B,,,,,,,ODN0003893352,z,right_only
9297F677-884B-44DA-8BBC-0C07A1D3538B,,,,,,,ODN0003944630,z,right_only
9F86AA95-D748-40CA-9539-DAC666C154AF,,,,,,,ODN0005072141,z,right_only
407755E4-D116-483A-BB01-0A71A8D17899,,,,,,,ODN0003270927,z,right_only
FA409C93-45F3-4A95-943F-080CF32E5C5B,,,,,,,ODN0003785475,z,right_only
F8884EFC-E91B-4A8F-9558-037F7CDBDA04,,,,,,,ODN0004685440,z,right_only
8CBA11C2-E955-4AB8-8CA5-A413D66640DC,,,,,,,ODN0005465708,z,right_only
5902AD10-DA1C-4385-8612-736B96446C31,,,,,,,ODN0004186473,z,right_only
F6CE8185-F1C7-4037-908E-9FB621034B9F,,,,,,,ODN0003052390,z,right_only
452D4858-1905-46A5-8D83-776E78600EA7,,,,,,,ODN0004862972,z,right_only
3D3204DF-22B4-42EA-85F9-9CBACCCBA965,,,,,,,ODN0005540399,z,right_only
C8AC9ACE-9B4C-4097-B5E3-B52FA2EA42FF,,,,,,,ODN0002456918,z,right_only
6CA18FDE-2139-497C-83FD-985A4EEDB7CB,,,,,,,ODN0003917414,z,right_only
0D846D49-C7C8-492F-9384-4453F9627C67,,,,,,,ODN0005236283,z,right_only
2D0E04C2-EF30-453F-803B-07066C1A5FEA,,,,,,,ODN0005292303,z,right_only
F14861FE-EFB0-4929-BC48-E49855A41595,,,,,,,ODN0005540299,z,right_only
016F801F-6C8E-4834-BAD4-9A76C2C6F193,,,,,,,ODN0004523003,z,right_only
EE38D35A-AA6A-4356-9EAB-B965A2E8A65E,,,,,,,ODN0005540243,z,right_only
80CAC9B1-D1F4-4DD6-96D1-47A2675CECD7,,,,,,,ODN0005526800,z,right_only
7BD5033D-80C0-40FE-AD86-538F765E24D3,,,,,,,ODN0005526808,z,right_only
382A5F00-A060-43EB-8197-0DDFEEB398AC,,,,,,,ODN0005526847,z,right_only
5EF21600-2667-4199-B9A6-58CFB187BDE7,,,,,,,ODN0005526849,z,right_only
10E11F8A-551A-4498-B617-DF8E17333672,,,,,,,ODN0005526879,z,right_only
374935E7-2DAF-4B04-B665-2DC4A5B6F49D,,,,,,,ODN0004870968,z,right_only
4445B671-D4F4-47D8-9BB1-5FDF170969DE,,,,,,,ODN0005494017,z,right_only
3A757AA8-D891-46D4-B84D-7D1E1D5B761A,,,,,,,ODN0002540129,z,right_only
E1FBCE42-8525-4AD7-B4B8-B475698A3A9C,,,,,,,ODN0002930005,z,right_only
E9964BF1-997C-4F10-9727-2268D49B5587,,,,,,,ODN0002858574,z,right_only
7351E506-BC28-45FF-AC50-2F718FFCAF41,,,,,,,ODN0002453850,z,right_only
542CB3DB-3C3E-428A-A8A1-085889FD5B44,,,,,,,ODN0005025721,z,right_only
76229B2A-AD99-4116-977A-57E1202A23F2,,,,,,,ODN0004075798,z,right_only
B053D240-23BC-4F13-AF74-8085E26936A3,,,,,,,ODN0005514762,z,right_only
76364C2C-70D5-4FD8-99B8-5E3E09B1184C,,,,,,,ODN0003342560,z,right_only
73076711-AFC0-4314-A6E7-D21CE7DCDB12,,,,,,,ODN0002855723,z,right_only
90CCDF3B-3807-4397-A596-70BBB41B797E,,,,,,,ODN0005540422,z,right_only
CA179C6D-3CAE-41CA-843D-020DC890F203,,,,,,,ODN0003239080,z,right_only
DA731521-3FEB-42CE-8C40-5281D9DF86EF,,,,,,,ODN0004625726,z,right_only
B64BE6D4-FDE7-46DC-B66E-609EBCD57476,,,,,,,ODN0003785486,z,right_only
B851DA4D-DB34-4743-8DC4-8D0B609FF6FC,,,,,,,ODN0004379755,z,right_only
BBEC935E-04B7-492E-AC2F-84952CB98E84,,,,,,,ODN0004532661,z,right_only
C19EBC00-01B7-4C54-8F77-5D001008E2AC,,,,,,,ODN0005514927,z,right_only
5F52FFDD-E8EC-40D6-B7E9-1F2F46919136,,,,,,,ODN0003752189,z,right_only
C07349F5-2D9C-43EF-A6E8-0E35DCD18906,,,,,,,ODN0005236447,z,right_only
C7F6D759-AE94-41C4-B59E-77B441990929,,,,,,,ODN0003122831,z,right_only
ECB71254-96E9-4FF0-ACA1-3981B279C1D5,,,,,,,ODN0005540301,z,right_only
197E4DD2-DA83-4923-B1EE-C7AEC1F2EE5B,,,,,,,ODN0003072745,z,right_only
E5F9727E-B2D9-4686-94DA-1124EA965CA0,,,,,,,ODN0003744045,z,right_only
AE7EF3D8-B413-4D3E-8F3A-03223DF98F37,,,,,,,ODN0004052318,z,right_only
A3DE6CB8-9212-468E-B3A5-5F33B9182A34,,,,,,,ODN0003944345,z,right_only
FB965814-D3BB-4FB0-ABDB-D1BE45665404,,,,,,,ODN0005540274,z,right_only
ADCA8C81-3996-4C9D-987A-CA1C0D7DA534,,,,,,,ODN0005540227,z,right_only
D7CF30F3-6EE5-4BB2-BCA2-6ED334A06358,,,,,,,ODN0003978664,z,right_only
2727D066-B4A5-4BCE-B4C9-42C97BED02F4,,,,,,,ODN0003785558,z,right_only
4B4E796C-0D6F-41D9-BB6D-183168603A13,,,,,,,ODN0003785559,z,right_only
938C9518-D0EF-47F4-8D99-9D701BA310D5,,,,,,,ODN0005526740,z,right_only
7403B321-8764-47A7-BC84-3202AE38CFEC,,,,,,,ODN0004343336,z,right_only
ADFBED6A-2833-4985-92B6-A93FDE770A6F,,,,,,,ODN0004388848,z,right_only
D90C41D2-43B0-484A-AC0D-C180FECA145E,,,,,,,ODN0005395842,z,right_only
D07D3264-AE4E-46C6-9356-C3A063B19308,,,,,,,ODN0002574033,z,right_only
1DEEC1C0-004F-465E-BF79-023D5137D202,,,,,,,ODN0002598492,z,right_only
7181F6BF-B0BE-47DD-A1D1-09E8EAA7A473,,,,,,,ODN0002502322,z,right_only
C9C360DF-61BE-4E56-AA69-6B08FA36FD27,,,,,,,ODN0005540447,z,right_only
E9233614-9F42-4D6F-881F-E8C0610D8B5F,,,,,,,ODN0003323196,z,right_only
53F64BAF-E9C0-4CF5-B6DC-5C40B40238AB,,,,,,,ODN0003052466,z,right_only
A31E30F7-AECB-47A2-88D1-29232CD90C4D,,,,,,,ODN0005526689,z,right_only
F18BAFC0-1183-4AA8-92D5-0632C9106BE8,,,,,,,ODN0005465706,z,right_only
C1A32623-62D7-474E-B49F-9F521F3D86C9,,,,,,,ODN0004991201,z,right_only
69FD2EB4-3603-414C-AE84-CF71D5A994E6,,,,,,,ODN0005494289,z,right_only
C0A48888-8075-4FCD-9F49-7C13FD470C7A,,,,,,,ODN0002427170,z,right_only
6E82458F-91F7-4096-B1A7-8EAD119C1092,,,,,,,ODN0002910130,z,right_only
7B5E3B9C-37B5-4AFD-8432-3C518C46883F,,,,,,,ODN0004052333,z,right_only
23B95495-48B8-4EE0-B83E-15CADE288ACA,,,,,,,ODN0003710819,z,right_only
B338D266-D376-4626-8949-0B9041817E0A,,,,,,,ODN0003710910,z,right_only
FA48AEF5-4223-4690-8531-FFE68406725D,,,,,,,ODN0003686077,z,right_only
BE16771B-8F8E-4BFB-B7B1-51E388A808C6,,,,,,,ODN0003052368,z,right_only
70203690-E841-4C3C-B0A0-2F4B8E8C34B2,,,,,,,ODN0003088730,z,right_only
5E06960C-F196-43D1-BD25-28E5899771B0,,,,,,,ODN0003323069,z,right_only
B494E908-3F50-4552-A76B-94DA449395A1,,,,,,,ODN0005448892,z,right_only
F9E314D7-2C0E-4950-B04A-6A37E1C2FCCA,,,,,,,ODN0004587166,z,right_only
7A472EFC-C0D6-4E9C-8233-B9D4BD612951,,,,,,,ODN0004587167,z,right_only
64AE9553-F202-47A5-BC8F-AA59A92C5A8E,,,,,,,ODN0003072674,z,right_only
9BFE2318-905D-46BA-A138-93992181CF91,,,,,,,ODN0004577293,z,right_only
BD17A82A-2DB8-4F61-A2FF-153E892DE0E0,,,,,,,ODN0005493809,z,right_only
68312D41-6110-4822-B249-1E2892630418,,,,,,,ODN0005526705,z,right_only
F75D40CA-A563-4FF7-9EB2-0CE724E0F796,,,,,,,ODN0003699500,z,right_only
CFF3E2EB-CCAE-48C2-9994-49CFDB22F5BC,,,,,,,ODN0004587221,z,right_only
821CE4D2-A8F0-4C41-BB9A-DD08CBAEBC70,,,,,,,ODN0004544927,z,right_only
63CE005A-D62E-40BD-BB9A-2254E6FBB428,,,,,,,ODN0005540261,z,right_only
7A5AEC5F-DB44-4E0E-93F1-2D315967397D,,,,,,,ODN0005465710,z,right_only
C0E2ED3F-3F37-43E3-BFE4-6B9F4F94F71F,,,,,,,ODN0005526777,z,right_only
A7834FE6-1678-4DA6-9E75-FFE87C82456C,,,,,,,ODN0004613419,z,right_only
BED3E428-AA51-46C0-90E4-AA38DC7DF99B,,,,,,,ODN0005526817,z,right_only
49FFB4BF-0505-4887-9333-1C1EE39088A8,,,,,,,ODN0005514917,z,right_only
76A614AA-FB61-4F23-97EF-5E7E4E422326,,,,,,,ODN0005494533,z,right_only
97A4B308-AE94-4F52-B0E5-66BDDB7CBF4F,,,,,,,ODN0002540055,z,right_only
5AECB746-9222-4F1F-AB42-C321982C0D06,,,,,,,ODN0005163387,z,right_only
BECC0AA8-D7F1-401F-822A-BA36166BF2A8,,,,,,,ODN0005466028,z,right_only
649B750C-B2B1-48AA-81C9-999402FC6109,,,,,,,ODN0005824501,z,right_only
F9E665BD-EAD8-469E-AD3B-1509DC4577D2,,,,,,,ODN0005754424,z,right_only
29BF8D78-AEC1-4574-B86F-045B9A4B257C,,,,,,,ODN0001773016,z,right_only
7E2D6D83-DF09-4C8F-ADE5-9995CCFC8BDB,,,,,,,ODN0001773018,z,right_only
C8082562-7486-406C-9659-22021C2528A2,,,,,,,ODN0001009301,z,right_only
1B947178-2F87-43DF-8169-8AE1D979086F,,,,,,,ODN0001497673,z,right_only
0EF22E44-C340-4374-8890-E4C89A2CA9EB,,,,,,,ODN0000983928,z,right_only
E813B92E-3A88-4C2F-8997-98CB4DFFC28F,,,,,,,ODN0000983938,z,right_only
AB530872-C6E9-4364-B40B-46C724F54DB0,,,,,,,ODN0004817946,z,right_only
D22938C4-9E24-4E2C-8BD1-04773D9BEF18,,,,,,,ODN0004715395,z,right_only
11B3CBD8-CA6A-4740-B47A-3B2A06FDB1A7,,,,,,,ODN0004357241,z,right_only
46D362EA-DBA4-49F2-98E4-B915B631549B,,,,,,,ODN0003702962,z,right_only
01F3CEBF-1E3B-4CF3-B940-369EC7020E96,,,,,,,ODN0003702963,z,right_only
179CAE7B-DB83-45FD-B8CC-AC5E486A3C42,,,,,,,ODN0003702964,z,right_only
3A181805-4A50-4118-A194-BD0BD46AE52A,,,,,,,ODN0003702965,z,right_only
F64AF130-A035-4951-8300-1578617526EA,,,,,,,ODN0003702966,z,right_only
9F91C52F-6807-44C2-9397-95A9611E063A,,,,,,,ODN0003702967,z,right_only
BD6B5BD0-FBF6-4CDE-990D-B96F11EC5FE6,,,,,,,ODN0003359496,z,right_only
A4E3A3D6-8026-4F3C-8246-A8ACCD82B40C,,,,,,,ODN0003702968,z,right_only
C5BE29F2-89C5-4157-AE5E-F3E9DF9299A7,,,,,,,ODN0003666581,z,right_only
BA7AA806-DEE6-402F-BFC4-25B40F885F56,,,,,,,ODN0003702969,z,right_only
3B1D89C0-E334-40F7-8DEA-3FD379B6D286,,,,,,,ODN0003440840,z,right_only
A014DA24-7A3C-4093-87EB-51DB19DB2D25,,,,,,,ODN0003702970,z,right_only
59AEBD74-02F8-4632-AB2D-80D418372ECD,,,,,,,ODN0003702971,z,right_only
3A1D5FF2-A1B0-45F3-9A44-0C3C3BFA8028,,,,,,,ODN0003702961,z,right_only
EDB23747-08F0-4999-88A5-CC7226E61813,,,,,,,ODN0003702972,z,right_only
A60E8325-480F-423A-92C0-B6B7615AE52F,,,,,,,ODN0003702973,z,right_only
5E572B25-848C-4400-922D-C0D03119EA2A,,,,,,,ODN0004070426,z,right_only
5E3117BB-FB89-432D-9ED2-5E8FFE4E41C6,,,,,,,ODN0003359510,z,right_only
9D7EC647-3995-4576-A5C4-1EC21728EA30,,,,,,,ODN0003782034,z,right_only
937487AC-809A-4132-9E1C-98B6425B00A6,,,,,,,ODN0003702979,z,right_only
F97F4E0B-643A-4CDD-BDA5-757EC0AC8577,,,,,,,ODN0003702980,z,right_only
28DD326B-39E7-447C-8C0D-F4972833BF09,,,,,,,ODN0003702982,z,right_only
E248E9A2-FC04-4C04-BEF8-BC0C1408459D,,,,,,,ODN0003702983,z,right_only
E4C26C61-0725-4FFA-B2FA-ABB11BCDD842,,,,,,,ODN0003702984,z,right_only
D4E5F612-BB56-4B93-9D02-7D9538E2A162,,,,,,,ODN0003782053,z,right_only
91D9DDFB-0753-4B1F-97F6-A50A7A80C7BA,,,,,,,ODN0003782054,z,right_only
000AC72D-4005-4ACA-9029-B574630CD513,,,,,,,ODN0003702986,z,right_only
09EBA18A-4F0C-44A6-8805-5B78FA5748A8,,,,,,,ODN0003782058,z,right_only
79B5691D-0EA3-46B7-919A-BB1DADB1A94C,,,,,,,ODN0003782059,z,right_only
BD78C456-B001-4722-9CFB-152EE2609A31,,,,,,,ODN0003702987,z,right_only
18C23396-8D87-461A-A054-46BE72241A0D,,,,,,,ODN0004070468,z,right_only
2D140BB6-65AE-460F-AA36-D3873E599C45,,,,,,,ODN0003702988,z,right_only
E2EC1324-D401-425E-8DB3-7A59FBEA1334,,,,,,,ODN0003702991,z,right_only
780D0233-D9F1-4AAA-B72E-57C538029F34,,,,,,,ODN0003702992,z,right_only
77D3F9FF-E782-4BB9-8C63-771063B04BBE,,,,,,,ODN0003666611,z,right_only
D3021AA4-120E-4AEF-B8AA-F64BEAED8C3A,,,,,,,ODN0003702993,z,right_only
1EBE8831-FF03-467B-AFC0-260BD5194572,,,,,,,ODN0004070476,z,right_only
732A0518-D6AE-43C5-AE57-FDCD738F61C0,,,,,,,ODN0003782078,z,right_only
F0340104-730B-46D2-B05A-DDC7B4E8AE60,,,,,,,ODN0003702995,z,right_only
E96DB4A4-5F67-4BC6-A0E9-1B42FB10E7EC,,,,,,,ODN0003702996,z,right_only
19AA19DA-431C-421E-9521-6D7B48020C80,,,,,,,ODN0003702997,z,right_only
93C321B7-1CB7-4D18-980F-79F4AEE6AD4E,,,,,,,ODN0003702998,z,right_only
F22C2A18-BA65-44AC-90E4-62C51E27122D,,,,,,,ODN0003782082,z,right_only
0B3AB9E1-F80F-4013-9FD6-147E1D945F93,,,,,,,ODN0004070500,z,right_only
03C1FD12-E260-452A-8C3A-58B28287BBF8,,,,,,,ODN0003782090,z,right_only
AC9A1B86-775B-4C0D-9089-4A930F55B825,,,,,,,ODN0003703003,z,right_only
22FB0DE4-AE11-4194-96B8-818520B69E6B,,,,,,,ODN0003703010,z,right_only
1D337B93-21BB-4EE0-8244-99C9376C350E,,,,,,,ODN0003666632,z,right_only
F66F24A4-FD44-4B1A-BB16-5F75AC7FEC81,,,,,,,ODN0003703011,z,right_only
8F97DDB7-6A82-4314-BD93-30602BE11A28,,,,,,,ODN0004070562,z,right_only
765C1DF2-9709-4F9A-B65D-E90A30DDB5C8,,,,,,,ODN0004070564,z,right_only
545DD92E-97CF-4954-AB52-FE6F40444002,,,,,,,ODN0003440927,z,right_only
2EB1A08A-AD0E-4D62-9669-0D57A5C25479,,,,,,,ODN0003703012,z,right_only
9B1588DF-87C8-4223-846F-9EF6EC8BAD89,,,,,,,ODN0003359599,z,right_only
AC23E6D7-FF31-4FF0-B172-011EDA03A2FF,,,,,,,ODN0003666637,z,right_only
C72C04E5-A695-46A5-8ABC-AF64247A0138,,,,,,,ODN0003359602,z,right_only
6776F41B-8FD5-4C8E-98E1-B83B34E4B68E,,,,,,,ODN0003782133,z,right_only
B4BD6174-FCE0-4F4A-8C53-E642A0A63494,,,,,,,ODN0004070579,z,right_only
D989C86E-2C1D-4DE6-B016-26B8F1E4D30E,,,,,,,ODN0003703016,z,right_only
BA2FB06E-825F-42BF-A0CB-FD89E1E2D0C7,,,,,,,ODN0003703017,z,right_only
8103C47E-0E6E-4F74-803B-94BAA7646CFC,,,,,,,ODN0003666641,z,right_only
3FB2884E-95B9-4350-9985-1B6C005F6B95,,,,,,,ODN0003703018,z,right_only
FFD6F53F-638B-4AD8-9EFB-D148DD0F6A61,,,,,,,ODN0003703019,z,right_only
881E2700-FA99-4B41-8C23-B9177A898735,,,,,,,ODN0003703020,z,right_only
2F9684F6-B04A-4DC2-B62E-B740535805DA,,,,,,,ODN0003666643,z,right_only
5C49AE6C-2D8A-44FA-BCA2-B92A169E9F59,,,,,,,ODN0004070591,z,right_only
E1AAC695-B288-4980-AC84-84059F8F9E22,,,,,,,ODN0004070594,z,right_only
BF9DF1B0-C10B-4CD9-9141-41CA6B1AE386,,,,,,,ODN0003703023,z,right_only
FD058A44-8A0E-4575-B3A4-A535E1157FE8,,,,,,,ODN0003666651,z,right_only
C6499BB9-B985-4A63-AA08-D69AA8054D29,,,,,,,ODN0003782153,z,right_only
6DDB9D40-3260-4154-9F27-1A9B28DEAB99,,,,,,,ODN0003782154,z,right_only
3004C317-ADBE-41F3-9617-660305382849,,,,,,,ODN0003703024,z,right_only
BDC2229D-8B44-45CD-9093-466BD1691EE2,,,,,,,ODN0003703027,z,right_only
7E11ABC9-D242-49A9-B60B-792B7034583F,,,,,,,ODN0003703028,z,right_only
09F305A8-9D33-4153-9962-EEB91C9E55C8,,,,,,,ODN0003703029,z,right_only
47B73053-26C1-4CDE-BFAB-F573A1BC0FF7,,,,,,,ODN0003703030,z,right_only
FD508F06-DBC0-4234-B5DF-93AC323CFCD8,,,,,,,ODN0003703031,z,right_only
E482A819-DC10-4ED2-A79B-EA15E996EA9E,,,,,,,ODN0003703032,z,right_only
8B1A239A-B7B6-4C4A-89E6-FF272498F91C,,,,,,,ODN0003703033,z,right_only
2F8D4104-9E01-46F0-8F1E-3C0A67EFE7ED,,,,,,,ODN0003782170,z,right_only
960C9111-FEB9-4627-B9F7-F9495BF21A89,,,,,,,ODN0003703035,z,right_only
07DA7E52-BA70-495B-85AD-EDC7673A6416,,,,,,,ODN0003782192,z,right_only
E0B21C01-994E-4137-9934-432EEEF82A59,,,,,,,ODN0003703036,z,right_only
1069CDA4-C1D7-4A83-8EF1-EC8D06A49993,,,,,,,ODN0003703037,z,right_only
6AB93B32-FC86-4C94-8547-3A583297CA74,,,,,,,ODN0003703038,z,right_only
94EDF568-DA27-47DE-9D63-5ADB491E7586,,,,,,,ODN0004070670,z,right_only
75D1FBF9-F3C1-4D28-A028-3F4CFBF2C211,,,,,,,ODN0003703040,z,right_only
A0D02649-C1DB-4AB0-8F57-F7D5EEACFA78,,,,,,,ODN0003703041,z,right_only
2AE80941-6874-4C7A-8258-FE012A715403,,,,,,,ODN0003666671,z,right_only
55262B26-C2C8-4A90-A7A8-28007EAF6D6C,,,,,,,ODN0003703043,z,right_only
12BBCA5A-8BD1-4011-9123-A09D21AE5546,,,,,,,ODN0003703044,z,right_only
75D5AE70-C33B-45A3-BC11-9252A3E3D178,,,,,,,ODN0003703045,z,right_only
E67AE226-DE2E-4951-B038-E53ACC4D7E40,,,,,,,ODN0003703046,z,right_only
07F4D150-0500-4D5B-B5E2-A143431BE590,,,,,,,ODN0004070674,z,right_only
C43C3585-C843-4354-B2C2-90CC87BFD242,,,,,,,ODN0003782196,z,right_only
F3518715-C290-4860-AFFA-BB824DF3ED12,,,,,,,ODN0003782205,z,right_only
2F91236B-5E07-4D24-B573-C294E1F266DE,,,,,,,ODN0002027817,z,right_only
FE418A58-7293-4FE0-8764-9E38A5CB9028,,,,,,,ODN0003375413,z,right_only
4021D3BE-B3D5-4970-AF3C-592FDA63E615,,,,,,,ODN0001531114,z,right_only
DEC7F866-BBA0-4E55-8AB6-E69C93FD5AA7,,,,,,,ODN0001388478,z,right_only
7DA33EEE-C07D-4770-BD9C-80F3B02EAF8E,,,,,,,ODN0002240173,z,right_only
34E99F2C-1735-43D3-BD97-4D70333D5E53,,,,,,,ODN0003653608,z,right_only
1DD4471A-A5C8-41F5-9573-7C05F0B69D3B,,,,,,,ODN0003642348,z,right_only
0B2A70E0-4EEC-4467-B2EB-FE458312E0CA,,,,,,,ODN0001175081,z,right_only
B7847DB6-FA27-4671-844D-1F1DC2BB28EC,,,,,,,ODN0001186954,z,right_only
2A52BB73-C6AA-4F68-BB75-1B8784730381,,,,,,,ODN0001186966,z,right_only
EB975F6D-41AB-4852-BD08-F6B3AF7EE80D,,,,,,,ODN0001186973,z,right_only
E18DA61A-AFB7-4DF1-8D1B-B05EC61DAD80,,,,,,,ODN0001186974,z,right_only
979778AE-5D6C-4839-9AA2-7A16B2CA0B90,,,,,,,ODN0001186975,z,right_only
9F86872D-0C13-404F-9D77-4E08BABB0C96,,,,,,,ODN0001186976,z,right_only
A847453C-A5E5-47E2-AED6-68390A46EBAF,,,,,,,ODN0001186980,z,right_only
8EAB5BA3-1460-4A6D-B9DC-712BD970913D,,,,,,,ODN0001175079,z,right_only
B1A66547-8CE0-4C9F-910F-ADA6409CB1F8,,,,,,,ODN0001186987,z,right_only
47284D16-98EE-4FEE-AB1B-1E1AD680CE88,,,,,,,ODN0001186988,z,right_only
7635AD04-C3F6-4C5C-9ADB-7898E42B644D,,,,,,,ODN0001186989,z,right_only
729C3B5C-0370-4D1F-9DF4-AF890C0EC764,,,,,,,ODN0001186983,z,right_only
5FE1D22B-6B25-412D-95D6-C1BE1B32841B,,,,,,,ODN0001187005,z,right_only
A250DC67-68A7-4B39-804B-69EC70D64ECF,,,,,,,ODN0001187006,z,right_only
58098B71-8D5C-4F18-B37E-F3A4304D4C9B,,,,,,,ODN0001187027,z,right_only
39549D44-E096-4799-85B8-73DE852FFB4A,,,,,,,ODN0001187028,z,right_only
83B45212-30B3-466E-9386-713764955281,,,,,,,ODN0001187043,z,right_only
11D5AAFD-0EB8-4BC7-A7B7-3ACCE8D0AEE4,,,,,,,ODN0001175133,z,right_only
9163A323-7E15-45C7-B65E-B5D55842975C,,,,,,,ODN0001187054,z,right_only
06AA7A5F-6959-4D6C-B89F-C29C31D98BDC,,,,,,,ODN0001175111,z,right_only
FD6E9A00-CF0C-4430-AD73-17B7C771B09B,,,,,,,ODN0004769612,z,right_only
8FF0F888-283D-47B1-B5A8-1C275B93D3BC,,,,,,,ODN0005014014,z,right_only
CE5894AA-1763-4DE4-BA4D-44C560D10F24,,,,,,,ODN0001175141,z,right_only
A8A77358-209F-45CE-BB85-CFACAA36CD3E,,,,,,,ODN0001187101,z,right_only
8A738C1A-1E8E-43FE-B313-6DF0A03AD3BA,,,,,,,ODN0004769716,z,right_only
4A430658-1813-472E-8658-46F1ADF7F83A,,,,,,,ODN0001175195,z,right_only
9F74412B-CDEA-4934-93D8-1ABC03D8E49B,,,,,,,ODN0001187140,z,right_only
D187BE98-318B-479F-9007-07704445F388,,,,,,,ODN0001187141,z,right_only
25D1D633-3FDC-46E4-B208-A8BBDCF8BB2B,,,,,,,ODN0001187142,z,right_only
17AB4AB4-5D02-4923-A59D-6BD63410A027,,,,,,,ODN0001187143,z,right_only
CBFC59AD-8EB4-42C9-80AA-D90A6687839E,,,,,,,ODN0001187144,z,right_only
47F35B5D-7C5B-4C61-B173-ECC2D7B3F52C,,,,,,,ODN0001187145,z,right_only
37D27CD1-3FB9-4AAD-B235-49C0FB56097D,,,,,,,ODN0001187153,z,right_only
8DA354E4-E34A-476E-926A-6C424EC81C4A,,,,,,,ODN0001187154,z,right_only
72EF9000-1F83-4D3C-AB37-3B2BE2160742,,,,,,,ODN0001187163,z,right_only
87018DC1-2CE7-4AB7-8554-0DF6609C538F,,,,,,,ODN0001187171,z,right_only
66ADC69F-C4D1-43DA-A74D-EBF59238FFE9,,,,,,,ODN0001187172,z,right_only
35BD4441-633F-4394-957B-518B118B4066,,,,,,,ODN0001187196,z,right_only
A87254D8-C43D-45BE-A30B-EF73432ED409,,,,,,,ODN0001187197,z,right_only
55B8AA97-545C-4E11-9FEA-62C2C0CC25DC,,,,,,,ODN0001187198,z,right_only
9FCE5196-61AA-4445-9CEB-D973A8CCD0B4,,,,,,,ODN0001187200,z,right_only
0B481D7C-8D5F-4E8A-ADFC-605428B0B099,,,,,,,ODN0001187229,z,right_only
DD0DBC00-FA25-486D-885B-DA036AF6830D,,,,,,,ODN0001187230,z,right_only
7B141719-B323-41DD-81F4-97751E594097,,,,,,,ODN0001187237,z,right_only
4BF386F7-DFE9-4205-9138-5AB3F605DB38,,,,,,,ODN0001187239,z,right_only
E604A454-0CC2-45EC-9197-EBFBE4573D98,,,,,,,ODN0001187244,z,right_only
2160FD87-8996-4E18-A289-0F73562336AD,,,,,,,ODN0001187245,z,right_only
B8A0F350-3DDA-4721-AB76-E496E3C82C73,,,,,,,ODN0001187246,z,right_only
CB243144-CC37-4A21-AA56-C76CB0C4ACA3,,,,,,,ODN0001187258,z,right_only
A2937C15-4C41-4A64-9850-3889D34323DD,,,,,,,ODN0001187261,z,right_only
133411DC-BE8B-4474-93A0-2B8AABC8AF44,,,,,,,ODN0001175229,z,right_only
9EBFF3BF-1CA2-47E6-84F1-ED783CBD2CDD,,,,,,,ODN0001187264,z,right_only
BAF8BD30-6398-43D4-B7B6-F6A899B26CB8,,,,,,,ODN0001187300,z,right_only
4E7210E2-8782-4022-9834-EE9F70738674,,,,,,,ODN0001175271,z,right_only
8D880C06-C4E3-43A9-A8A6-85C0C6FCCA37,,,,,,,ODN0004770031,z,right_only
3D19AF77-1594-4174-864A-8740F4890DB9,,,,,,,ODN0001187306,z,right_only
9A8B453D-E42E-45E7-A105-150888AAAE99,,,,,,,ODN0003839560,z,right_only
BBB5533A-2ADF-4DE0-AED1-0BFE08B3F7C2,,,,,,,ODN0003228083,z,right_only
C51A7635-FD99-4BB4-9E61-6E41D048F9B9,,,,,,,ODN0004674045,z,right_only
2A6E0179-0EB3-4E7E-A91B-9BC78F26BBCE,,,,,,,ODN0005382315,z,right_only
BC0B1C0F-9D85-479C-9A01-0BCFF1FB154A,,,,,,,ODN0005458189,z,right_only
00795D39-39A5-43F6-9DBD-9CA9762515CE,,,,,,,ODN0005412851,z,right_only
4C7CCE07-4060-4B9A-A93E-F3912024958A,,,,,,,ODN0001692899,z,right_only
56D35744-2F7E-434E-9761-6A9C6A1FF9A2,,,,,,,ODN0001709747,z,right_only
73715CD8-06B0-4CCF-BCA4-ECF56122D68B,,,,,,,ODN0001731234,z,right_only
FE5C1380-45FF-45C7-B22C-3D9FA715ABE3,,,,,,,ODN0001731233,z,right_only
11FAEDF5-8C63-45C0-B3B6-C280FE18F30B,,,,,,,ODN0002382717,z,right_only
82A204C9-DEBF-4611-9134-EC52EE86573D,,,,,,,ODN0001781831,z,right_only
711C64AF-9BAF-4C08-9D01-E586A07D683D,,,,,,,ODN0001693892,z,right_only
056988C6-5963-4EFC-AB20-CED64E0CF1ED,,,,,,,ODN0002288552,z,right_only
C9CA6887-14CC-4FB9-B96C-47C16B174DAA,,,,,,,ODN0004328867,z,right_only
9DE6212D-135B-4289-B48A-568242281026,,,,,,,ODN0003316173,z,right_only
8B7D4087-76C8-467B-A211-7781E88E355D,,,,,,,ODN0002166333,z,right_only
B4FC99C2-CCB4-43A5-8D9D-09D7FFC8788D,,,,,,,ODN0002263651,z,right_only
B80F6065-DDFE-494E-B614-6CD7E9D276BA,,,,,,,ODN0002598210,z,right_only
8193AC77-C222-4C7D-ABB2-150DC1A2E9D4,,,,,,,ODN0004302130,z,right_only
75B262BD-74D7-458C-B88B-73A079208FFE,,,,,,,ODN0005458388,z,right_only
07F455EC-4215-46EB-9732-0508087D8413,,,,,,,ODN0002576418,z,right_only
BB5F87F4-C5F8-4CEA-AF65-661A6930660E,,,,,,,ODN0001718872,z,right_only
7D8C282B-E5FC-42B3-9C67-2BC6758E523E,,,,,,,ODN0001718875,z,right_only
460F3037-E397-408C-B4BA-4EA6FBBE02EC,,,,,,,ODN0004328913,z,right_only
67D1EE5D-37D5-4408-889E-D1DCCBBE64D2,,,,,,,ODN0001719037,z,right_only
A16B3B71-B9B2-4845-81C7-FCB976F62AE7,,,,,,,ODN0002820239,z,right_only
BB370F55-576D-4E2A-ADC5-28D6CF9A7A05,,,,,,,ODN0001786145,z,right_only
206557F2-B966-448C-B797-7B39189C26C9,,,,,,,ODN0002112438,z,right_only
F121B91B-B11A-4819-AF49-7209BFF37E10,,,,,,,ODN0003270619,z,right_only
F2AFC228-37C9-4040-8E62-FA2BC02528C9,,,,,,,ODN0001787213,z,right_only
879E8C60-FE21-473A-8045-A05F59F8BB90,,,,,,,ODN0002288915,z,right_only
3F4DCABF-2B23-436B-8254-7B196403A103,,,,,,,ODN0003572245,z,right_only
76A24D1B-B3AC-40C6-B59A-452567C358F5,,,,,,,ODN0004869349,z,right_only
7B00FCD2-0095-4375-86F4-3B38111D08FC,,,,,,,ODN0001789700,z,right_only
CC25F153-4D65-4710-BBE8-1851476E80CA,,,,,,,ODN0001720082,z,right_only
E7236603-7F45-4D3D-BD23-372F8F4DD428,,,,,,,ODN0002151309,z,right_only
253B9C6B-67E7-4A84-B676-426528A25DDB,,,,,,,ODN0002919450,z,right_only
69CC429E-2521-45A4-8852-47EC68836E33,,,,,,,ODN0002186227,z,right_only
26402481-639D-4AF4-9CD5-AC62CAEC8ADC,,,,,,,ODN0003077130,z,right_only
43832430-4FE3-48BB-A570-0AFB0CED78DB,,,,,,,ODN0001606191,z,right_only
8E4E3427-C698-408C-B851-458FCE2A25DD,,,,,,,ODN0002211006,z,right_only
ED016508-95E7-4A23-9A6B-48006C253AA0,,,,,,,ODN0001705056,z,right_only
A1A42670-A39A-4BD3-BEE7-E9DF81D770B4,,,,,,,ODN0003975848,z,right_only
553A6A5A-D1F0-444E-8201-B984739EFD9B,,,,,,,ODN0001706221,z,right_only
F8CE840A-B5AB-4913-9710-FBE7BA9F2299,,,,,,,ODN0001706489,z,right_only
0C629BAB-98E7-4A9D-8F1F-9D195FAD1120,,,,,,,ODN0001720935,z,right_only
2007DE8E-7412-4528-9E68-377CA0FFFE13,,,,,,,ODN0001720965,z,right_only
E90D95DE-25F9-4705-9D40-73E6DEE0B473,,,,,,,ODN0001721026,z,right_only
1CDD6EF3-9631-4920-A411-1081D2E34386,,,,,,,ODN0005310293,z,right_only
2212D1EC-3405-4684-94EF-42018F603ECC,,,,,,,ODN0004532047,z,right_only
7F86C0D2-E162-4901-A6F3-40A6654566DF,,,,,,,ODN0004071694,z,right_only
40DA637F-8E10-4475-8B1D-C3B61EB2D58C,,,,,,,ODN0002289622,z,right_only
5ED4D05B-DFBC-4E3B-80A6-DCF1BFCD62F5,,,,,,,ODN0002779619,z,right_only
D1A8C483-ED6D-479F-808D-3435FC265DBC,,,,,,,ODN0001674778,z,right_only
27F3EAD7-8A3D-457E-A954-3F8DDFF790C3,,,,,,,ODN0001780407,z,right_only
932ADFD8-A43B-44D9-9F56-1B73E6D2ACAA,,,,,,,ODN0005400123,z,right_only
7B843685-EC94-49C9-B283-7C67CEB886D2,,,,,,,ODN0001712074,z,right_only
B993A0F8-12E7-4A85-A2EC-C23481BBA3D1,,,,,,,ODN0001640387,z,right_only
94549E8B-CC13-4D20-8529-42D53E3D4534,,,,,,,ODN0004381375,z,right_only
4215B06C-0E0A-40BE-AFAF-EAF796F78D08,,,,,,,ODN0001722244,z,right_only
9E18FE52-09B3-468C-817E-C28A308E8668,,,,,,,ODN0001616358,z,right_only
DC764E2B-CF6F-459A-A88C-6C6D46ADB5C9,,,,,,,ODN0001732304,z,right_only
570229BF-FD90-40F9-868C-12C83F03A492,,,,,,,ODN0001983661,z,right_only
C71CD64D-FC58-4745-B5E0-8F5491C090E8,,,,,,,ODN0005310797,z,right_only
6830E856-59EE-43F6-985E-080B69394FAC,,,,,,,ODN0001725553,z,right_only
0A6D23C4-3338-49C6-BA27-2BCF341FCD4F,,,,,,,ODN0001723450,z,right_only
C9C1FA94-1E4C-4C81-9A79-57077FAA84A9,,,,,,,ODN0002174022,z,right_only
2E0E52CE-4948-4119-9948-1EB0BF103B60,,,,,,,ODN0004938580,z,right_only
F1172A3A-A3C4-413A-88FA-419A8924AD7A,,,,,,,ODN0001723665,z,right_only
5F34267D-F261-405B-9FE2-02590B70B7DF,,,,,,,ODN0001591375,z,right_only
C35FC9EF-C516-4D9A-8853-E85C9C84E818,,,,,,,ODN0005557562,z,right_only
A2F20FBE-A43A-4CB6-ACAF-6875981091D1,,,,,,,ODN0005124118,z,right_only
74835663-0762-482E-AEC9-B61DAB7578CB,,,,,,,ODN0005133946,z,right_only
BE252894-EAE8-4C03-87DB-9EB060F772D4,,,,,,,ODN0005400430,z,right_only
E56DB6BB-98EF-44C6-B158-697B5797AC81,,,,,,,ODN0005310855,z,right_only
8947597C-0A7D-42A3-99D0-23C209D95BA6,,,,,,,ODN0003987329,z,right_only
5ABD9D47-1DC1-489C-AEBA-FE19C32EC1D9,,,,,,,ODN0004938649,z,right_only
513C64DE-A237-4861-8EF4-6A72844C6D17,,,,,,,ODN0004938650,z,right_only
60B6C917-40EF-4CE4-925F-B1EE4ACE8D73,,,,,,,ODN0004938651,z,right_only
2537FF55-1AE7-401E-B3BE-4001285541DC,,,,,,,ODN0004938652,z,right_only
49AD5C0D-EE40-41FC-A0B0-9EB0D4D5C9A1,,,,,,,ODN0005034817,z,right_only
B8BBDA23-362C-4C56-B42D-D67F4408E9E9,,,,,,,ODN0005034819,z,right_only
7BA59366-9D35-40E8-8675-444C8174C7A3,,,,,,,ODN0003847741,z,right_only
E1F7496C-A2F4-4F2A-906E-6623F6A6BCFA,,,,,,,ODN0005034821,z,right_only
05FAEC90-1AA2-44A2-8A15-2949AEF9576B,,,,,,,ODN0005400433,z,right_only
646DCDD6-B7F0-4B1F-8C55-3737AC5F4EB0,,,,,,,ODN0003847745,z,right_only
3C0791D1-1DD4-441D-8A1B-ADFA5EC70FA0,,,,,,,ODN0003787733,z,right_only
325E2122-FC8E-4032-84A6-4DDD00B5FFAE,,,,,,,ODN0005520061,z,right_only
DD879F2B-C68C-4D24-BD5A-05A9A1183308,,,,,,,ODN0001926511,z,right_only
67036009-2B7D-4692-B989-08D3A29530CF,,,,,,,ODN0005530070,z,right_only
5BC7A584-B68F-49E0-8955-CA80A0A7192E,,,,,,,ODN0001939587,z,right_only
38533DD5-B385-4E5E-B284-DFC9F939C4DA,,,,,,,ODN0005023204,z,right_only
07EE5210-E9A3-48A4-980F-A00CE2DE68C8,,,,,,,ODN0003905634,z,right_only
4DD6689D-A6E7-4E36-97B3-01188D6ADC62,,,,,,,ODN0005124119,z,right_only
561174EC-0C11-4D1E-ABD6-6B7B295E39EE,,,,,,,ODN0003046008,z,right_only
0E3C248A-38CC-41DC-96BC-DE7E403A7CB3,,,,,,,ODN0003041212,z,right_only
5758E70C-25B4-496F-8999-0A357BA06FEB,,,,,,,ODN0003041213,z,right_only
C72786D3-6054-490B-946C-9DA2A9D30333,,,,,,,ODN0005124120,z,right_only
D08A0EC6-7104-4221-A44B-6812BFFF494F,,,,,,,ODN0005413427,z,right_only
C7522365-60EC-40F9-8B7E-E591B872BE2C,,,,,,,ODN0005133947,z,right_only
92EEB845-1830-497A-933D-D086DB135F43,,,,,,,ODN0005213761,z,right_only
1F76D57A-970F-4C27-A5AE-9BA30DF4404D,,,,,,,ODN0001727386,z,right_only
C8C675AD-3D9A-40D3-91E2-C9D43FD560CA,,,,,,,ODN0004561361,z,right_only
CC163CB7-8666-4503-AFDE-9C1F29D8E94D,,,,,,,ODN0005178164,z,right_only
772A5200-50C7-4605-AE54-FE38EA0002E6,,,,,,,ODN0005289780,z,right_only
3469BB5D-DE85-4FBE-B316-5A5C682AEE7E,,,,,,,ODN0004561368,z,right_only
E5B1F495-28D8-4EF2-8703-EF810A921E64,,,,,,,ODN0005460415,z,right_only
0E14DC80-5C52-417A-9A0F-8A2F0CEE1C60,,,,,,,ODN0005460419,z,right_only
22511B7E-201A-4331-9154-4DBAB113F78C,,,,,,,ODN0005460420,z,right_only
237599FC-7FCC-4C07-83B3-DE8806A37F98,,,,,,,ODN0005191786,z,right_only
7E2E67F8-9E01-4347-B360-37B4CAF37EC6,,,,,,,ODN0002864906,z,right_only
89A6BEE6-9E63-4616-A05A-95CCB7987EF2,,,,,,,ODN0005156624,z,right_only
02FA10FA-D4DE-4BDC-9F6D-BBB73DFB440E,,,,,,,ODN0004573993,z,right_only
D3AE7050-F7D9-4602-8A62-6B7577662EF6,,,,,,,ODN0002682145,z,right_only
54EC27D4-EF73-48E7-B96A-FD4102707D3C,,,,,,,ODN0004181919,z,right_only
EF30998C-39B6-473B-8C0D-B2FE957590C5,,,,,,,ODN0004199648,z,right_only
9ED82957-9645-4A64-B6B1-82DBBB1D93DD,,,,,,,ODN0004199649,z,right_only
4AD7F737-7425-428A-AE0B-095E26849D90,,,,,,,ODN0004199650,z,right_only
BD0FA30C-51FE-4EF2-8F07-0614606F137C,,,,,,,ODN0004642256,z,right_only
6BB83C47-DE9A-4EAA-BC7B-6A87CAB60EFF,,,,,,,ODN0004998313,z,right_only
0E01C464-0E76-445D-A153-C5DB86AA3AEC,,,,,,,ODN0001606692,z,right_only
6BEF8630-1395-4A24-B862-F9980DE31162,,,,,,,ODN0003555488,z,right_only
819BE483-2203-4D50-B47A-1E0FFC1BCDD5,,,,,,,ODN0004199651,z,right_only
C099FF5E-B9D2-4BD2-8CCE-D063CD213C0F,,,,,,,ODN0004271228,z,right_only
334EDC39-50D2-4232-BA16-D6588E033DA5,,,,,,,ODN0002707406,z,right_only
A9461D48-4C50-4AC9-8AD3-B0EDDB3B38FE,,,,,,,ODN0004842269,z,right_only
987932CB-51FA-4CBF-BB04-8CAEA04D2A0B,,,,,,,ODN0004594873,z,right_only
BB758A21-FEE6-41D8-BC6B-BABC719951F9,,,,,,,ODN0004594874,z,right_only
A0B9D1BE-8EF1-475E-AE9E-E58B2B39F09B,,,,,,,ODN0004594875,z,right_only
889276FA-8962-4CA5-8824-C2718FB75258,,,,,,,ODN0004594876,z,right_only
E17DB325-9072-4F7B-BEA7-9C3D120E1D14,,,,,,,ODN0004594877,z,right_only
9FF502DC-CD98-46D6-94A0-B333FF28EBF2,,,,,,,ODN0001893703,z,right_only
5EBB124C-E166-4896-A8B1-F44308D2240E,,,,,,,ODN0004594878,z,right_only
45560EB7-0EEC-4FFA-95B0-B949E603204F,,,,,,,ODN0004594879,z,right_only
6AD1D950-9787-4253-98A0-3C50458DB9A6,,,,,,,ODN0004594880,z,right_only
780C4ED8-98C1-4758-A5A1-A30B70BAEA66,,,,,,,ODN0004594881,z,right_only
FC2AD351-1204-4353-9F2D-56C58C41FAFE,,,,,,,ODN0004260253,z,right_only
A363071E-8A7A-49DA-B7C8-CF9AA7D7833F,,,,,,,ODN0004260254,z,right_only
E4B80C84-790A-4E13-A5A2-ED086D0771A5,,,,,,,ODN0004101846,z,right_only
1D4D60F7-EA17-4330-92BB-F8AA63184645,,,,,,,ODN0004101847,z,right_only
8EF15E07-4FF7-4ED8-A0F1-8EC8F85B68CB,,,,,,,ODN0001939661,z,right_only
E0D9FC3E-50F5-4FAA-83B4-9BA1BFE42F6B,,,,,,,ODN0002215260,z,right_only
953B6DAF-7165-49A1-A75B-68AE3EA91ADB,,,,,,,ODN0004289078,z,right_only
913FB0E3-62A8-4DBF-9C16-3760EC70BFBC,,,,,,,ODN0004101848,z,right_only
21CC533E-820B-4434-AD2D-7D290C740E70,,,,,,,ODN0004199667,z,right_only
5DDE5775-705A-44A1-B132-BE2BA02CD0B5,,,,,,,ODN0001727496,z,right_only
4767BC00-948F-4B7A-AAF6-0E6FF101B00C,,,,,,,ODN0001979597,z,right_only
C9F0FB69-5DF1-400E-9628-907342E823F9,,,,,,,ODN0003594584,z,right_only
EAFC18DA-C168-43D8-A6D1-19B71E033D2A,,,,,,,ODN0002798639,z,right_only
BE80F86C-F10A-4F65-91D0-0F09A750C3EA,,,,,,,ODN0004303620,z,right_only
11349E45-9C20-4B83-9630-34F31BF9547E,,,,,,,ODN0003977332,z,right_only
6A83EE55-3A8C-4AF6-9418-9A0967AB2150,,,,,,,ODN0004289079,z,right_only
2A630F5A-6EC3-4227-82A2-20414FCE43F6,,,,,,,ODN0004101849,z,right_only
4122DBB4-9909-4547-8C5D-2952374ABB25,,,,,,,ODN0004289080,z,right_only
6878CB16-33E6-48F9-9723-EE57D1E15055,,,,,,,ODN0004289081,z,right_only
3E53DFF3-CEE0-4D70-A87A-7A03FF6200C3,,,,,,,ODN0004271281,z,right_only
86B688BE-B0B1-469D-AB2D-C3F86E931F15,,,,,,,ODN0001731235,z,right_only
A5B2AAEF-13EE-4D18-9FFF-D14DA17E5A10,,,,,,,ODN0002245652,z,right_only
997EB5DE-D458-40D3-A4A7-30CFB9D02DFA,,,,,,,ODN0002179390,z,right_only
1E2B49C4-B9BB-4B8D-AE74-34B8FD5E26F3,,,,,,,ODN0002245653,z,right_only
C20A8581-53A3-4C3A-B766-49D0187C636B,,,,,,,ODN0002569465,z,right_only
411D25FD-E70A-4D89-9A88-9631576C8044,,,,,,,ODN0002245654,z,right_only
CCE9A0F5-67DE-47E7-A495-8C58C3915683,,,,,,,ODN0002215262,z,right_only
C0F60085-90B1-40A6-87BF-4EF3D269AA92,,,,,,,ODN0002187579,z,right_only
87378BEE-82E5-4D4F-87F6-41F6017EA37B,,,,,,,ODN0004289082,z,right_only
7312A8EE-946F-4876-8155-654537E64671,,,,,,,ODN0003511843,z,right_only
F5E71490-96B7-4971-A830-84E302764D75,,,,,,,ODN0004289084,z,right_only
3BED447D-EF6C-4D3A-85CE-B9998FC35230,,,,,,,ODN0003511844,z,right_only
09BFE0FF-9844-49C0-86FD-B8375C7A66AB,,,,,,,ODN0004101850,z,right_only
B8352E94-DF02-4984-B314-678AE0BFD3C3,,,,,,,ODN0002245655,z,right_only
819A9CD3-F828-4402-9583-46CBAEBB3E9A,,,,,,,ODN0004289085,z,right_only
BC2125E1-CC98-4DE5-AB50-96AE96954261,,,,,,,ODN0001939662,z,right_only
48B89D5F-0B05-4341-BF91-6C58AAFB9EC1,,,,,,,ODN0002245657,z,right_only
BE77C20A-5953-4D71-8259-1E0AEDF2FA2D,,,,,,,ODN0005223140,z,right_only
889FE041-A403-4359-9753-C7E97D2E2C34,,,,,,,ODN0004101851,z,right_only
2B382D25-2DC1-4A48-B31A-FF3BEF49C1D8,,,,,,,ODN0001812999,z,right_only
6E96AA5D-D265-4AEC-A6D3-23F47A57788A,,,,,,,ODN0004101852,z,right_only
A04180D9-2CE8-4030-AD0D-D5DC8D08401E,,,,,,,ODN0002133973,z,right_only
8E609A72-56DC-4233-967F-E63071BAEDC5,,,,,,,ODN0002215263,z,right_only
99C5104D-2355-457F-AA7B-0160EE23B9DC,,,,,,,ODN0002215264,z,right_only
D44C4E3B-4457-42C6-B8ED-D65CF58A77A8,,,,,,,ODN0002215265,z,right_only
F70D0064-DE8E-41A8-8E6B-6A6BB83CC9DC,,,,,,,ODN0002245658,z,right_only
24309F68-2CFF-42BF-8828-0C29CEE466E6,,,,,,,ODN0002245659,z,right_only
3B8E358A-1341-4711-9020-745B6CB475DD,,,,,,,ODN0002972634,z,right_only
0ED4C73E-183D-45F5-8B1C-A4082BEFBD70,,,,,,,ODN0004289087,z,right_only
C51FBB5B-44A0-40A7-A952-48D4A7205980,,,,,,,ODN0004199665,z,right_only
00112094-C463-4D9A-B497-795F677B066B,,,,,,,ODN0004289088,z,right_only
D455E46E-2044-45A5-BC8E-62E407459193,,,,,,,ODN0005079365,z,right_only
991A7EA1-1376-43AC-A56E-B21E720652A1,,,,,,,ODN0003511846,z,right_only
8B3590D4-945A-459A-B7C8-39B0FBAC255B,,,,,,,ODN0003594585,z,right_only
1BEF55D9-A2E9-4663-9776-EE162107DA4A,,,,,,,ODN0004289089,z,right_only
EE44924D-1032-46CB-92A8-878BD615F9A2,,,,,,,ODN0002179392,z,right_only
C1DCB063-4033-43AA-A41E-D688726E68DE,,,,,,,ODN0002215268,z,right_only
F7851545-8169-458F-A239-D149C1CD681D,,,,,,,ODN0002245661,z,right_only
2984DB25-9DF8-409C-9A6C-F6E2E8F33F15,,,,,,,ODN0002245662,z,right_only
CCA3F3E3-063D-42FF-BC92-F4AB037540C8,,,,,,,ODN0002151310,z,right_only
6749E7FE-DC3A-4AE2-8102-2A43EBF1F465,,,,,,,ODN0002179393,z,right_only
965729FC-E43A-47F0-8FBB-072068DBC94F,,,,,,,ODN0002555903,z,right_only
DBA8CEE6-4C7B-4230-97BC-E9E11BEF683C,,,,,,,ODN0002215269,z,right_only
42E8B073-A66B-4279-B4DF-1FB10E0F6A71,,,,,,,ODN0004101857,z,right_only
AE866DA6-F744-4FE9-B135-B519B7A58BF4,,,,,,,ODN0004289090,z,right_only
D01EC1D5-1F8A-4D5E-BE66-FDCEC63C56F0,,,,,,,ODN0004101860,z,right_only
685E391A-ABC8-49E8-BC8D-FE5844F323F7,,,,,,,ODN0004101862,z,right_only
F098E488-9C0B-48D2-8239-D3D4DA51F7D5,,,,,,,ODN0002245669,z,right_only
BFB07BD5-5C7A-4416-AC6C-EA58D15BF75C,,,,,,,ODN0003594586,z,right_only
147EE0A1-25A2-4599-8A88-A48C37FE76CB,,,,,,,ODN0002245671,z,right_only
E39B7F1E-387A-4576-9ED3-0FA3013176E3,,,,,,,ODN0003511848,z,right_only
E4D9AEE1-D216-43C0-8475-3B3B0F065A89,,,,,,,ODN0005353112,z,right_only
1D3CB52F-AB5D-4977-9091-D89278907F85,,,,,,,ODN0004101863,z,right_only
A9C8D210-1D81-4737-937B-4EDD23A298C8,,,,,,,ODN0002215275,z,right_only
36978633-2AED-4907-A590-2E02576A17C0,,,,,,,ODN0004289091,z,right_only
7D254FB5-A757-4998-B138-3E37D3A2CA35,,,,,,,ODN0004101864,z,right_only
B0C64107-0716-4C0C-9522-01E93DCBD032,,,,,,,ODN0004101865,z,right_only
9476DA86-5793-4C39-BDED-E5881529A841,,,,,,,ODN0004289092,z,right_only
BE6A59A5-ABC3-476F-B403-DDD8B16D3D9D,,,,,,,ODN0004101866,z,right_only
F1167F99-2EF6-428B-9990-7A3606817C31,,,,,,,ODN0004289093,z,right_only
044EEF92-B077-4755-9F8E-37B01120BBC7,,,,,,,ODN0004289094,z,right_only
1A824257-87EE-467E-B2C9-23F825E1EAD9,,,,,,,ODN0003685791,z,right_only
3BF993B9-0392-4DEF-9660-F5C79AE0E486,,,,,,,ODN0002245672,z,right_only
6F9E88A4-7110-4455-B972-17EB6FE6BEC8,,,,,,,ODN0004101868,z,right_only
62ED0224-2536-4DF3-B4BD-2B425EB0F01C,,,,,,,ODN0003594587,z,right_only
E4C4E13E-0195-409F-BD7D-2A3CBF31CB4D,,,,,,,ODN0002215277,z,right_only
C7B3C533-A1CF-4812-B790-39C8B9D52E10,,,,,,,ODN0004289095,z,right_only
46664F7A-90B6-484F-B17A-A167F25DD827,,,,,,,ODN0003511849,z,right_only
F4BEA405-D0AA-4A72-B9FA-5B7E6FF04CB1,,,,,,,ODN0004694832,z,right_only
864646B4-2295-464A-ABEE-651737B3DFD5,,,,,,,ODN0002215278,z,right_only
6BD88EEE-84B6-4D28-9978-0593D91F8D8C,,,,,,,ODN0002245675,z,right_only
BBC0F56B-5469-4BE5-BD2F-661A7CCFE838,,,,,,,ODN0001634974,z,right_only
A75A06C2-B7BF-43B5-A8D3-F7479447615D,,,,,,,ODN0001674779,z,right_only
400E9BF6-8FA4-46EF-BAA6-40E9AF9069D1,,,,,,,ODN0002972635,z,right_only
5C54D589-831C-4E6C-96AF-6E42EF62DF92,,,,,,,ODN0002187581,z,right_only
478B665D-AC1D-4FB0-B1D0-E496B12C1EB6,,,,,,,ODN0001674780,z,right_only
5CBC3CD0-2832-4110-BF1E-3CBC6F91A866,,,,,,,ODN0004313906,z,right_only
82C37707-0860-40A7-8F43-576A46B30A35,,,,,,,ODN0003511850,z,right_only
9F07EB4F-C3C6-4B98-9945-E7CD5F1E3640,,,,,,,ODN0002245676,z,right_only
EEDD44F1-5F23-4F54-A4A6-7AEB78CE054A,,,,,,,ODN0005289786,z,right_only
EF1063C7-3E37-44BA-B760-049FCFFC466F,,,,,,,ODN0002245677,z,right_only
6A39AF56-C43F-46E6-AAC5-AC7335361291,,,,,,,ODN0004199668,z,right_only
F3EABB7E-77D1-4279-8A03-D15937DABB7D,,,,,,,ODN0002245678,z,right_only
EF281FFE-CE29-4415-A1FA-9D47881AD60D,,,,,,,ODN0002215279,z,right_only
28C10429-A62C-4D75-BA31-8B9DC59116E5,,,,,,,ODN0004101869,z,right_only
510E697C-F2D5-4944-B0C0-145359B5A042,,,,,,,ODN0005045853,z,right_only
9F5326DC-408A-48BA-B469-8EC8E7F246DA,,,,,,,ODN0003623439,z,right_only
1E229DCE-1913-41C1-8FBF-396DC10F3FCA,,,,,,,ODN0003431329,z,right_only
457EA09B-6B8A-4F73-B320-C7FAFACE95B2,,,,,,,ODN0003623440,z,right_only
781F9880-9546-445A-ABCD-5AE871C8E240,,,,,,,ODN0004875594,z,right_only
2312187C-DBA3-45CB-A857-D468F5EE26BB,,,,,,,ODN0004875588,z,right_only
E0F156F8-F880-47BF-BA28-66793F9C2B5F,,,,,,,ODN0002015458,z,right_only
C3D25D45-4EB7-4EAF-9AAB-9308AA65DF45,,,,,,,ODN0002015462,z,right_only
B891CD1F-0231-4D5A-8D88-0DAE631EA66E,,,,,,,ODN0002015374,z,right_only
7F522862-7DC2-48C3-AE15-FA7B60C4B97E,,,,,,,ODN0005373078,z,right_only
BAB8391B-C37C-49B3-B6AB-BD606D7CDADC,,,,,,,ODN0005402634,z,right_only
5C5B014F-B965-4928-AB56-60B7523F8E19,,,,,,,ODN0003581159,z,right_only
56CD472E-ADA2-42C4-B3B9-82738BDD2078,,,,,,,ODN0003581160,z,right_only
78686046-E0B6-4F3F-9491-D6C8F3259D7B,,,,,,,ODN0003581161,z,right_only
7EFC7CA3-3B7B-4FA5-A8D7-A2F45ECA03AE,,,,,,,ODN0003581162,z,right_only
BC16D2BF-591A-4539-A4B7-3A5BF4B962D4,,,,,,,ODN0003581167,z,right_only
648FA571-8BC6-4638-9D6B-79B8BFFFDFD8,,,,,,,ODN0002668935,z,right_only
2F408597-95C1-4B52-ADA2-2125795B531E,,,,,,,ODN0003581172,z,right_only
966E158E-DD5E-478B-A790-39DBA18B9A1E,,,,,,,ODN0002668967,z,right_only
AA66E719-E24E-4F93-BE29-058B39B0B606,,,,,,,ODN0005356799,z,right_only
7F0FDEF5-6D98-41DD-ABB3-9AAE6DC6160B,,,,,,,ODN0003581175,z,right_only
E5A7F9F4-A167-4613-B5AE-7B73D7543F01,,,,,,,ODN0002668976,z,right_only
2A2DB51D-6381-4643-B99E-94E2E9BE6CC0,,,,,,,ODN0003581176,z,right_only
0C74128F-8949-46B8-A7F3-58F7B0E5A481,,,,,,,ODN0003581180,z,right_only
510FD5C1-ACCF-420B-B806-6F421F42CB8E,,,,,,,ODN0002668998,z,right_only
3E0C922B-C970-41EB-94C6-BA392CEDBC76,,,,,,,ODN0002669002,z,right_only
0C5B958B-A379-4F33-B482-9445AC7DE10D,,,,,,,ODN0002669013,z,right_only
FB685E8C-DFCD-4066-A50C-2486A9507C95,,,,,,,ODN0002669014,z,right_only
D2AF5DAE-56E1-4593-B175-099D39A49B93,,,,,,,ODN0002669015,z,right_only
5432A590-BBC9-4854-A075-382D05D6E832,,,,,,,ODN0003581185,z,right_only
EC08792E-6C9F-4E04-A66A-0DF4E91A6EDD,,,,,,,ODN0002669032,z,right_only
987ACEC5-73CD-4D8C-9E5A-499FEB4EB929,,,,,,,ODN0002669033,z,right_only
360DA3C6-5C8E-418D-9CD9-EF79BFEE0294,,,,,,,ODN0002669034,z,right_only
2F904E07-911E-43B1-AE1E-901DC07EE3AF,,,,,,,ODN0005356841,z,right_only
6A6CD207-D9AD-41DA-BEB1-DA1DCEA27162,,,,,,,ODN0005356842,z,right_only
795010A6-E538-4842-AB17-8D95A9C5211D,,,,,,,ODN0003581190,z,right_only
553CC845-E137-4972-B32D-A087F50FFB92,,,,,,,ODN0002669065,z,right_only
219D2666-F035-4025-817E-A081AB42A3CC,,,,,,,ODN0003581193,z,right_only
F502668E-D0DE-4A66-AE7D-6655D9FF197F,,,,,,,ODN0003581194,z,right_only
3F451D18-5D6B-4AEA-86DD-EAD91C84B001,,,,,,,ODN0002669083,z,right_only
D6C878A8-9190-443A-A1E7-8744B7F467E8,,,,,,,ODN0002669095,z,right_only
4CD0A456-E6D6-45FD-909D-5B89B6B075BE,,,,,,,ODN0005297898,z,right_only
BA554451-9E5C-4155-96FC-B312F180F416,,,,,,,ODN0005394606,z,right_only
F250591A-3786-4278-9965-7F5914FCFB27,,,,,,,ODN0005219611,z,right_only
504DD987-DE90-4BB9-87C6-A9A9733336D1,,,,,,,ODN0002221206,z,right_only
B53E8C79-7F4D-4A90-AF0B-4A288F2A4904,,,,,,,ODN0004734003,z,right_only
4B4B872A-B52F-48C3-BEAC-D02A5D3BDE54,,,,,,,ODN0001779213,z,right_only
17CD9C80-5A78-4980-ABBE-7339D3C6CA40,,,,,,,ODN0001388950,z,right_only
19A97F8F-FE07-453E-B76C-246926503EF9,,,,,,,ODN0005739500,z,right_only
ACFED6E2-5651-496D-AA67-44557ECF751E,,,,,,,ODN0005794056,z,right_only
F7C25A4A-7F4B-42A9-B0FD-672573EA7214,,,,,,,ODN0005050375,z,right_only
DCB26E0A-952A-4D5A-93B7-678B3055A3A4,,,,,,,ODN0005590147,z,right_only
00722720-DFA4-4AA8-ADCD-E92EC0C16142,,,,,,,ODN0004934299,z,right_only
99233602-A7B3-41C4-B7EA-F65446881CF5,,,,,,,ODN0004513977,z,right_only
A22CC1C0-4899-4B26-95A1-5979455D2314,,,,,,,ODN0003915455,z,right_only
0F52D02C-9F33-4C43-B339-DD883A9BE0F5,,,,,,,ODN0004513978,z,right_only
7DFDAF73-A54C-4E24-88D2-128708EF81A0,,,,,,,ODN0002714758,z,right_only
3EA1E515-7498-4CF9-8FF8-A364E0D3C07B,,,,,,,ODN0004888990,z,right_only
1268DC15-6571-41EE-9B59-50DAFA1C5B17,,,,,,,ODN0001636313,z,right_only
5B93702C-42FE-4AD9-96EF-4C1EE4823378,,,,,,,ODN0001637314,z,right_only
279D088B-28DA-47AB-AF73-BDF061C5D7B2,,,,,,,ODN0001636470,z,right_only
FD2D8BE2-81AA-4391-BBF8-FDF477A862F7,,,,,,,ODN0003699192,z,right_only
26E530C1-5BAD-4811-A046-6F9E9771BA44,,,,,,,ODN0001637220,z,right_only
85897944-DE36-47DD-BDB3-59B684ACB0C6,,,,,,,ODN0001635548,z,right_only
563D3A40-7F5F-494C-BC0E-976739B3DB67,,,,,,,ODN0001636550,z,right_only
B7EF9034-70AA-4CF5-8D45-6A04325BCAD9,,,,,,,ODN0002417380,z,right_only
D694576A-8CA9-4A0F-BCF6-A94C53F3B309,,,,,,,ODN0003582055,z,right_only
B58F23F6-BB7C-495A-AD72-177BDA5FD1C2,,,,,,,ODN0001635266,z,right_only
9D3A3D45-3274-47A9-81C5-50A91C428EB2,,,,,,,ODN0001636120,z,right_only
C02CAB56-D043-49E2-B608-9A6B40367A5C,,,,,,,ODN0001636217,z,right_only
8FC5670A-11C2-4548-A68D-9BA1F5E245F8,,,,,,,ODN0001421690,z,right_only
D9FF664D-6C75-4399-B1BE-1387F6E5EF9B,,,,,,,ODN0001437845,z,right_only
647984D7-67A8-484D-A9D0-7E6826E54ABD,,,,,,,ODN0001437955,z,right_only
06E55218-1F7F-4736-BF95-0196EB61A306,,,,,,,ODN0005772651,z,right_only
F8E33406-E56D-4C5F-BDF4-6945BCE8CA38,,,,,,,ODN0005434830,z,right_only
CC9B05B1-EA4A-4414-915E-65F9830CAB2C,,,,,,,ODN0005637372,z,right_only
A892822D-AFD0-42EB-A3C7-61A63AD6E44E,,,,,,,ODN0003933114,z,right_only
2BED3B28-CAED-41D4-A431-B7D9BB0C5348,,,,,,,ODN0005696933,z,right_only
0C1E7CBF-1B4A-42AA-AB2E-C57B2C7BFD7E,,,,,,,ODN0005606720,z,right_only
9CDFBCDA-BAF2-4B98-AEFE-A800E0F63B94,,,,,,,ODN0003241195,z,right_only
64813A02-D14A-4E59-A29F-A97DBA310B92,,,,,,,ODN0005239434,z,right_only
BEF8AC30-851F-47AE-A8F3-4FC67FAC8BB2,,,,,,,ODN0005288873,z,right_only
CAA9B801-043A-402E-BBB7-1DC2BCEC152E,,,,,,,ODN0005573866,z,right_only
D57B3E68-FD34-4729-9A04-CE04137E3C42,,,,,,,ODN0005521969,z,right_only
2D55DB6F-4E0B-43BE-8A4C-0941C602B6B8,,,,,,,ODN0002310001,z,right_only
AD934F4D-B978-4F84-B993-3A4BD8682E9F,,,,,,,ODN0002309621,z,right_only
144E82BB-ACC9-45B1-941B-B730189AA116,,,,,,,ODN0005696934,z,right_only
5437F40F-BC25-4E54-8712-3DB5845C813D,,,,,,,ODN0002310516,z,right_only
C5860321-02D4-47EB-A5CC-B884CAAE0404,,,,,,,ODN0002310572,z,right_only
BBE6EA72-AA13-4791-A2E7-5E4473DB1C86,,,,,,,ODN0002310770,z,right_only
0C709742-E706-4CED-8CB2-10F9B298D476,,,,,,,ODN0002309047,z,right_only
77C6FC0D-436D-495F-ABD2-E54F8F5F43E2,,,,,,,ODN0002310915,z,right_only
2B88C800-97B3-4D6A-AF12-B0EDEB6FEC62,,,,,,,ODN0005744380,z,right_only
A18E16BF-958B-46DC-958A-D4A11814E6CF,,,,,,,ODN0002310989,z,right_only
B6502FC9-33DB-4041-90E9-847905F75FE0,,,,,,,ODN0005301232,z,right_only
2ECEE94D-FBEE-4565-879E-87970F715EA8,,,,,,,ODN0005318036,z,right_only
EFB3A812-56E8-4180-ACC5-D7A1F4BEAB05,,,,,,,ODN0002310293,z,right_only
E573B8E6-984E-4DA2-B003-6FB1C0B09E18,,,,,,,ODN0002310476,z,right_only
0E69D91D-F7EC-4A14-A0C6-C8E1620B1AB6,,,,,,,ODN0005318048,z,right_only
0FDDF83C-2C12-4AF3-99FE-CEBA787CC055,,,,,,,ODN0002877570,z,right_only
F7EB7013-5CA1-4174-B485-165BF0C4B27F,,,,,,,ODN0005318050,z,right_only
3E07EE69-635D-456F-8F41-227460EF79AB,,,,,,,ODN0005318051,z,right_only
CEE86F72-60DB-4F10-8893-AC2EE806C242,,,,,,,ODN0002016381,z,right_only
8F9A329F-5050-4FD1-AE3C-559D1EE2CA74,,,,,,,ODN0004953240,z,right_only
5DA4AE93-9A0C-4AFD-9C92-17E27A0AB9BB,,,,,,,ODN0005318073,z,right_only
4329A9D1-D8C4-4815-97F3-16B1F527CED9,,,,,,,ODN0004624073,z,right_only
D7CFCEAA-A8C8-4C32-AA67-BDFAE64A33E1,,,,,,,ODN0005318059,z,right_only
2D57461E-6AC6-4BD4-A3E0-6D9A1EC40CA4,,,,,,,ODN0004624061,z,right_only
D2515E55-59D6-4D69-B7A6-E928E087CAEC,,,,,,,ODN0004866622,z,right_only
7BC3CF36-F71D-4549-8F29-3F259E63CEA2,,,,,,,ODN0004581300,z,right_only
A6233440-E8A6-43F8-B7FB-E0064687333D,,,,,,,ODN0005239436,z,right_only
193B090B-BF6E-4C11-9995-0F605F15AD60,,,,,,,ODN0005665730,z,right_only
B323A1C3-DE0F-4233-B7A8-4B5E730D6FD9,,,,,,,ODN0005461274,z,right_only
CA7C190B-FFA0-4A9C-B86F-2BCD82E4E1B3,,,,,,,ODN0001983561,z,right_only
66507BF9-39E1-4F3C-A422-101895F077CB,,,,,,,ODN0002309546,z,right_only
EFF33888-E8FC-430C-AE11-5432021BD587,,,,,,,ODN0002310942,z,right_only
110FE2CC-713B-4AD9-9023-3BEC7182D0A4,,,,,,,ODN0002309857,z,right_only
329C3BFB-97B2-42B7-B38C-669AC2B6DCC8,,,,,,,ODN0005772652,z,right_only
0EC7F4AA-E02B-43E5-9F87-D1821FAD1931,,,,,,,ODN0002309860,z,right_only
35D4D667-21A8-45C1-9299-E02189AE7ED9,,,,,,,ODN0002309563,z,right_only
3D3BA1BD-5943-4E72-9F07-76770BCC1907,,,,,,,ODN0002309919,z,right_only
E7BEECE7-95E8-43AC-B0CA-B7AAF53A6134,,,,,,,ODN0002310983,z,right_only
C5D5EF93-563A-4233-85D5-824811FDED6B,,,,,,,ODN0002309943,z,right_only
3A888082-890F-4E70-8A08-328143E3D083,,,,,,,ODN0002310009,z,right_only
74B6DB8E-AA81-4624-8B7E-19DD490E6BC4,,,,,,,ODN0002310267,z,right_only
262F9DCD-3602-4A08-8314-01D4B93F8BBC,,,,,,,ODN0002310280,z,right_only
66EE578B-554E-4AD0-8D8A-60462269A2C4,,,,,,,ODN0002309182,z,right_only
03AF3399-499F-4389-95B6-78F8DB52BB77,,,,,,,ODN0002309189,z,right_only
C69C2742-7595-436C-8772-D26001FEAC31,,,,,,,ODN0002309781,z,right_only
B36ECD9C-E5B5-4E15-A18C-24C82C60845C,,,,,,,ODN0002310473,z,right_only
55D74CCA-0A78-4AE8-9499-516AB6B5E9DB,,,,,,,ODN0002309231,z,right_only
999B5CDF-382F-4F05-B06A-F1825462AB9B,,,,,,,ODN0002317311,z,right_only
98D7AF11-65F8-44CB-8603-C66505EE489C,,,,,,,ODN0002309253,z,right_only
4BAFF5B7-1E61-4C05-A2C7-016452E46F4E,,,,,,,ODN0002309044,z,right_only
78ECABA9-65A3-466A-ABCF-858185173A03,,,,,,,ODN0002309286,z,right_only
60756C3D-89F9-4EAB-9031-7A50FC1A8C67,,,,,,,ODN0002309306,z,right_only
87548AA1-D65C-4599-BC80-AE39BA296FC3,,,,,,,ODN0002311167,z,right_only
45340E4D-24DB-4A35-9774-8BBD028FAC0B,,,,,,,ODN0002309653,z,right_only
F9D131DB-0975-4A43-92DD-FBCAD75D06DD,,,,,,,ODN0002311177,z,right_only
6EA7EDAB-D3E9-4DDA-A806-F9D428147047,,,,,,,ODN0002310757,z,right_only
6A556418-C4C3-47A4-B7E9-46DC4BC3D2F0,,,,,,,ODN0002310761,z,right_only
BAABA050-06AB-430D-91DB-A4C8FAD7C470,,,,,,,ODN0002310789,z,right_only
BF5010C8-E1AE-4898-8A0C-E3DC901FB3D0,,,,,,,ODN0002310819,z,right_only
F9CED945-5526-450E-A4EA-646EA6FA3834,,,,,,,ODN0002311341,z,right_only
0C01EED9-F903-4A79-BD65-13D1D5F802BE,,,,,,,ODN0002311359,z,right_only
08A934F5-BB8B-40E0-A482-75F488F79E8B,,,,,,,ODN0002310888,z,right_only
D94D0737-44F7-42F1-B46A-829AFF3115C3,,,,,,,ODN0002309795,z,right_only
585310F5-4A0C-4812-92A9-4C447D15E896,,,,,,,ODN0005637379,z,right_only
BC9CFE25-5552-423C-B11B-5A84F26A5C7D,,,,,,,ODN0002529468,z,right_only
E5C98DEA-9A8D-49EF-A3CF-CBF3F56AEE42,,,,,,,ODN0002311623,z,right_only
164835E1-AD47-4315-9806-1F63F173819F,,,,,,,ODN0002311633,z,right_only
0CB3ECD4-E7C0-42BC-BFD3-E0810EFDACF3,,,,,,,ODN0003002881,z,right_only
F8EA9E52-C807-4F3B-94BF-078E1DA57E1A,,,,,,,ODN0003727079,z,right_only
ED9CA2BE-60BA-46F1-90C8-1D0F0EF61961,,,,,,,ODN0003217708,z,right_only
9ADC79CF-8076-4231-BE50-341B646ABC46,,,,,,,ODN0001784562,z,right_only
6F02FA76-CD72-44BD-B145-DA1AE148E338,,,,,,,ODN0001518094,z,right_only
293BBB9E-CF80-45E0-A6DD-814C3902376A,,,,,,,ODN0004595259,z,right_only
C09D591E-786B-4AF2-BCE4-8E8EC15D227E,,,,,,,ODN0002677577,z,right_only
C12BD407-A59E-4719-B751-FC15B3CEFFAC,,,,,,,ODN0001626631,z,right_only
FCF70ED8-F888-4B88-88F8-C24AB303E3E0,,,,,,,ODN0001626641,z,right_only
73220ABA-9FE9-4B63-A845-E6F5373BCDC5,,,,,,,ODN0005278555,z,right_only
FE3E9302-5342-47F1-9072-DD0A161FCCD8,,,,,,,ODN0005278563,z,right_only
C3BEA1F3-E14B-4933-BC58-22A1B045969C,,,,,,,ODN0005278564,z,right_only
CF405DFE-87FE-443E-980A-D9D27D3BDAFC,,,,,,,ODN0004437714,z,right_only
48B8A3C7-B825-4AE1-BE69-E48796A26E73,,,,,,,ODN0005278565,z,right_only
530BD889-7119-43D6-AF4C-EB1FDA5DCE89,,,,,,,ODN0005278566,z,right_only
B1CB8F72-BF66-4DFC-AEBC-310D719CE380,,,,,,,ODN0005278567,z,right_only
DB744BE8-FFC0-48D6-841A-99DE334D99E8,,,,,,,ODN0005278568,z,right_only
A9D670B0-D285-4841-ADC6-53B4BE995A92,,,,,,,ODN0001626667,z,right_only
A61A4572-FC8A-45A8-A3FA-73FA79B41FA0,,,,,,,ODN0001626670,z,right_only
9D73A08F-D8CE-4F22-8324-A8A67385417C,,,,,,,ODN0005278570,z,right_only
81207DDC-21EE-4480-8C02-FD2C8A234522,,,,,,,ODN0005278571,z,right_only
250A5203-9CC2-4C75-B3E7-87CA7B6AAC5C,,,,,,,ODN0005278572,z,right_only
83DFE509-F5C5-4F09-B94B-A47F25838713,,,,,,,ODN0005278573,z,right_only
5A679562-573A-458B-8D88-BA9405B2E3D6,,,,,,,ODN0005278574,z,right_only
197B1876-92B3-429A-856D-0A24C8FD666C,,,,,,,ODN0001626757,z,right_only
1924A195-E246-4EF9-89F1-94BDBA82396B,,,,,,,ODN0005460713,z,right_only
A9EF69D4-CAF7-4AA7-BC2A-4B750F452456,,,,,,,ODN0002190757,z,right_only
3AA5699C-3F83-480C-8C2B-146E0295AFD9,,,,,,,ODN0001626760,z,right_only
D882ADE2-3817-43DC-ACA6-7C86C0AC6A72,,,,,,,ODN0001626771,z,right_only
E966BD14-2C38-4918-B0EB-BC8E6483AFDD,,,,,,,ODN0005278588,z,right_only
C784D29A-A998-4712-8708-D1D80C73D2A6,,,,,,,ODN0002190787,z,right_only
6DBBE5CA-3E86-4A1D-81B3-655C68E37147,,,,,,,ODN0004595308,z,right_only
1CB1AED5-EACF-4E05-98D7-299825924DF5,,,,,,,ODN0001626787,z,right_only
19ADBEEE-D537-471B-AD25-7F72BD0D82AF,,,,,,,ODN0001626789,z,right_only
E877EC13-A739-4A20-BEE3-7430E2869AB4,,,,,,,ODN0005278597,z,right_only
20C9D0C0-3C5D-4919-988A-F00476A8EF34,,,,,,,ODN0005278599,z,right_only
875D162A-9436-4130-A1BF-A9F5A504A7A5,,,,,,,ODN0004437740,z,right_only
68761C09-64AB-4CDB-A275-863F26D70F07,,,,,,,ODN0001626839,z,right_only
4F253BF1-1CD8-42E4-AD64-919E7CA995BA,,,,,,,ODN0002190917,z,right_only
D3E4FD8F-0AC1-49B0-AE81-68D18ED92439,,,,,,,ODN0002190925,z,right_only
5F962524-3573-493F-88F3-259A2BB475B4,,,,,,,ODN0001562253,z,right_only
AE054CC4-DB86-4D80-91B3-AC0FDA12AED8,,,,,,,ODN0001626846,z,right_only
557C60A8-B727-4F98-AA10-20ABC44542ED,,,,,,,ODN0005278601,z,right_only
5D2FC7C6-BF98-46BC-A531-FF1B76D60A2A,,,,,,,ODN0002191044,z,right_only
542DA478-226A-4D12-B557-65C0091A251C,,,,,,,ODN0001626855,z,right_only
9E427D8C-B803-4167-9363-208AA8A8BF4B,,,,,,,ODN0005278610,z,right_only
7907684D-FC29-40A5-B762-85D336336D09,,,,,,,ODN0004437745,z,right_only
706506FB-2F51-4965-9B23-0285E2D5B039,,,,,,,ODN0002191073,z,right_only
59C92744-7621-473B-A9A2-1DCC4AFECDF1,,,,,,,ODN0002191084,z,right_only
224EB7AF-CF87-4808-8E0F-6408E76EA54C,,,,,,,ODN0002191098,z,right_only
2D0EA97E-3E20-41D1-896D-B36B572F0022,,,,,,,ODN0002191123,z,right_only
256CFBF0-6E67-418B-BBAC-6F578C4FBF3C,,,,,,,ODN0002191125,z,right_only
06E75E2B-3ECE-47DD-922A-118E3DDDD75C,,,,,,,ODN0001626871,z,right_only
DAA3ED75-5B1C-4681-A5A9-E04A52449572,,,,,,,ODN0001626875,z,right_only
FD790ABF-4B52-43EB-8A81-D2E779686132,,,,,,,ODN0002191175,z,right_only
1086B642-88EC-4EC7-BF04-88D93944EB40,,,,,,,ODN0001626890,z,right_only
0C03AD04-980E-44F7-8574-DDF3997D1D89,,,,,,,ODN0002191200,z,right_only
B75AC8EE-172C-4704-8568-84AF5992983C,,,,,,,ODN0002191207,z,right_only
F833AAB0-5A5D-435D-8633-D98EB02C2131,,,,,,,ODN0001626897,z,right_only
253C1F12-9C72-49E5-85BD-0DD6BC8597A9,,,,,,,ODN0001626906,z,right_only
80ACC06B-9FC7-4A41-AB87-5E9765653E1D,,,,,,,ODN0001626908,z,right_only
287E736C-9D06-4F8D-8C59-BE9C1B6C242B,,,,,,,ODN0001626919,z,right_only
69C73469-CAD5-4F83-B346-5900177F2939,,,,,,,ODN0005278625,z,right_only
D03248DA-68F7-4209-9A63-5AA0A58DE201,,,,,,,ODN0002191364,z,right_only
835CA252-879A-4EC2-9F51-AC4B855DDC14,,,,,,,ODN0005278630,z,right_only
95E18BB6-8179-4E83-B44A-3E05ECC8BA68,,,,,,,ODN0002191438,z,right_only
14B75DD7-BCCF-4AFA-AE32-FBEA7E219208,,,,,,,ODN0002191444,z,right_only
B5B10BCE-2CC3-4741-B12E-121164FFA809,,,,,,,ODN0002191447,z,right_only
DD3D7F49-EB4D-42D2-8197-F3F9A29F333A,,,,,,,ODN0001626929,z,right_only
3AEAA271-F3AE-430F-ACEA-97530C17E29C,,,,,,,ODN0002191495,z,right_only
6A8ED512-02E3-46C8-9F01-2D21B875F281,,,,,,,ODN0005278632,z,right_only
DB84D111-0462-483A-9F23-1B0E995880ED,,,,,,,ODN0005278633,z,right_only
6A415274-143E-4879-807A-D526B3DA244C,,,,,,,ODN0005278634,z,right_only
CB86461E-DC1B-4FB8-9F9E-3DA62B2C96D7,,,,,,,ODN0002191538,z,right_only
23A9B352-6CF0-4E0A-A16E-FF26ED3A040D,,,,,,,ODN0002191552,z,right_only
772A0B37-FC64-41B3-A5F1-0FDFD2BEAB21,,,,,,,ODN0005278640,z,right_only
695BE5C4-738A-4C21-AA1C-AF707F449B5B,,,,,,,ODN0004437789,z,right_only
C786324A-872C-4661-9B55-7460F8217B7F,,,,,,,ODN0001626957,z,right_only
CDB0D1D0-89C9-4684-AD4B-E23901033966,,,,,,,ODN0005278641,z,right_only
FCFEC105-B16D-463C-9941-EC8EF05885FA,,,,,,,ODN0002261417,z,right_only
D18F294F-44A3-42B1-92C4-3B8820241CF8,,,,,,,ODN0002677694,z,right_only
696A2765-D542-4086-97C1-80A13B6918BB,,,,,,,ODN0001626969,z,right_only
A2ABD16D-28D4-491E-8D3F-BA5791CB2A9A,,,,,,,ODN0001626983,z,right_only
60FD830C-D35D-4881-8F43-784CE40D144B,,,,,,,ODN0002191844,z,right_only
66FDC246-876B-4E03-86AB-CAB8EEAD6338,,,,,,,ODN0001562270,z,right_only
E40AD4EF-0390-4F84-BA4A-E2004634303C,,,,,,,ODN0005278658,z,right_only
D1F3F81E-B758-4E53-9665-39BA22434AB3,,,,,,,ODN0001626996,z,right_only
F6AF7F13-C9CD-4091-B232-918ADFEF11E3,,,,,,,ODN0005278661,z,right_only
6E903D0D-3B89-4030-B549-003D241C7AED,,,,,,,ODN0002191990,z,right_only
C7A34BAC-C5B7-4B0C-8285-C67DC4D03CFC,,,,,,,ODN0005460723,z,right_only
B289EEAB-AD53-495B-A9E2-949A9CADE13C,,,,,,,ODN0002995905,z,right_only
EC8B8D2D-296D-422C-80E1-6FDDF4129ADC,,,,,,,ODN0002995907,z,right_only
7E7B7F1F-4239-44C5-B725-2707BD72C501,,,,,,,ODN0002995908,z,right_only
53280694-50CF-431B-9245-624F923066B1,,,,,,,ODN0002995909,z,right_only
7B77DCCC-8ADC-43E4-A995-58014433E89B,,,,,,,ODN0002995910,z,right_only
700A3B33-7B9C-4E95-A326-5B7BDA4BF02E,,,,,,,ODN0003307806,z,right_only
663EDE43-1E10-476E-809E-0F8141E7D283,,,,,,,ODN0002995919,z,right_only
F9B36664-1101-4D6A-A75A-B738B19FF679,,,,,,,ODN0002995925,z,right_only
72CAA3E6-76AB-442D-B9C5-ED8A5CF19AB4,,,,,,,ODN0002995932,z,right_only
60517F0D-D0B3-488A-8672-E03FF5257CA6,,,,,,,ODN0002995937,z,right_only
497975A4-FA15-4655-97E4-947269302758,,,,,,,ODN0002996127,z,right_only
200750D5-FCD2-4DB4-8085-3B95161D895B,,,,,,,ODN0002995904,z,right_only
8CD25AA2-C657-4C45-B4CC-1B9C6199D9E4,,,,,,,ODN0003307875,z,right_only
D2CB2183-7140-4A80-9593-AE2AFC1B0661,,,,,,,ODN0002794090,z,right_only
F7AA8D6C-E958-4611-8050-E1943C1DCA57,,,,,,,ODN0005539951,z,right_only
964B9305-55CF-4F54-A217-5E0BA5405611,,,,,,,ODN0001762673,z,right_only
91374326-B066-4EB6-93E6-7BC438C0F026,,,,,,,ODN0001762674,z,right_only
2186CAAD-D2F9-4CBE-AB6A-4BA8811B4C26,,,,,,,ODN0002036227,z,right_only
5B1039AE-0E4B-4894-BC6E-32BF737CB5E2,,,,,,,ODN0001762675,z,right_only
A802B02B-41C5-40A9-B7E9-BF73C4028380,,,,,,,ODN0001762676,z,right_only
CEEDAC9A-9F9E-49F0-9DBA-222DC3022F55,,,,,,,ODN0002036229,z,right_only
CD08D62C-EBBE-4B27-B9D0-9970F4135F8B,,,,,,,ODN0002036231,z,right_only
36A94C04-C089-494E-8388-D2EA9140E6AC,,,,,,,ODN0001762677,z,right_only
6773906F-1A26-4F89-B3CA-BF5009FD2A3B,,,,,,,ODN0002036232,z,right_only
687279CF-0F7A-41FE-B606-A9F509DC1542,,,,,,,ODN0001762678,z,right_only
5D3FB441-FECC-498B-B7B2-B2D0957AAD2B,,,,,,,ODN0001762679,z,right_only
496835D7-B9FE-433A-A4C6-8992ACBE9F11,,,,,,,ODN0002036238,z,right_only
0223E4BF-6964-49A6-BC58-E19C749FF0D0,,,,,,,ODN0002036239,z,right_only
8CCD1E18-8B45-46C1-A854-7D74944F4BC0,,,,,,,ODN0002036240,z,right_only
BFACDA55-A378-455B-9B2A-94BFFFC9E208,,,,,,,ODN0002036241,z,right_only
1F2A5077-F2A9-4D95-81F3-0B0F3733CE15,,,,,,,ODN0001762680,z,right_only
DD3015FD-F262-4944-B1D0-FC3CEC01B6EF,,,,,,,ODN0001762681,z,right_only
7CB55A62-CBBC-450E-B98F-B98AA8927FD5,,,,,,,ODN0001762682,z,right_only
E30662B3-C351-4CD9-8685-DAF12BC41356,,,,,,,ODN0002036244,z,right_only
988F3122-C186-4D6A-B99E-5B453F26F8D6,,,,,,,ODN0002036246,z,right_only
1CFED495-F6B2-4AAA-AB23-1A3918AF687D,,,,,,,ODN0001941054,z,right_only
B6CBBF4E-C6D9-4BD1-9D4F-3A519B762726,,,,,,,ODN0001941064,z,right_only
662F79C7-9332-4E6A-886A-34E5F257C104,,,,,,,ODN0001941082,z,right_only
CB70A50C-1C4F-4DCD-AF84-D76B5F725B31,,,,,,,ODN0001941338,z,right_only
593136FF-5B6B-486D-B74E-5CF802656374,,,,,,,ODN0001941412,z,right_only
6443150D-22B6-4ADC-B54B-04BB0C38E3AD,,,,,,,ODN0001941417,z,right_only
E6C4D204-DC27-4B27-8EAC-9102101BBC90,,,,,,,ODN0001941419,z,right_only
4AF87EB9-1B0C-4802-B960-5BD3D5294DFF,,,,,,,ODN0001941420,z,right_only
C777AB65-629E-4BF1-A42C-DAB7006F3375,,,,,,,ODN0001941433,z,right_only
C5BD646E-521A-4455-BA84-737B804CB294,,,,,,,ODN0001941465,z,right_only
1725DF35-56CE-44D2-8645-03DEDE161B53,,,,,,,ODN0001941565,z,right_only
BE2973D0-BDFA-4630-B150-BEBF60332087,,,,,,,ODN0001941595,z,right_only
FD94F6FD-60B2-40EF-B96D-CBC32EEF015B,,,,,,,ODN0001941598,z,right_only
40CE12FD-EE64-45A0-8D75-BB2FDFA6B256,,,,,,,ODN0001941600,z,right_only
65512368-6950-411D-A04F-3C3DC0C274BF,,,,,,,ODN0001941611,z,right_only
EB544920-40F2-4590-BD77-4CA5A42C6248,,,,,,,ODN0001768830,z,right_only
450BEDBD-813A-4DF1-9229-ECD6A283ACF0,,,,,,,ODN0001768832,z,right_only
AA478E2A-9BCC-4394-8CC5-369C6E84CE49,,,,,,,ODN0001768939,z,right_only
B37544A6-5378-4FE6-AF63-934BD11007EC,,,,,,,ODN0001768604,z,right_only
F337B279-BE50-48AD-A1D8-E7F6D3375A1E,,,,,,,ODN0001768605,z,right_only
01A7E565-5357-4788-B3ED-83293B169597,,,,,,,ODN0001941572,z,right_only
1BDD5F34-DEED-43F6-83EA-690168B05B23,,,,,,,ODN0001768628,z,right_only
DDF1EB3E-A653-4AE5-84DE-2A31F5C776C3,,,,,,,ODN0001878628,z,right_only
35170522-E706-402C-9F14-C718676D2CA4,,,,,,,ODN0001768838,z,right_only
84A28BE9-A518-4BAC-A614-326D16750F64,,,,,,,ODN0001757835,z,right_only
B5E64283-CA6F-4EF3-A6EA-C4EE7DDD89F5,,,,,,,ODN0001768920,z,right_only
90DC0932-E546-40AC-91EE-23E740A27D98,,,,,,,ODN0001768940,z,right_only
ED52085A-3D88-424D-8382-8F990265ED0F,,,,,,,ODN0001768944,z,right_only
3E55F966-CF79-4C9C-B08F-7E549D3721F8,,,,,,,ODN0001768957,z,right_only
3DAC64F0-FF72-4BBE-B5E2-84E93EE4CD60,,,,,,,ODN0001768958,z,right_only
E236D719-9849-4EE8-A53F-B26FCC07388C,,,,,,,ODN0001768959,z,right_only
C13DAA3D-9296-4357-A7EB-413B7926D5BA,,,,,,,ODN0001768960,z,right_only
381C8257-EE42-4583-85EE-3A758FE01CFA,,,,,,,ODN0001768980,z,right_only
371E273F-1A51-4FC0-98F5-7248DFFC485F,,,,,,,ODN0001768981,z,right_only
A6E66A3E-EE4D-45BF-B484-3302CBA2167F,,,,,,,ODN0001768993,z,right_only
DB3907C3-C5D9-43FA-B61E-E1D88417F653,,,,,,,ODN0001768589,z,right_only
A0B5A903-6D3B-4DDE-BAEA-938472BD0684,,,,,,,ODN0001744423,z,right_only
926D90DE-1111-4F18-956E-5E89C688641F,,,,,,,ODN0001768593,z,right_only
E2C98560-8ADD-4E76-A286-F6513B3267F6,,,,,,,ODN0001744455,z,right_only
3D274D44-9804-45D5-88C5-79E49C01A411,,,,,,,ODN0001728565,z,right_only
63FC505B-B642-4649-928F-9F6D5A7DFB49,,,,,,,ODN0001744493,z,right_only
199F24A6-7958-42A7-964E-D725C18C1EE1,,,,,,,ODN0001744512,z,right_only
CF59753F-5F6E-4DE8-A5F2-9EC4B53538D3,,,,,,,ODN0001728590,z,right_only
0E94773B-02D7-4C60-8911-C4F9789F5DEA,,,,,,,ODN0001744514,z,right_only
02BAE6AA-D1C2-4242-8BB3-0FA4B7F3BFF9,,,,,,,ODN0002600309,z,right_only
F0460D46-7DFB-41EF-8D26-3039C21C81E0,,,,,,,ODN0001740853,z,right_only
F790FEFA-EE1E-4557-A834-9FA1DE23A7B3,,,,,,,ODN0001758355,z,right_only
137669CE-9EC9-435C-AAA6-B901C4524967,,,,,,,ODN0001768610,z,right_only
B5FB2947-5D44-4006-8809-A4200AC30317,,,,,,,ODN0001740917,z,right_only
534A9B3A-8FED-4055-AC92-1C09E9AA9A1C,,,,,,,ODN0001941438,z,right_only
5EBE3D1C-B3EB-4725-8AE2-38DCE81F95CA,,,,,,,ODN0001758447,z,right_only
74F08258-D9A0-424A-8077-69058A0B24B0,,,,,,,ODN0001758503,z,right_only
7F467562-C2D0-4DCB-9A9E-AEC2D870E90F,,,,,,,ODN0001740960,z,right_only
81E84A42-4616-4863-BC96-6A6DB8A731C9,,,,,,,ODN0001768623,z,right_only
FE349CCC-B415-4D0E-BCC0-6DBBB01AF8BE,,,,,,,ODN0001768630,z,right_only
3E1B2C49-027F-421A-8198-8132512ED8F5,,,,,,,ODN0002289958,z,right_only
01D8FE9A-6F6E-4C9B-88A7-DEC7CD89B4E1,,,,,,,ODN0003261652,z,right_only
CC592399-E6F9-48CA-AE01-76A010936DF6,,,,,,,ODN0003756291,z,right_only
B9AD9786-7933-4948-8811-A972E0C8A622,,,,,,,ODN0003042312,z,right_only
B9374B1A-BEEC-4909-8F89-53495C0C996C,,,,,,,ODN0002018231,z,right_only
26CECDD6-4B8A-4672-B3A6-5AF4DFA65E2B,,,,,,,ODN0001817514,z,right_only
86AD7AD0-C482-4D9C-9221-BFDC4F31A90E,,,,,,,ODN0001817516,z,right_only
C164108D-3E65-4819-8696-91D8C3085037,,,,,,,ODN0001817596,z,right_only
FE022BC4-CE64-4FD7-9E9B-65B6F09AAC63,,,,,,,ODN0001817627,z,right_only
06D42ED2-00AB-4A43-B210-5ED6035C50C8,,,,,,,ODN0001664779,z,right_only
61043997-CC01-415E-920E-E50BE2C8EC84,,,,,,,ODN0001664784,z,right_only
B8434E01-B3F9-45BD-B6EC-196A1B3E08A8,,,,,,,ODN0002056926,z,right_only
FB725D67-5D99-48E5-8DBE-5C9AF8832476,,,,,,,ODN0005506798,z,right_only
B6C7BFEB-7013-4EBD-889F-94D66F68ED57,,,,,,,ODN0002006013,z,right_only
2843FAA4-4429-4C9E-812C-20FA0E3E3089,,,,,,,ODN0004904197,z,right_only
BC6AFF52-51E3-42EA-A6C7-403C875DEB28,,,,,,,ODN0005111961,z,right_only
B41CC1DF-699A-4F69-AA0F-33D5BE65FAFE,,,,,,,ODN0005303288,z,right_only
C97071E9-2F8F-403D-8705-868129C51A56,,,,,,,ODN0003860361,z,right_only
664CE21F-CFCF-41AE-BD62-0E28C3E42261,,,,,,,ODN0005442613,z,right_only
63BFA47E-3FE2-470C-8ADC-B9FC26FD3BFF,,,,,,,ODN0003028576,z,right_only
3DA8FC36-386A-48F8-A32B-3E9CACE51320,,,,,,,ODN0001970246,z,right_only
CE511635-B4B4-4DEC-8B5F-B778B7CE4A24,,,,,,,ODN0002014377,z,right_only
97871F80-FA68-4BC5-BFD0-560D6B0E868C,,,,,,,ODN0002314526,z,right_only
A9C546B6-A0ED-4478-805F-6095E8AFDEDF,,,,,,,ODN0002473846,z,right_only
114EEC8B-551E-4D2B-96E7-E396A4940910,,,,,,,ODN0004893929,z,right_only
70718736-18CB-40B0-AF57-A1C1A39057AD,,,,,,,ODN0004990377,z,right_only
4F2591E9-0BBF-4EB6-B759-8F6E243C7FC7,,,,,,,ODN0003887620,z,right_only
8553718A-2379-45B5-B556-AED6B255EA06,,,,,,,ODN0002559771,z,right_only
0ABD9198-5092-42FD-9D2D-2089259E9B7E,,,,,,,ODN0002545427,z,right_only
4A771C58-CFD2-4100-8F2B-55E91B7509A5,,,,,,,ODN0005437186,z,right_only
D4D6D7A6-7032-416B-945C-0974002E4C32,,,,,,,ODN0005470846,z,right_only
5A09C5C3-DA78-49CA-8BD3-35A30561404C,,,,,,,ODN0005437200,z,right_only
BD276E48-C9E2-41AF-8D9C-36F55B974C4B,,,,,,,ODN0005437206,z,right_only
BEAACFD1-8CCC-4801-B131-5EA69B54086D,,,,,,,ODN0005425763,z,right_only
C848BCDE-8E74-4542-AB7C-FA694EC4DC57,,,,,,,ODN0005437216,z,right_only
DDA1740D-70A7-4EF5-AB0A-20B5C518351C,,,,,,,ODN0005437217,z,right_only
D21C4688-F9DB-4FE9-93DC-313CA964B852,,,,,,,ODN0005437220,z,right_only
8C6F45CA-68DF-449A-83F9-14487CF74285,,,,,,,ODN0005437222,z,right_only
4AC6BBE1-3348-406F-91D3-B9EAF1B22418,,,,,,,ODN0005470862,z,right_only
DE5822A2-528E-4313-A954-8370E131F24C,,,,,,,ODN0005470865,z,right_only
B9F5368F-AD5B-4685-AA8B-016F10CEF2B6,,,,,,,ODN0004333278,z,right_only
A28EFD68-1112-43B4-8C60-BAA90F01386B,,,,,,,ODN0001915216,z,right_only
287C64B4-EC37-420D-A566-7B15CFFCBCE0,,,,,,,ODN0002265543,z,right_only
7CA307D1-F85B-49A3-A82F-21AC26F7DE02,,,,,,,ODN0005214416,z,right_only
479DCBAD-697C-4758-9136-08C7E6048E61,,,,,,,ODN0005250646,z,right_only
5233D1FA-172C-4CE2-8A41-06F37D50A503,,,,,,,ODN0004636257,z,right_only
ED7B675F-060A-4F52-96F8-2AEC64EA0C1D,,,,,,,ODN0004677979,z,right_only
FED1FBB4-DFB7-4C25-87ED-C57DB9031D37,,,,,,,ODN0005039527,z,right_only
65053905-CA7E-4F28-9E2D-B809AC2DA2F0,,,,,,,ODN0005250694,z,right_only
D5C97A71-4F1A-4FD7-8921-FCA3976640DA,,,,,,,ODN0005250713,z,right_only
59E9D8AD-DD14-468C-87FD-B6DD85C8A72B,,,,,,,ODN0005039532,z,right_only
3DC14B60-A4E6-4A15-B2C7-A26B690DD9DF,,,,,,,ODN0004747823,z,right_only
61F45B79-B445-4962-86FD-06EBCBEDDAD3,,,,,,,ODN0005250726,z,right_only
BAF28763-63A8-411A-9720-5C0800232A4E,,,,,,,ODN0005288043,z,right_only
CD0E51E3-A17A-48BC-B316-0D4D178AAD46,,,,,,,ODN0004890182,z,right_only
D1B525BC-9C9D-4603-B4D8-8A65031E87B4,,,,,,,ODN0004678005,z,right_only
3E810B97-88D9-44B1-B668-E44FE0AE1179,,,,,,,ODN0005039534,z,right_only
0D41CAEE-0971-48F2-AF4D-B133A6A7DA1E,,,,,,,ODN0004890184,z,right_only
BA7AE888-0B98-4E8A-95F8-8F09E50C82A7,,,,,,,ODN0004747827,z,right_only
C2320C8D-B29F-459B-8C61-6B4CA1C1851F,,,,,,,ODN0005425757,z,right_only
6860BAA7-B461-4D30-B313-1A9E023C1DF8,,,,,,,ODN0005425759,z,right_only
8A8B5889-1EA7-4E0E-8E64-7FA0119A2015,,,,,,,ODN0004263135,z,right_only
10B2D042-5FF9-4769-B30E-B17AE683208D,,,,,,,ODN0005425748,z,right_only
BB1EC31A-EA1C-48CD-9811-A8541B447624,,,,,,,ODN0004567174,z,right_only
FA481F6A-8970-493F-929A-50A31F885FFE,,,,,,,ODN0005250658,z,right_only
A9A21D72-83E0-4A5B-BC0D-1797183054B6,,,,,,,ODN0002102975,z,right_only
6D8188CC-22D0-473D-BCA1-34930E1B6DA3,,,,,,,ODN0001915702,z,right_only
1B68D3D6-F2D1-4E31-ABCF-42543D27F9E6,,,,,,,ODN0003860988,z,right_only
BD5EB6F5-CA38-4A2A-A18F-4258701C6B81,,,,,,,ODN0003979298,z,right_only
8DE590EB-1BA7-4C56-83E8-7EF7A270041E,,,,,,,ODN0002840032,z,right_only
A5D975B7-829A-4956-A5D1-3AA4A3D35A5F,,,,,,,ODN0005287955,z,right_only
73E94722-ED1D-48F2-9109-6BA529639D5F,,,,,,,ODN0002034774,z,right_only
76130642-CC34-492C-9C56-D8D750A967E8,,,,,,,ODN0001775129,z,right_only
19089B78-6630-4BFC-B3B2-B15ED3C0018F,,,,,,,ODN0002952705,z,right_only
C11C9DDE-D394-4C01-9DBF-9A55D447E3E2,,,,,,,ODN0002954180,z,right_only
9F207162-6018-456C-A494-4569318549E2,,,,,,,ODN0002955032,z,right_only
9BF59603-4128-482F-9579-49847E32DE1B,,,,,,,ODN0002955223,z,right_only
42BA11D6-3B31-4584-AC69-96CCABEA8DA2,,,,,,,ODN0002097361,z,right_only
03BC8B3C-54A5-4B7D-9FB4-264C6B6EC5A2,,,,,,,ODN0002737313,z,right_only
D6289B0F-DF61-431C-98DC-27ED49BD2217,,,,,,,ODN0002737314,z,right_only
C5AD42B0-CAD3-4F7D-80CA-B6D57467019D,,,,,,,ODN0002146861,z,right_only
01EACCEF-4D24-4C3E-A447-3628B1E86BD4,,,,,,,ODN0002737315,z,right_only
31335C10-EFDB-4CA8-A151-F7C3702E8B9B,,,,,,,ODN0003341501,z,right_only
FEDF7660-BDCB-4F59-8C1E-B8CBFDE60005,,,,,,,ODN0002146876,z,right_only
955BA62C-F945-4D24-9089-DFC715F49245,,,,,,,ODN0002842854,z,right_only
BDFD3033-5F84-4C2B-944A-B18CABA5DE07,,,,,,,ODN0002737316,z,right_only
A0AF8235-7575-4B2A-86F9-CC3A336839F8,,,,,,,ODN0002737317,z,right_only
4C713E82-EDCF-4664-AC42-D65ABA897584,,,,,,,ODN0002097367,z,right_only
BCDED2DE-1BDB-4B61-B6B2-69C5B3E79A25,,,,,,,ODN0002737318,z,right_only
00434F31-9707-4BC9-8430-CED06C49CF37,,,,,,,ODN0002146881,z,right_only
47223841-9B68-4586-9F24-0180E9F08DE1,,,,,,,ODN0002146882,z,right_only
9BC46A79-5471-4EE9-9E12-D66B445F857C,,,,,,,ODN0002146896,z,right_only
21EDA8F0-4DFA-49B8-A484-D3822B8F0691,,,,,,,ODN0002737319,z,right_only
10406DF4-F50B-44C2-93B5-7E1CE2ADB1D7,,,,,,,ODN0002737322,z,right_only
A37092B9-94A0-4FBE-B3D7-C864180EDC52,,,,,,,ODN0002737323,z,right_only
BFAEDB3B-DDB7-4A2F-A064-A54FFD0D46DF,,,,,,,ODN0002737324,z,right_only
93DA858B-6F3A-457B-81DA-A615A0A9C485,,,,,,,ODN0002737325,z,right_only
31938830-9B92-464F-AF5F-540593FBE2F2,,,,,,,ODN0002737326,z,right_only
4FC5EBCC-09D8-4B62-AE55-EA4F8AB5D13F,,,,,,,ODN0002097360,z,right_only
CE80935C-E36A-4A6B-8FE8-C9F1321C2333,,,,,,,ODN0002737327,z,right_only
033015A5-D3B8-4BD8-9CCF-A70C4454EA3C,,,,,,,ODN0002800121,z,right_only
7561C19C-020B-4EDF-94AD-6809D1FB7FB9,,,,,,,ODN0002737328,z,right_only
830F81E5-0C57-4E16-B03A-779D674C7E09,,,,,,,ODN0002737329,z,right_only
3718700B-FD5D-476B-A24A-BD88DFC65EE9,,,,,,,ODN0002737330,z,right_only
4579082D-B318-4B8F-B005-022CC9F0465E,,,,,,,ODN0002737331,z,right_only
AA7CA0F9-6B5E-45A3-8C7D-DE789722E5C4,,,,,,,ODN0002737332,z,right_only
193E16A8-4D3E-41DB-9668-0D5A7364761F,,,,,,,ODN0002146949,z,right_only
6E679FC9-DB8C-4052-B19D-567A89ACE04B,,,,,,,ODN0002146953,z,right_only
F841BBC4-8D24-4FE5-B0AF-396E6D99B56B,,,,,,,ODN0002471603,z,right_only
3C010FAC-2EBA-4DF1-B9A5-DD42955E758C,,,,,,,ODN0002953895,z,right_only
344EF36E-2C08-4ECC-8D0B-73ED5A33003D,,,,,,,ODN0002397215,z,right_only
5D1D63B6-1389-45B6-BC04-C400DFB0D903,,,,,,,ODN0004411167,z,right_only
C36325FB-9482-47DD-A0B5-134D3FF11B22,,,,,,,ODN0005616671,z,right_only
76C03D60-88F1-453E-B7EF-F37965722D09,,,,,,,ODN0005423110,z,right_only
0E42FDC6-2EFA-4641-B5F6-1059DB46A034,,,,,,,ODN0004917920,z,right_only
6B0AA422-EB20-4876-AC1E-44A76B71F4B0,,,,,,,ODN0003916195,z,right_only
2A5906CB-FC2E-4DF8-95E6-E0E2558B25AC,,,,,,,ODN0003916261,z,right_only
9DF38F07-1647-4A3D-BEA1-2DDF99BE001D,,,,,,,ODN0002945286,z,right_only
AEAAB9CA-EA2E-4748-BE93-FED6E87E215C,,,,,,,ODN0004266510,z,right_only
07B35947-2F97-4D42-96CE-10295C6BF2C3,,,,,,,ODN0004380255,z,right_only
93AD4715-381E-4328-ABE9-F3BA53DD74CB,,,,,,,ODN0005222851,z,right_only
EA9577A1-9E7B-4996-AC41-270B8B39F0F9,,,,,,,ODN0005422844,z,right_only
8B2691C5-E138-4B94-903B-F7038273737F,,,,,,,ODN0002951907,z,right_only
8B7AB908-EC6F-4311-A767-91C3AAD26764,,,,,,,ODN0002951913,z,right_only
6DFB6E56-8935-4EA8-89AC-8E9AAC18C632,,,,,,,ODN0002951917,z,right_only
DB1A33D0-5CE4-46E5-B4BA-16D71088A674,,,,,,,ODN0003080018,z,right_only
996E08E7-F53C-48C7-987E-9F17D09AFF27,,,,,,,ODN0003080037,z,right_only
7C4E2E31-585D-45F5-AAF4-172F745526E9,,,,,,,ODN0002207863,z,right_only
F46F1163-3031-46D3-A7F4-23E962216009,,,,,,,ODN0005385332,z,right_only
0909F0A5-822D-4FE6-81B3-2CE585816813,,,,,,,ODN0002207978,z,right_only
30789E9C-CCB4-4737-94A5-4DC3BF131E69,,,,,,,ODN0005385362,z,right_only
84C32A6F-21BA-4B36-A358-ABB4BC7B2315,,,,,,,ODN0005385451,z,right_only
3291D17A-F2D0-41E6-B8D1-B77741AC5986,,,,,,,ODN0005385484,z,right_only
DBFB2C12-EAFA-48D8-8401-96A1E3630087,,,,,,,ODN0005385490,z,right_only
CC105017-0A39-4E19-88CE-3EF815D0B2B8,,,,,,,ODN0005385491,z,right_only
9EE26AC5-F060-4B7D-AF48-C447BAA2CE88,,,,,,,ODN0005385568,z,right_only
BE15456E-1D17-412A-BDAE-8DA419E76A65,,,,,,,ODN0005385583,z,right_only
B9F1A8E3-6546-44A4-8221-97FDABFC8620,,,,,,,ODN0003080193,z,right_only
953C3E36-3E0E-485A-9D23-B14DD400C149,,,,,,,ODN0005385634,z,right_only
EE30C657-B64C-4BDB-A330-956A0C331408,,,,,,,ODN0005385636,z,right_only
BBC3E138-D68E-4941-96D8-8A1CC5C0B74B,,,,,,,ODN0005385658,z,right_only
3304E408-9DA9-46A9-8251-387AF799CBF4,,,,,,,ODN0003586051,z,right_only
153FEA0A-F502-40FF-8325-66690AADE5CE,,,,,,,ODN0005385623,z,right_only
6E17A83B-072E-4DAA-B924-1DAC1FEE8A72,,,,,,,ODN0005385624,z,right_only
B096C4AA-72CF-4F1A-8845-69E15DD8847F,,,,,,,ODN0005385625,z,right_only
B2C26FBB-D0E1-4D26-B6F0-B19331BE719E,,,,,,,ODN0005385626,z,right_only
07A1AC31-21AD-4492-B95E-2AE5EF3E65AE,,,,,,,ODN0005385627,z,right_only
E5BEC4C9-D03D-42CF-9692-1A12FDBA9056,,,,,,,ODN0005385628,z,right_only
A681898B-C9FC-482B-8126-C8440FD6A975,,,,,,,ODN0005385630,z,right_only
EBF4D596-3432-4E92-BF6F-5547EE235E3F,,,,,,,ODN0005385631,z,right_only
15F961CF-F003-4A44-A1A6-EAB8922DB616,,,,,,,ODN0005385632,z,right_only
F6E1D6AC-E333-47FA-9EB9-B23F42F8C6EE,,,,,,,ODN0005385159,z,right_only
AB3C09F7-2ADC-4C33-BF14-9F95E0EE0EE2,,,,,,,ODN0005385323,z,right_only
A733988D-A472-4C9F-A6F9-CDAD0896EC2F,,,,,,,ODN0003460263,z,right_only
8474A275-F335-4697-8A86-8794F230EB90,,,,,,,ODN0005026297,z,right_only
AC2BBA10-31E9-4033-AF66-4258444302E5,,,,,,,ODN0005163727,z,right_only
C5CEB640-C447-4D1B-9FDD-12D10C0F9CEC,,,,,,,ODN0005026660,z,right_only
2A6A16AD-8ED8-4D8E-B24D-10B484493269,,,,,,,ODN0005026672,z,right_only
791607AA-D99A-4E25-B3C4-BD396657BD09,,,,,,,ODN0005026803,z,right_only
915E907F-C540-462B-9ED8-9D501578D5C7,,,,,,,ODN0005026873,z,right_only
436D9E1C-D82E-427E-889C-5A9F879424F7,,,,,,,ODN0005026874,z,right_only
5DE4209A-6895-47D5-82FA-B02638DC7E54,,,,,,,ODN0005164011,z,right_only
90A3359D-9FC7-4CFC-95B1-35BF1935CB91,,,,,,,ODN0005027956,z,right_only
AD92E414-881C-4BF3-B070-458F560C5D0A,,,,,,,ODN0005027957,z,right_only
9C9BD286-9ECD-4BDD-B273-873D27D0D96E,,,,,,,ODN0005028126,z,right_only
DE29F4D7-2117-402E-ACF1-C5B3941A8BB7,,,,,,,ODN0004072114,z,right_only
4030B4B1-7D0A-43C9-B5A9-67802107FB30,,,,,,,ODN0003326057,z,right_only
2E17DAFF-BC71-4A9E-A2AB-6F2491901E8F,,,,,,,ODN0003116848,z,right_only
75D1BCFD-DC03-4C00-8A30-0EB871AE2A37,,,,,,,ODN0004072382,z,right_only
DDF7569E-4C10-4333-831F-E9BF91C3F230,,,,,,,ODN0003326537,z,right_only
79917641-559B-45B5-8FD5-18FF24FD1A88,,,,,,,ODN0003326556,z,right_only
F98E692C-629D-4AAD-ACE6-26E19BA00C38,,,,,,,ODN0003117212,z,right_only
A25E6E91-FF6A-4ABC-BC49-98149A8822FB,,,,,,,ODN0003117235,z,right_only
EC0CC74C-DFD1-4E71-B0B4-D2E8993BC547,,,,,,,ODN0003117241,z,right_only
3F1B25F3-50C2-42A7-94F6-54ED9296A5C9,,,,,,,ODN0003117287,z,right_only
800D9D5E-13CF-4A77-93BD-1EBB8164D2A4,,,,,,,ODN0003117306,z,right_only
375AD1FE-D7DB-4B7A-A22F-A3286417BE64,,,,,,,ODN0003117314,z,right_only
F3098CCB-C1C4-403A-BF83-8D640057C854,,,,,,,ODN0003326976,z,right_only
3E77F8C2-12AA-44D9-8267-F94E3BC6B7B7,,,,,,,ODN0003117331,z,right_only
85F66D99-F5C4-4A11-8231-81DC058CFF0E,,,,,,,ODN0005448338,z,right_only
1017A3AF-BC92-49B4-BAAA-7CF57914BEA5,,,,,,,ODN0004677786,z,right_only
DDB5960C-0549-4C87-A267-FA4894AB22CC,,,,,,,ODN0003117357,z,right_only
A27683BB-66C7-4626-B138-E7A39D3EDACA,,,,,,,ODN0003327125,z,right_only
0C91EA92-C831-45A2-83F1-AFABEB3B625A,,,,,,,ODN0003117370,z,right_only
0473F567-470A-450F-8F50-52F0F5FA0B47,,,,,,,ODN0002398044,z,right_only
5D19E4FC-08B3-4253-B7BF-993E593284B9,,,,,,,ODN0003117373,z,right_only
159E95FF-1F8A-4AD6-9DD9-C97BDAAEF68B,,,,,,,ODN0003117391,z,right_only
D22B2A2A-AD44-4184-A1F2-2AB4222A6529,,,,,,,ODN0003117401,z,right_only
38231356-1FEB-426F-8DE6-3FC9B5BB561C,,,,,,,ODN0005448544,z,right_only
F7619FCB-0B9D-4FE6-A983-9EFDACB9C3BC,,,,,,,ODN0003585026,z,right_only
5D7E7A0C-EAE9-420D-8526-8A586E47AC3A,,,,,,,ODN0003585575,z,right_only
DF819892-1E56-4FC5-B1F6-B22484E6421A,,,,,,,ODN0003585947,z,right_only
BE24DE1E-F36D-4C42-95A6-E308910F00E0,,,,,,,ODN0003586232,z,right_only
A1DD519D-25FE-437D-84A4-543E927C459F,,,,,,,ODN0002581652,z,right_only
170A0689-3140-412E-AC1E-04C7CA85B99F,,,,,,,ODN0002581805,z,right_only
0A4DB83C-18DF-4CD9-A7E0-E5163A00D3B0,,,,,,,ODN0002582245,z,right_only
BA8D951C-D596-4FB1-A8C4-B1F50B8AD0E3,,,,,,,ODN0002582314,z,right_only
97CEC209-44F2-4E92-AE72-BBAB28901867,,,,,,,ODN0002582315,z,right_only
D5966BE1-E56E-4D72-9F70-9871008AC243,,,,,,,ODN0002582351,z,right_only
CE0B1A99-C082-4578-8881-CE6444648B23,,,,,,,ODN0002582362,z,right_only
5E1B42BE-7823-43EF-B967-4CEAE9E5262E,,,,,,,ODN0001943266,z,right_only
759B98D0-0327-40C0-9338-BFF79AAC932B,,,,,,,ODN0002138218,z,right_only
50C680F6-9B5A-447D-A206-324130FECD10,,,,,,,ODN0002138254,z,right_only
682414D3-671C-41DC-AFF1-0096325D4F93,,,,,,,ODN0002137491,z,right_only
80B62FA4-084D-4324-BA96-8FA4B756584B,,,,,,,ODN0003080096,z,right_only
ED0DDAE0-EEBF-40C0-8D41-C8FDFDC9F6AB,,,,,,,ODN0004601371,z,right_only
DA18D4F0-E9D4-4811-B28D-5895843EF38D,,,,,,,ODN0004601376,z,right_only
6016D278-0F0A-40B4-AC32-E96D59176647,,,,,,,ODN0004601381,z,right_only
DDCCF29A-7016-4531-8A34-EC9EAE78B560,,,,,,,ODN0002704910,z,right_only
A43F329E-906B-4259-904A-529022C1EB31,,,,,,,ODN0002704914,z,right_only
8AADE259-B98D-46D6-B118-663D1453C57B,,,,,,,ODN0002704996,z,right_only
58A0ED18-EA18-45FA-B36D-8264AE5A22E0,,,,,,,ODN0004601940,z,right_only
6E01C77B-173C-4462-BDEA-670433F899DB,,,,,,,ODN0004601944,z,right_only
40B1E678-3AE8-43A8-9D28-06DF580BA5AC,,,,,,,ODN0004601945,z,right_only
86418DBA-E5DC-4154-ACA6-83BF53F9C8F2,,,,,,,ODN0005365433,z,right_only
282BB354-49F3-47C5-90E1-8D11C171D2ED,,,,,,,ODN0005365448,z,right_only
78059FFD-2CD6-4267-812A-E74C2A152D4C,,,,,,,ODN0005041007,z,right_only
1387B7B5-D124-4472-A69E-45D9B64A5A9A,,,,,,,ODN0005065128,z,right_only
ACAF3E92-3506-46D4-A6A4-360EF7766B04,,,,,,,ODN0003585822,z,right_only
E47C6505-58F3-4F32-9F0A-20A1A38FA2B0,,,,,,,ODN0005065355,z,right_only
3873F731-DB0B-44E5-9222-DF0919AB59E5,,,,,,,ODN0005065430,z,right_only
A589222C-D707-44FF-8EEF-F5DE9048DD33,,,,,,,ODN0002014692,z,right_only
E9778E93-319B-42D5-81B4-90C6AB7152B3,,,,,,,ODN0002014695,z,right_only
1F504CD2-A5E6-48F8-87FF-67DE3DC9AF49,,,,,,,ODN0004709817,z,right_only
DFE1239F-08CC-487F-9DBD-A39F0067E2F3,,,,,,,ODN0004709818,z,right_only
295A292B-5460-4EDF-8F29-6E9937750F85,,,,,,,ODN0004709820,z,right_only
83A8CC32-340B-409D-86C4-05A2F4DE3D03,,,,,,,ODN0004709833,z,right_only
345F40DD-E754-460F-805C-3A127E8BCC36,,,,,,,ODN0004709950,z,right_only
80E08D78-298D-435D-BEAE-FAF499A6BF53,,,,,,,ODN0002014780,z,right_only
AC5271A6-406E-4E38-9C44-81C1182387CC,,,,,,,ODN0004710014,z,right_only
D96A5CD5-CBC4-4E47-B55A-A07845CF437A,,,,,,,ODN0004710042,z,right_only
242FBB80-8BAD-409E-8B8D-35C12531318F,,,,,,,ODN0004710209,z,right_only
118A9FA8-2027-4D3D-9B36-0C5F940C85C4,,,,,,,ODN0003116914,z,right_only
3B07040B-D2EB-4F9F-AC1F-59AED38D060E,,,,,,,ODN0003116982,z,right_only
282A151F-9F62-4E0F-B3D9-6CCAE091753A,,,,,,,ODN0004710244,z,right_only
112C5111-2769-40CF-8BC6-90C00601504F,,,,,,,ODN0004710258,z,right_only
D173C6E1-56E9-4A7B-BF64-607E8AB2C0A9,,,,,,,ODN0004710259,z,right_only
4C79CE3D-C302-4678-9F0A-47B461E2DBA6,,,,,,,ODN0004710261,z,right_only
78F84222-0585-4415-903E-555DFD4B7A84,,,,,,,ODN0004007251,z,right_only
5ABD7199-9661-487A-8B10-FA63C2DD509B,,,,,,,ODN0004710383,z,right_only
9F27B091-CE10-4E2F-B33F-14215A2D6E43,,,,,,,ODN0004710387,z,right_only
C2230E51-FCE5-42B2-BEA6-CF5EF4BAA8D2,,,,,,,ODN0004710412,z,right_only
497AD60D-1CA8-4BF5-BDAC-4B9BF2AB5CF5,,,,,,,ODN0004007336,z,right_only
64CB0BFA-727D-4D21-AEE7-A2A8B6A56569,,,,,,,ODN0004710485,z,right_only
0D6DA2BA-ED8D-47EF-819D-1A73B5C35ED5,,,,,,,ODN0004007346,z,right_only
89C2504B-DA65-4141-AFC2-795A3E87E53A,,,,,,,ODN0004710560,z,right_only
A840FC6D-18CD-4DB3-AFCF-B771EA080A5C,,,,,,,ODN0004007387,z,right_only
9A017C57-4DB5-4F69-8069-C0DA0B6F1334,,,,,,,ODN0004007398,z,right_only
60BEADB9-AEA9-48E7-8D5C-311BCEBDBD32,,,,,,,ODN0004007450,z,right_only
4395466A-5E12-4EC3-8F99-DFB79B21E47D,,,,,,,ODN0003225524,z,right_only
CE4CE50E-1278-4303-A41D-D776D711048E,,,,,,,ODN0001943230,z,right_only
AD2AC6B0-7058-4EF9-B111-F0BAD2DB9B61,,,,,,,ODN0004007501,z,right_only
F795C041-833F-4305-B227-7CF3FBFA7723,,,,,,,ODN0004007505,z,right_only
BD92E3CB-8581-4BE4-AB69-3CF2AE7C5478,,,,,,,ODN0004710870,z,right_only
254B20BA-C50D-4590-BBE3-6C0D405FEF08,,,,,,,ODN0004007587,z,right_only
B9F06C6A-4CE8-41CF-A2B6-931F0192C5AE,,,,,,,ODN0004711033,z,right_only
8DDE3C3F-B50E-4D05-898D-1AB46A429EC9,,,,,,,ODN0004711048,z,right_only
04F8BEBF-9CEB-428A-B679-B2AE0DB67AD4,,,,,,,ODN0004711049,z,right_only
3B1DC1AA-295F-44E7-8202-DF882CF1815C,,,,,,,ODN0004711063,z,right_only
3CECCA7F-6D54-4320-8FF5-11D7E1AD538D,,,,,,,ODN0004711064,z,right_only
F67D5FE6-7F23-416D-ACD8-BD09A3AF5926,,,,,,,ODN0004007606,z,right_only
23FEF70E-A1AC-4F09-8B51-0DF910C96ACC,,,,,,,ODN0005364968,z,right_only
9C9F853E-997E-4FCD-857C-E2294E39A6AA,,,,,,,ODN0004711152,z,right_only
1DCE1421-1342-4AD3-A078-9994B92198F3,,,,,,,ODN0002015177,z,right_only
CB8AFA78-353B-4FE1-B36F-B00C9F1B1714,,,,,,,ODN0004007773,z,right_only
E4364974-7E92-4966-B49C-4E4E7698BBD8,,,,,,,ODN0003080260,z,right_only
04F52D73-2174-4909-ABD3-63114995E491,,,,,,,ODN0005065168,z,right_only
B455256B-E678-41E8-9E82-8B45D67D4F37,,,,,,,ODN0003970066,z,right_only
011C1A5A-7DDB-4BF2-BBCE-2C4ECD426A89,,,,,,,ODN0003225343,z,right_only
D5C922F6-4EEB-44BA-A722-26B3738773C2,,,,,,,ODN0005065218,z,right_only
80BE3C24-8BC1-486A-940A-913C652FCE61,,,,,,,ODN0005365648,z,right_only
7131EB59-B0AF-4535-9C7C-7928AD11BBAD,,,,,,,ODN0005365687,z,right_only
10A3E0A9-23BD-4AC3-AF2E-EBFA8F4B2F7D,,,,,,,ODN0005508913,z,right_only
17FBE6BA-5AAE-4102-B417-EE06AEE19E94,,,,,,,ODN0005510356,z,right_only
07131959-09CF-4F7B-9EA9-7297E1566724,,,,,,,ODN0005385485,z,right_only
585CAC2D-DFE9-4BED-B72F-DB042735F499,,,,,,,ODN0003080233,z,right_only
DB0E7ABB-B383-427F-95CF-D68FAE995B59,,,,,,,ODN0003117062,z,right_only
AC381F17-D3EC-487B-B40B-299CA9322074,,,,,,,ODN0003080163,z,right_only
5FF4FC2F-8764-46AD-8629-504E94B577FB,,,,,,,ODN0003002223,z,right_only
ED7FB32F-DD42-47B2-BA3B-F60835192D22,,,,,,,ODN0004173202,z,right_only
933C7C19-AB4E-4045-9FAE-A6F357388F50,,,,,,,ODN0005363709,z,right_only
4D2EE45B-7411-4E87-B3FE-E933591EFA7B,,,,,,,ODN0004173591,z,right_only
F65B58A0-D664-4F80-966A-E2C6651290D7,,,,,,,ODN0003116985,z,right_only
7FDDAEA0-EE91-463B-9CDD-48B249F39546,,,,,,,ODN0005027302,z,right_only
9A17329F-0CD1-4091-8263-3C79507D07F6,,,,,,,ODN0004710582,z,right_only
4E974EB4-17A4-4BA7-A2B2-FBC83CF8F10E,,,,,,,ODN0004007409,z,right_only
A49943CF-564D-4115-A7BF-E1B46E619DE8,,,,,,,ODN0004007486,z,right_only
6D7CBB94-94E5-4E23-AEA4-B52EEAC05B0E,,,,,,,ODN0005512271,z,right_only
D68AED99-4FDA-41BC-BBBC-0CA4B33E7B69,,,,,,,ODN0005064996,z,right_only
142E7DC2-DDAE-445A-9C56-13B614061F27,,,,,,,ODN0003585541,z,right_only
ABA67019-1806-4204-8171-A631D9280493,,,,,,,ODN0005329107,z,right_only
0B954080-C31D-49BF-AB5F-27BBF3D57DD7,,,,,,,ODN0005329156,z,right_only
6921E326-B7BB-438B-9F96-6640DCE2411A,,,,,,,ODN0005329165,z,right_only
940F090C-9D60-424E-8703-EFC98B8946EF,,,,,,,ODN0005329172,z,right_only
3EBD166D-9016-4E4B-864C-849CBE554A0A,,,,,,,ODN0004601773,z,right_only
2D620FE0-DE18-4312-A67C-6F7E664CB3EF,,,,,,,ODN0004601774,z,right_only
969DE621-B0BE-4573-A4D4-5B8C36590FA9,,,,,,,ODN0004601775,z,right_only
5FEE46D4-3BD7-4BD4-A3B9-242C52A9125A,,,,,,,ODN0004601776,z,right_only
7FAA9596-862B-47F3-A044-FFC9F2A76FBB,,,,,,,ODN0005329215,z,right_only
EE9B61A7-0632-463F-998D-543E11662EB5,,,,,,,ODN0005329263,z,right_only
83F96F53-EB68-402A-861B-336E69A82F88,,,,,,,ODN0005329283,z,right_only
EDE2B4F6-99A6-46B6-9143-37FA88820CF4,,,,,,,ODN0005329284,z,right_only
A0EB5E7D-8C6F-4440-810C-E81CE0FEA9ED,,,,,,,ODN0005329294,z,right_only
259C9C3A-B580-4731-A983-B822A916C13A,,,,,,,ODN0003116933,z,right_only
226FBF49-4961-4234-9BA4-A61232127D30,,,,,,,ODN0003116934,z,right_only
A7384994-B82F-4686-A9A5-5A181D6420A4,,,,,,,ODN0002397949,z,right_only
931F72F0-0C34-4011-AE69-C05B1A89BE4E,,,,,,,ODN0002397471,z,right_only
87CB9419-313B-422C-893F-E38C4FE35F80,,,,,,,ODN0002397473,z,right_only
F975E999-E2C7-443C-9ED2-ED976BEA5007,,,,,,,ODN0002137597,z,right_only
CF53A9EF-B7CE-4407-A35A-E5012619A07A,,,,,,,ODN0002137599,z,right_only
059EDAB2-B21D-44B7-86CA-A279D1CBFAE0,,,,,,,ODN0002137601,z,right_only
6A89AF5E-C951-4338-9A22-BA511B2C63E7,,,,,,,ODN0002137781,z,right_only
B2A3A1F3-6896-4374-B7D7-128B1845049E,,,,,,,ODN0002137874,z,right_only
0906D3B6-7853-4239-959C-67FABFE70435,,,,,,,ODN0002137876,z,right_only
81D65A05-5106-4973-A2B9-795522D9B871,,,,,,,ODN0002138024,z,right_only
7C274E99-6A96-4DEC-BCBF-5CFBF4151B1F,,,,,,,ODN0002138026,z,right_only
1E61E935-BBB1-4A4B-9E04-01F386662F44,,,,,,,ODN0002138033,z,right_only
4E7ADC2A-0E6C-4DF6-8B5D-F17E8AB30F46,,,,,,,ODN0002138173,z,right_only
4130DDFC-0A8C-4C6D-8607-CE8C0B75A3F0,,,,,,,ODN0002138174,z,right_only
6C8E4F5B-2A70-4560-BC1B-E88322C8FF50,,,,,,,ODN0002138175,z,right_only
90D55D77-0C4B-41DB-B806-293BBA09FFAD,,,,,,,ODN0002138321,z,right_only
B1DAA94E-5057-424C-A3EC-D0E3F411003A,,,,,,,ODN0002138543,z,right_only
967BBF12-33CE-4493-A0BF-1EA4F9083AE0,,,,,,,ODN0002138679,z,right_only
8F6CF9E7-94AD-4484-98A9-B9A16FF3E431,,,,,,,ODN0003204333,z,right_only
2B3DB35D-0E44-4522-9CEB-99062027DA0B,,,,,,,ODN0003079313,z,right_only
44734F5F-4348-4F90-A872-40606B15A849,,,,,,,ODN0003116945,z,right_only
0BD6814D-B2F6-4B00-BCF1-B4C74994667B,,,,,,,ODN0003225205,z,right_only
F0B8A22A-0F8A-49B8-914E-BD68C9903A9B,,,,,,,ODN0003225206,z,right_only
68126247-5F02-4820-BD04-BFD3F3D2A2B9,,,,,,,ODN0003079918,z,right_only
19823727-129D-47EF-9CE8-160DC10F8EA4,,,,,,,ODN0003079931,z,right_only
133DA99B-F8A0-4659-8F01-E76A913FCA38,,,,,,,ODN0004007575,z,right_only
B49C5C74-7E16-4083-8AF2-91881EC409AA,,,,,,,ODN0003080059,z,right_only
D5FD74DC-AC4A-4226-8698-7F82BB40DA76,,,,,,,ODN0003080058,z,right_only
B554413F-216B-4AAA-9D96-C51EBD3B66EA,,,,,,,ODN0003117063,z,right_only
4F425333-106D-4885-8DFF-3FFE1A64FB4F,,,,,,,ODN0003928532,z,right_only
23BDDD3E-121F-4D29-9B78-B70938C9928A,,,,,,,ODN0005365596,z,right_only
84F7EB48-D71F-4222-9814-71BA39F9F9CF,,,,,,,ODN0005365567,z,right_only
764C120D-5E50-4B0B-9433-FD82A827822C,,,,,,,ODN0005365382,z,right_only
53033960-8E21-424D-BB70-DF95C449A08F,,,,,,,ODN0005365566,z,right_only
7F4DD012-02C0-439F-8A3A-3E0E981CC4AC,,,,,,,ODN0005365639,z,right_only
D0A1CAF4-3F66-4AAD-8242-93192C408AD1,,,,,,,ODN0003079326,z,right_only
CDF13EF2-31A0-48FA-B700-E1D328F78BE0,,,,,,,ODN0003117086,z,right_only
8F4EAF6A-C871-495D-8DBE-AFE8FD8B5091,,,,,,,ODN0002079258,z,right_only
ED335A5A-CE76-42F3-ABD9-3413393647D5,,,,,,,ODN0003666910,z,right_only
0F34F289-349D-4323-AD0A-FF802F17FB6C,,,,,,,ODN0002080142,z,right_only
47EBB2E2-73D4-4FF8-925B-5A646782BD99,,,,,,,ODN0002080636,z,right_only
4057B971-B271-47CD-9635-3FD0E1FF83F6,,,,,,,ODN0002080740,z,right_only
31998795-CC0F-4EFA-99FB-A6F163C0E46A,,,,,,,ODN0002907828,z,right_only
5AD56111-65A0-4967-BA0B-2DE88E6D82E2,,,,,,,ODN0003667360,z,right_only
4E09F194-0979-4C8B-9644-C7B66F691F4D,,,,,,,ODN0002080827,z,right_only
E0007BBD-F3F9-4A04-9A20-B649897D1BA3,,,,,,,ODN0003667446,z,right_only
4FDB1845-D447-4E33-A30B-4921296D0324,,,,,,,ODN0002081010,z,right_only
72C577C1-292D-4216-BEB2-3418CE0F6A86,,,,,,,ODN0002081154,z,right_only
481B05C2-3B6F-40B6-8809-EC7549B6AD9D,,,,,,,ODN0002081227,z,right_only
6BF41D26-6C54-44C3-8487-B6A5CF051C79,,,,,,,ODN0002081231,z,right_only
31574616-D089-4B5C-9670-AE2DA9424C82,,,,,,,ODN0002081304,z,right_only
F2374A8C-9152-466C-A883-8DBF6E219441,,,,,,,ODN0002081307,z,right_only
D556257B-CF7A-44FB-8F22-2F1282305112,,,,,,,ODN0002081650,z,right_only
72ADA55A-B27D-4E6A-AC00-5C5F17D79C04,,,,,,,ODN0002081652,z,right_only
AB4C9DDA-F591-4678-A4F2-5EAEA4974F39,,,,,,,ODN0002081653,z,right_only
970AC6B8-750E-47A4-814C-E2C8D9E8E725,,,,,,,ODN0002081654,z,right_only
ADDED30B-3AC2-478D-9A83-452679DFE83F,,,,,,,ODN0002081662,z,right_only
E9B2AA0E-165A-401A-B058-77EF1F7521A2,,,,,,,ODN0002081670,z,right_only
E8A96032-2D2B-407B-AD34-7096564CF312,,,,,,,ODN0002081672,z,right_only
6C17E062-AEFA-4544-B052-3140DC69B5FE,,,,,,,ODN0002081673,z,right_only
9FE236CF-608C-449A-9950-3EB48185D636,,,,,,,ODN0002081676,z,right_only
68C54A32-2B1E-421D-8A6F-F04EFFA80941,,,,,,,ODN0002081687,z,right_only
C2489674-05E8-4FF4-B278-4E1013741671,,,,,,,ODN0002081688,z,right_only
7BE888F5-0003-42C0-B111-F2B82EB42130,,,,,,,ODN0002081692,z,right_only
7AC542C6-BFBD-4A51-A919-D3D891606AE8,,,,,,,ODN0002081700,z,right_only
CAC0610E-3D3E-4ED3-98A6-AC9DC9D70E3F,,,,,,,ODN0002081703,z,right_only
771D5625-A1EB-4193-B578-0D40331011C6,,,,,,,ODN0002081707,z,right_only
4B1EB94C-6ED5-433C-BDDB-2C55758D2486,,,,,,,ODN0002081715,z,right_only
F78F85F0-7CE2-41EC-B853-1D6A8090487E,,,,,,,ODN0002081718,z,right_only
7D00D29F-363E-41A7-9CA6-66BC8E90541A,,,,,,,ODN0002081720,z,right_only
57A76D64-9457-4505-80C8-1A1931A51CD0,,,,,,,ODN0002081734,z,right_only
FFF034D8-EA25-4670-A0D7-7D4F48C26A29,,,,,,,ODN0002081752,z,right_only
E3650864-D94D-41E2-BC31-8BBD5DC36DD6,,,,,,,ODN0002081753,z,right_only
9174D1D4-F92B-416D-B1BF-98F589A248C9,,,,,,,ODN0002081766,z,right_only
798DF729-0F4F-4D42-96D9-BFB71F62EC54,,,,,,,ODN0002081769,z,right_only
7DFB4362-CB38-4BDF-B902-F44E6558CAD9,,,,,,,ODN0002081770,z,right_only
A30951EE-796E-4E99-9AC1-3ED174120B06,,,,,,,ODN0002081775,z,right_only
0A89A864-5437-437A-89C7-0B499C3D7A36,,,,,,,ODN0002081777,z,right_only
1FB129D5-A694-447A-9EF8-7EB99E4418DD,,,,,,,ODN0002081781,z,right_only
0024E4B4-D233-4003-9934-5A8FAED6EB28,,,,,,,ODN0002081798,z,right_only
5C293DA8-1F6E-465C-9D3C-43BAD67F544C,,,,,,,ODN0002081799,z,right_only
CBA70DAC-9097-4E5B-9B15-445151118C35,,,,,,,ODN0002081800,z,right_only
72AB8A5B-283B-40A2-AC31-F4236940023E,,,,,,,ODN0002081801,z,right_only
442D7DCD-1924-4443-9CC1-CEE655A76BDA,,,,,,,ODN0002081802,z,right_only
A8F221DF-DD7B-4D4C-88E2-66A625E8F13A,,,,,,,ODN0002081803,z,right_only
27E8E94A-28C5-4029-8B1E-C9D67CB533D1,,,,,,,ODN0002081804,z,right_only
69E937B2-0177-4200-BC98-7DFCB969DE76,,,,,,,ODN0002081805,z,right_only
EB4C99BE-129B-4EB9-98FE-803A810C1E03,,,,,,,ODN0002081806,z,right_only
FEE5B827-0E3B-44E6-AC86-6B1CCB58F5E5,,,,,,,ODN0002081807,z,right_only
B329451F-0FEA-4D72-9CC5-5E73436ED937,,,,,,,ODN0002081808,z,right_only
03A8D8CE-172F-47E3-B49B-2912837EC2B8,,,,,,,ODN0002081810,z,right_only
7C2089E4-002F-40C3-836B-0BDD80BA54BA,,,,,,,ODN0002081811,z,right_only
7168706D-61ED-42C0-8390-7CE8898F98C9,,,,,,,ODN0002081812,z,right_only
D33B9B95-2332-49DD-86FE-CD771C4B5702,,,,,,,ODN0002081813,z,right_only
C0D813A6-D385-482C-AEB1-63708D2F2965,,,,,,,ODN0002081814,z,right_only
FD216D3A-F79C-4F06-A7C3-1794E6A1430F,,,,,,,ODN0002081815,z,right_only
C1E3FF58-FDE8-44DB-A2B1-1BE6D33FAD37,,,,,,,ODN0002081816,z,right_only
7B214B25-A571-4673-8D2F-35BB007B2B4B,,,,,,,ODN0002081817,z,right_only
CBC49BBD-CE38-4E9B-ACD8-1AB1D8E6EE58,,,,,,,ODN0002081818,z,right_only
5F401731-6184-4DCD-BF16-3EFED7538D5A,,,,,,,ODN0002081819,z,right_only
2F957926-4D08-4A7C-B919-4F030F9C5D09,,,,,,,ODN0002081820,z,right_only
291310EA-A00C-4AA7-B962-2BB1900BB811,,,,,,,ODN0002081821,z,right_only
A100F3F2-C7FD-4476-8692-311D2D1998DE,,,,,,,ODN0002081824,z,right_only
0C703DFA-7E95-4049-8CCD-558E4987204C,,,,,,,ODN0002081827,z,right_only
E1EB926A-2E6D-4F79-96B7-ADCE42620C78,,,,,,,ODN0002081829,z,right_only
D5E09DA6-8305-460A-8EFA-9CABA2339ADC,,,,,,,ODN0002081840,z,right_only
8D0D8362-9A6E-42F2-AF57-B43790AA8941,,,,,,,ODN0002081847,z,right_only
A1AB2A3A-8605-4324-9FB9-80DDCC9AD836,,,,,,,ODN0002081849,z,right_only
02B0C7AA-B84B-45DC-A71C-5E86D3EB807E,,,,,,,ODN0002081851,z,right_only
56BA5889-88FB-4E1C-A866-7DE9AC053464,,,,,,,ODN0003668095,z,right_only
2BA9200D-EED8-40FF-BE0D-8B1E2EDD7CD5,,,,,,,ODN0002081864,z,right_only
FC598152-16DE-4BF2-9DE5-40A35A2E169B,,,,,,,ODN0002081867,z,right_only
6FB58352-88D6-456C-AB06-3545C89C3C0C,,,,,,,ODN0002081870,z,right_only
E73F5D84-935D-4FBE-A152-7E0BCECE17EF,,,,,,,ODN0002081877,z,right_only
4F399C06-225B-45CF-B785-8B96669C4435,,,,,,,ODN0002081897,z,right_only
56B3B857-50E0-4CD0-A3ED-673A21EAE475,,,,,,,ODN0002081923,z,right_only
39267D8C-DD09-4B19-B4B1-6B49E7471749,,,,,,,ODN0002081924,z,right_only
E55E2688-A065-4D7A-92DD-43854FECE6EB,,,,,,,ODN0003116886,z,right_only
25B09C30-0F0D-4240-96A7-828A1DB598DC,,,,,,,ODN0003116923,z,right_only
F0EB02A8-0982-4C92-88AF-8C34B0A36739,,,,,,,ODN0003896536,z,right_only
DCDE66A1-AD80-4782-9C88-6BB9F50609A7,,,,,,,ODN0003896553,z,right_only
BB3824ED-68C5-4941-BEB1-E38D490E7A50,,,,,,,ODN0003897956,z,right_only
4A098D8B-B050-4771-8ABA-C06BBE7686E6,,,,,,,ODN0003898026,z,right_only
28DE139A-3A15-4EB6-B62F-B8C590B61B6F,,,,,,,ODN0004173168,z,right_only
2E5F678D-6DCF-4DDE-9480-0723D3CDD7DB,,,,,,,ODN0004007112,z,right_only
4262D68C-7443-40FB-80E7-C0F8947FF6B4,,,,,,,ODN0003204241,z,right_only
4271304C-2CBE-4FAE-AFCE-DDE72DF6F0F4,,,,,,,ODN0003116906,z,right_only
E6578194-7D07-4FA7-8309-49CB76A91188,,,,,,,ODN0004007274,z,right_only
32EE25C3-77A9-485E-BA57-DF0351E9746E,,,,,,,ODN0004007305,z,right_only
34324814-C831-4A7A-976C-4988069C77DD,,,,,,,ODN0004007311,z,right_only
B5E0EAA4-F887-4FD1-9DB2-5F8B35E13622,,,,,,,ODN0004007316,z,right_only
12750766-821B-45DD-8522-3942677938BF,,,,,,,ODN0004007330,z,right_only
FE697FB0-107C-44E2-A538-86F18421963B,,,,,,,ODN0004007412,z,right_only
3FBF33B6-7910-40E7-BFE8-C26E1634B971,,,,,,,ODN0004007515,z,right_only
104A9D4A-1B93-4D8C-ADE4-CDC4E9F6EBD7,,,,,,,ODN0005511909,z,right_only
995E7599-5A3A-47D9-AE46-8A9F9BB212F3,,,,,,,ODN0004007691,z,right_only
E54C476E-0591-406D-8CEB-BE0E0D44D007,,,,,,,ODN0003080159,z,right_only
EAA35695-79BB-4DB5-85B9-594E1C8128DA,,,,,,,ODN0003116871,z,right_only
A05F9E68-362C-42CC-BC77-585AB5D8D3A9,,,,,,,ODN0003079457,z,right_only
BA61A9FE-E338-409A-8FDD-A9AAF322A0F3,,,,,,,ODN0004710481,z,right_only
AA189265-4005-4D02-A5E2-A4087492A717,,,,,,,ODN0001943216,z,right_only
64590009-51CA-4632-9106-2F5E1EFCEBC5,,,,,,,ODN0005365491,z,right_only
CA09E7A6-D92B-459D-8D0E-7ACA25038EAA,,,,,,,ODN0005364028,z,right_only
D182CBE1-6038-40DE-BBFA-D3DD8F9024CE,,,,,,,ODN0003117043,z,right_only
E76801E2-6F8B-49F2-98FD-03ACF6EE9365,,,,,,,ODN0002967606,z,right_only
2D7E64C9-72FB-49DB-AACF-2F25E6ED659C,,,,,,,ODN0005163662,z,right_only
672C4378-F1C7-4077-A371-0E7CC9F43B8B,,,,,,,ODN0005163675,z,right_only
6219E64A-D9F3-4A83-B236-98B8E4943CA6,,,,,,,ODN0001943072,z,right_only
1A051AEA-57A1-4F4F-B851-AC5AE55408E9,,,,,,,ODN0001943085,z,right_only
59388B97-48D0-497B-A56A-26C4D0AA0E62,,,,,,,ODN0001943103,z,right_only
CD31AF41-58EC-4828-9B24-F4CC585DBF9E,,,,,,,ODN0001943106,z,right_only
6D86BE64-93D1-4345-B1AA-6CB6B4B6D216,,,,,,,ODN0001943126,z,right_only
1279BA3B-AA88-4CE9-95F8-FBE94DE68C66,,,,,,,ODN0001943128,z,right_only
31A5FCE0-17B1-4B3E-A0C4-C0B49D2B8BC7,,,,,,,ODN0001943136,z,right_only
9F12288C-20A1-4256-B0A4-D288A111E82A,,,,,,,ODN0001943138,z,right_only
3EE66257-F108-4603-8EFD-831E2E815C05,,,,,,,ODN0001943139,z,right_only
7BC5B374-7276-4AC7-9BA7-40852A23BF71,,,,,,,ODN0001943140,z,right_only
4B0C9DE9-FB0B-44C1-B04E-E6F815A74374,,,,,,,ODN0001943150,z,right_only
397A332C-9950-490E-B74B-2915B52E2DEE,,,,,,,ODN0003460452,z,right_only
3E419244-CF9E-4544-A042-566619D029BB,,,,,,,ODN0001943151,z,right_only
F56C0448-5F66-45F2-AE8E-6BA89763EC5A,,,,,,,ODN0001943154,z,right_only
5DEF8E04-AD59-4AB3-90FF-B7A7C1F61E9F,,,,,,,ODN0001943161,z,right_only
39778A92-D004-4EF4-A0AB-E3A17597041C,,,,,,,ODN0001943168,z,right_only
D4E5710B-E26D-470A-A36A-58880540CB9A,,,,,,,ODN0001943171,z,right_only
8187962E-8060-4BA5-BFAF-FD930A5ADAAF,,,,,,,ODN0005027275,z,right_only
093CBDDC-2742-4BCB-8130-9298CAFB6FF7,,,,,,,ODN0001943174,z,right_only
88BFD11E-973A-4828-B148-0ADBF9163822,,,,,,,ODN0001943177,z,right_only
90994FCD-A355-4301-8304-EA32467163B7,,,,,,,ODN0001943179,z,right_only
6295FFCA-84B3-4A32-A911-FDD81A4B4021,,,,,,,ODN0001943197,z,right_only
883EE782-49A8-445D-9544-168B863618B1,,,,,,,ODN0001943204,z,right_only
D4C2F65A-D959-4EA0-B0BA-34FC2A9955EF,,,,,,,ODN0001943206,z,right_only
57518E7D-0F3C-46A1-93CC-3D5383F06014,,,,,,,ODN0001943208,z,right_only
E29A6AB2-F9BF-44DA-954F-46B5D9A0914E,,,,,,,ODN0001943209,z,right_only
B5FAB570-97F0-4E82-A2A2-6BEB7B16D7B4,,,,,,,ODN0001943217,z,right_only
4029A71F-A328-4C65-801A-58FA132378CA,,,,,,,ODN0001943219,z,right_only
F58A6259-33BB-481A-96F4-693A76D52509,,,,,,,ODN0001943224,z,right_only
577B984A-09AE-444A-A0CF-A7CDA8CC3F9D,,,,,,,ODN0001943227,z,right_only
11C36132-51B0-4849-8064-63EF6F736051,,,,,,,ODN0001943228,z,right_only
50B18844-1CAD-40E7-A6C6-9FDEE92EDA6F,,,,,,,ODN0001943233,z,right_only
5987CF7A-6805-44D7-B646-894FF171B2DD,,,,,,,ODN0005164265,z,right_only
03CA31BB-A1F6-4F66-98B2-F56298F19D6F,,,,,,,ODN0001943247,z,right_only
8B4B744D-42AF-4116-9CD4-C9A947AE1E74,,,,,,,ODN0001943254,z,right_only
7CC29E4C-2308-49F7-870C-7DE9D626657B,,,,,,,ODN0003080026,z,right_only
80FC03B9-588F-4A30-86BE-B93A6BFE7933,,,,,,,ODN0001943258,z,right_only
977997B7-B6E8-4A3D-AD8D-E70912E1AA5C,,,,,,,ODN0001943262,z,right_only
C9625810-CE4F-4FFD-AF65-B925528D9A09,,,,,,,ODN0001943274,z,right_only
D8E97B7B-15EE-4005-B80F-BAEDD369394F,,,,,,,ODN0005164333,z,right_only
68B482A8-DEC9-4DC6-A386-C67D50FEDEEB,,,,,,,ODN0001943278,z,right_only
0EAE95B1-BE28-4EE8-BA33-4BB283BD7736,,,,,,,ODN0001943282,z,right_only
5F8B854E-0DAA-4B4E-9EB5-0075EA4D4280,,,,,,,ODN0001943283,z,right_only
01860539-12F8-4425-9898-D3BE1FDCFD59,,,,,,,ODN0001943284,z,right_only
DB394DA7-81F7-4B3A-8B7B-28FF73206D32,,,,,,,ODN0001943285,z,right_only
CA7ED661-4555-4F3A-AFE8-399EC2BE96B6,,,,,,,ODN0001943289,z,right_only
6A04C5E0-C9FA-43D4-8E85-024EFCB3F1FC,,,,,,,ODN0001943294,z,right_only
3603544C-E19D-428F-B623-F80661545E1E,,,,,,,ODN0001943296,z,right_only
1C5083FB-85C8-47D4-9ACD-1058144BF94B,,,,,,,ODN0001943297,z,right_only
C2B14802-0F1C-4AEE-AE79-FAE0E437BDDF,,,,,,,ODN0001943301,z,right_only
DA564019-4CEE-4987-98EE-290841ACB9AF,,,,,,,ODN0001943304,z,right_only
A4C3F320-BA8D-4FCF-9C7F-0240B70058D4,,,,,,,ODN0001943305,z,right_only
4805B8F4-568D-4B6A-8B84-B0AE7FC109F9,,,,,,,ODN0001943306,z,right_only
C4505F1E-21C2-4E08-9A23-0292EAFB528E,,,,,,,ODN0001943308,z,right_only
695767AA-83DD-4E6A-B1EE-71D407A1A900,,,,,,,ODN0001943310,z,right_only
579B15CA-8B4D-4CC9-A30B-BB00B8E26AF9,,,,,,,ODN0001943311,z,right_only
747A0C5A-770B-4CC4-A823-6AF5D837BCAD,,,,,,,ODN0001943315,z,right_only
9B664A3F-679C-46C1-B0EF-06ABCA5F1C17,,,,,,,ODN0003080232,z,right_only
2C760491-7263-4E26-A1A1-D196B842449B,,,,,,,ODN0001943318,z,right_only
83FD7BB2-98A5-4696-B75B-0F4329180002,,,,,,,ODN0001943321,z,right_only
DEBC390F-DDAC-4F9A-B29D-D093D3DD0BB0,,,,,,,ODN0001943323,z,right_only
A50E7DEC-0A9E-431C-B943-4E07A5EEA461,,,,,,,ODN0001943324,z,right_only
36C28C78-A86D-42B4-B486-C746F2C66DD0,,,,,,,ODN0001943325,z,right_only
3898F00D-5F8A-4100-B5F0-C997A90655FB,,,,,,,ODN0005510470,z,right_only
F4D50109-5B84-44C7-8DD1-038416124A64,,,,,,,ODN0005512003,z,right_only
34390DDE-4AC5-45FE-91BD-FD88C0C77527,,,,,,,ODN0005508694,z,right_only
8F544734-4EB1-453E-8F55-F3F1243C0DA1,,,,,,,ODN0005508804,z,right_only
89DE9164-A47A-4911-9563-8F2A88831D46,,,,,,,ODN0005508808,z,right_only
2C1619AA-5F91-466E-879A-24D7D7CE7BFC,,,,,,,ODN0005508836,z,right_only
0C38F0F0-943A-42BA-96E1-6C55BFD35D03,,,,,,,ODN0005508909,z,right_only
F887003A-1977-4435-B247-A6E84B121507,,,,,,,ODN0005509018,z,right_only
70AEDBBD-2E95-49B4-AED2-A9EB8FAD7D11,,,,,,,ODN0005510191,z,right_only
688848F9-2295-4A78-AD8C-86DD5FE463AE,,,,,,,ODN0005510568,z,right_only
072AEFCB-1D54-4826-AB3C-C09A5E6A4EC9,,,,,,,ODN0005510590,z,right_only
2482EDBC-5309-44E8-8077-0F3C7D201C7F,,,,,,,ODN0005510697,z,right_only
73EEC8F2-7306-4F45-86F2-43DFBB087EF9,,,,,,,ODN0005510729,z,right_only
C3AD9A29-8113-4942-A62E-985EC7FB213D,,,,,,,ODN0005510795,z,right_only
E5588DCB-F024-4666-9A41-DFA9883FF62F,,,,,,,ODN0005511263,z,right_only
548E1BFD-1172-41B4-AF32-41E527EC0D28,,,,,,,ODN0005511355,z,right_only
022D6756-A80D-443B-96CA-6247AF6F3C2F,,,,,,,ODN0005511548,z,right_only
C3D450D0-6570-4EB2-853E-225AF82D6FD1,,,,,,,ODN0005511588,z,right_only
30E632EF-7C6F-4F0B-BD04-385979EEA640,,,,,,,ODN0005511613,z,right_only
A7D1739A-FCAA-470E-8975-1807CCC081AC,,,,,,,ODN0005511770,z,right_only
0ED56686-0B57-410D-B8F9-D7A4D1437E16,,,,,,,ODN0005511925,z,right_only
E76408D4-D948-4E86-A880-2FBC29D8711B,,,,,,,ODN0005512009,z,right_only
AC871F9C-77C8-4568-854D-03050C24A4A8,,,,,,,ODN0005512038,z,right_only
B0D1739F-7A7C-4A59-8F53-437F9F14BAAA,,,,,,,ODN0005512068,z,right_only
37B1765E-0962-43EF-A8E0-9C9D4374F129,,,,,,,ODN0005512136,z,right_only
1688A3BC-D4ED-44A6-8A93-5CFDEC3A3C57,,,,,,,ODN0005512268,z,right_only
1DA95A2C-3755-47E8-A096-DA83B02534E1,,,,,,,ODN0005512298,z,right_only
4D2BB700-323E-47CE-A405-8C4FE60A30EF,,,,,,,ODN0005512300,z,right_only
665CC19C-B6C4-4E6F-8429-C80028936D88,,,,,,,ODN0005026238,z,right_only
08E0682E-0700-4D31-9E50-1A1E3E815512,,,,,,,ODN0005026619,z,right_only
F84ACB41-F16E-4928-BCAB-3E2AF9719A1F,,,,,,,ODN0004173916,z,right_only
2C8EF194-BD48-4BC8-B150-3CFFEA166F3C,,,,,,,ODN0005027100,z,right_only
1C9A13F2-0200-4627-962B-B1611E3DFEB4,,,,,,,ODN0005027584,z,right_only
75272394-D0CA-4446-B000-B26981BBBD53,,,,,,,ODN0003460767,z,right_only
477C82DF-739E-41F8-83A8-635661FED26F,,,,,,,ODN0005027922,z,right_only
6DE1BE28-0F51-4F5A-91EF-E18E6D442A12,,,,,,,ODN0005028049,z,right_only
22A67F6E-17F3-4646-88C4-19191A1BC330,,,,,,,ODN0003586568,z,right_only
344EAACE-2455-433E-8E33-45319F8769BA,,,,,,,ODN0005028229,z,right_only
5395D731-DE77-4A77-84C5-BD1534158EF5,,,,,,,ODN0005028268,z,right_only
78895665-D3CD-474D-8726-EDF6ECE8EBC3,,,,,,,ODN0005028298,z,right_only
2A79C477-1CFE-402C-8EE6-316CEDEE7EF6,,,,,,,ODN0005028340,z,right_only
8C6E2E53-9A17-4E3B-A47C-19F10B233564,,,,,,,ODN0005028381,z,right_only
1D978D31-76C8-4A34-B77F-4CF77518AC9E,,,,,,,ODN0005028383,z,right_only
188515D7-C927-47C1-B278-56D106D266F4,,,,,,,ODN0005028384,z,right_only
2446CBC2-562A-4748-BFD9-8B90AEB45568,,,,,,,ODN0005028385,z,right_only
8120BEE3-4195-46E1-B7AF-588E808D2D18,,,,,,,ODN0005028386,z,right_only
F545B48B-05A7-4C49-9665-BA850D38044B,,,,,,,ODN0005028412,z,right_only
4B02DB50-3B17-47FE-9AC3-AD8F9D2621D1,,,,,,,ODN0005028415,z,right_only
D573293C-E329-4289-B94C-E255F3A6198F,,,,,,,ODN0003116905,z,right_only
C361B80B-864B-41CE-AC9C-26C13A61CFBD,,,,,,,ODN0003002183,z,right_only
C6BE5EF0-6718-4CB7-84BA-1D7A07B2B601,,,,,,,ODN0003079929,z,right_only
6DD29DD5-4014-437E-B06A-3CB7CD028D01,,,,,,,ODN0003079932,z,right_only
DB6BEE03-21D3-4E62-AA68-99F445047191,,,,,,,ODN0003079945,z,right_only
12F3EB99-6723-4950-B1DD-BC799E37976F,,,,,,,ODN0004711206,z,right_only
20C89DAF-3A64-45C0-BD44-841F5DFE2A28,,,,,,,ODN0003080202,z,right_only
3B9483E3-64DE-461A-B8D4-33709EE46878,,,,,,,ODN0002938304,z,right_only
1AE3331F-AC86-405D-B23D-199CCBC9B40F,,,,,,,ODN0003116896,z,right_only
4BB4CE73-E38E-48AB-A876-65F057F2451A,,,,,,,ODN0003079910,z,right_only
E1470EB8-4C84-4E6B-AAF7-4EA41C0A876C,,,,,,,ODN0003079922,z,right_only
96596B0A-7F7F-4C14-A83C-8CE02A9F0D72,,,,,,,ODN0003079940,z,right_only
4451AF70-3AA4-4F30-AC00-6FE8582C2168,,,,,,,ODN0003002397,z,right_only
FCC90B14-E406-44C3-B58E-B80427C5546C,,,,,,,ODN0003079968,z,right_only
EBB7D484-C7EF-4DDF-9644-6C282C3968C1,,,,,,,ODN0003079969,z,right_only
E0C669C6-7060-44FD-AE43-E6EC6C471976,,,,,,,ODN0003079970,z,right_only
7DB02B27-EFD9-4838-A684-172C52221007,,,,,,,ODN0003079971,z,right_only
21BA8917-BAA7-44F5-A459-9ED9E661EB7D,,,,,,,ODN0003079972,z,right_only
4B2EAEDD-0B85-4B38-9090-B9F5AD5A17C9,,,,,,,ODN0003079973,z,right_only
D9D2ED50-8907-4600-8B1D-80737759197E,,,,,,,ODN0003079974,z,right_only
64B67D3B-B2CB-48C3-8F1F-F7F1EF53380D,,,,,,,ODN0003080035,z,right_only
3577173A-91C9-43ED-BED0-A879658EBD64,,,,,,,ODN0003002432,z,right_only
83CC0D0C-E6E7-43FE-A96D-3264E3370241,,,,,,,ODN0003080126,z,right_only
A04F03C8-A473-4C5D-A02B-4925B5ABD609,,,,,,,ODN0003002454,z,right_only
B6A223A6-13FB-437F-AF4D-4B6C710452D4,,,,,,,ODN0003002465,z,right_only
790DE6ED-87B1-4911-8BD6-36C0B1778296,,,,,,,ODN0003080191,z,right_only
6AD22FEF-6E29-4F24-A9D6-A08299DC56C7,,,,,,,ODN0002151742,z,right_only
4ACEB1E4-5819-4090-A7FE-B6D800C8409F,,,,,,,ODN0003079964,z,right_only
A78683C2-9CE5-485C-96D8-ADBFEECFFF6B,,,,,,,ODN0003080141,z,right_only
C7E76E30-4360-47D7-80DA-BBBC5F245008,,,,,,,ODN0003079894,z,right_only
62170C2F-ABE2-4559-9C7A-029BBACB5A08,,,,,,,ODN0003080067,z,right_only
90DB9ECB-9C51-4E05-BCEC-75C2B242D430,,,,,,,ODN0003079903,z,right_only
481EDAA7-8D94-4CE0-ACCF-72CF824B405D,,,,,,,ODN0003079946,z,right_only
ED35DDB6-ABB7-4354-8AB2-07B20C8A66C2,,,,,,,ODN0003079947,z,right_only
E92EEA17-B978-4A54-8500-1765A29FB602,,,,,,,ODN0003079948,z,right_only
14A8F372-F46A-4387-BB1B-8B175E8A3456,,,,,,,ODN0002137659,z,right_only
7F97C841-19DA-4628-B3E6-59C78E35C979,,,,,,,ODN0002137692,z,right_only
9753CD36-3BA3-4A6F-B600-45F2568AA9A5,,,,,,,ODN0002137700,z,right_only
4FFF1A4A-2D68-47E1-96AE-E6A6DF382201,,,,,,,ODN0002137706,z,right_only
7EA617F1-372F-47EC-BD38-7DB26DC4B75A,,,,,,,ODN0002137844,z,right_only
08DADE07-7A09-4E0D-BB6B-633A9B1C447A,,,,,,,ODN0002138129,z,right_only
DC9D6E50-D7FA-47E0-AA6D-D8B3F037CBE7,,,,,,,ODN0002138183,z,right_only
DC871291-9063-48BD-9BD3-2BE71ACF13D6,,,,,,,ODN0002138187,z,right_only
ADC2FDE1-3197-4AEE-971A-FFC6F917CCA9,,,,,,,ODN0002138224,z,right_only
6EF6134C-9D55-4A7E-AA8D-797A98C9ED1B,,,,,,,ODN0002138250,z,right_only
9BA65BD7-52AC-40BA-A1A2-1413B7111FBF,,,,,,,ODN0002138264,z,right_only
17125400-050C-46DD-82D1-652C5A8AEE2C,,,,,,,ODN0002138318,z,right_only
A946FBCA-189A-4A17-BE1D-F07EA9471B59,,,,,,,ODN0002138330,z,right_only
85617947-1824-4530-BEA0-BD7FF0444564,,,,,,,ODN0002138334,z,right_only
B2354A43-DF3D-45E8-9845-20B4BECE7899,,,,,,,ODN0002138338,z,right_only
320231AD-D02C-4378-A69C-BF06FF75F435,,,,,,,ODN0002138416,z,right_only
034E6978-DC8F-41EC-BF45-CBC885EC8B0B,,,,,,,ODN0002138475,z,right_only
4E7889D8-3D76-4299-95EB-01E428C7CF38,,,,,,,ODN0002138622,z,right_only
7297C522-CA73-4CB4-9C32-8F36BEB4E9EA,,,,,,,ODN0002138637,z,right_only
ACD5A617-6A38-4819-8238-4C39F12CF666,,,,,,,ODN0002138652,z,right_only
F16DC984-9B70-4911-9821-8F6B075A6678,,,,,,,ODN0002138677,z,right_only
B378FBE2-FD6A-4C4D-9FAD-F151DC14B7C3,,,,,,,ODN0003896283,z,right_only
666CCE0B-F3A2-4D29-A5DC-698DD382FBC6,,,,,,,ODN0005447629,z,right_only
EC7F8D49-5141-4A89-9E60-3311512F00B5,,,,,,,ODN0005363572,z,right_only
5C4EB4CF-E126-4C45-9321-8060ED969C38,,,,,,,ODN0005447705,z,right_only
45C85E57-F6A9-4190-87D3-4E328B79FBDF,,,,,,,ODN0005447967,z,right_only
BEBE4B85-4355-4203-9DC2-5C7C5D00EF52,,,,,,,ODN0003079925,z,right_only
ACD350F2-0C7C-421E-B361-245E8F88C7D8,,,,,,,ODN0005448356,z,right_only
C887B802-9D13-4361-BEA0-E4587B4612B4,,,,,,,ODN0003080186,z,right_only
9BF7206E-37C4-4616-950C-57B18D789321,,,,,,,ODN0005363891,z,right_only
EBF8D641-606D-444B-84BB-648DE9A7A99D,,,,,,,ODN0005363932,z,right_only
D1AFA833-9EC9-4763-9C57-2AFE001B923E,,,,,,,ODN0005364476,z,right_only
76CD1A17-B3E7-4EE7-926B-6EB4F83D18D0,,,,,,,ODN0005364548,z,right_only
3CF36475-D083-4084-AD10-06465FD350BF,,,,,,,ODN0005364572,z,right_only
D1E8CE10-9022-4FDE-981F-D23C9E9857BF,,,,,,,ODN0005364688,z,right_only
6D9F7645-5697-476E-8CFE-C468D49AE434,,,,,,,ODN0005364769,z,right_only
442C3B2E-03EB-4786-B606-A2E4688A5371,,,,,,,ODN0005364770,z,right_only
1734DC06-7D93-4C7B-893A-732485D316B2,,,,,,,ODN0005364802,z,right_only
8C846821-C720-4C16-9DF2-B9550591A004,,,,,,,ODN0005364803,z,right_only
2EE51100-DCFF-4761-A06B-486C2715970E,,,,,,,ODN0005365118,z,right_only
5F621F27-2997-4811-A742-8000995F2418,,,,,,,ODN0005365131,z,right_only
BC45A85D-F97F-4FA1-A5B5-8AFBD02F3B7F,,,,,,,ODN0005365226,z,right_only
0DD0C543-DCF2-4F63-9939-73545E3F66F2,,,,,,,ODN0005365312,z,right_only
C48B9BE5-1F9A-4D6F-878F-19898D9D9C11,,,,,,,ODN0005365324,z,right_only
BD383106-0005-4AC0-87F8-CDAB3A57EB2C,,,,,,,ODN0005365332,z,right_only
E5B05BF4-C74E-42EA-9919-6A1910CEA46E,,,,,,,ODN0005365348,z,right_only
0C29F61A-D800-4A3E-BFB4-5334CD8BCFEB,,,,,,,ODN0005365349,z,right_only
60512FB1-4880-4C30-96B4-D9CE84560A1B,,,,,,,ODN0005365438,z,right_only
62223F7B-FCD9-4FAC-81AA-CE0120C53AEF,,,,,,,ODN0005365479,z,right_only
EBA06D5C-197A-4440-B255-1827A14AE3D2,,,,,,,ODN0005365514,z,right_only
16A5B7D3-2A3A-4577-9DEE-10B2DE9608C7,,,,,,,ODN0005365516,z,right_only
B34D83D6-6316-42DE-96F5-79DD34326A35,,,,,,,ODN0005365541,z,right_only
1C1AD3A4-EEBF-49DE-9F32-856D90E7EB2A,,,,,,,ODN0005365552,z,right_only
31EE0B2F-FCBD-414E-A932-B353BC14F0CA,,,,,,,ODN0005365585,z,right_only
847A87C8-0229-46C9-A7DE-734EEBB640B5,,,,,,,ODN0005365606,z,right_only
F76E8AEF-2A10-432D-9D5C-15AD0245D6DA,,,,,,,ODN0005365608,z,right_only
EE70F746-C4A8-4328-A216-EE1E93E010C6,,,,,,,ODN0005365617,z,right_only
09F072DF-8F67-4EC4-8E3A-A2A3F7C70DE0,,,,,,,ODN0005365627,z,right_only
5FFB5C50-8F20-4ADF-9055-CC28C413D0C9,,,,,,,ODN0005365635,z,right_only
A1093029-B816-4059-9398-5CB9A739E445,,,,,,,ODN0005365652,z,right_only
DA0168A2-9B2B-470D-99FC-25D1E8C98009,,,,,,,ODN0005365654,z,right_only
DA29657E-D998-4918-B91B-200710E2E832,,,,,,,ODN0005365655,z,right_only
A9AF2398-C20A-46AF-A61C-2DB90BE6988D,,,,,,,ODN0005365656,z,right_only
D146E6C1-5023-4A92-9A57-D1ADDF233AAE,,,,,,,ODN0005365657,z,right_only
F28788C2-91D5-4CA4-957F-B6748EE90725,,,,,,,ODN0005365661,z,right_only
A4BEA217-1279-4AE9-8332-EA00B230302E,,,,,,,ODN0005365669,z,right_only
A3CD8033-9E87-4856-B72C-BC50C4799544,,,,,,,ODN0005365670,z,right_only
D29C1E4B-89BD-4EAB-84C9-FCD1638EC0AD,,,,,,,ODN0005365675,z,right_only
20F8D72F-88A8-45D1-ADC3-FA47F902EA21,,,,,,,ODN0005365676,z,right_only
74850F5A-507D-4FBA-BADB-72E70FD4BD96,,,,,,,ODN0005365704,z,right_only
4B124E79-B671-484D-B24B-A03E77F0B8D5,,,,,,,ODN0005365709,z,right_only
7AC15B6E-B19D-417C-A4AF-3B191FAB7A2B,,,,,,,ODN0005365724,z,right_only
23513A61-44D9-4312-9D89-0FB93BA83A01,,,,,,,ODN0002662018,z,right_only
B14040A6-8511-4E0A-B9B0-5EA9C0265A5D,,,,,,,ODN0003897107,z,right_only
0A538A7F-DE66-42C1-9200-BB0B404ACA35,,,,,,,ODN0003897406,z,right_only
7E745DBB-0A0C-4020-8012-830C22879157,,,,,,,ODN0005508884,z,right_only
46925A73-7714-4E2C-AC4D-C98E6991C2A6,,,,,,,ODN0003117005,z,right_only
D1E47EEF-D61F-4795-99EC-947A1F1B6CBD,,,,,,,ODN0003117068,z,right_only
AA6C1EFD-B4F3-4D7E-A94F-73572AF9DFB9,,,,,,,ODN0003080065,z,right_only
2D9ED9A6-5078-458F-B68D-0F743BAEE8C4,,,,,,,ODN0005512027,z,right_only
B6FE27DB-EF08-49BF-AE6C-F04CB367E866,,,,,,,ODN0003080146,z,right_only
55A349FA-0433-4FFD-B22A-1707BBB99BA1,,,,,,,ODN0003080161,z,right_only
E403B7DB-AAAF-40E7-8DA5-AFEA7F7718BA,,,,,,,ODN0005512215,z,right_only
8CB1E063-E96C-4523-888C-168A91272DCD,,,,,,,ODN0003080245,z,right_only
888C1C4F-C601-4434-9E3D-DC312A022EE5,,,,,,,ODN0003079429,z,right_only
B6A97B64-989D-49A7-A98A-A3F9A3CBB4D1,,,,,,,ODN0003079556,z,right_only
EBC6BAC6-8A6E-4BD9-A8F0-4C244CF9B80C,,,,,,,ODN0003080106,z,right_only
DE68F82F-7E36-4705-A32B-036546B2C399,,,,,,,ODN0003080262,z,right_only
A56D3281-4F52-4D60-B26C-A48915979315,,,,,,,ODN0003079521,z,right_only
012D86BB-86B3-49D7-AA8E-75F75B76062C,,,,,,,ODN0002938421,z,right_only
265E9166-CC77-4171-A356-700C510ABC03,,,,,,,ODN0003079904,z,right_only
981D9741-670E-46E7-AABE-B466F9154083,,,,,,,ODN0003079905,z,right_only
5F9E7974-052F-4D62-8004-8674452CB46C,,,,,,,ODN0003080072,z,right_only
6F7E7B46-6E73-4329-8C08-D337AA124AEB,,,,,,,ODN0003080113,z,right_only
6F5361B9-DFE4-428E-BA23-D1CB8307019C,,,,,,,ODN0003080148,z,right_only
84859402-0607-4493-9F76-AFAF514037C7,,,,,,,ODN0003080158,z,right_only
5A31F9F2-6130-4F1B-8BB1-C9030CADABDB,,,,,,,ODN0003080196,z,right_only
4504278A-0DAE-4811-9D0B-3A7CCB76A533,,,,,,,ODN0003080215,z,right_only
F232098D-4D04-4B59-B2DE-F56E551D9E2C,,,,,,,ODN0003080216,z,right_only
C0AB4BDD-7342-4C40-80ED-FDBE3C402B9F,,,,,,,ODN0003080217,z,right_only
6DA733FF-8382-4AC2-A3BB-4F0031F80F7F,,,,,,,ODN0003080218,z,right_only
A421B855-DC24-43A4-8D9B-F74FAFAB79A9,,,,,,,ODN0003080219,z,right_only
D136C3FE-C3A8-44E6-BF49-EF926F6E89CE,,,,,,,ODN0003080221,z,right_only
10FE5660-F3CA-4F12-A964-CCB3CA39D05D,,,,,,,ODN0002137499,z,right_only
040984B5-C4DB-4D6F-A3AE-858A59C52496,,,,,,,ODN0002137567,z,right_only
0CC13B96-CE61-45DC-83DA-FA51826E7E47,,,,,,,ODN0002137574,z,right_only
F051BC33-046F-4E64-B9F0-E5AA883E1DE6,,,,,,,ODN0002137605,z,right_only
EA975568-E423-4B4A-B79A-543589D74F4F,,,,,,,ODN0002137609,z,right_only
BFF093A2-511A-4BBC-AD59-0A48F8A9465C,,,,,,,ODN0002137653,z,right_only
6383604E-F87C-4B19-B7E3-1950EF9E3798,,,,,,,ODN0002137655,z,right_only
AC4B9AAB-EDCE-4327-892C-31B20564754F,,,,,,,ODN0002137657,z,right_only
104A8F5A-5897-4ECD-A886-7EABD6B281BA,,,,,,,ODN0003757373,z,right_only
CA49F0A5-9730-4C8D-A3A2-0A36DEF18373,,,,,,,ODN0002137771,z,right_only
299F5F70-0B7C-4244-A73E-840171597DA8,,,,,,,ODN0002137824,z,right_only
35F5E4B3-B61F-49DC-BAA2-1E5A39207864,,,,,,,ODN0002137862,z,right_only
AE1BE3E0-F469-4690-90EC-CE8089DCC53D,,,,,,,ODN0002137870,z,right_only
8DB4E64A-0CAE-4BF1-9514-1F43847C7A7A,,,,,,,ODN0002137898,z,right_only
CBB83BD3-91FE-4BA0-978D-D6B868BBF093,,,,,,,ODN0002137900,z,right_only
9D68A20D-1160-48AA-9FE3-183DA21C1BB6,,,,,,,ODN0002137904,z,right_only
E2CF4C03-9797-48EA-89C7-30C94C90060F,,,,,,,ODN0002138043,z,right_only
912BDB2D-E32B-4E35-A057-A4E1C1A811B5,,,,,,,ODN0002138092,z,right_only
F0B8111D-EBCC-4C1D-B160-1CC84476DDA3,,,,,,,ODN0002138106,z,right_only
1D6A916D-704C-4609-B990-D8E45BFB40EA,,,,,,,ODN0002138185,z,right_only
7BBF57BE-0D80-4F29-ADCE-6F956F04B43C,,,,,,,ODN0002138200,z,right_only
357108D2-9618-44F3-A7F4-BD6B097BAE3A,,,,,,,ODN0002138202,z,right_only
09442C23-41A2-4809-B2ED-A1A81E676CE9,,,,,,,ODN0002138204,z,right_only
E0BECC4C-60CD-4CBB-AF06-6B7A8924B311,,,,,,,ODN0002138220,z,right_only
F9A96373-3DB6-481F-B81C-DC22C56D9A11,,,,,,,ODN0003757781,z,right_only
9FC142AC-1884-478D-AE55-9AE4A3EE1D23,,,,,,,ODN0002138273,z,right_only
E1BFD49C-7B8F-4ECB-8237-9D732F82C3FB,,,,,,,ODN0002138301,z,right_only
64B27BE4-532C-46A7-9919-EE5BBD618EA8,,,,,,,ODN0002138302,z,right_only
A5A32AF7-97D1-4CDD-A68E-ED6E2F3BCDE9,,,,,,,ODN0002138309,z,right_only
5DE7DE72-A923-4FF0-9F87-847568943919,,,,,,,ODN0002138319,z,right_only
D3120EDD-FE20-4500-827F-113914BEE0CD,,,,,,,ODN0002138323,z,right_only
A5680583-18E7-41BC-9821-458A42F20018,,,,,,,ODN0002138331,z,right_only
A07F8C18-C95E-4049-A647-C7F112BA1F6B,,,,,,,ODN0002138355,z,right_only
E1FB4B43-BE9A-4B8B-89B6-DABF37B23B33,,,,,,,ODN0002138365,z,right_only
31F6CCFC-6328-4585-8D39-F7168B258D0F,,,,,,,ODN0002138390,z,right_only
C82A9AC6-DF0F-44C7-8004-D9D00E57CCD1,,,,,,,ODN0002138392,z,right_only
0D710836-9020-406F-8FF2-A4FB2C01B565,,,,,,,ODN0002138408,z,right_only
8B002ADD-B3B1-4566-AACC-219E66C32BB1,,,,,,,ODN0002138448,z,right_only
7936C357-DD43-41C5-8A5D-A19ED99BD915,,,,,,,ODN0002138449,z,right_only
3D0DC813-A621-4838-9DF8-1C977CE512A6,,,,,,,ODN0002138497,z,right_only
3116E7F2-04FE-467A-8A07-D006197A0CA4,,,,,,,ODN0002138517,z,right_only
C3BAC98A-583F-456D-985D-1AEDDCC0EFC8,,,,,,,ODN0002138545,z,right_only
014C2250-CF1C-4F69-B564-5868B406FAA8,,,,,,,ODN0002138546,z,right_only
8736A5BE-92AD-4A04-9620-F2A00239742C,,,,,,,ODN0002138591,z,right_only
C9B8DE29-029A-4200-B4FD-E75E36F82031,,,,,,,ODN0002138614,z,right_only
9B163257-0DAB-41D4-A415-4AB84AFBDE7A,,,,,,,ODN0002138636,z,right_only
91E4F916-09D1-43BC-9E7E-092ABA51FB76,,,,,,,ODN0002138648,z,right_only
D9D528A2-F076-471E-9E10-F84E26EBF923,,,,,,,ODN0002138654,z,right_only
BDE249B3-C801-4F44-9EA9-69A702912922,,,,,,,ODN0002138658,z,right_only
BE9EA9B2-5A56-480B-B35A-B1EF370F9E52,,,,,,,ODN0002138661,z,right_only
17B3E982-6B84-414A-B5EF-90F85E022407,,,,,,,ODN0002138662,z,right_only
EDD64D36-882D-4B16-A176-5EA89EFF6AAF,,,,,,,ODN0002138675,z,right_only
778487D2-A4A2-46A7-8FFD-BCE008FD3DF8,,,,,,,ODN0004709801,z,right_only
05D1BF40-D3E6-4659-A553-0E0BEDEE89C0,,,,,,,ODN0004709802,z,right_only
17FA26D2-F44F-4E86-AAFF-E82103306559,,,,,,,ODN0005026454,z,right_only
01CFFC4D-E2A4-4319-936A-A6D3A92CFFDF,,,,,,,ODN0005026670,z,right_only
5C48C48C-09A2-478D-BB35-3387538C71F3,,,,,,,ODN0004710021,z,right_only
A1EE1932-2598-4AC5-AD19-8605EABC51FB,,,,,,,ODN0004710043,z,right_only
5D5D5EE8-2EDD-4689-9BA2-96410C6E289E,,,,,,,ODN0003621335,z,right_only
C2072C64-2D88-4073-98B6-21E1867607DA,,,,,,,ODN0004710105,z,right_only
725EC12D-2CC6-4F6F-8DD4-F9BE63D73DAA,,,,,,,ODN0005364890,z,right_only
BEFCABE7-DB09-4E44-9636-DDDF06A4ABDA,,,,,,,ODN0004601668,z,right_only
032BEA66-B3F9-417B-99AD-463877B0848B,,,,,,,ODN0005026950,z,right_only
B7E48F53-A150-4F26-BF50-BC3F5A6092CC,,,,,,,ODN0005026951,z,right_only
2ED70D5E-6679-4FB1-823C-9557CFC27A2D,,,,,,,ODN0005065132,z,right_only
F6462D55-473D-4373-9C91-9BC69ED599EF,,,,,,,ODN0005065133,z,right_only
3518BF23-EDB7-4BFF-B63E-0C5D07BE708B,,,,,,,ODN0004710228,z,right_only
405D44FC-29FB-4910-B281-03BE5E4637E9,,,,,,,ODN0003117037,z,right_only
BACF764E-AE11-4056-8EC7-AE7E0287C4B9,,,,,,,ODN0005027107,z,right_only
EFAB773B-3E94-47D4-9E21-1BF7AC2CF24D,,,,,,,ODN0004710328,z,right_only
9AC1999F-56DC-419A-9BE6-1E5BE9E6E6F0,,,,,,,ODN0005027125,z,right_only
A919FBB4-8EB6-4C4A-9070-8A284D6AF11C,,,,,,,ODN0005027184,z,right_only
56DD19E7-BB47-488F-A89D-38A1AE20E7F1,,,,,,,ODN0004677470,z,right_only
A1AF7624-2683-4DCC-8B92-471323A46574,,,,,,,ODN0003621844,z,right_only
80188BF2-EB2B-4E43-9507-9D3F1378D17D,,,,,,,ODN0004710585,z,right_only
79D1F827-9DBB-437E-93DB-85B2C6C97975,,,,,,,ODN0004601955,z,right_only
2E7EA0A0-4FD8-4553-99B0-8ABC3BA2E8D5,,,,,,,ODN0005027395,z,right_only
5C692DBA-E739-48BE-884C-4962253DB8E9,,,,,,,ODN0005027396,z,right_only
D88AC5FF-DEFB-4992-891B-66EDE7F5B882,,,,,,,ODN0005027397,z,right_only
88754CF8-3C7F-4FD4-9B94-FA4A2EDE8C10,,,,,,,ODN0004710709,z,right_only
5635F1C3-CC3A-4952-A537-93C742771893,,,,,,,ODN0004710737,z,right_only
8E48FF73-B374-4B69-8CD4-AD352D23F625,,,,,,,ODN0005027635,z,right_only
F7AC33BC-0693-4941-AF49-FBBA6EF1CD7D,,,,,,,ODN0005364919,z,right_only
42C6FEC1-1A60-466C-82B3-485DE76BE246,,,,,,,ODN0005365191,z,right_only
FF2004E0-4537-47AB-8172-0A81D7A1FE74,,,,,,,ODN0004711078,z,right_only
908B9645-0D6D-4058-B738-06E09E0461A0,,,,,,,ODN0003080109,z,right_only
5236F0A8-1C83-483F-93B6-DF8FD427C9D8,,,,,,,ODN0003080142,z,right_only
8C00F605-5A86-4B20-827F-84BCA1EBD6E1,,,,,,,ODN0005385598,z,right_only
F319516D-145B-4C5D-8F5A-5D0AF2949BD9,,,,,,,ODN0005028217,z,right_only
F6B64D00-BFFC-4D28-BD8C-44AAE7E42E8A,,,,,,,ODN0005028218,z,right_only
93348844-F118-4BC6-BDDB-806EF570BCAD,,,,,,,ODN0005028219,z,right_only
8B800B83-114A-4CAF-8353-C2E3446C997D,,,,,,,ODN0005028220,z,right_only
057DCC59-FDD2-4B78-A479-74ABF84450E8,,,,,,,ODN0003080200,z,right_only
4EAC3B03-7AE0-46B1-BD4C-87B48700A0C3,,,,,,,ODN0003079913,z,right_only
BB0A1C11-B3B1-41BE-B3CD-328654543D8D,,,,,,,ODN0002138409,z,right_only
556854E5-9131-45F7-AB35-075BED810776,,,,,,,ODN0003080095,z,right_only
F2B78530-48A5-4BDE-BBCC-AD96988B51AB,,,,,,,ODN0003080149,z,right_only
AADF1894-5992-4678-928C-232C3A4C82E9,,,,,,,ODN0002138639,z,right_only
6E147F9D-33CC-445F-837C-284E3A971A73,,,,,,,ODN0004710018,z,right_only
1A418E21-0639-4AD2-9E84-EBF65644936D,,,,,,,ODN0005364273,z,right_only
A871F19E-262F-419A-8B13-AE8F7016B32C,,,,,,,ODN0003116870,z,right_only
01CDBF8F-DFB2-4102-ACB9-577E184FE48E,,,,,,,ODN0003116903,z,right_only
39CF600A-64FB-4AEB-A583-04104E5F472C,,,,,,,ODN0004710221,z,right_only
5FB9E413-E721-4276-9CB1-CA2F9119D68D,,,,,,,ODN0004710222,z,right_only
1CDE8478-52C0-4F8E-81F7-A1FE2626BE20,,,,,,,ODN0004710223,z,right_only
9E7C594C-6E3C-4197-8549-727834DDF9C9,,,,,,,ODN0004710224,z,right_only
711BA7DE-7D1C-4F00-A8CC-F1AE7DCCBD3D,,,,,,,ODN0004710225,z,right_only
CF90B05F-F250-4176-A832-D9DFE7838C4A,,,,,,,ODN0003117064,z,right_only
E6C2E26B-C698-45DD-9FC7-183A01C927E4,,,,,,,ODN0004677435,z,right_only
9FE5C54B-CFD6-4CEF-B55C-D03A340F6DA6,,,,,,,ODN0004710361,z,right_only
2835D4F1-945F-46A6-9740-A4226F46101B,,,,,,,ODN0004677436,z,right_only
BC553587-83C9-4D1F-AAB2-600250A4D6BF,,,,,,,ODN0004677437,z,right_only
F1C03B96-0DCA-4FF5-BFA6-38F3663013D3,,,,,,,ODN0004710362,z,right_only
0F763216-B6A8-428C-830F-986A3039B5EF,,,,,,,ODN0004710363,z,right_only
9C08261F-08D4-400C-9737-4DC34029898C,,,,,,,ODN0004710364,z,right_only
BA887805-25B9-41D1-B5AC-D69170EB8AFC,,,,,,,ODN0004677438,z,right_only
05977A6E-D35C-4056-BB7F-B1DADA1298CF,,,,,,,ODN0004677482,z,right_only
A577CA6B-B4D8-485C-AB94-3BFEC35C8E75,,,,,,,ODN0004710391,z,right_only
68DA2787-9C11-4ED0-B007-FB59F5BDDB6A,,,,,,,ODN0004710392,z,right_only
9F9916EC-F4EA-4BE3-A2BF-7929A38F5BB8,,,,,,,ODN0004710393,z,right_only
EDD9B138-7509-406F-A80B-73CB31DFF155,,,,,,,ODN0004710394,z,right_only
5C591F2E-0950-40A1-BAA1-153D0969E4A8,,,,,,,ODN0004710423,z,right_only
B9BEA9BF-EA99-4F79-B0A2-B2AC82CC6923,,,,,,,ODN0004007323,z,right_only
AB03163E-2832-4DA6-8FFF-2C8B6396F179,,,,,,,ODN0004710500,z,right_only
57E402DA-2BAB-4ABA-9C87-8167DD89402B,,,,,,,ODN0004710510,z,right_only
FF1090A5-FA02-4CCA-ACDB-62D39BD9DC18,,,,,,,ODN0004710511,z,right_only
C3244198-41A5-4D94-AE93-317766738762,,,,,,,ODN0004710512,z,right_only
450433BD-6993-45C2-BFF8-EC2F026F7770,,,,,,,ODN0004710513,z,right_only
669C752A-1F6E-44DD-A601-24CA91BB66C8,,,,,,,ODN0004710514,z,right_only
DF5F4015-CFB7-40C5-A11C-D24D06221230,,,,,,,ODN0004710515,z,right_only
C1EE2E94-3E12-4425-9CF2-CFD752123794,,,,,,,ODN0004710516,z,right_only
7C6398F9-9A54-4CD8-A6FC-7B110F5D61A9,,,,,,,ODN0005365087,z,right_only
7D57176F-4CB9-448A-92A5-0EF9AE0C0138,,,,,,,ODN0003079772,z,right_only
4A13E80F-C976-41BE-ACC0-4E725D1DEE09,,,,,,,ODN0003700743,z,right_only
EFCCBB70-366B-419F-A24D-E607B73ED36E,,,,,,,ODN0004710725,z,right_only
218F1CB1-88C8-4402-A521-C4A0F8830696,,,,,,,ODN0003079889,z,right_only
C0B63A44-163E-4D30-B569-21561A8AD8AA,,,,,,,ODN0004710821,z,right_only
0E1AA79B-FEB3-4D30-8F7C-4FDA68B7C26F,,,,,,,ODN0004710822,z,right_only
5266871F-4285-42EC-8848-F6E4723720B2,,,,,,,ODN0003079926,z,right_only
3F0E6DE2-A55C-4F75-907C-A8C589D63610,,,,,,,ODN0003079942,z,right_only
DAEF4477-F52C-4AFB-AB12-10F3167CE13E,,,,,,,ODN0003079943,z,right_only
20C85788-6D10-4022-8C10-0D2D46372357,,,,,,,ODN0004710922,z,right_only
1FE5127F-29FA-45B1-8C07-4818C49061EF,,,,,,,ODN0003079956,z,right_only
2F94482D-3D14-458D-8D35-CC8202C4EF3D,,,,,,,ODN0003079959,z,right_only
EEBB0884-C4EC-4B75-A761-FB79AB05279F,,,,,,,ODN0003079962,z,right_only
E799AEB9-649A-4111-8C31-B81D8DE86B4C,,,,,,,ODN0003080076,z,right_only
DE9C276C-5028-411F-995D-E9B5BFC31837,,,,,,,ODN0003080083,z,right_only
0B2F318E-3FD5-455E-BBE2-64F968279C76,,,,,,,ODN0003080091,z,right_only
902A738A-DB35-4537-AE68-9DE8A56A51AE,,,,,,,ODN0003080101,z,right_only
7306C1DD-66A8-49CB-8424-86E6BBB0F203,,,,,,,ODN0003080112,z,right_only
6966558A-ECD1-444D-9A6B-61C64B23D487,,,,,,,ODN0005364272,z,right_only
CD097FBA-D6F7-47EC-A8DC-353550527275,,,,,,,ODN0003080125,z,right_only
D4DCBBC1-0F62-4F40-BDC4-EE5D31BFC814,,,,,,,ODN0003080133,z,right_only
CE46A043-EFEF-4533-922B-EB2CD0A40DA8,,,,,,,ODN0003701006,z,right_only
C4250CDE-B899-4C2C-A28E-F4A6D87CB500,,,,,,,ODN0003080137,z,right_only
D63C3C6E-3A9B-473F-92F6-AD82311148E6,,,,,,,ODN0004711305,z,right_only
687F4ED2-A815-45DF-AA44-375DBCC3D0EC,,,,,,,ODN0004711306,z,right_only
F23900AA-C956-4E01-8081-01F45239B192,,,,,,,ODN0004711307,z,right_only
64A1A945-4B8D-4177-8AA6-64C9FAD908D3,,,,,,,ODN0003080151,z,right_only
BEC32B36-82C5-4BC7-83E3-82A0248D0780,,,,,,,ODN0003080157,z,right_only
BE9528B6-98F0-45CD-A582-45C6C57777E6,,,,,,,ODN0003080166,z,right_only
E24D8F8B-6507-4647-87CD-B2798CF9A893,,,,,,,ODN0005365088,z,right_only
49F8D418-88DE-457A-9285-30BFF2E31CBD,,,,,,,ODN0005365089,z,right_only
5F469D2C-8BB0-4106-9F95-235ABCC13ECB,,,,,,,ODN0005365090,z,right_only
24AFE95B-9EF7-4CF8-B1C6-05029D87D19E,,,,,,,ODN0005365091,z,right_only
AAD71E12-481D-4861-85BD-8BC1044DBF6D,,,,,,,ODN0005365096,z,right_only
4492A9B2-148C-4392-B75A-EC17FAD263C8,,,,,,,ODN0005365097,z,right_only
930262D7-1786-4D24-9429-810C6E3CED5D,,,,,,,ODN0005365098,z,right_only
5ECE62F7-8233-44FA-B802-5F232E27A391,,,,,,,ODN0005365099,z,right_only
64FD575C-36CC-468F-A9DB-2F526056FB65,,,,,,,ODN0005365086,z,right_only
99DD8FA7-A505-4DA6-B756-DC697B2FAFCC,,,,,,,ODN0003080188,z,right_only
2C80F9C7-7C8B-41A9-AC28-8C11F558E3DD,,,,,,,ODN0003080203,z,right_only
1362D20A-4AD6-4163-B434-4B2C9CB3B04D,,,,,,,ODN0004711407,z,right_only
F8FC9B4F-C8A8-481C-BA3B-BCBB7B8E3457,,,,,,,ODN0003080207,z,right_only
9934BF58-5AC9-4B23-BFEA-45B305B33AFB,,,,,,,ODN0004007760,z,right_only
020F593D-2AFA-4E01-8B8E-4F523B8C29B3,,,,,,,ODN0005364502,z,right_only
55FC5FAC-853B-4CC2-A7A9-307E19EC4DC9,,,,,,,ODN0003701074,z,right_only
0A5FEB4E-022D-42F9-AACD-A1021603ECCB,,,,,,,ODN0003080255,z,right_only
0EAB2788-ABD9-4D22-961D-01292F45A957,,,,,,,ODN0003585022,z,right_only
4509F502-4F58-45D1-8194-3ED9336BD4DD,,,,,,,ODN0004710048,z,right_only
FFD0525E-13BA-4233-A271-74316E86E128,,,,,,,ODN0003116926,z,right_only
D0772159-3D86-4DAA-B315-C9BEAC1FE092,,,,,,,ODN0003117007,z,right_only
9339461B-4393-465E-8394-6DF7ABEC21C4,,,,,,,ODN0004251009,z,right_only
32858766-D422-4605-A100-E4FA9AC57149,,,,,,,ODN0003079592,z,right_only
99F28218-5BBF-4E8B-9200-80422CD57E1B,,,,,,,ODN0004210105,z,right_only
1462FD5B-067B-4B54-89C5-B17629DC2BA0,,,,,,,ODN0004210127,z,right_only
504B940E-C058-47D0-94E8-170306637CA5,,,,,,,ODN0003586216,z,right_only
08422583-480A-41CE-A04E-493CDCE9695A,,,,,,,ODN0004710890,z,right_only
D7F600F1-BF47-4653-B43C-B322D93D06CB,,,,,,,ODN0004251134,z,right_only
A6A0FEA7-4B57-4F89-9D2B-091977FB3089,,,,,,,ODN0003586389,z,right_only
DDD94958-2BB7-4ECB-9F70-3BA96437B2AD,,,,,,,ODN0004210196,z,right_only
3666CCBA-43A0-46DE-A13F-F1F9B985DDED,,,,,,,ODN0003204544,z,right_only
C5BBCF37-EF1C-4CA8-B735-55059EB43EB1,,,,,,,ODN0004709800,z,right_only
8EDAD993-35EC-4AF1-992A-DA7AF72FD720,,,,,,,ODN0004709949,z,right_only
9102244F-C6EF-4A80-9DE0-57111B4780C7,,,,,,,ODN0004709994,z,right_only
E82DD446-E92D-47B3-91F6-BFC2E8482E5C,,,,,,,ODN0004710171,z,right_only
734A50D9-914B-4FE5-9CDE-1F5FE3937FB9,,,,,,,ODN0004710213,z,right_only
0ABF52A0-D60A-40FA-B27E-9F72EF47E9AC,,,,,,,ODN0004710248,z,right_only
696C8505-D75A-41A3-97A1-AC263AA76039,,,,,,,ODN0004710252,z,right_only
D5C21244-0FFA-44EF-BBB7-3B7579D98209,,,,,,,ODN0004710253,z,right_only
F73B6DEC-6313-4FEE-9B2B-1C19EAE7641F,,,,,,,ODN0004710311,z,right_only
4E9EAB04-34A0-4680-A29D-85D1F0D1A918,,,,,,,ODN0004710480,z,right_only
0CF4E9F5-F43E-4338-89F1-5590ABF054CE,,,,,,,ODN0004710605,z,right_only
A7939D6D-29AA-49FD-B556-6B9983BA9CAA,,,,,,,ODN0004710613,z,right_only
354D2AF9-B2C9-4D87-8895-4D85632EB5A7,,,,,,,ODN0004710750,z,right_only
AD3D1855-F198-4937-A733-82AC7E8211C3,,,,,,,ODN0004710786,z,right_only
DF41E491-F684-4545-B274-8B5D15C8802F,,,,,,,ODN0004710891,z,right_only
58AAD5A2-551C-4D12-9D03-EF4A679A1A3E,,,,,,,ODN0004710914,z,right_only
874141FE-FD2D-4148-90EC-3A7ED881D4E4,,,,,,,ODN0004710956,z,right_only
820ADB1C-22BB-426E-85A9-57CE036645BB,,,,,,,ODN0004711077,z,right_only
5359E924-12CF-4C42-9F3A-0175C14BCF18,,,,,,,ODN0004711084,z,right_only
13F1CA78-A076-42C8-8B07-C8C7F20455D6,,,,,,,ODN0004711086,z,right_only
E652A2A9-B8CE-440E-B7BE-0453D3D34B34,,,,,,,ODN0004711105,z,right_only
5473ACA8-70BB-460F-B9C0-DE582CC6B9AC,,,,,,,ODN0004711183,z,right_only
6035A702-5FEA-409A-BB68-28DE3B8D9E7D,,,,,,,ODN0004711462,z,right_only
DAD4F2FC-A871-4F5F-B813-84B89B84E022,,,,,,,ODN0004711499,z,right_only
85DCF344-5136-43CC-88F1-E97CDA281F08,,,,,,,ODN0005509866,z,right_only
06E37CFF-1CC5-405C-9F9C-FB0BDF209245,,,,,,,ODN0005510516,z,right_only
022BA7B1-41C2-4734-A7B8-B4BC5012484D,,,,,,,ODN0005511106,z,right_only
7B07BC5B-139A-4904-A116-CBC79BE7F4C6,,,,,,,ODN0005511107,z,right_only
A4C91027-C561-4532-BD37-882CB234E241,,,,,,,ODN0005512213,z,right_only
8CDB63DE-EAB2-43EE-AD9E-599B0C654BC2,,,,,,,ODN0002968059,z,right_only
459C3AE0-6A78-4251-9605-7F15D9B48907,,,,,,,ODN0002137548,z,right_only
2E8C8D06-6D3C-442C-A373-080FED7D524E,,,,,,,ODN0002137551,z,right_only
4710765F-D0A1-40F1-8DA9-C5B2A37704DE,,,,,,,ODN0002137553,z,right_only
56532871-8D91-4CE5-8434-8EAFAF26A786,,,,,,,ODN0002137555,z,right_only
7AC808DB-2CB1-4163-8919-C9E66BDAA836,,,,,,,ODN0002137557,z,right_only
2C9E5709-7267-4232-AF6C-A07657D14659,,,,,,,ODN0002137559,z,right_only
B7BB24DD-3669-4AEC-B971-2576F6D08006,,,,,,,ODN0002137631,z,right_only
ADDCCD0C-CD01-410F-B895-0FA7E244FC2C,,,,,,,ODN0002137641,z,right_only
5790D0E0-74BC-45DC-A33C-9BEE6C99D934,,,,,,,ODN0002137690,z,right_only
2BCEB224-0210-45B7-9C0C-56FF2C823A2E,,,,,,,ODN0002137694,z,right_only
8E74182F-DFA7-4087-8E1C-A541EA9DF1EB,,,,,,,ODN0002137721,z,right_only
658AF34C-E8A8-49CD-9604-80E7022539A4,,,,,,,ODN0002137724,z,right_only
638CE202-23BD-41B5-A1F5-EE8E13EE0010,,,,,,,ODN0002881453,z,right_only
DB3F59DD-E64B-4780-9FF8-141152B91C4A,,,,,,,ODN0002881455,z,right_only
F2F16295-0186-46DD-A0C6-0F31631B3D5D,,,,,,,ODN0002137775,z,right_only
277BCDE7-27B4-42D6-9821-53078FD76A6C,,,,,,,ODN0002137787,z,right_only
A1D6DEC0-31AB-4D80-82C4-A743DAEBC3F9,,,,,,,ODN0002137807,z,right_only
F2638DD3-945E-4BAF-B547-40FA70D9BD59,,,,,,,ODN0002137810,z,right_only
87E59E8D-8FF3-4917-BD50-611854123F0F,,,,,,,ODN0002137839,z,right_only
60967843-1968-4C38-BE03-90371381E23C,,,,,,,ODN0002137840,z,right_only
6090FA46-C2EA-46E7-A0CF-BF337B33BAC2,,,,,,,ODN0002137850,z,right_only
1B19B2E0-DED9-4F0C-A7A5-08074FDD7278,,,,,,,ODN0002137864,z,right_only
8DA99D51-DBE4-43BC-AF11-2E2387BDC4F0,,,,,,,ODN0002137872,z,right_only
43F5FC54-BECF-48C3-AA03-7E42AA28FD7B,,,,,,,ODN0002137883,z,right_only
8FB6813F-7856-4E8F-A45E-F20E18B39245,,,,,,,ODN0002137945,z,right_only
6483EB4E-66BC-4BE2-BBDD-812AC3EE527D,,,,,,,ODN0002137951,z,right_only
BE70EA2E-DC42-4AC8-9740-0D04F34945AE,,,,,,,ODN0002137982,z,right_only
E2E96342-AADF-4C9C-B590-C94D1830CF0E,,,,,,,ODN0002137984,z,right_only
D93325BC-D0BC-44E3-B6DC-EE877471891B,,,,,,,ODN0002138020,z,right_only
31A334A1-4600-4800-8427-D8DA4E77BE30,,,,,,,ODN0002138037,z,right_only
6F8F3668-90C5-4D72-A16B-1733311662C8,,,,,,,ODN0002138058,z,right_only
5CAECD0E-BBD5-4BB6-A3D7-0E90A4FE4C76,,,,,,,ODN0003116874,z,right_only
24695951-1A02-497F-9AC1-7734E198BE37,,,,,,,ODN0002138110,z,right_only
51F468AD-1572-4523-ACA4-1ED5E6DE9946,,,,,,,ODN0002138160,z,right_only
80136D4F-29E4-471D-B6C7-6F99E3DEE830,,,,,,,ODN0002138163,z,right_only
A1700E45-4C38-444C-B72E-C9FA9D5E97CB,,,,,,,ODN0002138167,z,right_only
738D4DAB-057C-4738-9DDE-02CC070F212C,,,,,,,ODN0002138169,z,right_only
39AF3DFB-C68C-463D-82DB-14C8E6BB4A3A,,,,,,,ODN0002138171,z,right_only
839E0FFA-3F4C-4DED-B49E-76373648042F,,,,,,,ODN0003117170,z,right_only
B439EEFF-3343-43F2-8166-352377194BDC,,,,,,,ODN0002138240,z,right_only
5CCA715E-F687-4E9B-B3B6-272B3851FAFB,,,,,,,ODN0002138241,z,right_only
EAA4A65A-9E57-42D8-9590-C5EBA79698AC,,,,,,,ODN0002138242,z,right_only
B95D6CE7-2877-484F-9FD4-0712A3DD6C3D,,,,,,,ODN0002138243,z,right_only
4C8A1FF3-C0BC-4C81-B1A9-48F6C5EE1694,,,,,,,ODN0002138245,z,right_only
EFC8E817-9864-47A2-91AD-851EEC378ABF,,,,,,,ODN0002138246,z,right_only
72C908ED-FA04-4E7A-8834-534B5B9457FA,,,,,,,ODN0002138248,z,right_only
53242648-6772-4665-BF28-5A74D0515652,,,,,,,ODN0002138251,z,right_only
C9648FBA-C381-47FF-87B3-019D935D5FA8,,,,,,,ODN0002138289,z,right_only
35ABC18C-15E7-4D69-8158-627AA240CB61,,,,,,,ODN0002138292,z,right_only
418F5CDE-F5B3-4223-BA22-A91EF25A5B61,,,,,,,ODN0002138294,z,right_only
319ED088-608F-434C-B6F1-6D34C9B3A00F,,,,,,,ODN0002138295,z,right_only
21DCD864-2EFE-424D-AA29-CA6262EA65D8,,,,,,,ODN0002138296,z,right_only
52E15112-32E7-4B94-A935-F42AD34FA1B2,,,,,,,ODN0002138311,z,right_only
36603878-7DDD-4094-929F-CA31A0403C53,,,,,,,ODN0002138314,z,right_only
06E0A728-CC12-490F-BA96-3391D15B06EE,,,,,,,ODN0002138316,z,right_only
9ADD3D40-8FEE-468F-8180-E3DF6069E159,,,,,,,ODN0002138326,z,right_only
5AB3FEE2-4E24-448E-AD6E-A9AC027CFB86,,,,,,,ODN0002138335,z,right_only
8A30DA53-B139-4D11-BE44-F83034FE06FC,,,,,,,ODN0002138351,z,right_only
C06792A3-A7AB-46E8-ABAF-DAFB92D7D8FB,,,,,,,ODN0002138354,z,right_only
67534E8F-5BA0-4BEB-B203-08B026204721,,,,,,,ODN0002138356,z,right_only
A09B5EA3-FFE8-4F71-9464-9AC6C9578514,,,,,,,ODN0002138363,z,right_only
65FC5BAF-A871-448E-952B-C3567D2D754F,,,,,,,ODN0002138364,z,right_only
D072D2D6-D28B-4FBD-A3DE-B2B1A4A4CB17,,,,,,,ODN0002138366,z,right_only
5FC9D81E-74E3-4B5A-BE92-D7F12CF0435E,,,,,,,ODN0002138368,z,right_only
AE5FD759-AD3D-446A-9679-56C07223BFE9,,,,,,,ODN0002138377,z,right_only
82CC9155-F696-44B5-A7AE-B8EEA8E5DD0F,,,,,,,ODN0002138400,z,right_only
28656AEE-778D-47C0-A6AD-F6A1BA996250,,,,,,,ODN0002138402,z,right_only
D1B9B960-FCB1-4745-B196-703BC2B5C8E5,,,,,,,ODN0002138410,z,right_only
A83E8883-EE18-46AD-B420-1E73569479B1,,,,,,,ODN0002138415,z,right_only
CC08E42E-D91B-408E-B027-2F7916418936,,,,,,,ODN0002138423,z,right_only
FAA71583-61FA-4404-A68D-C2C0C20342D7,,,,,,,ODN0002138430,z,right_only
63174CB2-6BBF-4526-AF9D-A044A8A798EA,,,,,,,ODN0002138431,z,right_only
D8E5E821-2E11-47ED-9EDF-17A3E7653E82,,,,,,,ODN0002138432,z,right_only
876945D4-1484-43A3-BEDD-C87A4EC2FE30,,,,,,,ODN0002138437,z,right_only
5824B8A3-7E33-446A-B0B7-A04B38DD531B,,,,,,,ODN0002138438,z,right_only
80E672BA-BDAC-4FB0-83E1-DBDD0EF1C768,,,,,,,ODN0002138439,z,right_only
B82E4E7D-9FBF-450B-9CFA-58274EC5F618,,,,,,,ODN0002138499,z,right_only
FCAB74CE-1031-4853-AAEE-7D88A1BFB56B,,,,,,,ODN0002138501,z,right_only
EDDE0037-1FF5-49DF-A07D-D406A83E23F7,,,,,,,ODN0002138502,z,right_only
E788178F-35A4-4F03-A648-0106BC6C798E,,,,,,,ODN0002138503,z,right_only
A438C8E4-99AC-4E73-946D-D248DE4262DA,,,,,,,ODN0002138504,z,right_only
4A3BBA28-87C0-4852-9F18-706F9C023635,,,,,,,ODN0002138505,z,right_only
974FAC36-1127-4C3B-8720-6D834C0D582D,,,,,,,ODN0002138510,z,right_only
A687A445-2910-4CDA-9522-FFFD5AE5CA55,,,,,,,ODN0002138511,z,right_only
C78BD9F8-0348-4170-B7A8-FCE6949D5EF4,,,,,,,ODN0002138515,z,right_only
5DA43700-F6D4-48B0-8CDE-DB916BCB39E9,,,,,,,ODN0002138531,z,right_only
F074B21C-64FC-4AC6-9E03-6EC3E32844FD,,,,,,,ODN0002138532,z,right_only
FC9D87C4-021C-4837-94BE-55E84F947DB3,,,,,,,ODN0002138548,z,right_only
01AE6E50-893F-41D0-9584-20AEF44FD42B,,,,,,,ODN0002138549,z,right_only
89AAD264-E100-407F-9A19-2EC99CB79E23,,,,,,,ODN0002138550,z,right_only
3EE1F5F1-D66E-49C0-BFCB-5FA9CCC7BBE4,,,,,,,ODN0002138551,z,right_only
5B60575F-693E-4983-B9B9-D180D4870422,,,,,,,ODN0002138588,z,right_only
00DDF790-8AD6-4E24-AB05-3BE1D5629D58,,,,,,,ODN0002138589,z,right_only
FEBD93F7-8ECE-47A7-B9BF-0D901D579067,,,,,,,ODN0002138590,z,right_only
87D8B191-1B32-405C-8CD6-A5290E34D0B4,,,,,,,ODN0002138602,z,right_only
1A97E39D-356E-4536-8774-27322EF3FDF2,,,,,,,ODN0002138603,z,right_only
DBB20ED3-204C-4E61-A0C2-47A0FF118532,,,,,,,ODN0002138604,z,right_only
4A096C4F-0D50-46DE-AE70-BEAFB2FCAC31,,,,,,,ODN0002138605,z,right_only
24225845-C2C0-4FA2-840E-6DD6BFEFC036,,,,,,,ODN0002138606,z,right_only
C0D4B994-B99A-491E-9219-A42643E1C041,,,,,,,ODN0002138607,z,right_only
803D5836-47CB-4035-9B0E-67D17530A3A8,,,,,,,ODN0002138609,z,right_only
D3F005FA-C9FC-4AE1-83A0-916B950FC934,,,,,,,ODN0002138617,z,right_only
4601C2A5-4AF9-4278-A2C9-7D3FE3282EF1,,,,,,,ODN0002138618,z,right_only
EB57C3D4-D333-4BB7-9F42-71A8BACF001E,,,,,,,ODN0002138632,z,right_only
E5210714-DBCC-4D28-AF8C-24087188B35E,,,,,,,ODN0002138633,z,right_only
5C2E894B-7D02-4ADC-8406-739A7E9E12A0,,,,,,,ODN0002138642,z,right_only
710F6BA0-2198-4801-865F-A8C195E2B33E,,,,,,,ODN0002138644,z,right_only
2A111D25-766A-4C8B-A512-F15B080448C3,,,,,,,ODN0002138649,z,right_only
CA00699D-5B8B-4235-A931-A7107C48A3C5,,,,,,,ODN0002138659,z,right_only
B9132E1E-34E4-4475-8FA5-AC509C5467F4,,,,,,,ODN0002138672,z,right_only
F6B3511C-771C-4348-872B-157ED4BFEFF8,,,,,,,ODN0002138678,z,right_only
BEFC2744-A707-4CB7-A01F-E4FD433FDD1C,,,,,,,ODN0002138680,z,right_only
33456B76-BA25-43D1-8554-481D00BEC1CB,,,,,,,ODN0002138681,z,right_only
BC89F06E-1D08-41F7-BB5A-B1F51B070150,,,,,,,ODN0002138682,z,right_only
1BAAA89A-5A0F-4782-89F8-AF3C4E4DB4D1,,,,,,,ODN0005509459,z,right_only
87CD1A8E-3185-4968-8A82-073371AFE5EB,,,,,,,ODN0002566973,z,right_only
EB400D51-D971-4F5D-94EB-D98E535C10B6,,,,,,,ODN0002566718,z,right_only
1FF681F4-37FA-4FDE-9F0D-269875C5DF0E,,,,,,,ODN0003204472,z,right_only
E39A04E7-BB82-4D55-8BEC-42FEC1D600AC,,,,,,,ODN0005512025,z,right_only
17A04505-C7C3-42D1-BE82-03B7BAF0F14A,,,,,,,ODN0002968033,z,right_only
37679B79-D046-4657-9D52-1D61434D9674,,,,,,,ODN0002968034,z,right_only
59B894B5-6397-471A-901D-2D416B12E839,,,,,,,ODN0004709794,z,right_only
EC865744-106B-424D-A42B-F18438A8B995,,,,,,,ODN0004539561,z,right_only
561FE02C-8AC7-4DCA-B8DB-EC3A6B0AF7B6,,,,,,,ODN0003897950,z,right_only
6AF03455-C0B1-4873-9A20-A80498F77036,,,,,,,ODN0003667100,z,right_only
96E79D9B-B22C-4B47-97E8-0CF4F5722C2E,,,,,,,ODN0003117000,z,right_only
CD10100E-09E4-4663-AF63-F7A818CD054B,,,,,,,ODN0003117077,z,right_only
DB7F3F6A-187E-49EA-B06F-E22D89AA5A74,,,,,,,ODN0003117081,z,right_only
15FA15AC-1ADB-45FA-BF6A-B6A58E6D0373,,,,,,,ODN0005510686,z,right_only
CE03C73E-E85B-41E6-A39D-B1CDC7F6E2D9,,,,,,,ODN0005511117,z,right_only
41E2D2D1-AE72-4FF0-80F6-89A233972767,,,,,,,ODN0003079920,z,right_only
291BC457-A23D-468B-AEC2-A60A83DE247F,,,,,,,ODN0003079961,z,right_only
BDC6025E-1EE2-4183-8FB8-988F2E78539A,,,,,,,ODN0003080021,z,right_only
AC87737F-7E8A-4B55-A5CB-4A7B3E0200F5,,,,,,,ODN0003080036,z,right_only
89B29642-DA98-40FA-8CC8-EFB0F0E27DC5,,,,,,,ODN0003080048,z,right_only
41339E3D-0823-41E4-AC85-8127CBCB8227,,,,,,,ODN0003080110,z,right_only
2751A7A6-D9F3-4166-83B3-CBAA9F2CBAE3,,,,,,,ODN0003080144,z,right_only
EF0B7EB7-B100-44FB-8DDA-4169B34F1A1E,,,,,,,ODN0003080199,z,right_only
EBBCFB5D-ED21-42DD-9E98-F749A4A29C3C,,,,,,,ODN0003080246,z,right_only
72092FAA-D1F3-4F07-B2D4-B0F7E20A6D03,,,,,,,ODN0005448230,z,right_only
5E46586A-483E-4977-AFD8-746B08D97AC7,,,,,,,ODN0003116928,z,right_only
6A1F4B04-2782-41D0-9224-6D5294EC7E46,,,,,,,ODN0003116955,z,right_only
009278AE-5595-4E39-B3DF-5F43313EBE32,,,,,,,ODN0003116958,z,right_only
FD0AF0CD-EF51-448E-8E43-6996EF86C69C,,,,,,,ODN0003116974,z,right_only
E98F3D9D-30DF-47D5-9F4C-EAF289D3B75E,,,,,,,ODN0004677505,z,right_only
82661210-C5B7-44F4-B3BA-A8CEF86686DF,,,,,,,ODN0003080039,z,right_only
35E85791-6B4F-4BEC-A995-7795DB10D113,,,,,,,ODN0003667612,z,right_only
4576DF74-B6DF-4367-AA42-623E9CF2B90C,,,,,,,ODN0003667613,z,right_only
EB2FB484-F30E-4F75-9E84-E1F9DBA5F0B1,,,,,,,ODN0003667614,z,right_only
BE884B11-99C7-4F6F-A542-116DDECF2C0A,,,,,,,ODN0003667615,z,right_only
5F5787DF-419A-478E-91FA-D5E9E1EE74C2,,,,,,,ODN0003667616,z,right_only
AF8C9121-E799-4E93-9E6E-9EB99EE1905C,,,,,,,ODN0003667617,z,right_only
6A92E11F-B622-4ED6-A42A-DAD273617179,,,,,,,ODN0003667881,z,right_only
3B7D8348-23B3-483D-80EE-B370C91659A0,,,,,,,ODN0003667882,z,right_only
E3E3BC0E-3BDE-491D-A07B-44C158DB900A,,,,,,,ODN0005510125,z,right_only
04D6D3A1-E844-4925-9B4D-E3E4E65C25E3,,,,,,,ODN0004677358,z,right_only
6046321C-FB62-485A-925D-CB682F070915,,,,,,,ODN0004710283,z,right_only
42EB4B35-F2A4-4E60-AA33-71E25931BC99,,,,,,,ODN0004710282,z,right_only
D634D848-2697-4B37-86CC-D78AD2825689,,,,,,,ODN0004710284,z,right_only
0E1D6213-9465-4291-8FAB-AC1FA6D461A4,,,,,,,ODN0004710285,z,right_only
9EB70CB1-9865-4B1C-A656-6131E3FD0492,,,,,,,ODN0004710286,z,right_only
41C7033C-F274-46A3-AEA1-8C1CFB5F9B05,,,,,,,ODN0004677359,z,right_only
B961B545-69FF-47A8-9F72-33C87E5B2338,,,,,,,ODN0004677360,z,right_only
76A64E2B-5190-4E13-9F79-998C7AFDDC17,,,,,,,ODN0004677361,z,right_only
41B021C8-7A04-4A82-9EEF-0EBA974AEE7F,,,,,,,ODN0004677362,z,right_only
6A5A5B4B-D50A-4272-A9A6-56D5831B7E27,,,,,,,ODN0005511731,z,right_only
BEB1C0BF-5C94-4B79-A807-114FB2715E13,,,,,,,ODN0003116890,z,right_only
FC79DA3D-7921-4581-A22E-4FCAFE97E877,,,,,,,ODN0003116891,z,right_only
9B62F588-CEE8-43E3-9A5A-2630CF0526FF,,,,,,,ODN0003117183,z,right_only
7647E07C-DA07-4741-8D47-91631E84F30C,,,,,,,ODN0003117186,z,right_only
C8812066-6E2F-4D2A-A1A3-C651599276F0,,,,,,,ODN0005512123,z,right_only
EED90C1A-919F-4EBB-B0DB-225EAA302B49,,,,,,,ODN0003116924,z,right_only
2105CF8A-FB71-478E-9EA3-C1588D0141A0,,,,,,,ODN0004173354,z,right_only
84FAF6E2-6CE2-48E5-AE40-53D116AB59BB,,,,,,,ODN0004173356,z,right_only
B50C2E43-0569-45AF-A437-9515E09BE932,,,,,,,ODN0004173359,z,right_only
A8525E7C-B149-4B15-AC4B-925E4256BA66,,,,,,,ODN0004209904,z,right_only
848FFFCC-B1FB-404B-B727-1EF14A8071D1,,,,,,,ODN0004173535,z,right_only
BC277ABF-DE15-4E51-9B4A-39BFAA8DD16B,,,,,,,ODN0004359259,z,right_only
B1175D1C-5FD5-4723-862C-FC92F5021C62,,,,,,,ODN0005163907,z,right_only
D1B2D9DB-21DE-4B5F-AD94-90BE6926CB28,,,,,,,ODN0004710305,z,right_only
6C963124-C2A5-4953-936A-D465FAC3417A,,,,,,,ODN0004710820,z,right_only
42CE2129-81BE-493D-9346-9E9B9541AD84,,,,,,,ODN0005164241,z,right_only
9DD4E8C7-E73F-49A7-B9D6-12AD1B39E606,,,,,,,ODN0004359517,z,right_only
D77A9F7F-6CFA-4E50-8BEA-822DEB1FEDC0,,,,,,,ODN0004711000,z,right_only
41C1896F-8B89-455A-8F26-327938CF2A89,,,,,,,ODN0004359552,z,right_only
B44207A2-D172-4FAD-ABD4-746BBFB2D310,,,,,,,ODN0005164374,z,right_only
BD1C41A3-8AF8-4C88-9B06-252DC9F7467A,,,,,,,ODN0004359568,z,right_only
856D332A-E1AA-43F5-B324-FA5190D5D0B1,,,,,,,ODN0004359611,z,right_only
0F4AF7BE-52CD-4183-AF0F-A94DE5F3DE05,,,,,,,ODN0003897959,z,right_only
E3B6BD60-66C3-453C-9F7F-33840C2508F8,,,,,,,ODN0002187634,z,right_only
87C81492-33DF-4E70-9A4D-C577D6C9AAB2,,,,,,,ODN0003079935,z,right_only
E70720A9-5E8F-4B6C-83E0-C68C2CA584E1,,,,,,,ODN0005365684,z,right_only
FA74F794-672C-4AB7-8FE8-8B859FD673AD,,,,,,,ODN0003896077,z,right_only
556B67FB-22FE-4991-BC96-C34FFA06CE92,,,,,,,ODN0002185973,z,right_only
8E622CAF-29BE-40D7-8462-311839A2E12F,,,,,,,ODN0003116990,z,right_only
DDB9B9E0-24E3-4EFA-B601-A2D3CCD43509,,,,,,,ODN0003117008,z,right_only
EFA5A3C7-0844-4E24-9887-337187824714,,,,,,,ODN0003080030,z,right_only
5A658066-5449-4305-8BA5-C5C9D7D724F7,,,,,,,ODN0003080040,z,right_only
79A648B6-7C25-46B9-901E-62D0C870C74D,,,,,,,ODN0005365637,z,right_only
82918113-CABD-4E43-A732-AE02ABBCA7BE,,,,,,,ODN0002138411,z,right_only
9C80D7C0-347B-4216-94D3-378B0F6A4ACC,,,,,,,ODN0005385131,z,right_only
FFD566D3-C06B-408A-A700-5F3477BF52AA,,,,,,,ODN0003117072,z,right_only
7B44C250-B13D-4058-9EEA-0EFEF0173825,,,,,,,ODN0002938373,z,right_only
270836C8-30BC-48DA-BF2C-A854FCD1C14A,,,,,,,ODN0003079967,z,right_only
45A9DBAD-5B51-4A6B-A246-8A8D6E0E3ED7,,,,,,,ODN0002138645,z,right_only
5F3F2C28-1A7D-40AB-98D3-174E96C41D6A,,,,,,,ODN0003116900,z,right_only
E3DEFD7A-3D2C-4E42-AEBD-819AF860B4D7,,,,,,,ODN0003079944,z,right_only
A7268A16-8345-44DA-BA68-F5492F9BD129,,,,,,,ODN0003079950,z,right_only
1CCA6D43-F6DD-4FEF-BA62-78BF1C76DE82,,,,,,,ODN0003080102,z,right_only
3705CA7A-7B12-416E-A801-B0BDBFE59967,,,,,,,ODN0003080210,z,right_only
F9A7E5D0-8550-42DC-9C3A-FEA5D0430465,,,,,,,ODN0003116851,z,right_only
F839F567-0761-4850-8285-4C94F2B9AD40,,,,,,,ODN0003079469,z,right_only
E39BB957-E8A9-4B0A-B622-15504548AEDD,,,,,,,ODN0003116987,z,right_only
D1E67103-82FF-45F2-A843-3E14943EDAB8,,,,,,,ODN0003117162,z,right_only
9C497BA5-5955-4727-BB3A-E6637C0B0AD5,,,,,,,ODN0003080179,z,right_only
F3E1A46F-9068-4E96-9CBE-1D38EE68D2CC,,,,,,,ODN0003080088,z,right_only
B10CAEC0-7EB7-46BA-8AD7-58E2B524AC0E,,,,,,,ODN0003970064,z,right_only
BE18C547-A788-415F-87AC-8A3AFEFDF81C,,,,,,,ODN0003080139,z,right_only
7FAB39EB-8003-411D-9E3A-AD7F24D37497,,,,,,,ODN0003117059,z,right_only
A1164B1E-F30A-4F85-9965-8C68EE745109,,,,,,,ODN0003079610,z,right_only
8C82E842-B09F-4B22-9176-AAE4014C48A8,,,,,,,ODN0003079963,z,right_only
54F034CF-EA7B-4385-BCB6-C7A68B9FFFE1,,,,,,,ODN0003970442,z,right_only
22333C75-7FB3-44C8-9D70-B1C6711EAD35,,,,,,,ODN0003080092,z,right_only
26AE2B0F-D559-4F9C-A210-F9C042E6567A,,,,,,,ODN0003080136,z,right_only
18BD0F63-CABC-4C34-85BC-7E7EF67E3625,,,,,,,ODN0003080140,z,right_only
C4D6EAE0-4D14-4122-9500-CD6938B8EC7E,,,,,,,ODN0003080178,z,right_only
939CDF63-EA3E-46B9-B1FC-254BDE62AFA9,,,,,,,ODN0003080241,z,right_only
785D14C6-5F64-4D00-83DE-CC994CF69E1C,,,,,,,ODN0004007313,z,right_only
1DF5CCF5-8924-414C-A8FB-D582AEBCEA72,,,,,,,ODN0001943069,z,right_only
B5FC0AEE-F05A-4278-9581-940C7DE2D72B,,,,,,,ODN0001943073,z,right_only
B25AC214-A38A-4B36-B953-03E049B0EFD5,,,,,,,ODN0001943074,z,right_only
A8B7CD3C-6DF1-4007-98FD-8865FF3F9A26,,,,,,,ODN0001943076,z,right_only
C3230881-BAB5-4F42-8406-E4F5460C99C7,,,,,,,ODN0001943077,z,right_only
875A97F7-97AC-49F9-B3D0-30344F0F67DB,,,,,,,ODN0001943096,z,right_only
7B0E7D45-D277-44ED-BA87-38659E2B27F2,,,,,,,ODN0001943098,z,right_only
EF979B12-1F9F-42DD-B2AA-4AD136886663,,,,,,,ODN0001943101,z,right_only
3F12936D-6A7D-425E-BCF4-69674C1F1752,,,,,,,ODN0001943108,z,right_only
9A0616EE-9E4D-49F8-B7F1-E8B76973F833,,,,,,,ODN0001943113,z,right_only
64AE6386-0AE8-4200-8228-D636B50D6CDE,,,,,,,ODN0003116880,z,right_only
12C6B903-9F88-4C8B-9283-29E49AF0A5B1,,,,,,,ODN0005026960,z,right_only
9A1ECE33-78E6-469F-940B-47709DEEADEE,,,,,,,ODN0001943119,z,right_only
CBC88D4B-1E92-4C1D-BBCE-248505A4B9E3,,,,,,,ODN0001943120,z,right_only
369648A7-03E4-479A-A66A-3FE8D34CC6AB,,,,,,,ODN0003116986,z,right_only
3F29F424-5D53-4E93-838B-26F92EFB6A29,,,,,,,ODN0005027081,z,right_only
22DAD338-19BA-40D8-98A7-F39D24210D3A,,,,,,,ODN0001943143,z,right_only
702F2190-F90F-4E1A-BEDF-A18F073ADFDA,,,,,,,ODN0001943145,z,right_only
F35F52CF-63DC-41E4-BECF-6ECBBA4D66FD,,,,,,,ODN0001943191,z,right_only
FBEB3353-EBF3-497E-BE5E-76BEB4755E3E,,,,,,,ODN0001943212,z,right_only
8202E8D7-3E79-467C-A681-D827E44FF163,,,,,,,ODN0001943213,z,right_only
625EFF76-F1B6-43C4-974C-264F6734D34D,,,,,,,ODN0001943222,z,right_only
20ED8A66-E76B-4595-9403-2E8A913431D8,,,,,,,ODN0001943223,z,right_only
B895554F-04D5-46B6-87BF-EB109A89844F,,,,,,,ODN0001943226,z,right_only
335F7FCA-6B59-423D-9143-9B0A334C9569,,,,,,,ODN0001943231,z,right_only
697B2551-D295-474C-BB0A-397638D8A2DB,,,,,,,ODN0001943235,z,right_only
3F688C92-7B8A-4734-9195-4BF6D7ECDD05,,,,,,,ODN0001943236,z,right_only
30B2CEBD-878F-4F7D-ABC5-ACE6CDE0CF1E,,,,,,,ODN0001943243,z,right_only
D8DCB4D4-1B02-4F3D-9FBE-D2B4FFE0DD88,,,,,,,ODN0001943244,z,right_only
062F7DF1-9DA8-419C-AB79-D9CB66602DB6,,,,,,,ODN0003080017,z,right_only
5D8495D0-74DA-4DD6-829F-90BBACAB3DD8,,,,,,,ODN0001943257,z,right_only
A2489C0B-CBF3-44CA-9B80-1DC22CE12055,,,,,,,ODN0001943264,z,right_only
AFF35CA8-1C4B-4489-A28C-417B32FBD52B,,,,,,,ODN0001943268,z,right_only
C145A2ED-140A-4B85-A0EE-EBA5CBAA3F39,,,,,,,ODN0001943269,z,right_only
0DFB4CD8-B9B4-4B73-A0D4-723F86F393C2,,,,,,,ODN0001943271,z,right_only
0466E172-953E-4D1C-98A1-B953C48755C2,,,,,,,ODN0003080084,z,right_only
54360C41-2262-410A-9013-16F24B16362F,,,,,,,ODN0001943277,z,right_only
E7825587-3749-4295-808C-7F51E43416FA,,,,,,,ODN0001943280,z,right_only
6FA060B4-4D07-480B-91E0-5B9CF37C1356,,,,,,,ODN0001943281,z,right_only
5F902149-405C-403F-B79F-7CD3FE6F1C8C,,,,,,,ODN0003080093,z,right_only
0A03EA75-4884-4763-884F-76D00FDCED54,,,,,,,ODN0003080100,z,right_only
5E933804-EB57-4A6A-8B60-D9E644C94693,,,,,,,ODN0003080105,z,right_only
95F1695A-330D-4BD4-9A3B-44A481AD75CC,,,,,,,ODN0003080143,z,right_only
E5571F1B-9053-43B3-83EB-97DD2992A7CC,,,,,,,ODN0003080145,z,right_only
FBA8C48F-3F75-420B-8732-CC1FE231C774,,,,,,,ODN0001943303,z,right_only
4FBBD466-6D11-441E-BD8A-0D5EED1269B3,,,,,,,ODN0001943309,z,right_only
6F238F25-3DE9-4580-B6B3-0A11C0E72672,,,,,,,ODN0001943317,z,right_only
E96FDB05-46C5-4DC4-90C2-9B9EB8FCCF6E,,,,,,,ODN0003080235,z,right_only
31A372E7-18E4-4EA9-82B8-AE5C1B1AD12F,,,,,,,ODN0003080236,z,right_only
2E2DD0C2-B9A5-492F-A8C0-1E0176CF44D2,,,,,,,ODN0005028393,z,right_only
32CE8FA0-E6D1-4E92-A3EA-E04001740631,,,,,,,ODN0001943329,z,right_only
8BE3AC26-62E3-4991-8CAF-960EA211DE58,,,,,,,ODN0003080211,z,right_only
D2A2E587-96E3-4007-885B-32C64E3B5C73,,,,,,,ODN0005385199,z,right_only
C279D7D7-D799-4670-B972-420665F21D1D,,,,,,,ODN0005385205,z,right_only
E7B41FE8-8280-4A8C-A234-ECCF6692A136,,,,,,,ODN0005385219,z,right_only
AC47BCC5-A253-4A49-A256-A9C7DF0DE456,,,,,,,ODN0005385238,z,right_only
EAF002FC-C0CB-4B15-9BB4-5DD2A37C6808,,,,,,,ODN0005385287,z,right_only
4235357E-C617-42D7-A15E-7F86CF2ACF18,,,,,,,ODN0005385291,z,right_only
B6D7AD96-2FB5-4F24-BE26-96497D905D42,,,,,,,ODN0005385306,z,right_only
620E5825-5C31-4B7D-89CA-DC450A2002C8,,,,,,,ODN0005385346,z,right_only
4787FB8A-1510-4187-88AC-7F5A4E349B15,,,,,,,ODN0005385388,z,right_only
1356ADDB-6271-4A22-95DF-307D0ED32DEB,,,,,,,ODN0005385422,z,right_only
953ECFA9-C832-43F0-B8D9-731BEAAB27CF,,,,,,,ODN0005385486,z,right_only
D2B0245A-D235-434E-8E39-6BC187CA9F93,,,,,,,ODN0005385493,z,right_only
0C3B7B93-065E-440E-92F0-90B8225C39F2,,,,,,,ODN0005385500,z,right_only
603F2BA8-B280-49FB-8420-8ED4A5CB7201,,,,,,,ODN0005385534,z,right_only
7029163E-8F87-4434-8E6E-A737D8C7A076,,,,,,,ODN0005385555,z,right_only
EF6ECECF-CCC7-467D-A0CE-94347BEB8F09,,,,,,,ODN0005385557,z,right_only
DE4F6969-EF8F-47AF-8429-2D541EA90FBA,,,,,,,ODN0005385579,z,right_only
34926CA9-CE2A-4275-B356-A2D0AC515A9A,,,,,,,ODN0005385608,z,right_only
AA257703-C40A-446D-A725-16A6AB0C10C5,,,,,,,ODN0005385612,z,right_only
749D8D45-FD38-4A44-B26F-DFBE8A8B1ACD,,,,,,,ODN0005385638,z,right_only
AB3DEA4B-24C3-4E88-AB31-9167F5DD075B,,,,,,,ODN0005385647,z,right_only
35C6E01F-6A8B-4DAC-9F7A-E114FDFFB480,,,,,,,ODN0005385656,z,right_only
016487F5-3154-4C4A-AECB-E6F3CC9A7538,,,,,,,ODN0005385661,z,right_only
97889273-AB6F-4CB6-98F9-37E785992866,,,,,,,ODN0005508840,z,right_only
7C1E604E-79E4-48D9-BD8A-44FD9DFA463E,,,,,,,ODN0005508848,z,right_only
40AF9EDC-4E90-481A-95D1-EF2F602F70F6,,,,,,,ODN0005508865,z,right_only
8610BBDE-0201-45B0-9595-D651F472B419,,,,,,,ODN0005508892,z,right_only
AD4D2BFB-42C6-4025-9E68-31FC38389B77,,,,,,,ODN0005508903,z,right_only
66990EAA-6019-4F7E-80B0-A22AE192F668,,,,,,,ODN0005508930,z,right_only
1651DF49-17EB-4D1F-84E8-1BEB3BE1CC47,,,,,,,ODN0005511026,z,right_only
31AF690A-5F8C-499C-AB67-1CB6FD64C789,,,,,,,ODN0005511213,z,right_only
21B314CD-E011-408F-9D49-BEAE42F1245D,,,,,,,ODN0005511288,z,right_only
3359A000-4DFF-4F4B-AB94-73B055D4F1D2,,,,,,,ODN0005511697,z,right_only
602E638B-4908-4A2B-85E5-1858DFC930C7,,,,,,,ODN0005511765,z,right_only
D52EF7F0-75EF-4024-9CDC-530DA026BF7F,,,,,,,ODN0005511934,z,right_only
69846E6F-EFC9-4C61-8381-3577EA7767B1,,,,,,,ODN0005511958,z,right_only
E85655D0-7605-4E68-8DAE-96E7DD9701CD,,,,,,,ODN0005512070,z,right_only
583A45BB-C3A1-4C8E-AFB8-1D7D8FC52803,,,,,,,ODN0005512091,z,right_only
03E3F8B0-A535-40FD-90F8-0363AA17C2EB,,,,,,,ODN0005512109,z,right_only
ECE285D1-9749-4317-881C-EB02884BA426,,,,,,,ODN0005512152,z,right_only
71FB2E84-F3FD-4B87-AC19-F73B2A753ACD,,,,,,,ODN0005512220,z,right_only
772F8AB8-518D-4E1A-B18A-F08EEA937CED,,,,,,,ODN0005512260,z,right_only
F506C050-79EF-48B2-85DB-E0C858ADBA4E,,,,,,,ODN0005512304,z,right_only
AE0A118D-2B72-43B0-8B80-44056039D268,,,,,,,ODN0003969771,z,right_only
11317529-92E6-403C-92A2-7993609E990D,,,,,,,ODN0004709857,z,right_only
270C4AFA-92D5-40FB-8C9B-3622EFC8B283,,,,,,,ODN0002137801,z,right_only
40CF7EAD-CED4-41AB-9B98-4D584ABC3B92,,,,,,,ODN0005447590,z,right_only
0CAA62D6-FE69-4A69-94FE-D085731BB36E,,,,,,,ODN0005447796,z,right_only
9192DD78-5E1A-4AB8-ADCB-D0F3DE2D5C76,,,,,,,ODN0005447869,z,right_only
CD8C59FE-B311-4292-A521-B7CB2EC867FE,,,,,,,ODN0005027611,z,right_only
B77ECED6-905C-491D-AAE3-0913A0ABF7B7,,,,,,,ODN0003080087,z,right_only
DA0481FC-2889-4FC1-91D4-EA683189688C,,,,,,,ODN0005028255,z,right_only
BD2E4A03-ECE4-4107-B5D3-BEAC23B4E946,,,,,,,ODN0003080180,z,right_only
D46E633D-0755-4232-962B-6BFB5BA6E9C4,,,,,,,ODN0005028284,z,right_only
2270FE84-AA04-4F55-AEBA-708CA13484D5,,,,,,,ODN0005448499,z,right_only
DC423F6F-51EE-4B0C-A68F-820D2F4864ED,,,,,,,ODN0003080234,z,right_only
BE3AECBE-8BBD-4DC2-84F1-84B14FB08D86,,,,,,,ODN0005028405,z,right_only
41EFF815-279A-4F8D-A481-9DEF3170EE39,,,,,,,ODN0005028406,z,right_only
83199172-5FFD-47BF-AB50-660805D9665D,,,,,,,ODN0004007217,z,right_only
01409686-EE4E-4D19-845B-FBF80E4C2AE0,,,,,,,ODN0004007218,z,right_only
7BB809D8-F7C4-4B83-8A31-BC433D83E0FD,,,,,,,ODN0004007219,z,right_only
CBDD4D73-2EAF-4A00-8E5B-F64529A07C17,,,,,,,ODN0004007221,z,right_only
FD7F2F2F-4EDF-4AEE-BC61-AF77DEF1EC11,,,,,,,ODN0004007222,z,right_only
249F7B7D-BDA0-4E98-BB88-16F04CBCFB91,,,,,,,ODN0004007223,z,right_only
295225EE-66B1-4AF0-A93E-1144C284C420,,,,,,,ODN0003117010,z,right_only
0D22BE64-B856-43AE-9189-5B466E130180,,,,,,,ODN0003079341,z,right_only
BCA54E9C-C0BF-4547-9FB1-EC26015D27AD,,,,,,,ODN0003116971,z,right_only
1F05489B-2044-41AF-AE69-BE0B1AA03F10,,,,,,,ODN0005040907,z,right_only
CC9E7CC4-E13E-42F2-A457-1D1B5CAD7DB8,,,,,,,ODN0003117017,z,right_only
43473FE1-0681-4E51-9513-1412AC00FCCF,,,,,,,ODN0003079928,z,right_only
F6E5B65E-7280-4970-98E7-28BEC8F15164,,,,,,,ODN0003080032,z,right_only
54F8CE07-058B-46E6-9EBA-EF4AD8623244,,,,,,,ODN0003080033,z,right_only
E4D4761E-09EC-4EA3-9114-9F5FE5E632B2,,,,,,,ODN0003080213,z,right_only
0F685B79-1970-476A-965C-CD7D1F3C0C6B,,,,,,,ODN0003080214,z,right_only
8DC2F125-D6BA-4042-928C-0576EA0A4FDB,,,,,,,ODN0002582321,z,right_only
41024C19-21D3-44E6-9A87-2375B4778884,,,,,,,ODN0003080204,z,right_only
17AF1401-A500-4BC2-B99B-76374F056779,,,,,,,ODN0002014856,z,right_only
92C1EEA0-0584-4FB6-B94B-1BC5946C4890,,,,,,,ODN0002014865,z,right_only
2B4DCD31-FE97-4D74-A381-C83D74710092,,,,,,,ODN0002080710,z,right_only
968C92B1-0505-41A0-B28D-48F76312AF24,,,,,,,ODN0002081019,z,right_only
1C43BF22-C584-4AAF-AD8B-AB0D1B195171,,,,,,,ODN0002081034,z,right_only
0B75738C-BCBB-4A10-9DFB-FFC146D31168,,,,,,,ODN0003363685,z,right_only
D592495B-2090-46D5-88C8-901462279B5B,,,,,,,ODN0002081267,z,right_only
6F97DF70-00FD-480C-A8F7-216FF5E9D87A,,,,,,,ODN0002081350,z,right_only
AA449D4A-F822-46FE-871C-DFA057CADFEE,,,,,,,ODN0002081646,z,right_only
61DD66EE-8A25-4157-A9C9-FDC87D8F2367,,,,,,,ODN0002081678,z,right_only
916E8580-E33C-4BF9-BB78-4E95097D0E46,,,,,,,ODN0002081686,z,right_only
151E61C7-647B-4C87-AC21-52755E06D356,,,,,,,ODN0002081708,z,right_only
EF1B0888-BBEF-4EAB-BA82-F05C5CE37C47,,,,,,,ODN0002081717,z,right_only
B79553DC-7DED-4866-841D-3FE22EA9BA71,,,,,,,ODN0002081722,z,right_only
A3D01198-8562-47E6-8E5F-118F90006B06,,,,,,,ODN0002081755,z,right_only
B005C6BD-4FA6-4221-9A36-D8FEF10A75F4,,,,,,,ODN0002081782,z,right_only
700D4724-2421-41C3-8147-F3B8B4F205D2,,,,,,,ODN0002081783,z,right_only
FE18F537-958B-4CB7-8B32-2EB741E1C7C0,,,,,,,ODN0002081790,z,right_only
527D4A10-2B3F-458A-A85A-1138D30F3637,,,,,,,ODN0002081791,z,right_only
255FAC90-0310-412C-955D-25D9EC65DB69,,,,,,,ODN0002081794,z,right_only
1D576CCF-767C-45EB-9122-E53A31ED9F7D,,,,,,,ODN0002081865,z,right_only
391EFB79-D047-4B49-B878-CA41CBA3AF67,,,,,,,ODN0002081876,z,right_only
02994882-0100-440F-98BD-F36AB7ED0988,,,,,,,ODN0002081926,z,right_only
995D4F4F-8855-4C4F-AA26-CDFCDEC750A4,,,,,,,ODN0004709935,z,right_only
6115CF75-A5D2-4804-9175-F01EDF86874A,,,,,,,ODN0003116977,z,right_only
2613FD4F-8FDD-4DF3-B139-E5BA3F37AC1A,,,,,,,ODN0004710263,z,right_only
44DF3438-D822-46A6-99FF-47E93A684079,,,,,,,ODN0003117164,z,right_only
D6C9AA83-4065-4A65-AAAA-7FC5A50D4E91,,,,,,,ODN0004710532,z,right_only
65F89638-4CE6-42BF-9C84-5B4326BAB6E7,,,,,,,ODN0004710936,z,right_only
D6516987-8EFF-4BD9-BA4B-8DF242150C87,,,,,,,ODN0003080061,z,right_only
F4B479A3-406E-46CF-BFE8-EE5414EEB2B1,,,,,,,ODN0003080206,z,right_only
516C6536-4469-48B1-8160-728166307FCA,,,,,,,ODN0003116854,z,right_only
5155EE59-80AC-40B8-BA82-B1DB93B8FF91,,,,,,,ODN0003116855,z,right_only
3D0B4ADD-F23F-4ACE-8357-E60523A59466,,,,,,,ODN0003116947,z,right_only
79CC9AAD-DCA2-4DC6-92DB-6DD9415B147D,,,,,,,ODN0003080127,z,right_only
D2FAF8AD-3C5D-4DC0-8788-5CA8E8268AAE,,,,,,,ODN0004007756,z,right_only
597C173E-47DA-473B-ABA1-0F6B013E5F2C,,,,,,,ODN0003080056,z,right_only
835FE7C0-C7C8-4758-B55E-3955AAEF01A4,,,,,,,ODN0003079953,z,right_only
3E1B8E8A-ED8D-4EF2-96F0-7456257D8894,,,,,,,ODN0003079957,z,right_only
550B9A5C-DB3C-4604-8DD9-38623A7B9233,,,,,,,ODN0003080078,z,right_only
A0226319-6748-4A10-A054-4B7D9CDD8C76,,,,,,,ODN0004710497,z,right_only
7132FFD8-06DB-493F-85C2-B01DA4CE2C40,,,,,,,ODN0003759647,z,right_only
DFA80038-9421-48B2-A429-9C0A7738BD78,,,,,,,ODN0005385642,z,right_only
C0A78484-8E22-477B-9DB1-EFDF6B966452,,,,,,,ODN0003080182,z,right_only
A4970D94-D5FF-4F97-B82F-1EADB446E11B,,,,,,,ODN0003080187,z,right_only
A524D8E1-F933-4FF2-9F8E-779171D6DA20,,,,,,,ODN0003700442,z,right_only
705D7B85-B6A2-43B1-8306-903E92B7B9C9,,,,,,,ODN0003897230,z,right_only
E72F9F3D-54E2-45EF-8678-B33285213B35,,,,,,,ODN0003080192,z,right_only
FAAB4052-F580-4AF8-AB61-54D00220EA6D,,,,,,,ODN0005164445,z,right_only
217435AC-E233-4BD9-AF87-2D670B11F1FD,,,,,,,ODN0003116885,z,right_only
A730420F-E49E-4C6A-A43A-4F0A71F0D871,,,,,,,ODN0003080154,z,right_only
D56B6B36-0176-470A-AE28-90067B3D96E0,,,,,,,ODN0003116909,z,right_only
82F7B99C-DA1E-49E7-A784-C1CDC52C9FAC,,,,,,,ODN0004174218,z,right_only
36061083-B609-4008-939E-4F0E937C2763,,,,,,,ODN0003079934,z,right_only
264EF20A-E509-40AE-BC27-5FDED1E72CEE,,,,,,,ODN0003758225,z,right_only
F2BE0D02-8D3B-49A4-8E81-64F52E369654,,,,,,,ODN0003080034,z,right_only
C349AFBB-5A9E-44BE-A8CD-9CCA8225EF7E,,,,,,,ODN0003079949,z,right_only
ECF577AB-8531-484E-B1A9-98553F7EC57F,,,,,,,ODN0003080082,z,right_only
4A85F607-9020-42AC-977D-CF48DF720F9B,,,,,,,ODN0003080138,z,right_only
73DCBB65-8A1A-4D15-8103-DF1A10FC29C6,,,,,,,ODN0003080147,z,right_only
79C57834-4C62-4690-8698-17B1D481A2AD,,,,,,,ODN0003080222,z,right_only
FB32698F-3C53-41CB-B887-6F500DBE16FB,,,,,,,ODN0003842375,z,right_only
32ECD99B-CE38-420A-B4FB-F99CA755CC31,,,,,,,ODN0001943075,z,right_only
80B03935-8759-4A9C-8148-5C3F7C8C3137,,,,,,,ODN0003117009,z,right_only
95DD5B0A-18C7-4488-80D4-4E837F67DA36,,,,,,,ODN0003079960,z,right_only
437EA3F5-1C4A-4B7E-958D-412CFCB8B755,,,,,,,ODN0003080054,z,right_only
27E8D397-2DF4-4F1E-8A55-EDC6E8DF5E78,,,,,,,ODN0003080103,z,right_only
A16C6554-DDEE-4FBF-B446-8E5CD2A69EDB,,,,,,,ODN0003080205,z,right_only
D49A43E0-8381-411F-86E5-F8FB5CB3BF01,,,,,,,ODN0003080220,z,right_only
C67847FB-06D1-40DD-A92C-E9D52BF024EB,,,,,,,ODN0003080224,z,right_only
5C0FAF53-F1A6-485A-8CDD-B5EEA2269A92,,,,,,,ODN0003080225,z,right_only
14C2DC70-6BD1-4048-8CF6-957BE8B2CB39,,,,,,,ODN0003080226,z,right_only
129B8A99-3F3F-4E0A-913A-D13BE5F1565F,,,,,,,ODN0003080227,z,right_only
85BF814B-D903-4AB8-9A5D-61E7E3FDD123,,,,,,,ODN0003080228,z,right_only
4D8847F6-B370-44FD-8550-D0C0E6327FA2,,,,,,,ODN0003080229,z,right_only
F7D27D06-7FD9-42FA-987D-7036B4AC3110,,,,,,,ODN0003116968,z,right_only
B4AEF276-7DAB-4232-BD6F-032FCC0D575F,,,,,,,ODN0002582034,z,right_only
CB577E6E-F0BC-4B6A-BDE4-36DD8C8CADA5,,,,,,,ODN0003080028,z,right_only
6F69772A-1191-4674-9B09-8D3C05028B92,,,,,,,ODN0002938308,z,right_only
025A74F9-6F25-493E-BCC7-F75A5EE020A8,,,,,,,ODN0002137973,z,right_only
8EF2FE02-2F59-4092-98BA-D6C7A13F1520,,,,,,,ODN0003116920,z,right_only
AB25A9EA-8B8B-4238-8ABD-7057B973C795,,,,,,,ODN0005510563,z,right_only
3F2C46FA-8395-4F0A-9671-6E05F717019D,,,,,,,ODN0005512100,z,right_only
92147433-119B-4534-99E3-E5EB7A9CC6AB,,,,,,,ODN0003117002,z,right_only
6C0BA7B6-CB15-4A88-AD53-623943F237C0,,,,,,,ODN0003080022,z,right_only
EE0CCB8B-A923-410B-A21D-9F8D0508731E,,,,,,,ODN0003080044,z,right_only
CB1A3A25-AF69-439E-B084-246E91AC2685,,,,,,,ODN0003080045,z,right_only
DC385A33-F68A-4F02-9528-52E635C21028,,,,,,,ODN0003080104,z,right_only
AAFDA766-D754-4954-93C1-3BE3A406B470,,,,,,,ODN0004710145,z,right_only
A692C874-994C-4822-9A2D-19F716C6DB05,,,,,,,ODN0003460465,z,right_only
B67BB9B1-2983-41B9-B15C-2A19C11C5D86,,,,,,,ODN0003225793,z,right_only
4C4A378E-CC48-437E-969F-287AD31533B3,,,,,,,ODN0002137583,z,right_only
D4669CD0-4F36-4E17-981A-764EB0D5C497,,,,,,,ODN0002137585,z,right_only
2E06BC6A-264E-4185-BABD-247325214B91,,,,,,,ODN0002137587,z,right_only
4BC6FDCC-FDA1-4FB7-BA70-BAE25FEE5E82,,,,,,,ODN0002137589,z,right_only
1F5554F9-F317-49C7-9FD9-E258E2A42B28,,,,,,,ODN0002397515,z,right_only
B5BCB2E0-9BE4-498F-8B3B-5659F756780D,,,,,,,ODN0002137637,z,right_only
F7D63016-FAD1-4530-8BE1-00C10475CAA9,,,,,,,ODN0002137639,z,right_only
531B2C62-5676-4D8B-8A73-B80CD5A0A9E4,,,,,,,ODN0001943068,z,right_only
15001383-A851-4F3B-AFB9-34119EAC352E,,,,,,,ODN0002137977,z,right_only
7E1EB8D7-277D-4035-B8AE-607CAB3CF082,,,,,,,ODN0002138031,z,right_only
13E84BB6-2056-4FEC-8420-C6F7F5817C0F,,,,,,,ODN0005509524,z,right_only
AD127AE7-113F-43D2-8117-C69D91031030,,,,,,,ODN0001943115,z,right_only
147E892A-E557-4482-8C66-42A450C03656,,,,,,,ODN0003116940,z,right_only
E81DBAB9-06A0-4393-A149-4312091EDD40,,,,,,,ODN0003117058,z,right_only
2B5E9B36-2050-429A-8BC0-DDE7F81FA8B3,,,,,,,ODN0003117070,z,right_only
9CF7C33E-DE2D-44B2-91D6-2AD5959DA0C1,,,,,,,ODN0001943141,z,right_only
B8DDFBD4-35CC-4DBF-B089-DE4F4DDC7EE7,,,,,,,ODN0001943160,z,right_only
AE4B54BE-4129-41D5-B250-D62EEEC45248,,,,,,,ODN0005027279,z,right_only
894CB9AC-8D85-499E-BDCA-8A4B2EF32CA4,,,,,,,ODN0005511058,z,right_only
2D7A0292-5F0E-43AB-A6C2-281B2C8F9799,,,,,,,ODN0005511061,z,right_only
F8AD52CA-7AE6-4FFD-91A7-E0193B39CDBC,,,,,,,ODN0005511063,z,right_only
310E2C46-9297-45D2-8248-FFD63C074281,,,,,,,ODN0005511065,z,right_only
F8537B74-C1A8-4F17-8F3C-787988672092,,,,,,,ODN0001943218,z,right_only
45D65784-8D71-4662-A87A-D2E05F042024,,,,,,,ODN0003079893,z,right_only
8C659271-0B26-40F0-A087-A150EB380A16,,,,,,,ODN0001943240,z,right_only
1828C391-6BC7-46D1-BE2E-0132B7E8FF4E,,,,,,,ODN0005511404,z,right_only
A577AFE4-5D21-4391-BAD4-FD411869FBB7,,,,,,,ODN0003079921,z,right_only
D762ED86-6AA3-4B4E-9FD8-D482B26DD9CB,,,,,,,ODN0001943248,z,right_only
302A3A41-4F2F-4C3A-B462-A139862E25A8,,,,,,,ODN0002138514,z,right_only
9286F30C-0DD6-4EAF-9FCD-65404BF36B56,,,,,,,ODN0004677715,z,right_only
AC5C15C3-198C-490D-9CA0-6271BCBA38EC,,,,,,,ODN0001943259,z,right_only
6A2A182D-D725-4E27-9BD4-2B34CF25E8CF,,,,,,,ODN0001943260,z,right_only
BF913167-2120-42E7-894B-4B741670B304,,,,,,,ODN0005511654,z,right_only
1B9D93C1-EB49-4A48-BB0C-72973ECB5BA2,,,,,,,ODN0002138535,z,right_only
C9DCC411-4974-4AF6-9AD2-4E416039B3FA,,,,,,,ODN0002138536,z,right_only
9633577B-4028-4CE6-ABC0-5987C8135CDF,,,,,,,ODN0003326987,z,right_only
BFC6D58D-8857-43D6-B114-A59A289B9322,,,,,,,ODN0002138540,z,right_only
7093211D-7438-4713-BC8E-68CE9607FAF3,,,,,,,ODN0002138559,z,right_only
38F80772-C764-405D-B6B9-AC2ABF04FE56,,,,,,,ODN0002138565,z,right_only
1CD6AF74-92C0-499F-91DE-494BAD470A40,,,,,,,ODN0002138566,z,right_only
712494B2-AAD7-4293-B218-E0F565F37CAC,,,,,,,ODN0002138579,z,right_only
751798BD-C389-4D8C-B145-7D12F3D56A09,,,,,,,ODN0002138580,z,right_only
B0835390-5477-4F87-BEF1-42F7308C3096,,,,,,,ODN0002138582,z,right_only
35FF53A9-F536-4F75-A9E1-D7E27C34C22D,,,,,,,ODN0002138584,z,right_only
CD4C2B6F-31EC-4A35-AD31-1B588CC8F803,,,,,,,ODN0002138585,z,right_only
C64CD4B9-9A81-4D01-BB58-36917AADB159,,,,,,,ODN0001943292,z,right_only
55909830-7101-4120-893B-4B19378525F8,,,,,,,ODN0005512024,z,right_only
114BE39A-233E-400B-B038-8CC8DCB8A247,,,,,,,ODN0003080134,z,right_only
463C6AA5-78BD-4A49-8110-21BB74AE2C42,,,,,,,ODN0005512036,z,right_only
7FD65571-3EC4-4FC8-810B-B19A4D35317D,,,,,,,ODN0002138615,z,right_only
65E28C9A-9C7D-4082-B5E1-EFEB9FD72FA9,,,,,,,ODN0005512064,z,right_only
182BABF5-0F94-4215-B9B6-8EAF10BCDAFB,,,,,,,ODN0002138621,z,right_only
16A0822B-6CD7-4E32-9723-1D884A91B5D5,,,,,,,ODN0002138624,z,right_only
64BAF8EE-086E-4C3F-8C00-F3889A2BD582,,,,,,,ODN0002138634,z,right_only
E3785CD8-2E0F-4F50-8F39-0408D9569A5B,,,,,,,ODN0002138635,z,right_only
816B8959-FF33-4486-BCB8-9704EF4FB0C6,,,,,,,ODN0001943298,z,right_only
10AD2101-208C-4D80-8A62-6FEA64862BB8,,,,,,,ODN0001943299,z,right_only
6F5BA30E-B8BA-44BD-897B-02117800A071,,,,,,,ODN0002138640,z,right_only
3A19DF03-26A9-4914-8293-D913CC09206C,,,,,,,ODN0003080172,z,right_only
4377FE79-A5DC-47BB-8E9B-2F8E77776AF0,,,,,,,ODN0003080174,z,right_only
3AA74218-B8B0-4C2B-A0FD-171AD6A69FDE,,,,,,,ODN0001943300,z,right_only
9278D5A6-A45A-474F-A13F-95490F4D4AF5,,,,,,,ODN0005512174,z,right_only
EF52B89A-1279-4E1C-9ABB-07B986A212F0,,,,,,,ODN0002138653,z,right_only
B8036943-F981-41C5-B917-5E161C31659E,,,,,,,ODN0005512234,z,right_only
2FFFABAF-EA58-45FE-A4ED-E175E882496C,,,,,,,ODN0001943312,z,right_only
CED7A7F8-3604-417D-8603-7825894AF667,,,,,,,ODN0004601536,z,right_only
8B3CC3B7-7F5F-45CC-88F4-2025FD6418FB,,,,,,,ODN0005509283,z,right_only
290660B4-D60B-4B38-9923-EC0BA11E5EAC,,,,,,,ODN0004601642,z,right_only
10C9A6C4-916E-4775-BDBE-B96CC2DF6F94,,,,,,,ODN0005509391,z,right_only
3067AF0D-70A0-4F7C-9D00-1A2928D71F5B,,,,,,,ODN0004210047,z,right_only
BDFA6DC0-D09E-4D2D-AA32-E50CDDCF904A,,,,,,,ODN0004601879,z,right_only
CEFAE647-1B5F-4E91-84A3-27B339BB65FC,,,,,,,ODN0005364797,z,right_only
F6444DA6-0629-436C-BD51-999BA1DD3267,,,,,,,ODN0004210108,z,right_only
BBEA2327-AC1A-4C47-8A7B-7D4761FC0C78,,,,,,,ODN0002138465,z,right_only
17F67EAF-1BCA-460C-94C6-24C9C23EFB89,,,,,,,ODN0004210144,z,right_only
7B835A06-AC1F-48AA-BDBB-890A8569EAAF,,,,,,,ODN0002138519,z,right_only
9C794405-FF3E-4468-AE62-BF4F8F3B23FA,,,,,,,ODN0004602214,z,right_only
686EE1A1-80E4-4213-AD63-505F4CA20C5C,,,,,,,ODN0004602292,z,right_only
D5C92275-95A5-41FE-A7B9-0B0F8A06F7BF,,,,,,,ODN0002137563,z,right_only
8E97A030-A6CC-4055-9B31-F895E46ECA7B,,,,,,,ODN0002137591,z,right_only
651C9E5E-1F8A-4840-9A72-26745CA5A4AD,,,,,,,ODN0002137593,z,right_only
26075B4A-4A8F-4AD2-8645-DFFEF0507D54,,,,,,,ODN0002137595,z,right_only
6F3F2878-89B3-4211-B6D7-C88C91461472,,,,,,,ODN0002137635,z,right_only
8AE62281-4C31-44FE-A7F5-7D9D457A5E15,,,,,,,ODN0002137647,z,right_only
ED4A9D45-7C8E-4680-8484-E444A30B1184,,,,,,,ODN0002137669,z,right_only
8E48CA5A-B392-4EDC-BE2B-1DCFDB2508B4,,,,,,,ODN0002137670,z,right_only
E451EA3F-22E1-42CF-8D21-458F4030A077,,,,,,,ODN0002137688,z,right_only
531381AF-1706-4167-94E4-C4EC970B081F,,,,,,,ODN0002137725,z,right_only
D65C40AB-1ADC-4363-B285-D9EAF18D64F2,,,,,,,ODN0002137727,z,right_only
E7C771FB-2E01-4EC8-91BF-DE8A88AF7087,,,,,,,ODN0002137777,z,right_only
566BF470-7B40-4CC3-B211-24BBA95A64B4,,,,,,,ODN0002137819,z,right_only
E68B436F-239A-4B47-8D02-9CAFDA8147A1,,,,,,,ODN0002137906,z,right_only
FDDF46D4-27A4-487D-984A-37FC66C1B4C3,,,,,,,ODN0002137943,z,right_only
9A2EBD39-AEA4-4C01-9448-4F63D2BA2EA0,,,,,,,ODN0002137949,z,right_only
9F341ED3-5DDC-4E9A-BE37-44C096291FA2,,,,,,,ODN0002138011,z,right_only
3E0DB8CB-73D4-4C81-854E-C2F6214E9B8A,,,,,,,ODN0002138029,z,right_only
42B4A574-6E7E-4B90-A485-CD7FCD119DB9,,,,,,,ODN0002138039,z,right_only
FA1CA9A2-6881-43CD-8A36-54F92ECBA312,,,,,,,ODN0002138068,z,right_only
FDC033E5-2032-4D41-A62E-030899252BDB,,,,,,,ODN0002138086,z,right_only
78569989-6043-4EF8-89D8-442210F0F848,,,,,,,ODN0002138114,z,right_only
A67F5888-7630-4D24-85C0-F82B32154A0F,,,,,,,ODN0002138131,z,right_only
4A5439D5-BDCE-4D8B-AFD3-5E7DE881FCA6,,,,,,,ODN0002138143,z,right_only
3B98BADA-B1F5-4308-9D95-4922980689C3,,,,,,,ODN0002138145,z,right_only
0C912714-B137-4387-8651-72259B3E1A38,,,,,,,ODN0002138151,z,right_only
CF40C8C4-E2A9-4F79-8537-063DDFA24A9B,,,,,,,ODN0002138153,z,right_only
E0CFC2C4-9B09-40E5-92CA-849810C6CAB3,,,,,,,ODN0002138191,z,right_only
E9711459-5256-4632-95B0-DFD71D1E8AFF,,,,,,,ODN0002138262,z,right_only
7FF8E4A8-F11C-4E39-BAC2-67D01346C883,,,,,,,ODN0002138284,z,right_only
ED1D7E30-74C3-45A1-93DA-B1DDAF5AE86D,,,,,,,ODN0002138297,z,right_only
32907623-677A-46BF-B136-83B6DA04DC58,,,,,,,ODN0002138303,z,right_only
0CDCD233-CAB9-46BB-994B-B0E04CB70656,,,,,,,ODN0002138310,z,right_only
CBFB02D5-E5B3-418E-AD43-D76CC4462910,,,,,,,ODN0002138313,z,right_only
26354FA2-B639-47B0-8FE2-C509CECD9DEE,,,,,,,ODN0002138357,z,right_only
18E3C6AF-33D9-426B-86D6-771BABB4BE3A,,,,,,,ODN0002138370,z,right_only
8BD67C2E-A1E2-4D3B-ACF5-8C7EFADD9669,,,,,,,ODN0002138376,z,right_only
7B2EE465-E89F-47F1-89EF-ABEC0A5AC496,,,,,,,ODN0002138396,z,right_only
6191F30A-B615-49C1-A29F-B374B6C3B24D,,,,,,,ODN0002138397,z,right_only
DB640638-79E6-4DD7-A643-8F7919297AE1,,,,,,,ODN0002138398,z,right_only
18032A2C-E6DF-48D9-B81F-B0B548503E8C,,,,,,,ODN0002138399,z,right_only
037C6BB4-A035-473B-8DC7-BFD262FDF258,,,,,,,ODN0002138422,z,right_only
AA515243-A604-4046-A5DE-3DCB83FA4619,,,,,,,ODN0002138452,z,right_only
1A00DBF1-BEAB-4607-A2D6-0962E2AAFA74,,,,,,,ODN0002138486,z,right_only
C0230E6F-D108-4318-9D4D-FEE41CA59944,,,,,,,ODN0002138496,z,right_only
BC21859F-8783-469A-8098-C928CD14F882,,,,,,,ODN0002138508,z,right_only
0AC5E462-7CB4-4129-9040-387251AF6C67,,,,,,,ODN0002138509,z,right_only
DCA8CE6C-F9B4-4B5F-B8CF-241BFEBD2AC5,,,,,,,ODN0002138516,z,right_only
170A9ACE-39B6-4EA4-BDEF-63BF5FB5B794,,,,,,,ODN0002138518,z,right_only
821FBE4B-7634-404B-846C-C38AA90D19F9,,,,,,,ODN0002138523,z,right_only
CCED9495-51D5-44FE-BAAA-66149C1CA1E4,,,,,,,ODN0002138524,z,right_only
EC8B755C-166E-44A0-A88A-02954A886F28,,,,,,,ODN0002138525,z,right_only
B1BFEA11-9040-4E5E-BF68-9C26B024B0C1,,,,,,,ODN0002138528,z,right_only
C5D52773-2FB7-424A-B04E-18F78D71EEBB,,,,,,,ODN0002138530,z,right_only
E29B33BA-D6D8-4BA4-A3D1-70C05532E1FB,,,,,,,ODN0002138539,z,right_only
66CC3ED9-8DE9-4283-975A-24D54CB27FEA,,,,,,,ODN0002138552,z,right_only
D7E47F81-A0DD-49E3-A912-B25B9B433426,,,,,,,ODN0002138556,z,right_only
3108FC97-30E6-45B8-AF19-6B99C4D72D2A,,,,,,,ODN0002138562,z,right_only
53B868FF-5B97-4B90-A1D1-0B3752132AE8,,,,,,,ODN0002138570,z,right_only
DC9EB071-4C39-466E-9F1A-915F2B3E61F8,,,,,,,ODN0002138571,z,right_only
C4C07AFE-81BA-4E2E-86B9-CF5F4D870617,,,,,,,ODN0002138572,z,right_only
A9A12E63-591E-4D57-A2B6-6F9B37178C27,,,,,,,ODN0002138574,z,right_only
C87A8EC4-F76C-4F33-9DEC-908058867A7D,,,,,,,ODN0002138575,z,right_only
30DFFE10-CE17-412E-BB47-32ADEB5E1CB3,,,,,,,ODN0002138576,z,right_only
AC1AC84D-7E09-43C8-BD8F-709A3EA76A91,,,,,,,ODN0002138600,z,right_only
C696F0F4-6DBF-482D-B3F7-588CC25D647B,,,,,,,ODN0002138610,z,right_only
08F35A92-0D64-47C7-B23D-85C4CBAC087D,,,,,,,ODN0002138611,z,right_only
BD8D7C03-CBC9-461A-8443-604E85085F9D,,,,,,,ODN0002138612,z,right_only
89355307-9E0D-4570-B999-CD2053056A47,,,,,,,ODN0002138613,z,right_only
228A79FD-1CFD-477A-9350-93DB67AA4A9F,,,,,,,ODN0002138628,z,right_only
31D84267-157F-4A79-81F9-3364DFD1D8AB,,,,,,,ODN0002138629,z,right_only
022FEBE3-E458-454F-8478-FA25C2F6753F,,,,,,,ODN0002138657,z,right_only
B907B7E9-879A-42B1-8CF4-D53424CE4D6D,,,,,,,ODN0002138660,z,right_only
834A5551-8F4D-4F54-8420-E0BBFB0FA080,,,,,,,ODN0002138684,z,right_only
48E4AF0F-112C-40E4-89E8-E2F6052DFA1F,,,,,,,ODN0003116925,z,right_only
DB1F2785-90A8-4857-A2F7-F411BC107FD6,,,,,,,ODN0003927437,z,right_only
890D0D97-D5A4-4632-967C-7B00A83EF59E,,,,,,,ODN0003927555,z,right_only
50F3E370-8EF6-440A-BF8A-BD6734C9E084,,,,,,,ODN0003116868,z,right_only
0D37E4B9-B35C-4C10-94C8-5DE09122C461,,,,,,,ODN0003116869,z,right_only
A0C25BFB-ECDA-420E-8A9B-A986A6D2A543,,,,,,,ODN0003927702,z,right_only
DA32CA79-42B9-49F9-AF36-747CCBE6CD6C,,,,,,,ODN0003116898,z,right_only
0388FB0B-AD87-470D-B619-F6438027C290,,,,,,,ODN0003117034,z,right_only
973426A2-2012-4701-B12C-BB5BF8ED7FD0,,,,,,,ODN0003117055,z,right_only
9E9D05ED-3E76-4C1B-A78A-4E8C74916E92,,,,,,,ODN0003117056,z,right_only
35FA9F51-2047-4D2E-B754-35EF330A1571,,,,,,,ODN0003117153,z,right_only
6FBB6367-6B2B-4851-8700-2E1B18EC5C7A,,,,,,,ODN0003117154,z,right_only
E8085276-AB74-4C5B-844D-569025E6EABA,,,,,,,ODN0003117156,z,right_only
FD558479-6EF8-4A6E-BAC5-6A8BC70BE0BF,,,,,,,ODN0003117157,z,right_only
D0D1CE8B-90BF-430B-BC7A-95EEA67D8391,,,,,,,ODN0003117158,z,right_only
C06B7901-BE4C-4D3B-95E7-0DF4911AAB10,,,,,,,ODN0003117159,z,right_only
42783B2B-9FB6-4B7E-BFFE-415D62E4CFC9,,,,,,,ODN0003117190,z,right_only
7D1A5923-C6CC-4027-935E-AB62A1AF6B3B,,,,,,,ODN0003117191,z,right_only
32FE9923-E082-4118-8E2A-CF061194E3F5,,,,,,,ODN0003117192,z,right_only
7418E9FB-11B6-47BA-BBAB-B1E41C53F267,,,,,,,ODN0003117194,z,right_only
16B8C72C-515D-4223-BE01-0BD5731B4DFC,,,,,,,ODN0003117195,z,right_only
F01D4388-0BB7-4F3E-A0AA-C5FC06CB0968,,,,,,,ODN0003225424,z,right_only
8298F343-1422-49FC-95D2-E4A02105AD12,,,,,,,ODN0003225545,z,right_only
4E7830A7-1E4B-4C27-9A6A-5A588D246795,,,,,,,ODN0003225547,z,right_only
FA09249E-F83D-4768-9005-E1C240A60254,,,,,,,ODN0003928215,z,right_only
BD7D895A-BA87-41D5-A929-4D8A98D421F0,,,,,,,ODN0003225641,z,right_only
A56EB76E-988C-48F3-8540-716C8CA1000B,,,,,,,ODN0003225642,z,right_only
19894150-6454-4A1C-88DC-922EE49B65D5,,,,,,,ODN0003225711,z,right_only
810E58D8-6B0F-45AA-B6C3-AC71F732D72F,,,,,,,ODN0003225712,z,right_only
1079CDB4-D551-458A-B80D-FEAAEDB185EA,,,,,,,ODN0005448197,z,right_only
90312F5A-0645-4600-8852-C08342264532,,,,,,,ODN0003080055,z,right_only
D0ACF3AD-B72A-4DCC-B463-BB1A1404233B,,,,,,,ODN0003080107,z,right_only
BF4DF8C1-0C05-4FB3-AE0C-05D30297F34E,,,,,,,ODN0003080201,z,right_only
2B1A3A1E-2874-4EA2-B98A-1E030ECE9BBE,,,,,,,ODN0003585603,z,right_only
C7B33B33-871F-47B2-B900-FF0E6699D117,,,,,,,ODN0003116938,z,right_only
DCFCF8A4-7A42-42FB-A962-0436EB74F0A4,,,,,,,ODN0003117011,z,right_only
34BCFD38-C2D8-4947-BDE1-A5A5E6E74CB7,,,,,,,ODN0003585824,z,right_only
11F66855-4662-4D8F-8E4E-0D871C5F5B54,,,,,,,ODN0003079857,z,right_only
5063868B-5ECA-46D9-ADBC-94BCD43AD00E,,,,,,,ODN0003079890,z,right_only
52832A6D-CEA3-4A3E-93ED-3AA2AF8F8C9C,,,,,,,ODN0003079911,z,right_only
7CAA9ECE-13C9-4B03-AD18-D0AD10E43E7E,,,,,,,ODN0003079912,z,right_only
97E66074-4884-4030-8E70-17060E64670B,,,,,,,ODN0003080027,z,right_only
6872FA31-C5DD-48D5-8211-1C3267332720,,,,,,,ODN0003080043,z,right_only
E5F8D214-8F7F-4AFE-986C-ABD160B2C2EE,,,,,,,ODN0003080046,z,right_only
4D7DAD48-F0B4-4993-B067-F52DBEDD7016,,,,,,,ODN0003586429,z,right_only
F01828D2-82E8-4557-A71A-AB0A0F982DC8,,,,,,,ODN0003080063,z,right_only
62AE18E5-1B35-4A75-95B9-FBF10AB4988D,,,,,,,ODN0003080081,z,right_only
4EFBEAED-69AF-4F64-88E3-8CEB1B890A8E,,,,,,,ODN0003080111,z,right_only
E6E1A023-A97B-40C6-B874-B1DA938DAAC0,,,,,,,ODN0003080115,z,right_only
5DC0E8A8-8A46-415C-A3EA-E31CA2D2AB01,,,,,,,ODN0003080116,z,right_only
54887523-A0B4-464C-9047-CD2DCDC06149,,,,,,,ODN0003080170,z,right_only
EDBA69A6-EBBE-49DA-9629-416178102D2B,,,,,,,ODN0003080190,z,right_only
A9635B4D-6633-448C-A3C3-EF12C3602B75,,,,,,,ODN0003080194,z,right_only
6638AEA9-B5D7-486E-99E6-E469652D33E8,,,,,,,ODN0003080242,z,right_only
A9737F10-E531-4D16-8651-05595ED32B68,,,,,,,ODN0002137501,z,right_only
D1E68D52-8E5C-4141-9B6F-3E564F2BBEFD,,,,,,,ODN0005447497,z,right_only
93F2E799-183B-4E55-ABA7-6F44659B0202,,,,,,,ODN0005447498,z,right_only
A1425855-1BCE-4E58-B84C-C0184C8F24A2,,,,,,,ODN0005385148,z,right_only
6510BEE9-A4D9-47D7-92DF-EBFCEDAC3C89,,,,,,,ODN0005447716,z,right_only
9013CDB1-CFA8-4E40-89F4-941FEE4077D3,,,,,,,ODN0005447717,z,right_only
DC02497C-9CD7-47EA-9759-0E6A7B67AFAB,,,,,,,ODN0005447718,z,right_only
E57F19CA-A509-4140-9ADC-D2D0D24ED03B,,,,,,,ODN0005447719,z,right_only
514758A7-2CEF-4776-9E37-C5EEE5BEEF38,,,,,,,ODN0004072548,z,right_only
24AF69A8-0B64-46A9-B68B-F36BBE4434C1,,,,,,,ODN0004072552,z,right_only
AF70F565-AC2C-4EE5-80CA-E9240E5A5568,,,,,,,ODN0004072553,z,right_only
83DC0694-DF98-4923-9997-DC5CD9AA1E7B,,,,,,,ODN0004072852,z,right_only
9F43BB79-7175-44CF-BE8A-2B88B167D46B,,,,,,,ODN0004072853,z,right_only
1E62EAC9-7BD1-437B-9633-ABDFC9CA067B,,,,,,,ODN0004072856,z,right_only
18A70BB2-1848-4862-8B33-57A6D579D5CC,,,,,,,ODN0004072858,z,right_only
C1217C18-372F-4780-9237-35D3C8FCAE13,,,,,,,ODN0005447766,z,right_only
DEFB4C52-6F91-4795-B88B-603519F700BF,,,,,,,ODN0005385276,z,right_only
9A8BA6C1-BBDB-4B1D-81D6-9D38207A0006,,,,,,,ODN0005363680,z,right_only
6AC2A2E0-E519-43EC-B063-A9AE547E3892,,,,,,,ODN0003116916,z,right_only
0A893512-7200-4EE9-BD30-DC7ACDB1A4FA,,,,,,,ODN0005447787,z,right_only
2DD7869A-FE2A-4CCD-BDB3-F59F67B7A85B,,,,,,,ODN0005447788,z,right_only
8E4CFB74-6FAD-49FE-A45C-5F9C54BE3CD5,,,,,,,ODN0005447789,z,right_only
8E053C8C-2A11-49CC-9DA0-701AFF3582A9,,,,,,,ODN0005447790,z,right_only
7766FB47-E9A4-4236-9665-2329DEEA1073,,,,,,,ODN0005447791,z,right_only
904155DA-9D20-4FEE-A062-84731646D7CD,,,,,,,ODN0005447792,z,right_only
9396A198-0AE8-4576-9929-9EDEA98BD680,,,,,,,ODN0005447793,z,right_only
B12FC902-B2A5-4E86-82C3-06E4B7A3A418,,,,,,,ODN0005447813,z,right_only
3E989F42-14F9-40D1-87B7-FFB85D0FAD4E,,,,,,,ODN0005447814,z,right_only
0F651A1D-77E1-4736-8643-4E700ED9250D,,,,,,,ODN0005385304,z,right_only
0AC3B126-0BC8-4E4D-83FC-8B1662F00384,,,,,,,ODN0005447876,z,right_only
EE335204-5F97-49F3-B3CD-BF01E4035531,,,,,,,ODN0005447892,z,right_only
B739C7E7-3ABA-4517-A851-A901077FB194,,,,,,,ODN0005447893,z,right_only
C9E5102B-C568-4734-9322-AD8F51641B25,,,,,,,ODN0005447894,z,right_only
1F13AA20-147B-4D32-9D32-BFF7E34F2557,,,,,,,ODN0005447895,z,right_only
80F124A3-5E71-4426-96C9-6CE1978D64DF,,,,,,,ODN0005447896,z,right_only
8E62F095-D4CF-436A-9C57-AA8FFA5F9E81,,,,,,,ODN0005447897,z,right_only
B8207B85-AED9-4A48-BD1C-2B5E89A261C8,,,,,,,ODN0005447898,z,right_only
38CEBBBE-419F-4902-89F5-ED844EC5B078,,,,,,,ODN0005447900,z,right_only
39F7AC8C-7545-41A3-91C8-C33F71E1F9B8,,,,,,,ODN0005447901,z,right_only
86FE0A0D-7F4D-489F-B19F-6272D45EA4BC,,,,,,,ODN0005447902,z,right_only
2A2D785C-A046-4405-BD77-F5B3C61C41D6,,,,,,,ODN0005447903,z,right_only
609F75B3-D176-47EB-9332-A23E0E4F742F,,,,,,,ODN0005447905,z,right_only
199764DC-7259-4F46-B8A4-B8CD6B39CD18,,,,,,,ODN0005447906,z,right_only
840ED44C-789E-443A-8A48-88747A07D795,,,,,,,ODN0005447907,z,right_only
88E7BEE5-2E67-47CB-B964-866E971754FC,,,,,,,ODN0005447908,z,right_only
2F5BF850-12A8-4738-B401-D314199720CA,,,,,,,ODN0005447910,z,right_only
059C3C23-D418-42C7-8F67-6868910CB8FF,,,,,,,ODN0005447911,z,right_only
D4012731-5775-4DC0-AE28-AA186E54BE3E,,,,,,,ODN0005447926,z,right_only
2537F615-ACF4-438F-A724-FEDCBF4F99D7,,,,,,,ODN0005447927,z,right_only
8C827D20-40CF-4E10-BC62-0C46ACC7A04A,,,,,,,ODN0005447928,z,right_only
3CBCD610-82DA-4FE7-8F88-8413750BC392,,,,,,,ODN0002138252,z,right_only
F3CCBBB2-E53E-47E0-BE32-336938C6416B,,,,,,,ODN0005385371,z,right_only
EBD0BBFF-731F-4C83-B228-F360AE39CD76,,,,,,,ODN0004710483,z,right_only
A7344D35-E5EA-4A7D-BB0C-98D51CA1F284,,,,,,,ODN0004710522,z,right_only
C0D842C2-F976-4602-BF0B-51C2AFD526CA,,,,,,,ODN0004710523,z,right_only
693425BB-4E99-473E-B877-2A32E2F8A368,,,,,,,ODN0005448049,z,right_only
80DE6514-0EAA-476E-8FD0-021D33742F90,,,,,,,ODN0005448050,z,right_only
AD25E566-24EC-40EA-BD5F-CC9C33D41128,,,,,,,ODN0005448051,z,right_only
51143563-B297-4672-A565-5F6D49B664BF,,,,,,,ODN0005448056,z,right_only
E26AB7DB-553C-4C98-B407-509F458C8ABE,,,,,,,ODN0002138381,z,right_only
9E40F296-17C0-4B63-A575-E05C2C5CB912,,,,,,,ODN0005448133,z,right_only
2FBA5B91-FCAD-455A-8CCF-BD2B3F84F32F,,,,,,,ODN0005448151,z,right_only
AF0224DC-D6AF-4594-ACE3-2CA7BB78A3C0,,,,,,,ODN0005448169,z,right_only
BC25F82F-5F03-41F9-AF28-122D25355C8A,,,,,,,ODN0005448170,z,right_only
AE82763D-0638-4CCD-9ACD-4F3291A06890,,,,,,,ODN0005385482,z,right_only
28E5EDD2-9F7E-43AD-99F3-4F0A8C90206D,,,,,,,ODN0002138454,z,right_only
28FF43E6-BF28-4A3D-8B1D-B0947550BDCC,,,,,,,ODN0002138460,z,right_only
D4858AF9-E0E9-4780-97C9-B3A2AD33CD66,,,,,,,ODN0005448242,z,right_only
9C6361D9-AB89-4FE9-AEFE-07B3F88CB1E4,,,,,,,ODN0005385487,z,right_only
61FCE207-6D04-418F-8E0C-D126FC77E0D2,,,,,,,ODN0005385488,z,right_only
58EC02D6-75F3-46AF-AE1E-6A97823955F5,,,,,,,ODN0005385489,z,right_only
FE369CBB-8A3B-40FD-8A8E-9A3BB7909B08,,,,,,,ODN0005448244,z,right_only
8ACF3C47-3328-4648-BF8F-6C813BAE89B7,,,,,,,ODN0003079919,z,right_only
410F3A61-2F0C-489B-9700-4B0795DA86A1,,,,,,,ODN0005385518,z,right_only
CA527BC0-EF4C-4471-9EF5-C4474D02037B,,,,,,,ODN0005385519,z,right_only
01F942F1-63E0-42C0-BF36-E24D8C645D5E,,,,,,,ODN0005448309,z,right_only
340452F7-40AB-4EBD-8179-89AF6A4CD289,,,,,,,ODN0005448310,z,right_only
A18DE46A-954C-4EF9-8BC1-EA1835C5620E,,,,,,,ODN0005448311,z,right_only
90362382-D6E5-4300-9295-D145C7166B60,,,,,,,ODN0005448325,z,right_only
3582C13D-9495-4605-A408-186F1F511624,,,,,,,ODN0003080062,z,right_only
4D410457-90E1-4909-A0A0-8DF8A985BD44,,,,,,,ODN0005448357,z,right_only
2CD2373B-09EC-4BC0-81CE-F7D3B691512B,,,,,,,ODN0005385570,z,right_only
57A34252-12B7-4784-AD12-FA835A9E5164,,,,,,,ODN0004711193,z,right_only
570BC435-E03E-4917-8115-4DB98CD469DC,,,,,,,ODN0003080114,z,right_only
AC79541E-91DC-4928-BD35-B5B972F7DC3F,,,,,,,ODN0003080156,z,right_only
9254FDD7-0EF7-41B0-8169-72741F082BC1,,,,,,,ODN0003080176,z,right_only
257B638C-1542-4EBD-8D0E-E5870F9FAFCB,,,,,,,ODN0003080183,z,right_only
4C400C9C-1584-47AD-BF73-1F9B4DCE23BA,,,,,,,ODN0003080184,z,right_only
6065FBE7-A414-4A35-9EA4-396FB9E55150,,,,,,,ODN0003080185,z,right_only
85882F78-32D8-496C-B19E-CC38270C602E,,,,,,,ODN0005385611,z,right_only
91C77EEB-DB2D-4F4F-AEA7-C80F31CDDC2F,,,,,,,ODN0005448478,z,right_only
85BA8E19-79BC-4E4E-B534-2B366B858A2F,,,,,,,ODN0005448483,z,right_only
2C568A65-B2A9-4BA3-BE0E-AED3F0AC74F1,,,,,,,ODN0005448484,z,right_only
E58BCDA3-8D8A-4060-B606-B75E5671D377,,,,,,,ODN0005448511,z,right_only
76C7DB2B-EA5D-488A-817C-44E6347CB26C,,,,,,,ODN0005448512,z,right_only
43AC6384-BBFF-46D5-BE57-2DC006164EB2,,,,,,,ODN0005448523,z,right_only
75FBDCCA-4502-4320-8698-9EF0FB02EB1A,,,,,,,ODN0005448524,z,right_only
54C274BD-6E8C-4FD4-86F1-E5BCE9389968,,,,,,,ODN0005448525,z,right_only
717BFF5B-1680-4B70-BD3F-E1AF36F79CB4,,,,,,,ODN0005448526,z,right_only
D73A1509-54D2-438E-843F-259273330B89,,,,,,,ODN0005448527,z,right_only
10C4464A-5075-4623-B582-4FFC091002B4,,,,,,,ODN0005448528,z,right_only
1ED29235-24B9-42A5-8F14-353E0B5C720E,,,,,,,ODN0005448529,z,right_only
D0535D22-A90A-43DC-9892-40DCDD45FD86,,,,,,,ODN0005448530,z,right_only
2CEF02BA-5697-4148-8ADA-8F05150D79CF,,,,,,,ODN0005448531,z,right_only
96F18968-0A4E-4E6D-9916-0412319DA950,,,,,,,ODN0005448537,z,right_only
BFDB5C1B-B956-430B-A73D-F44B11EF4A86,,,,,,,ODN0002239281,z,right_only
DCDD63CF-3D07-4C83-B5CB-8C29F7E20BE5,,,,,,,ODN0005040417,z,right_only
EA95660E-2537-4B87-8CA5-789675BAAC5C,,,,,,,ODN0005040757,z,right_only
FD54D56A-780B-4A4A-8566-875DC88D362C,,,,,,,ODN0002138428,z,right_only
9904B340-E9A9-4A3D-A914-C00F102BF06F,,,,,,,ODN0005509901,z,right_only
24206FA4-6118-4F46-A503-6FE6BC210740,,,,,,,ODN0004359364,z,right_only
BC3819D3-583B-4984-9458-B862904B2CD8,,,,,,,ODN0005510726,z,right_only
19799330-7166-4E41-9B21-900B5D830A44,,,,,,,ODN0005511241,z,right_only
E99335F9-88B5-484B-B864-45081CCEDB8C,,,,,,,ODN0003080212,z,right_only
03F37551-A16D-4EC7-8561-3C3FD62797E1,,,,,,,ODN0003080258,z,right_only
9E059266-FCDE-4EDB-8A46-4FE07CF06E6C,,,,,,,ODN0002138094,z,right_only
FDBD85B8-85A6-4371-A724-4C339A2D94CE,,,,,,,ODN0003116879,z,right_only
0A6169B2-B22F-4D69-B9D7-32617E964B8A,,,,,,,ODN0003116946,z,right_only
00AA3F82-F00D-4B44-85FD-648DAB61518D,,,,,,,ODN0002138244,z,right_only
837972AD-5172-45A3-9687-338D68AD649C,,,,,,,ODN0004677125,z,right_only
83F39DC2-C9CE-4DBE-9B46-37C7D9196D18,,,,,,,ODN0003002100,z,right_only
7A0FE8CC-D3F0-4422-BCE3-CFE5CA0C4F0C,,,,,,,ODN0003204290,z,right_only
2E01B730-268C-4F15-82ED-71CB83572C62,,,,,,,ODN0004173772,z,right_only
2913D831-877A-44BF-99E1-B9803FCFF26E,,,,,,,ODN0003002212,z,right_only
CDDAA647-DC0A-44F9-9ED3-FB156CE3125F,,,,,,,ODN0004174180,z,right_only
4A4C60B2-BA08-49BE-937F-14B411B2F428,,,,,,,ODN0003970191,z,right_only
4FBAF931-ECBC-497C-97DB-C87A3D037183,,,,,,,ODN0004176609,z,right_only
24C10AE7-19F8-4059-963A-1326775E441C,,,,,,,ODN0004710293,z,right_only
8A20BFB5-22F8-42CE-84B1-12A56F27F35E,,,,,,,ODN0003460936,z,right_only
3A8D2B04-98E4-429E-8636-6EB5475DFBD5,,,,,,,ODN0003002143,z,right_only
5A152E44-889C-498F-AFD7-F2D2D71A7236,,,,,,,ODN0004710164,z,right_only
C1F2CF57-6E3C-44E5-BC87-004E69F69053,,,,,,,ODN0003002202,z,right_only
DAAC80C5-375E-49BE-8717-52BA0CC57AA0,,,,,,,ODN0003002204,z,right_only
8AA3C61E-1BD1-4661-A6D7-1B80C71CDDFE,,,,,,,ODN0004710818,z,right_only
84BE43A0-18FF-49CF-821D-8ADDAAA1D287,,,,,,,ODN0004176640,z,right_only
5D69291A-C322-4B29-9A44-264BAA3E9B74,,,,,,,ODN0004709785,z,right_only
E66116EA-B2AA-40EB-94B5-D1008CB407E8,,,,,,,ODN0003116899,z,right_only
E1191F2D-2E7A-4D7C-A37B-F18C1C8953AF,,,,,,,ODN0003116991,z,right_only
24AD3152-5ED7-446D-8FEA-4302B3AF4015,,,,,,,ODN0003116998,z,right_only
99D9AB55-DDCB-4F69-A9BA-675B356E6661,,,,,,,ODN0003117024,z,right_only
AEE0C67F-9245-4177-9435-9B729993939B,,,,,,,ODN0003117028,z,right_only
C09DBB5B-3361-455F-82E4-156094548BE6,,,,,,,ODN0003117032,z,right_only
0482ED1B-E316-4C09-B666-0E8F3B52607D,,,,,,,ODN0003117033,z,right_only
F09A3888-8025-4D1D-A799-B890F2465482,,,,,,,ODN0003117045,z,right_only
30BD6F19-3870-491F-92CE-B463969C16E8,,,,,,,ODN0003117046,z,right_only
ACF0BC41-3792-4845-879F-CF202070220D,,,,,,,ODN0003117047,z,right_only
680DDDE7-352B-4AC2-BCA3-F591E90978D7,,,,,,,ODN0003117048,z,right_only
A8C65508-576B-4FB0-852F-F8C6A8D30305,,,,,,,ODN0003117050,z,right_only
3CA01F3C-CC20-4AE1-A87B-B673541EA438,,,,,,,ODN0003117051,z,right_only
972322D0-9875-4FF5-B181-FCFCA155AB18,,,,,,,ODN0003117054,z,right_only
F6CCD7FE-7C7A-47DD-A732-160D32F8B068,,,,,,,ODN0003079495,z,right_only
EAF2275D-002B-4FAC-99E9-3596C9F22143,,,,,,,ODN0003225393,z,right_only
B071C1FA-325A-4FFF-B580-FF2D9B99071D,,,,,,,ODN0003225404,z,right_only
A209AB5F-31EE-4E9E-B44D-66575B6383D6,,,,,,,ODN0003225549,z,right_only
7AE56D8F-59CB-4EF8-869F-F52E0B61F95C,,,,,,,ODN0003225740,z,right_only
E07DD17C-D236-4DBB-B3FC-93452947C96D,,,,,,,ODN0003080066,z,right_only
22F6C1AB-5D97-451F-9C0D-82111729A6CF,,,,,,,ODN0003226004,z,right_only
271AF656-F373-4998-B500-B8A60EADFEF4,,,,,,,ODN0003226008,z,right_only
CEBE936F-13A6-4592-B0F8-25B709184880,,,,,,,ODN0004709921,z,right_only
3598F59E-9D69-436E-8BD5-31D0BB63C1C6,,,,,,,ODN0004710531,z,right_only
EE96274A-F638-4AB9-85FD-D039BD1CE3AA,,,,,,,ODN0004602087,z,right_only
D5D777D6-C811-4856-A0D5-429658F13BEB,,,,,,,ODN0005447569,z,right_only
3F0E335B-3C0C-4DEB-B08E-CF9271894391,,,,,,,ODN0004174244,z,right_only
26ACFC15-ED62-4EC2-9EDD-87D7B9ED514B,,,,,,,ODN0004174311,z,right_only
A9812D43-BBEA-40D7-95FC-4E079AC3D0CB,,,,,,,ODN0005448262,z,right_only
E98EC74C-D527-49F9-8AB3-DA97D83A6F7C,,,,,,,ODN0005448263,z,right_only
54787A93-D0D0-4292-9ECC-C478B484566C,,,,,,,ODN0004176105,z,right_only
DEFE1EEE-FB3B-49D8-B240-E703ECD4BF42,,,,,,,ODN0003080189,z,right_only
49F30430-7D4F-4B98-A879-5E48F4B01831,,,,,,,ODN0004359094,z,right_only
30295036-5EEE-421A-B354-63EB480B2FEF,,,,,,,ODN0003117061,z,right_only
39461C08-BBA9-4F27-A31A-3B899E2C000C,,,,,,,ODN0003116852,z,right_only
D729DB30-60E3-4AA1-8862-0D4C36D7D65B,,,,,,,ODN0003116897,z,right_only
D32300AE-B3DC-4D29-B8E7-B0F8AC064178,,,,,,,ODN0003002191,z,right_only
6FF80949-44DE-4451-8840-2ABB9633AD40,,,,,,,ODN0003117257,z,right_only
8D15185A-34F0-4158-B1DC-0CB197C7D997,,,,,,,ODN0003117258,z,right_only
8178CB78-C163-43EA-B578-D8A333D36EED,,,,,,,ODN0003117259,z,right_only
E1D0E339-D343-4B6E-BB21-F8EBB6F79011,,,,,,,ODN0003117260,z,right_only
1FF8C50F-4BC1-476E-8C1E-0057F0D75D22,,,,,,,ODN0003117261,z,right_only
21CFEB84-DFB5-4462-B0B8-1FB127EB35AF,,,,,,,ODN0003117262,z,right_only
D10C9B0A-14D8-4A37-9D24-0F55256AFD23,,,,,,,ODN0003117263,z,right_only
16F0CA2E-B669-4296-9730-28B8F80097AA,,,,,,,ODN0003117266,z,right_only
F03F77E4-1E95-4B98-88B1-1946435B8D94,,,,,,,ODN0003117267,z,right_only
949DCFE4-3847-422F-8414-925193271269,,,,,,,ODN0003117274,z,right_only
979C4204-E1C0-41D9-8C60-B64E97CEF002,,,,,,,ODN0003079906,z,right_only
961BF993-5005-43A1-BBB9-B9B289743F87,,,,,,,ODN0003079909,z,right_only
7B7CBD18-B938-4F46-8E7C-AEA79E61A34E,,,,,,,ODN0003117310,z,right_only
4CBB6F16-E533-497A-8809-73A430CA288E,,,,,,,ODN0003117320,z,right_only
5BE751A5-3FBD-4E06-AC12-220E78BEDA65,,,,,,,ODN0003117332,z,right_only
4E22F205-C53F-45F8-A5E1-26BE1CDB7C97,,,,,,,ODN0003080053,z,right_only
5C7B440E-9101-4A8D-8C9C-5D4A47229261,,,,,,,ODN0003117337,z,right_only
7675DA2F-E1F1-415E-9FC2-845900BD0670,,,,,,,ODN0003080074,z,right_only
CE391934-1105-4664-B6B1-24A172534B53,,,,,,,ODN0003117351,z,right_only
1D3CA2DB-DFA9-4A48-AF43-488AA168C26F,,,,,,,ODN0003080121,z,right_only
5148A40E-65A1-478B-89A8-A5ABC6E6963A,,,,,,,ODN0003117355,z,right_only
28D34E0B-066B-4B93-BA51-F8E0E80E69F1,,,,,,,ODN0003117356,z,right_only
4D3D311E-FFE2-4611-B154-4E8E701F96A3,,,,,,,ODN0003080124,z,right_only
AC70B2B9-490C-4979-BDBB-C2D03CEE82AC,,,,,,,ODN0002582329,z,right_only
683817FA-1AD0-48E5-B660-3AEA4DB7C962,,,,,,,ODN0003080152,z,right_only
BC4DE8F4-D791-4153-8233-685F62479373,,,,,,,ODN0003080153,z,right_only
0084409B-0C95-450D-931A-6795D555868A,,,,,,,ODN0003117374,z,right_only
469253F0-BA53-4193-B5B8-23E24BBED285,,,,,,,ODN0003117379,z,right_only
0F8A26FE-07D6-4E71-A248-A3D158F7D142,,,,,,,ODN0003117385,z,right_only
BC6DED5D-278B-46F7-AE06-5FCCB3342387,,,,,,,ODN0003117386,z,right_only
857F0470-F22D-43AE-99DB-D9DF8645BE0F,,,,,,,ODN0003117387,z,right_only
AEAB478C-0650-4341-B973-D366FA711673,,,,,,,ODN0003117393,z,right_only
8C9FC242-5AE6-4919-B630-DDA4E908564A,,,,,,,ODN0003117396,z,right_only
2EE9601F-D4AD-4F51-A60C-CEAA25D252BC,,,,,,,ODN0003841884,z,right_only
2949D0BE-731D-44F5-9D88-54243D118E8A,,,,,,,ODN0003116863,z,right_only
7F1ED9BA-9080-4C9B-ABBF-9066EC4C347B,,,,,,,ODN0003970441,z,right_only
7DBA681B-214A-4435-88BA-32FAE3589B73,,,,,,,ODN0003080085,z,right_only
72AF5AE7-78AC-451F-86A1-668D5B9E7ADA,,,,,,,ODN0003080117,z,right_only
8148F5A9-65AE-4459-BDED-B05611680727,,,,,,,ODN0003080177,z,right_only
671EAEAE-A86E-4EBB-8763-FF9A6F388C7E,,,,,,,ODN0005508795,z,right_only
99315D5E-3EA7-44AC-86EB-2F709DF665F1,,,,,,,ODN0005508809,z,right_only
7303E492-3D45-4A79-93A9-2FF66F02C4AA,,,,,,,ODN0005508879,z,right_only
8418A5BE-E8D5-4DA0-9416-6EE7FC13B66C,,,,,,,ODN0005508882,z,right_only
4C10E159-6827-4157-B643-8C3765099878,,,,,,,ODN0005508917,z,right_only
23524F6F-F304-4E4A-BE5E-4CF6C7D1C6A3,,,,,,,ODN0005364020,z,right_only
0800C6A4-0088-4C76-8464-7D7ED9261EE9,,,,,,,ODN0005509322,z,right_only
D3F7523B-D11F-4DBF-9029-7DAADDC20DDA,,,,,,,ODN0003117018,z,right_only
11EC9B1E-5202-42E5-B13E-5254534F58A6,,,,,,,ODN0005510556,z,right_only
92CDE0C5-A09B-44C1-BF77-9FC19DA03B50,,,,,,,ODN0005510739,z,right_only
780B3CC4-5401-4EB2-BDC5-F1C5FBF8FA40,,,,,,,ODN0005510908,z,right_only
2CDAE6D4-A4D8-4807-BA60-EFF093EFD11C,,,,,,,ODN0005511138,z,right_only
04BBBB37-E595-4C86-B18B-6278EFDB7CF3,,,,,,,ODN0005511300,z,right_only
3F471C16-7995-4D20-BBD6-35694165F3F5,,,,,,,ODN0005511720,z,right_only
706F562C-C57A-4AE4-B104-FF8BA62A3F27,,,,,,,ODN0004601736,z,right_only
650331D3-B901-4826-A1CC-794193638139,,,,,,,ODN0005510480,z,right_only
2EB27120-B8DB-4ADC-A94F-DFF13C93B86E,,,,,,,ODN0005329201,z,right_only
7349AD5D-61EC-454B-9B26-0DABCB8E0456,,,,,,,ODN0005329202,z,right_only
6FD9AE0A-77C4-4EA6-93CF-582A92167598,,,,,,,ODN0003842526,z,right_only
BFEC00E7-10BD-44F3-8959-D6AB80728A0F,,,,,,,ODN0005512112,z,right_only
48466B13-00C5-4C5A-B4DE-741AFB560C88,,,,,,,ODN0005512113,z,right_only
615BCFFF-3580-4B70-B451-C724DFD9AD58,,,,,,,ODN0005512115,z,right_only
D6EA792E-B2A3-4E58-8FAE-49DA01BB8AE6,,,,,,,ODN0005512117,z,right_only
7D87DF4B-DB09-487E-ACFB-E1BD4D6C4C15,,,,,,,ODN0005363762,z,right_only
FE07756E-599B-4798-B798-DA586E4E24F3,,,,,,,ODN0004601349,z,right_only
E7D2976D-84DA-4115-8573-DCB21882BD88,,,,,,,ODN0005508805,z,right_only
FEC7E2CC-48BD-4346-8C5F-C4530E09E1F0,,,,,,,ODN0005508814,z,right_only
6E324D7A-52FB-4EBA-B88F-DC3D42ADC85E,,,,,,,ODN0005508841,z,right_only
2FBB01A7-2726-4D13-A487-EBA6D6671D2D,,,,,,,ODN0005508896,z,right_only
83DFE973-2980-4C96-84AA-649C91F3FAD9,,,,,,,ODN0005508900,z,right_only
4D1103FC-89CC-46CB-84D3-3DDFAC3992AE,,,,,,,ODN0004601571,z,right_only
7F4A0756-6CF0-48D1-9E59-5C2512118CA0,,,,,,,ODN0005365530,z,right_only
CC3809B7-916C-4AB2-A369-B63FE9E48DEB,,,,,,,ODN0005509422,z,right_only
96EC90E9-6FB0-4DB4-AEAA-708186658391,,,,,,,ODN0004601745,z,right_only
9B2D0538-3A53-49A8-9872-00BD5E20FC2A,,,,,,,ODN0004601779,z,right_only
3C281333-823F-48AE-BE1A-BD0C2B2FBB06,,,,,,,ODN0004601780,z,right_only
9A022B82-7D84-4E85-AC65-7FA1F5E12B39,,,,,,,ODN0005510653,z,right_only
9F2D4853-16FF-4490-896A-DEC7099CC3A6,,,,,,,ODN0005363692,z,right_only
23866A58-F824-49BC-A402-C69C257FCAA0,,,,,,,ODN0005363570,z,right_only
80A80875-BE6D-4D79-8B67-66F31DA2CB25,,,,,,,ODN0005510876,z,right_only
1AF1FC61-65FE-497E-857B-82EA9BF9667F,,,,,,,ODN0005363565,z,right_only
5FB8A232-C0E4-4C55-A4AA-68904ED1571C,,,,,,,ODN0005511218,z,right_only
0A018F80-E84D-4AFF-BBE9-D08654FBA989,,,,,,,ODN0004602117,z,right_only
7F0998DC-FA24-49E1-AD1F-341C34A75BE4,,,,,,,ODN0005511687,z,right_only
E2A67657-7AD4-4DED-B68C-BC8A7C01FE16,,,,,,,ODN0005511704,z,right_only
C16D0417-ED6A-4A3D-9BED-6D4C6C6EC4D7,,,,,,,ODN0005511888,z,right_only
3B83600B-E5BE-4AE9-B44D-D851B32DAE8B,,,,,,,ODN0005512095,z,right_only
747F4AE6-20BA-49E5-AA14-50F84E039268,,,,,,,ODN0005365204,z,right_only
D52E1FB5-5863-4126-BE51-35B904F86376,,,,,,,ODN0004602239,z,right_only
301EB740-67D8-4359-B760-3F919DE2A5E3,,,,,,,ODN0005512236,z,right_only
E9EF1D4B-E902-456F-9B3A-E4B0D804F337,,,,,,,ODN0005512237,z,right_only
2B28E6AB-FA5D-401A-BA3C-FE16A7DDB301,,,,,,,ODN0005508634,z,right_only
7E0B555B-C319-4EBB-AAB2-803AB25093BF,,,,,,,ODN0005508640,z,right_only
5170E331-4B38-4F53-82F1-E3FA590D74C3,,,,,,,ODN0005508644,z,right_only
B90B752D-2A66-4ACF-ABEF-7E8497BB7F58,,,,,,,ODN0005508687,z,right_only
421E2788-60BF-4F46-8655-E7D86527CF57,,,,,,,ODN0005508803,z,right_only
BE555EF9-E982-458E-9639-CE485CDB9403,,,,,,,ODN0005508852,z,right_only
E23FD974-0A09-4137-8BF9-970BCBAB1CE1,,,,,,,ODN0005508880,z,right_only
5013D0AD-2C8F-450A-80EF-CCC0910399FA,,,,,,,ODN0005508881,z,right_only
2EFD21A1-E3AE-4E4D-BB9E-C57F14C5B32E,,,,,,,ODN0005508883,z,right_only
30F70639-59CF-4480-B781-91A3D660ECA5,,,,,,,ODN0005508888,z,right_only
F6F503C4-EC6C-4EE8-86D5-AD9268356005,,,,,,,ODN0005508889,z,right_only
D46668B7-9357-466C-866E-80539B1A5A53,,,,,,,ODN0005508890,z,right_only
6090A14F-B1F2-4365-90E5-E1BC9DDFD5A4,,,,,,,ODN0005508918,z,right_only
983E79DF-506C-45AB-AF03-FE7543E58B33,,,,,,,ODN0005508922,z,right_only
A4C62343-7F67-408F-B8E1-9AD2A9427391,,,,,,,ODN0005508923,z,right_only
01166F9B-4130-4DA5-AA4E-CCD7B96992F9,,,,,,,ODN0005508942,z,right_only
91711AD6-A7A7-42BD-87B8-A28058A10D67,,,,,,,ODN0005508959,z,right_only
BE5D749C-46AE-4986-8DBA-67E3443D819C,,,,,,,ODN0005509128,z,right_only
B3CB6C31-8F67-4759-9BC4-1E928B90AB40,,,,,,,ODN0005509358,z,right_only
09201BDD-BDAE-461B-9E71-33EE090F0CED,,,,,,,ODN0005509400,z,right_only
C97DA758-CAAB-4D3A-9485-4875C56577D8,,,,,,,ODN0005509455,z,right_only
FBB7ED90-45A3-4272-A0B9-EE7CB305D653,,,,,,,ODN0005509548,z,right_only
3F38714C-5B3F-40D8-8036-7003F28F4B18,,,,,,,ODN0005509557,z,right_only
E7049893-5C74-4BB7-977D-41D269BF87ED,,,,,,,ODN0005509569,z,right_only
45ED88E0-EFF5-4203-8F02-8B72AD61FFD9,,,,,,,ODN0005509695,z,right_only
F4AE6C5A-C79F-4471-AACC-2F5011073B76,,,,,,,ODN0005509711,z,right_only
1A7A8ADA-880F-4624-95D7-23AAF5D2DC8B,,,,,,,ODN0005509752,z,right_only
04BA25DE-D0AF-4C95-ADE6-0F3F0DC7363A,,,,,,,ODN0005509773,z,right_only
0AF5EA42-DC0F-4DAD-8D07-57BBDA3B9AB3,,,,,,,ODN0005509844,z,right_only
3C0E8340-6F3E-4A3A-830D-E9374B259DF3,,,,,,,ODN0005509881,z,right_only
BBF23E43-19F1-49DE-AC7B-8C0BCAB797E6,,,,,,,ODN0005509888,z,right_only
1AE9F045-6B78-4426-A314-08FDF44D6BD6,,,,,,,ODN0005509916,z,right_only
08121A2D-6E20-43C2-BBEF-B23D2DCB8A48,,,,,,,ODN0005509961,z,right_only
FACF88BD-4B4E-4615-AB7D-7F52CAEFA639,,,,,,,ODN0005510045,z,right_only
188F08BE-9838-47D0-B720-12D9B2200C43,,,,,,,ODN0005510128,z,right_only
53662D7A-ACD5-4E84-ADAF-597F7723F50F,,,,,,,ODN0005510138,z,right_only
E6AACE0A-5634-4156-B11F-9949201300EB,,,,,,,ODN0005510153,z,right_only
074F1CC6-CAE2-4FE8-91F0-1BB502A2DDB7,,,,,,,ODN0005510270,z,right_only
21EC3F6C-248C-465C-9EA7-7BA07DF34009,,,,,,,ODN0005510382,z,right_only
CF030354-C327-4574-AE1F-5D43FFC7D1CB,,,,,,,ODN0005510431,z,right_only
FD36004F-7437-4FE8-B80E-B23AECF50A05,,,,,,,ODN0005510449,z,right_only
A5AA9792-E0BC-405F-820F-46E7F2103307,,,,,,,ODN0005510545,z,right_only
E25D7068-EC2C-4CC0-BC1C-710797692ED1,,,,,,,ODN0005510561,z,right_only
692D931D-9F62-47E7-8963-334D13DD839E,,,,,,,ODN0005510622,z,right_only
A54C8A3F-BDD2-4A10-9979-B8AF684E3EAA,,,,,,,ODN0005510625,z,right_only
E721CCE9-6D04-482B-B7B6-642814482207,,,,,,,ODN0005510656,z,right_only
ED1F16F7-0812-4CDF-8C9C-92EC5333DCAD,,,,,,,ODN0005510672,z,right_only
FA0A5076-FD00-4F31-90F8-B8F512EC5B2C,,,,,,,ODN0005510736,z,right_only
DD5A3B13-E7EE-4D46-9B29-EA6BADD85DB0,,,,,,,ODN0005510806,z,right_only
ADE8FC95-4AE3-45A3-A3CA-BF73792BA76D,,,,,,,ODN0005510840,z,right_only
A7EDA337-F881-4F8B-B5F6-1C21F79AA6E0,,,,,,,ODN0005510843,z,right_only
C3C2717F-B2C5-46F9-B5D5-081939BC6879,,,,,,,ODN0005510880,z,right_only
BACE406C-97AE-4B32-8E86-A80F80E827A4,,,,,,,ODN0005510900,z,right_only
42D6F00D-81BA-4D9A-BD07-E6B4E2246BC7,,,,,,,ODN0005511068,z,right_only
5C27691A-880F-44A3-9669-64EC9FDFC4BA,,,,,,,ODN0005511222,z,right_only
CC29E0DE-D82C-489D-AC7E-88A94840EE8A,,,,,,,ODN0005511262,z,right_only
2D06ECC9-D70C-4809-9C30-C55DB1141D95,,,,,,,ODN0005511270,z,right_only
479AEB1E-D4C6-45BB-8057-13DAC0666060,,,,,,,ODN0005511303,z,right_only
CDDA7F0A-49C8-47CF-A952-2F1155D09F5B,,,,,,,ODN0005511306,z,right_only
60ABF484-0F04-495C-A103-D543C3D79B6A,,,,,,,ODN0005511310,z,right_only
681EB8F1-F335-43DD-A4EB-501F10FE3438,,,,,,,ODN0005511368,z,right_only
D26CCA2E-C5BA-46DC-98D1-597EBBBC4392,,,,,,,ODN0005511433,z,right_only
0E4FD523-1E74-4AA6-990F-5236D36A22BE,,,,,,,ODN0005511624,z,right_only
C86A53EE-DADA-4855-9047-1D62393703D1,,,,,,,ODN0005511643,z,right_only
028FBDCC-CDF6-4308-99CF-871EBFE26F68,,,,,,,ODN0005511691,z,right_only
AFE45AC2-D612-4F03-B899-C06B8C2F6BFE,,,,,,,ODN0005511824,z,right_only
00158FB0-3BFA-4732-BFB6-15D83BC0D2C1,,,,,,,ODN0005511890,z,right_only
E91A681A-91EE-4DB8-A81C-6D3CA86863A1,,,,,,,ODN0005511924,z,right_only
3AE9212E-3E46-4E05-B80C-884274D84372,,,,,,,ODN0005512060,z,right_only
135F5A39-A8B0-4D20-B90E-E9EF9A9B9432,,,,,,,ODN0005512084,z,right_only
A498DC5F-167A-483C-B266-1EAC84859F15,,,,,,,ODN0005512179,z,right_only
C6A29AFA-5597-4FF0-874A-A2834CE6D055,,,,,,,ODN0005512192,z,right_only
D06DDA4F-9670-4F3D-A1AF-21D974E0EEFB,,,,,,,ODN0005512246,z,right_only
E2862DE9-7C3D-4F7A-84E2-C4566D15854E,,,,,,,ODN0005512251,z,right_only
6BE63B5F-EBC1-44E2-A0F2-61186881192C,,,,,,,ODN0005512254,z,right_only
66AB80AA-58D4-4E26-9C51-D33C727C421A,,,,,,,ODN0005512261,z,right_only
48292153-CD86-4235-B6D9-58314EC5F9FC,,,,,,,ODN0005512277,z,right_only
5E6F1842-C880-4C19-95B8-F4E0F9B1D512,,,,,,,ODN0005512311,z,right_only
30AAE9E4-C9BB-4D67-9C76-B3233B9686FA,,,,,,,ODN0005512332,z,right_only
14AF1E17-FB8C-41D1-9D35-B9A9A225B590,,,,,,,ODN0003116910,z,right_only
25C0ADDF-4E80-40DB-9101-54DC5F45BC55,,,,,,,ODN0005385128,z,right_only
89BF45BE-B6F4-4646-A02B-ED65E8BE8453,,,,,,,ODN0005385152,z,right_only
622BB9CC-E800-48B3-B509-7CAB6E41DAB0,,,,,,,ODN0005385222,z,right_only
77FEAB47-5783-4932-A9BF-83194715D750,,,,,,,ODN0005385374,z,right_only
B14383A7-6611-475A-9BC3-D58AFD6AEDA3,,,,,,,ODN0005385402,z,right_only
C6E56E2E-26BE-4D3F-A523-2EB3DA286A79,,,,,,,ODN0005385403,z,right_only
2A3B3707-25E9-4A77-8B01-EB31A1DAC09B,,,,,,,ODN0005385405,z,right_only
54054CD6-38B6-4845-B62A-CBE89D18718E,,,,,,,ODN0005385438,z,right_only
3AEBE2A3-E141-47D4-8E2A-65E96F6BDEF0,,,,,,,ODN0005385595,z,right_only
034048A8-19CC-4712-B9E4-A0AF9A9480E0,,,,,,,ODN0002137504,z,right_only
02A55BA8-7FFD-4838-8F5B-370E30156A1D,,,,,,,ODN0002137506,z,right_only
E8F8AFF8-B008-4698-B266-0BC076024033,,,,,,,ODN0002138027,z,right_only
D53BB720-D76F-4F44-8D74-4C35E2A8CE95,,,,,,,ODN0002137629,z,right_only
46E5AA72-81F7-4803-8D28-1EAF027D3C67,,,,,,,ODN0002137645,z,right_only
EA300AA5-C6F9-453D-BD80-6F6CCEA21714,,,,,,,ODN0002137651,z,right_only
2F910AFC-C233-416E-8264-149D5348B326,,,,,,,ODN0002137672,z,right_only
FFBAD620-F6F8-4489-BC96-F020EF6F7DC9,,,,,,,ODN0002137678,z,right_only
7F2B8BAE-10D9-4620-9871-4A3F94BF926E,,,,,,,ODN0002137680,z,right_only
E57D7010-47E3-4036-A9DB-DA3376996876,,,,,,,ODN0002137785,z,right_only
6D21096B-CFFF-461E-BACB-38C89EE95FFE,,,,,,,ODN0002137848,z,right_only
A34BD661-4376-483A-A59B-014826EACBFC,,,,,,,ODN0002137860,z,right_only
38929343-A0E8-4029-903E-66357075AD3D,,,,,,,ODN0002137885,z,right_only
667E54B4-4CDB-425B-89BE-5E9993494A06,,,,,,,ODN0002137887,z,right_only
BD3EA4DB-5E7F-4F07-8416-D66E9DEF71AF,,,,,,,ODN0002138035,z,right_only
32C10D5D-63B4-4922-90FE-AB765E6E5255,,,,,,,ODN0002138049,z,right_only
E0A999C0-DCC0-4BF3-964D-80533250F29A,,,,,,,ODN0002138057,z,right_only
CEAE8496-59B4-4E25-84BF-2BFC2FB603C1,,,,,,,ODN0002138147,z,right_only
43C19B8F-7C7B-43A4-A990-87AA40E8B7A6,,,,,,,ODN0002138226,z,right_only
8C2B88B7-BEB0-45AC-A091-3B9476D26095,,,,,,,ODN0002138228,z,right_only
743F308E-3FC2-44C7-98B3-230BC105B4C2,,,,,,,ODN0002138304,z,right_only
919717AB-0348-49B2-B674-512B3E8D514D,,,,,,,ODN0002138317,z,right_only
E52778CD-28A9-468E-960D-4F101BADDF02,,,,,,,ODN0002138353,z,right_only
C76D1387-4A5D-468B-AAFF-DD4615E68B4C,,,,,,,ODN0002138358,z,right_only
7329E913-4476-48A3-B2E9-9BFB1593D6BA,,,,,,,ODN0002138362,z,right_only
786B25FC-68B1-4B65-BEFC-C2D17075D080,,,,,,,ODN0002138369,z,right_only
01F90CFF-8294-4AB8-8328-3538F4575FB2,,,,,,,ODN0002138379,z,right_only
7FBFDD18-F475-4A52-9C56-4E76A00DF34B,,,,,,,ODN0002138427,z,right_only
E19814FA-2339-49E6-B72C-C4837E8543EF,,,,,,,ODN0002138429,z,right_only
4374ECB4-C60F-42A1-AB82-FEA0F743278C,,,,,,,ODN0002138434,z,right_only
437CF8B0-FD6F-4ADB-8FD0-61306DE8444A,,,,,,,ODN0002138440,z,right_only
E9367F75-713D-41F3-81C1-7C9C29EDC5BA,,,,,,,ODN0002138441,z,right_only
67CA066D-B674-41DE-BDC8-084EEAF93D53,,,,,,,ODN0002138462,z,right_only
EA80D402-96A5-487B-B018-6F606BF9AB97,,,,,,,ODN0002138463,z,right_only
1F2A7E5C-71B5-4CD9-975A-AA4092685091,,,,,,,ODN0002138477,z,right_only
3FA3DC98-7135-4BEA-A435-011F7214E886,,,,,,,ODN0002138487,z,right_only
410E5315-E4BA-4174-A230-D3B5FF09B0A1,,,,,,,ODN0002138498,z,right_only
44A9F981-1B13-405C-8A87-35BD54DD9E96,,,,,,,ODN0002138500,z,right_only
FB269205-06D9-41EB-AB5A-2D206792440F,,,,,,,ODN0002138520,z,right_only
A115FE19-5C48-4718-81CD-E5D9F21DC741,,,,,,,ODN0002138521,z,right_only
5FC3D4C9-D43C-4118-B059-3723F0556912,,,,,,,ODN0002138522,z,right_only
8B17686F-F0D7-4949-84F4-B61CCC91C05C,,,,,,,ODN0002138563,z,right_only
0E638A32-88DF-49B7-BB50-923B1582E4AA,,,,,,,ODN0002138564,z,right_only
CD33F054-63AA-436F-81EC-8841895D193D,,,,,,,ODN0002138601,z,right_only
0D1F8032-EF84-41FA-AE57-CEA637DD292D,,,,,,,ODN0002138623,z,right_only
2953275E-621F-4BC5-8F32-7C242F9A8CBD,,,,,,,ODN0002138626,z,right_only
99FBAB60-858D-457C-8A55-A9D38AF808A4,,,,,,,ODN0002138627,z,right_only
858EF02E-F58F-4BF0-92A7-D0FBE7E52B3F,,,,,,,ODN0002138641,z,right_only
64E726CE-BEC7-468D-9779-57620898639D,,,,,,,ODN0002138646,z,right_only
7ECC12E1-CF2A-48EB-9F2F-311A2815FCA3,,,,,,,ODN0002138656,z,right_only
DE1A6CDA-B102-4EB5-A2C3-60E602A52AB0,,,,,,,ODN0002138667,z,right_only
29703F4A-0058-45A6-9C00-D9F7BB9CFF36,,,,,,,ODN0002138683,z,right_only
5FA149EC-6182-499C-B9A3-01CE84033020,,,,,,,ODN0004601580,z,right_only
9EFF9025-C066-4EF9-91E5-21B2F066D801,,,,,,,ODN0004601771,z,right_only
F97F438D-BC88-4BCA-AC3F-8CD2D6A8EDC1,,,,,,,ODN0003116888,z,right_only
D8FA8614-1EC4-4715-B78F-1DCFE937EDC5,,,,,,,ODN0005283619,z,right_only
1BEB3CFF-51D9-4743-8053-BC831B6B67EC,,,,,,,ODN0005447443,z,right_only
FC703A10-7555-4905-BE2A-C039E0B8D27B,,,,,,,ODN0005509286,z,right_only
3E77230F-89E5-4A3E-A414-C1EF3E3C628F,,,,,,,ODN0005447808,z,right_only
D34A5DCD-E414-4B6E-B4E2-43B5072A7D72,,,,,,,ODN0003117199,z,right_only
FA450A33-6522-4E5B-91DA-3D4047D24C26,,,,,,,ODN0005448144,z,right_only
8A0CA043-07C5-4848-8BD0-8C26BC9DCD5B,,,,,,,ODN0003225518,z,right_only
FF7744EF-08AE-4D7C-8CEF-9CDA31753DBD,,,,,,,ODN0005448191,z,right_only
AF8F96B5-AE6F-4EDD-89B6-6AE270BEB137,,,,,,,ODN0003460874,z,right_only
31FBA136-521F-4C88-BE5B-71F2BB722EC4,,,,,,,ODN0003460875,z,right_only
D39710C7-4A48-4D70-9C2A-176D2A6522E5,,,,,,,ODN0003460876,z,right_only
DE12D940-5F7C-4E0D-8299-C4E996E8FBD1,,,,,,,ODN0003460908,z,right_only
84BB7E8C-CC22-4DA2-95F4-A7D74B2C95AA,,,,,,,ODN0003622564,z,right_only
B32A7A70-BDF0-409E-903F-6785A04A27C4,,,,,,,ODN0003116901,z,right_only
43C4B831-E309-4EC2-B52B-690D35C5284C,,,,,,,ODN0003116994,z,right_only
7DDAF219-40D6-42B0-B0B6-8BF3B18F98E6,,,,,,,ODN0003225720,z,right_only
DAE34A82-40A2-41C8-875A-53FD2B33AAFA,,,,,,,ODN0003225721,z,right_only
19EC7EB4-C79D-4B9D-BB90-836DAED1B1EE,,,,,,,ODN0003117040,z,right_only
178EF56A-3D4F-4DA7-ACAF-12F37790BB05,,,,,,,ODN0003117074,z,right_only
EE312277-3667-45D4-85C3-D4C2D7D95EA9,,,,,,,ODN0003079509,z,right_only
0A2435C6-1F9B-4BAC-8527-3E3241A8C231,,,,,,,ODN0003079888,z,right_only
787BADE5-5090-499B-A393-2DBF00C70268,,,,,,,ODN0002137643,z,right_only
28E45135-FDE6-410B-A6E4-26CE2DF827E3,,,,,,,ODN0002137737,z,right_only
730AD824-4AF0-44DF-8175-20DC082923DB,,,,,,,ODN0002137749,z,right_only
65B747C1-471A-4365-A3FA-4FF19F9AE9B9,,,,,,,ODN0002137822,z,right_only
D4351F0B-8B4F-4D17-89C1-DB74707B7FF8,,,,,,,ODN0002138118,z,right_only
11BBBDED-55E2-4320-8995-7A52751DE05F,,,,,,,ODN0002138121,z,right_only
A0BBB82B-0EE5-4ACB-A71D-5AB4983D6A48,,,,,,,ODN0003970077,z,right_only
29A97E51-E1CF-4902-A547-CD8D6B0E4F35,,,,,,,ODN0002138361,z,right_only
FB750120-6002-4DA7-9EFA-61ECB8CCD401,,,,,,,ODN0003079923,z,right_only
0B68BBEA-5FD3-4A1E-8334-9C86B225C691,,,,,,,ODN0003079936,z,right_only
52BB854E-856A-4A5E-97A3-200CFDF424EA,,,,,,,ODN0003080165,z,right_only
F282712E-7078-4B38-8C6F-171D8F5043E1,,,,,,,ODN0003080181,z,right_only
22807BA0-1309-4A26-BF96-63D7EEF8C7DF,,,,,,,ODN0002138671,z,right_only
809B92A0-D213-4A5A-BF8E-AF8E8105283B,,,,,,,ODN0005509337,z,right_only
E8E5379C-D69E-4378-B6AD-C9678839F117,,,,,,,ODN0005510814,z,right_only
BD0D45D1-0063-4489-B074-315940110CDA,,,,,,,ODN0005511056,z,right_only
47BC141D-D813-43F4-9CA0-D3AA0C16090C,,,,,,,ODN0002138479,z,right_only
D19D4C81-1430-443F-8CEF-D894CD180A96,,,,,,,ODN0003079924,z,right_only
0F522937-1568-43EC-8A2B-AC81C0591AA1,,,,,,,ODN0005512028,z,right_only
5C57C884-5B61-4E2E-9846-95914241CB92,,,,,,,ODN0003116964,z,right_only
B1F99001-2BA5-4F98-90B3-9FC38289DABE,,,,,,,ODN0003079966,z,right_only
1D5846AD-3ABA-49F0-81D8-30F6C19DFA26,,,,,,,ODN0003080016,z,right_only
F5CB01BA-A1D6-42A0-ABAF-84F0D31514DE,,,,,,,ODN0003080089,z,right_only
8C3117D5-399B-49CF-B9E8-EDA85AD40089,,,,,,,ODN0005363857,z,right_only
332BE183-F06C-46D1-83F0-7B558F169067,,,,,,,ODN0005365604,z,right_only
C901C20F-4F8F-463F-AE65-8F7B3D8197C3,,,,,,,ODN0005365221,z,right_only
A2BEC5E3-31A6-48DB-A13B-38A41B5117DD,,,,,,,ODN0003256713,z,right_only
E26A1E0F-E444-4B20-B5D5-89B99E3245CF,,,,,,,ODN0005508929,z,right_only
191AF6C8-0A0E-4A2B-B1E5-805E2516C1AB,,,,,,,ODN0005283622,z,right_only
3DBF3E23-C164-4DAE-A4CD-7712CFCE1967,,,,,,,ODN0003116935,z,right_only
F1F6827B-B0DD-4BD7-A5BD-CF640BE947F6,,,,,,,ODN0003969976,z,right_only
CC04A9BB-EF31-4CD1-A56B-CADFD0519036,,,,,,,ODN0003969977,z,right_only
BB8E9C4B-B958-4F58-8A83-11E0843754B9,,,,,,,ODN0003117060,z,right_only
909FB7FB-5F67-4EC8-B4BB-C5B2B684777D,,,,,,,ODN0003622059,z,right_only
DF662BBD-5E84-458E-8124-222C5024B46C,,,,,,,ODN0004711088,z,right_only
E2DD253B-CED2-42F8-9D1C-919A0A2C8064,,,,,,,ODN0004711248,z,right_only
CFAD9817-10DD-4880-A4A8-CCDFA8CCD8E0,,,,,,,ODN0003970552,z,right_only
F2AAC3C4-3328-4C9A-85E6-A03F4BC6CD0C,,,,,,,ODN0003622177,z,right_only
06391F31-2554-4CCE-8691-A5B7A5BE6BAD,,,,,,,ODN0003622178,z,right_only
D95F05E1-0C12-464E-8C5F-C4024BCA7772,,,,,,,ODN0003622179,z,right_only
C13B164C-CA48-4749-81A1-B98784E8E0D3,,,,,,,ODN0003622180,z,right_only
6C545806-7A8B-4245-813A-2EBE80A3D8CA,,,,,,,ODN0003759655,z,right_only
27E52D42-0324-4556-9F3B-DEA6A5924C27,,,,,,,ODN0004007745,z,right_only
4C86695E-F34D-4A98-B6C7-BA577DB30084,,,,,,,ODN0003896636,z,right_only
63603139-9425-4A6E-A8E4-77D7F208C2DD,,,,,,,ODN0003897026,z,right_only
E7BD90E7-685D-4535-B0DB-921B5510FB41,,,,,,,ODN0003898049,z,right_only
AD639A64-D9F3-429E-A453-AA178D3339A0,,,,,,,ODN0003896393,z,right_only
5F18C268-82E7-4B65-8F0C-2F33FE1BC7A2,,,,,,,ODN0003700985,z,right_only
23D5BBC1-A8E1-4B1C-9CD7-7D725F8036D1,,,,,,,ODN0003301656,z,right_only
04EDD6EB-8B7A-4FDF-BF7A-1BB3F5615C02,,,,,,,ODN0005447647,z,right_only
C7D03344-00C8-4F1A-BB95-20898E3AA2D8,,,,,,,ODN0003757593,z,right_only
8F442777-355E-4A02-8187-F117FD449801,,,,,,,ODN0003757670,z,right_only
FA94E4E2-B06D-449C-A464-AB3E8C3D10DB,,,,,,,ODN0003301695,z,right_only
8F4DF1A1-2C6B-4FF4-A001-07ED838248FD,,,,,,,ODN0005447916,z,right_only
C98CEED0-6E0E-4699-B092-DC68312F0124,,,,,,,ODN0003927991,z,right_only
016A9CCA-3E88-4FCA-B6A9-C94491DD4709,,,,,,,ODN0005448180,z,right_only
B808C235-BDD4-4A96-8693-29D562504540,,,,,,,ODN0003363706,z,right_only
39602BE7-F625-417A-9BBD-323536E9EF91,,,,,,,ODN0005448198,z,right_only
3104C927-EB42-4699-B537-7ED5D65D9C63,,,,,,,ODN0005448304,z,right_only
2F2E0695-D088-4837-98E2-F7551957910B,,,,,,,ODN0005448312,z,right_only
231ADC5A-3382-4659-9920-66EE3CCA8FF0,,,,,,,ODN0003759584,z,right_only
1082ED34-5EE4-429D-AE16-726C7E0A7E54,,,,,,,ODN0003897886,z,right_only
6872433D-7246-4739-A23E-376D8E12325E,,,,,,,ODN0005448488,z,right_only
2A76F57E-A614-4C90-88D5-9B390C3BBA81,,,,,,,ODN0003002225,z,right_only
6479A0BA-89BA-4F04-848F-53A3B11843BE,,,,,,,ODN0003225229,z,right_only
D86F7876-6308-4C3B-9FBF-DFAA3E6B74B5,,,,,,,ODN0003079902,z,right_only
DBFC855F-965C-4886-B312-EECB52CD8A8A,,,,,,,ODN0003079916,z,right_only
E22256A4-C43B-44F9-BB4F-5DF7D28A8955,,,,,,,ODN0003079917,z,right_only
1F576076-A8FE-432C-BA57-44093656D245,,,,,,,ODN0003079941,z,right_only
06D51598-5168-43BA-97F0-094B77D94E4D,,,,,,,ODN0003080049,z,right_only
739145A8-1B47-41A3-9516-02AD6924DF27,,,,,,,ODN0003080050,z,right_only
1BCE7D68-F0AF-4CCD-B91C-69B02B822B54,,,,,,,ODN0003080051,z,right_only
510399B2-EEB0-411D-80BD-EA65F4AFE1C5,,,,,,,ODN0003080052,z,right_only
F5800490-4961-46A4-8A69-F0D8A506E369,,,,,,,ODN0003002416,z,right_only
08C89BE0-E226-4406-A66F-2B8E8F21B891,,,,,,,ODN0003225860,z,right_only
076BF7BA-D9A4-4D84-B307-06F7E9E8BE7D,,,,,,,ODN0003225977,z,right_only
AECD7A7F-BFB7-4D5D-B4B2-C8EADB87B09A,,,,,,,ODN0005163679,z,right_only
DE48D913-76BC-45ED-B350-E3F5D1399886,,,,,,,ODN0003256721,z,right_only
32352D10-42C8-4DD9-A4D3-9C47AEDBF4FB,,,,,,,ODN0003256887,z,right_only
574C6B3B-0230-4797-8AF7-28B74779B23A,,,,,,,ODN0003586158,z,right_only
43B50554-5E64-418E-967B-F42D17A13056,,,,,,,ODN0004677692,z,right_only
97FEF711-5228-467C-A524-517ED65D2A3F,,,,,,,ODN0005164289,z,right_only
928D5A9D-95F5-438F-8903-689CAD500317,,,,,,,ODN0005448326,z,right_only
E9181A28-02C3-4B2D-94A8-639A648BE0B1,,,,,,,ODN0003116875,z,right_only
5090EF8D-752A-4AB9-8407-3910CB7E3983,,,,,,,ODN0003116876,z,right_only
7F3D5557-5370-40A0-A99F-4FC1802C5AD5,,,,,,,ODN0003116893,z,right_only
E38C2FE8-7997-4582-8F27-77BB9CE9BA01,,,,,,,ODN0003116911,z,right_only
37264F58-3621-4012-8648-A499381602F7,,,,,,,ODN0003116913,z,right_only
092FF885-194B-42E4-8810-E726E3DCDFD2,,,,,,,ODN0003116922,z,right_only
48ED8606-BAD7-4010-BEA2-33B81D706BDE,,,,,,,ODN0003116941,z,right_only
71F3BE48-7EE1-41C9-95D0-7FC02A9347F6,,,,,,,ODN0003116942,z,right_only
81A52D90-2447-48FF-A01B-436C45112C00,,,,,,,ODN0003116970,z,right_only
FF44CA2F-9834-4637-94F6-2F3B9C522681,,,,,,,ODN0003117169,z,right_only
C57B7E0D-AAAF-4FD9-9B1B-EB69BFE6BB8E,,,,,,,ODN0005508650,z,right_only
904A475D-CE95-4203-B329-CF15DE9D3DB9,,,,,,,ODN0005508894,z,right_only
B25241CA-50B9-4412-9980-78C5F70217F0,,,,,,,ODN0005364681,z,right_only
DB8643B6-EDCD-43ED-BC41-22362BD19CB3,,,,,,,ODN0003002015,z,right_only
C44D0821-F379-40EC-8D8E-AE708EE59732,,,,,,,ODN0003080108,z,right_only
5C59CBFA-3EE3-4980-91FC-E4E3BCA425F7,,,,,,,ODN0003079937,z,right_only
4769B3F1-6728-473D-92FF-D4977DC3CC4E,,,,,,,ODN0005509846,z,right_only
755E7C6D-51D0-46D1-8BAB-9A1402539B13,,,,,,,ODN0005510447,z,right_only
E218500A-EB97-4B99-8589-61C5394735FD,,,,,,,ODN0005510450,z,right_only
427CFA45-4F51-4492-BD7C-30C438C4E70F,,,,,,,ODN0005510565,z,right_only
39CBC4BB-A5B0-4B3B-9AB0-8228E89F254C,,,,,,,ODN0005511772,z,right_only
4D8B7A7C-3B20-44FF-B736-DB87642B7187,,,,,,,ODN0005512208,z,right_only
829C6797-58E0-4A00-911D-3867347F6973,,,,,,,ODN0005512370,z,right_only
858ED8F6-B351-4E66-9E21-86908BE56DCF,,,,,,,ODN0005365233,z,right_only
B1603996-CAB6-4028-AF96-F34F7469D7CF,,,,,,,ODN0002035648,z,right_only
39EE375E-9CEB-472B-8A8E-B438BE1EA708,,,,,,,ODN0003969923,z,right_only
D5D92244-107C-4C1A-889B-BF19C7B52731,,,,,,,ODN0004007572,z,right_only
8F2C4FB1-DC6A-4D91-94C3-CCDE745F9C57,,,,,,,ODN0003080164,z,right_only
BC68D094-D353-4975-8686-944D7B76E0DB,,,,,,,ODN0002035924,z,right_only
57C4CC97-8113-4B10-8312-67E6342AA24D,,,,,,,ODN0005447655,z,right_only
893FE326-46DF-4B2C-B1D5-30BACB476C12,,,,,,,ODN0004601748,z,right_only
53979A58-20AB-4447-A827-D16EC29C4CD1,,,,,,,ODN0004601923,z,right_only
8D11610D-32E3-4984-A1CF-193873BDA2FE,,,,,,,ODN0005385425,z,right_only
D62AF130-720E-4FC9-9D27-2393A3210A5D,,,,,,,ODN0005385426,z,right_only
223B4360-ADEF-44A0-8AEF-02F37F6DD4A3,,,,,,,ODN0005385427,z,right_only
D8FEEF8F-00FD-4FAA-B054-FCD482291C79,,,,,,,ODN0003970146,z,right_only
1EC83F6C-0031-4A4A-92FC-9D3293F36B86,,,,,,,ODN0003079898,z,right_only
DB63CA11-0494-42AF-8B6C-02AB8C3AA661,,,,,,,ODN0003080070,z,right_only
88A8DAAA-31E8-4ECE-A4D9-832BCC87DFEB,,,,,,,ODN0003080171,z,right_only
B9F785F3-1C57-41D8-AFD9-D29EE68B369E,,,,,,,ODN0003080223,z,right_only
D14520DC-4B20-4C4C-AC0B-9ABCA772E002,,,,,,,ODN0003080256,z,right_only
05C31889-DF50-4264-9045-50F7DAE7A6B1,,,,,,,ODN0004007350,z,right_only
C813CF22-1E12-495F-ABBD-E7E36B0B1395,,,,,,,ODN0005508625,z,right_only
221ED412-B52D-40B9-A195-F3E1C7CE6DBF,,,,,,,ODN0002967542,z,right_only
2AAC19F9-3289-4E80-8294-6B2082D868C1,,,,,,,ODN0002967550,z,right_only
76F84758-FE7E-41FF-81A9-0CCED35C350D,,,,,,,ODN0002967575,z,right_only
B46488AF-EB12-4875-AAD5-5CE60C9F70F0,,,,,,,ODN0005508859,z,right_only
0926F4F9-8575-41F6-A6FF-225EC4234DB3,,,,,,,ODN0005508860,z,right_only
B37297F4-3571-4705-9122-F57DBFE1A2BE,,,,,,,ODN0005508861,z,right_only
BBFA7D75-CD7C-4A51-B430-758468A342D6,,,,,,,ODN0005508863,z,right_only
132765F5-75FD-44BF-AD2C-512207A61DC9,,,,,,,ODN0005510487,z,right_only
2531019C-E76E-4756-A0CF-E524992DA54F,,,,,,,ODN0005510490,z,right_only
E61DBC14-A6F3-4C78-BFF8-B963346A954B,,,,,,,ODN0005510601,z,right_only
8EC9ECE1-836E-46BB-A275-FE9CA8EAD59C,,,,,,,ODN0005510682,z,right_only
D3C79671-9C9A-44E5-8171-803BFA611FBC,,,,,,,ODN0005510695,z,right_only
D8F52D1A-E521-439A-B91B-8EFA811A8365,,,,,,,ODN0005510742,z,right_only
CA5D8D7B-7B6A-455A-82C7-642E2092D0A4,,,,,,,ODN0005510789,z,right_only
24B59318-E897-4D26-9029-D5FAFB3022F1,,,,,,,ODN0005510890,z,right_only
A9FA952F-F21A-478A-9E85-3024473C8593,,,,,,,ODN0005511040,z,right_only
998C014E-43BA-40F2-93A3-CC6C6B233675,,,,,,,ODN0005511194,z,right_only
14726F95-D949-4F35-BE77-CFD8FBC296E0,,,,,,,ODN0005511429,z,right_only
4613F9ED-66D4-4091-A1DC-C8645E751430,,,,,,,ODN0005511675,z,right_only
6DB73BA5-A733-4B24-BC1C-AECAFB972A3D,,,,,,,ODN0005512001,z,right_only
5C63DD3D-AA44-4F22-82D8-BB98BCAC48DA,,,,,,,ODN0002968027,z,right_only
0A36B51C-6F8F-4B35-BD88-3D3495F0151A,,,,,,,ODN0003204509,z,right_only
B284AAD3-1373-4C3C-BC3C-611010B1B3A1,,,,,,,ODN0005512133,z,right_only
A1C090BE-1AB5-48D9-9032-1FB81705492E,,,,,,,ODN0005027263,z,right_only
9E7F8D38-7950-4C50-94CE-567C1B8FD877,,,,,,,ODN0003080261,z,right_only
47345EFF-987D-4E91-98E2-14577793767F,,,,,,,ODN0003080031,z,right_only
370A7659-0E51-4EEE-8ADD-4CFB38A572A3,,,,,,,ODN0005027301,z,right_only
24CE67B2-6E35-4171-844C-656CC264AA0B,,,,,,,ODN0003080243,z,right_only
CA355624-9CE3-4668-8B44-0F01AB54AB80,,,,,,,ODN0005329110,z,right_only
AC3B1626-E7B8-449E-B224-D878781276F2,,,,,,,ODN0005329276,z,right_only
4B42ACD5-7F02-426D-8961-0AA619D5E8E0,,,,,,,ODN0002137577,z,right_only
379DA3E5-5806-4191-83A4-9E77B043548F,,,,,,,ODN0005040487,z,right_only
B5BB0D09-3191-486E-8998-2AACB6FC31D2,,,,,,,ODN0003116907,z,right_only
2EEB5788-87E6-41D0-8FA6-F4386221BF90,,,,,,,ODN0003116915,z,right_only
A54B8962-E2BE-4A48-B1C2-C1FE41F7CCAC,,,,,,,ODN0003116960,z,right_only
4A111B46-BDDF-40CE-91E6-3C6E67999141,,,,,,,ODN0003117085,z,right_only
8FE140DB-660E-4628-82A1-B00910996169,,,,,,,ODN0004174216,z,right_only
805EF09B-D3B9-4775-9EDB-4F47ED7442C3,,,,,,,ODN0005448211,z,right_only
30D0DF9F-7ACE-4518-AB7B-18CF3B417EF7,,,,,,,ODN0005027686,z,right_only
12258459-1B54-46C6-8253-7F457BBE3395,,,,,,,ODN0002137497,z,right_only
8D9A465D-070C-4BB3-947E-58AD39ABCB30,,,,,,,ODN0002137575,z,right_only
15DD499B-59E6-4836-93EE-61AC7CD8A025,,,,,,,ODN0002137649,z,right_only
808827D0-DF73-4043-BC76-E362EEB45819,,,,,,,ODN0002137842,z,right_only
A6AE1E2D-F5FE-4361-AE08-B132ED3B819E,,,,,,,ODN0002137868,z,right_only
F95F301C-F8BA-4974-8236-E1CD6127B097,,,,,,,ODN0002138195,z,right_only
BDBABD07-173B-4DC6-89BE-1556559BD65C,,,,,,,ODN0002138288,z,right_only
FD2EC445-CCF2-4D89-BAFC-676EA28C3C60,,,,,,,ODN0002138374,z,right_only
6FD5AFBD-A2CB-43B6-82E7-CDDAB329C4F7,,,,,,,ODN0002138444,z,right_only
998C2935-9A30-44CA-8579-3A710276CA1D,,,,,,,ODN0002938544,z,right_only
3B7A4965-D510-49DD-8ABC-8E2D73C77557,,,,,,,ODN0005511011,z,right_only
1E056DC3-9F04-44EA-A829-345BEC9C3A16,,,,,,,ODN0003117178,z,right_only
450F5C0A-84B7-4DD9-9031-A2EEB2274866,,,,,,,ODN0003117179,z,right_only
57587D66-FBE9-4918-8F37-7A79515CEDB5,,,,,,,ODN0003117181,z,right_only
F31A3D2D-D684-488D-BF59-A199A5D28318,,,,,,,ODN0003080071,z,right_only
F016BEBA-45A9-44AE-A100-FE2D43F2E706,,,,,,,ODN0005447435,z,right_only
9027B1FB-1D59-46EC-8914-8105F72302F7,,,,,,,ODN0005447438,z,right_only
48D268A1-5272-4A9D-AD0C-A5FC86AE6193,,,,,,,ODN0004710089,z,right_only
A507507D-92BE-48A6-B557-6D8258A6A86C,,,,,,,ODN0003225313,z,right_only
C00AD071-CEB2-43DE-8F7A-E8B8B23D945B,,,,,,,ODN0003225314,z,right_only
18BB296A-8BC3-48D9-97F8-032950077A2C,,,,,,,ODN0003225328,z,right_only
D7DBAA36-C9E2-4103-96C0-4F34681DB50F,,,,,,,ODN0003970577,z,right_only
29968233-222C-49C0-B799-A7EA0096875A,,,,,,,ODN0003225938,z,right_only
5361E54F-94D9-4109-93C3-D374D0071DFD,,,,,,,ODN0003116858,z,right_only
EC8E9942-077D-49F0-8BEB-81E93C3CDD4F,,,,,,,ODN0003116859,z,right_only
42B60A65-AE2E-4EB0-8F8E-6C0EE4EBBB0C,,,,,,,ODN0005447715,z,right_only
40995258-222B-4444-8337-BB635D70B378,,,,,,,ODN0003116918,z,right_only
D3976545-AAEB-4DBC-A905-C082D1600050,,,,,,,ODN0003116932,z,right_only
B8B52B66-A084-496A-A7BC-11A403EF5CDF,,,,,,,ODN0004601732,z,right_only
509F01CE-727F-4A00-978F-29446EE5D897,,,,,,,ODN0004710596,z,right_only
1DB8FC89-FC53-471A-9BCD-AC74C670FFEA,,,,,,,ODN0004007533,z,right_only
AB148445-F91F-4C83-98BF-157566660DA1,,,,,,,ODN0004007534,z,right_only
DF43E4A9-B2AA-4449-B5B6-0C020CCD79D4,,,,,,,ODN0003080073,z,right_only
74F53C92-609E-4CAE-9103-011DB5326496,,,,,,,ODN0004072132,z,right_only
8F04854F-AD99-4E19-8582-4B7CE84F0548,,,,,,,ODN0005385145,z,right_only
4E3295A7-471B-40D5-9B77-50A372DBD00A,,,,,,,ODN0004072220,z,right_only
35EF578D-4160-49A2-9DF5-2574415D6D8C,,,,,,,ODN0005447727,z,right_only
EF873FF4-BD58-49C5-BD40-8E27A909395C,,,,,,,ODN0005385293,z,right_only
274BBD84-8E2D-49DF-948C-6AF3A9F46F69,,,,,,,ODN0004072901,z,right_only
D95BE3C3-6D2B-4D32-BFAC-E7131A759E1E,,,,,,,ODN0005385300,z,right_only
CAE4E0CD-30C8-49C1-B88D-B3E25D2B0C0D,,,,,,,ODN0005385301,z,right_only
16F08200-A73B-4479-B83B-821013832408,,,,,,,ODN0005385448,z,right_only
368DE6F9-4191-475A-A424-384E158B2898,,,,,,,ODN0003080060,z,right_only
88EEC01F-3645-4936-AA30-8858251DFEFE,,,,,,,ODN0005385581,z,right_only
B3AF1D2A-BAAA-4F0A-806F-0D0E2E63C619,,,,,,,ODN0003080135,z,right_only
6A3D1495-EE0C-432E-8FDA-D03CA8EB9868,,,,,,,ODN0004007140,z,right_only
AED985BA-2372-487C-AA94-FA4133ABC29C,,,,,,,ODN0004072483,z,right_only
C8A4FAA4-9835-44DF-A88D-C5FCD0D10D79,,,,,,,ODN0004072485,z,right_only
A7EDA057-9EBC-4EDD-ABCC-48E9BE42DAE7,,,,,,,ODN0004072487,z,right_only
B7484CCD-CCE1-4F9B-8DB0-66ABBE2400A9,,,,,,,ODN0004072491,z,right_only
45A902A7-4C7B-42AA-84E1-5DF24D96F4CE,,,,,,,ODN0004072494,z,right_only
D9492233-8F49-45F2-AAF0-532C63993DA8,,,,,,,ODN0004072497,z,right_only
B08006CE-5716-47DD-8D42-C682BF4FC0DA,,,,,,,ODN0005447844,z,right_only
1422E5D2-EC0F-471F-ABCA-7292A527A17F,,,,,,,ODN0003079850,z,right_only
ED1388F8-0569-45DF-B1A1-59F5F518F1C9,,,,,,,ODN0005385142,z,right_only
16666265-5258-4F70-86FF-D9B019A6D457,,,,,,,ODN0005385144,z,right_only
F5639C62-1281-41D9-AE7C-CB1F58D633A8,,,,,,,ODN0005385146,z,right_only
8A8B24E9-A541-4197-BBA4-369D22297034,,,,,,,ODN0005385153,z,right_only
437D8763-FA69-43EF-9045-84775E410606,,,,,,,ODN0003116931,z,right_only
1D49E37C-F3B7-4062-BE33-108D2A015EEB,,,,,,,ODN0005448176,z,right_only
3AA95C14-E831-4006-8DC2-96CDCB0EB675,,,,,,,ODN0005385209,z,right_only
9A265473-7EDB-4715-872E-9BEC71B95751,,,,,,,ODN0005385320,z,right_only
A066B9F9-87B6-4AE8-8191-45836566274D,,,,,,,ODN0005385321,z,right_only
F809BA4D-9882-4BA3-9941-765FE61807B7,,,,,,,ODN0005385348,z,right_only
6255FC3D-EF60-40C7-ADA2-D3FA52BE040A,,,,,,,ODN0005385313,z,right_only
77F5054D-499E-428C-8A10-06EC1E6D9E26,,,,,,,ODN0005385314,z,right_only
B3043E63-A05F-44F7-A745-DD7A651973F4,,,,,,,ODN0005385310,z,right_only
347633C9-CCF5-470B-A730-966EA73F5392,,,,,,,ODN0005385311,z,right_only
9B8C79C5-E883-41EE-8E16-DDBAF57A0EF4,,,,,,,ODN0005385312,z,right_only
302A588E-F373-4290-9933-14EA2DBBE55F,,,,,,,ODN0005385316,z,right_only
A508FC99-28CD-4D04-8338-14A2346995F5,,,,,,,ODN0005385383,z,right_only
EAFC207F-1CC4-44FA-9740-CE0F88BEB120,,,,,,,ODN0005385539,z,right_only
017A1C67-1610-40EE-96D7-E3CA1F03AE84,,,,,,,ODN0005385540,z,right_only
B3A20780-A80B-47AF-8170-CBD4900DABCC,,,,,,,ODN0005385541,z,right_only
6E04E909-B11A-47D5-A087-962FA3DADD59,,,,,,,ODN0005385542,z,right_only
5E41E7A0-9F43-4B84-A62F-8CBF6F49782C,,,,,,,ODN0005385543,z,right_only
02904496-55BC-44C7-9F1D-71B2158F6ACC,,,,,,,ODN0005385552,z,right_only
4552FF4A-7D31-42D8-BE8B-124E8FC11887,,,,,,,ODN0005385594,z,right_only
4C764D6E-5353-4E00-A5E8-674BD8D95F96,,,,,,,ODN0001943249,z,right_only
F71A0223-9AD2-45CB-884D-4F97FF57DFDD,,,,,,,ODN0001943250,z,right_only
3FFCE5F9-1B7B-489C-AEDB-56FC2120E299,,,,,,,ODN0001943251,z,right_only
9E0A53B1-0C2E-4DC7-BEA0-2A26FF585143,,,,,,,ODN0001943253,z,right_only
9BB2DA9B-8A0A-4CE9-856A-A5ED71393ACA,,,,,,,ODN0003117172,z,right_only
F7B705E1-60C2-4E8B-B2AA-CA5CDF721E1F,,,,,,,ODN0003585042,z,right_only
D48D1473-4FC9-46F5-8D64-F29EAD3B67EE,,,,,,,ODN0005363713,z,right_only
03AC1D99-EBC6-426E-8371-A7D0FE98ACAD,,,,,,,ODN0003256694,z,right_only
C0A36727-5622-4FD8-88A6-3EED867AEAA4,,,,,,,ODN0003204411,z,right_only
9EB6D954-FA8F-4932-9805-22440B8FE484,,,,,,,ODN0003225583,z,right_only
E2704822-0627-4CDB-81F5-E562AC25A8A1,,,,,,,ODN0003225717,z,right_only
870C6071-C2F0-4195-8581-A18E2A27722A,,,,,,,ODN0003080057,z,right_only
4582EBD8-D932-4787-83B8-C8D08CAFB44F,,,,,,,ODN0005026846,z,right_only
94FDE39E-E9A6-4896-BB31-418F24BE01CA,,,,,,,ODN0003116883,z,right_only
EFA5E74E-BDE6-4AAA-9502-55FA3E9538E6,,,,,,,ODN0003116895,z,right_only
A9FEC892-9A0B-470D-9544-45DA7EDDCB9B,,,,,,,ODN0003117006,z,right_only
B60650DB-2CD2-414E-92B9-514F1925F400,,,,,,,ODN0003117041,z,right_only
876728F5-EAEE-43F6-9A2E-AE0BF605F50A,,,,,,,ODN0003117076,z,right_only
674502C2-5297-4D36-9618-9D6A625D492B,,,,,,,ODN0003079512,z,right_only
100E313A-BB5C-481F-B28C-CF262F147BBA,,,,,,,ODN0005510923,z,right_only
426BB035-1C04-42DD-B81F-F7B7F298305F,,,,,,,ODN0003079901,z,right_only
66E9F906-48DE-4E2D-9A7D-136C3824D179,,,,,,,ODN0003079930,z,right_only
7F6D3453-C313-4B4E-9601-8736B9946B9C,,,,,,,ODN0003080047,z,right_only
ABDA59E5-5C82-4E3E-AC98-2B38FB6DEC56,,,,,,,ODN0003080098,z,right_only
DDA47CF3-B135-4CEB-9220-71556AAE12CF,,,,,,,ODN0003080129,z,right_only
C86293AA-2482-48CD-BB1B-696543FA65AA,,,,,,,ODN0005028403,z,right_only
2A82B856-434E-408A-B893-E11250E7B7D8,,,,,,,ODN0003080259,z,right_only
C4F2EAC3-4FD5-4C3B-AAF2-D55A4332D87B,,,,,,,ODN0003080263,z,right_only
CDAED206-73D7-4BE3-92FA-30E52B9FC210,,,,,,,ODN0003226009,z,right_only
3D25B16E-F202-4203-8694-E1EDC2FBC594,,,,,,,ODN0003079892,z,right_only
B7F2B28E-FF17-434E-820D-A8A43B4324B5,,,,,,,ODN0003079900,z,right_only
355F367A-0ABC-43A5-84F4-E33C929F5CBA,,,,,,,ODN0003116904,z,right_only
57756894-4736-4B33-941B-B9EA7EF9BF9B,,,,,,,ODN0003079965,z,right_only
833BA132-A22D-46DE-8E3B-2C7C3DD0ADC9,,,,,,,ODN0003080079,z,right_only
1C5C1358-C604-4868-BAD9-0F2DD6EC7F20,,,,,,,ODN0003080167,z,right_only
4DB5A806-A6D2-4D48-A0C4-7D4EDB6CC5BA,,,,,,,ODN0003080168,z,right_only
2E0AC229-0569-454E-9F5E-31861EB38567,,,,,,,ODN0003080064,z,right_only
12E44C90-552F-4886-8BE4-4BC62B2B715A,,,,,,,ODN0003585165,z,right_only
4CA870B2-20D7-44A6-A462-711014BCD63E,,,,,,,ODN0003586186,z,right_only
5CA68F26-6750-44E3-9CD4-F24C58470338,,,,,,,ODN0005363573,z,right_only
8AF30D16-1144-4440-8F7A-AF9B875EFD32,,,,,,,ODN0005447591,z,right_only
F8A8D33B-536C-4873-A080-AAEDC743C396,,,,,,,ODN0005363856,z,right_only
C1FB6C7E-F99E-4853-9A09-9DD9C6DD5E9A,,,,,,,ODN0004359275,z,right_only
10B3668F-1ABD-42F4-9446-86A95D3BBF25,,,,,,,ODN0003116963,z,right_only
C392353C-C613-402A-8D94-D0F5A9092065,,,,,,,ODN0005447807,z,right_only
A06FE95F-FD98-4FF6-B233-18D80D84D997,,,,,,,ODN0004710247,z,right_only
2A3F646F-DC36-4936-8750-989D80348100,,,,,,,ODN0003117088,z,right_only
D6A07826-CBE6-4390-B288-CF7071993B24,,,,,,,ODN0003117146,z,right_only
0ACE688E-B45A-4381-AF14-C2E16FE0A36A,,,,,,,ODN0003117147,z,right_only
D285798C-7359-46B9-B8F2-63CE7E00065F,,,,,,,ODN0003117148,z,right_only
5185801D-83C3-40EF-B8AF-451FDD1159B9,,,,,,,ODN0003117150,z,right_only
B93C1260-E12B-4C72-85D3-EA57DED28118,,,,,,,ODN0003117152,z,right_only
C79520F9-1114-43CD-A90D-D15348E95CCC,,,,,,,ODN0005364326,z,right_only
1417C5B2-9CF3-4DD4-96F7-DEF515C23500,,,,,,,ODN0005364332,z,right_only
D784B389-837F-40B9-A080-B2DDCBC00E47,,,,,,,ODN0004359360,z,right_only
02D3EB2D-FCB8-4392-8D77-F344B9974BF4,,,,,,,ODN0004359365,z,right_only
C7335426-E293-4A78-A5B6-912FFC7E6C1D,,,,,,,ODN0005447982,z,right_only
52841C50-0EC7-4379-A223-0B16AC193A27,,,,,,,ODN0005448035,z,right_only
AC4FE46B-D537-407B-9179-B7C7AE9A05A1,,,,,,,ODN0004359416,z,right_only
FCE1DC8E-894E-4BDD-BF4A-E51CBC378506,,,,,,,ODN0005364837,z,right_only
E665F184-997C-4408-94FA-EE009D886408,,,,,,,ODN0005448195,z,right_only
8449FD29-857F-4CB8-AD09-F6B038D31091,,,,,,,ODN0005448196,z,right_only
AFDF33A3-15D6-41D5-A647-6556D1F81161,,,,,,,ODN0004359458,z,right_only
3ABE88D4-AFF6-4C06-A671-F027D71C9EFF,,,,,,,ODN0005365335,z,right_only
AD908C97-3862-47C2-8594-F20962A67D30,,,,,,,ODN0003080155,z,right_only
7877B4AF-2FDD-4BD5-885A-F2FBCD75CFDA,,,,,,,ODN0005511197,z,right_only
12536D28-5349-46B6-B1D4-2ED893BC6580,,,,,,,ODN0002138547,z,right_only
D713DB91-15FD-4239-B383-3C1FAEAE643B,,,,,,,ODN0005447599,z,right_only
9930E977-ED5F-41DD-8D42-453B9ACE80CF,,,,,,,ODN0005447652,z,right_only
34F0F9F9-932B-4855-B3F6-C0801C15721C,,,,,,,ODN0005447867,z,right_only
97BA62EB-72E9-4F2D-9751-C3C4346E14A9,,,,,,,ODN0003117015,z,right_only
F6FAC47D-B894-41D5-B2E0-82179045FC46,,,,,,,ODN0002211213,z,right_only
DC23019C-A0B0-4C80-AC1F-2119E7B7F050,,,,,,,ODN0001906634,z,right_only
B73EF727-1F47-4DEA-94BC-9992062D5799,,,,,,,ODN0002828352,z,right_only
0497E384-9FDA-4B77-BA00-2FE30C1E937C,,,,,,,ODN0002828370,z,right_only
B4CE926F-A1EF-43AD-AAA2-C4F774532E62,,,,,,,ODN0005239454,z,right_only
8F1EEAD9-16F6-4C9F-B977-60F18FCBABFF,,,,,,,ODN0004617519,z,right_only
4D2D9FD0-E4F1-455C-9322-9E99AA30F136,,,,,,,ODN0004567292,z,right_only
277E56F6-BFF6-47E2-9BEF-7A9B5F308A7F,,,,,,,ODN0004678417,z,right_only
656D8022-93B3-4ADE-B312-D2290688A809,,,,,,,ODN0001987575,z,right_only
A6343213-CEE3-4783-AF26-5DE300EC0AE8,,,,,,,ODN0002409357,z,right_only
BC8F4410-C085-4A7A-9170-2B374DB4A508,,,,,,,ODN0005057023,z,right_only
315426B0-F645-4599-8490-231D60DD6319,,,,,,,ODN0005014073,z,right_only
66E25C7A-A12D-4880-BC9A-1513D409D014,,,,,,,ODN0003286765,z,right_only
062A0191-D847-4513-BD5B-13269E619CFF,,,,,,,ODN0005254540,z,right_only
29315B13-08E4-491E-92EB-8F60D90B8540,,,,,,,ODN0005113433,z,right_only
96A35110-3AB3-473C-8412-2263ADE7D92B,,,,,,,ODN0005426285,z,right_only
ACBE8FF5-FDDF-479F-BD61-D41278215158,,,,,,,ODN0003300227,z,right_only
9C96294E-F207-4886-B489-BF806A68D4A7,,,,,,,ODN0003006569,z,right_only
14BB23B0-2119-4D7A-A194-0AC2E1265C52,,,,,,,ODN0005055143,z,right_only
82670866-AF85-49D7-8E5B-224DBED35962,,,,,,,ODN0005113487,z,right_only
6557A813-093B-44F6-8D61-F47471CBE2F5,,,,,,,ODN0005300994,z,right_only
2031AB59-04B8-46EB-BABF-892F714E4872,,,,,,,ODN0002010950,z,right_only
040E36E6-03CA-4FF3-A15C-46A5EAD30102,,,,,,,ODN0003820761,z,right_only
A38FB498-44F5-47FB-9E40-4CFA631CAF91,,,,,,,ODN0003307931,z,right_only
C0C2DCCE-9299-4278-8848-18CAF3A5BB73,,,,,,,ODN0003325417,z,right_only
7C7B81ED-F4AE-46A0-BBD2-FC53D83EA895,,,,,,,ODN0005353507,z,right_only
91194984-5221-4D74-A3E5-C66B982998F2,,,,,,,ODN0003210646,z,right_only
F08B863B-DD52-445E-BDB2-A47015DEE5D2,,,,,,,ODN0003348023,z,right_only
A86F9261-61D6-4FA0-85A6-294543314221,,,,,,,ODN0003294640,z,right_only
3840E104-D4B4-42EE-A53A-526B5E7C5EF6,,,,,,,ODN0002881880,z,right_only
C62C07EF-F635-416A-86FB-4D648389CC10,,,,,,,ODN0005300902,z,right_only
7CF1D16F-1C3A-4319-9D4B-192F432B17AC,,,,,,,ODN0003746012,z,right_only
2D0C5685-12D7-496C-B41F-0920FD36705F,,,,,,,ODN0003598758,z,right_only
173BFD3D-F4FF-4EB4-BD14-1F1B32ABA719,,,,,,,ODN0003598782,z,right_only
60EDFF98-4641-4FB0-B18E-C2A48C4DFF97,,,,,,,ODN0003173713,z,right_only
F236B5AB-24DD-4547-A013-DE074321BFCD,,,,,,,ODN0003050687,z,right_only
9D5AFB0C-6CF1-42B8-B22E-5AA88A361B06,,,,,,,ODN0003348049,z,right_only
1AA43B10-68A3-4A95-903C-505A84A90080,,,,,,,ODN0003224743,z,right_only
1B2B6E13-55E8-429F-AC26-94459A49421F,,,,,,,ODN0003515921,z,right_only
90F7C67F-BB62-4403-9938-114AC024F687,,,,,,,ODN0002696880,z,right_only
D8552AC5-B0AF-4009-9ACC-AF0A54D10695,,,,,,,ODN0003358825,z,right_only
8132AA69-11BF-42F3-8B13-DC29730A56D3,,,,,,,ODN0003278661,z,right_only
04B8569F-700A-430B-B90E-3F74E010CFA6,,,,,,,ODN0003820824,z,right_only
4CFDD65E-FFFA-4C65-97EE-1C687FA66270,,,,,,,ODN0003224764,z,right_only
8DD1E1E8-8265-472D-AF48-DCDB838C2B79,,,,,,,ODN0003278667,z,right_only
B3F29260-519C-4261-948B-3854EAB6003F,,,,,,,ODN0003170138,z,right_only
9EEC22F7-1FCB-41FB-AD33-42C7D23D72F5,,,,,,,ODN0003224771,z,right_only
E72F0D52-8111-451A-A61E-538CCF21E354,,,,,,,ODN0003516114,z,right_only
8D4FADDD-71BD-4257-8F19-D4C2F1156A49,,,,,,,ODN0003210715,z,right_only
8833235B-8B52-441D-8BEC-FC35D308A1BC,,,,,,,ODN0002995661,z,right_only
D6D72702-ED5D-48AC-AEE8-26EE8C76D975,,,,,,,ODN0003278664,z,right_only
B64DEEA8-7300-4E66-8DAF-67D96E05D14A,,,,,,,ODN0002421469,z,right_only
29915CDD-9181-48EB-8FA3-B0EDA6FF0CEB,,,,,,,ODN0005373361,z,right_only
FFDF6736-BB17-492A-AC28-B2E5A9816B88,,,,,,,ODN0002519597,z,right_only
BDAE340B-001F-47D7-AB1F-A67061B4EC4C,,,,,,,ODN0002262101,z,right_only
01F1B428-6C7E-46EF-89BB-680CD23E1185,,,,,,,ODN0003754786,z,right_only
A07A0627-D970-4EDB-AC5A-7C8F25F5BF48,,,,,,,ODN0003294634,z,right_only
E24B0F8E-0EAF-4B4D-8877-689C95419B7F,,,,,,,ODN0003173212,z,right_only
31AD239D-10DD-42B8-B740-A3B580170620,,,,,,,ODN0002407392,z,right_only
B7FF0DA5-C991-4CFE-9C53-154402E09BAB,,,,,,,ODN0002967071,z,right_only
BA44B5DF-531E-42CB-A5BF-6205F47554BE,,,,,,,ODN0005495967,z,right_only
EFF8F032-F817-4AF5-BCDF-CF1CA7E433CB,,,,,,,ODN0002260799,z,right_only
56D3D2A8-96F3-46B5-AE7E-C842FDCD3C7D,,,,,,,ODN0002696813,z,right_only
26CFE79D-9ADB-4F98-B558-F8EF832A17D3,,,,,,,ODN0002518427,z,right_only
74097CD8-9567-4726-BF7D-29A7B56E88E2,,,,,,,ODN0002288154,z,right_only
9C43A7B6-5ABD-46F0-AE97-E41665A6CDDB,,,,,,,ODN0004186249,z,right_only
E88F30D5-03B8-42C8-8687-B8729BE2FB06,,,,,,,ODN0003918726,z,right_only
330B264F-83D5-4A7E-9CD4-35D73C30D70D,,,,,,,ODN0003114806,z,right_only
C7B322E9-D09E-4F1C-BD69-A6E28406C59F,,,,,,,ODN0003873445,z,right_only
54AFB2E4-66E2-4166-9A50-F8941C4F875D,,,,,,,ODN0002590057,z,right_only
BB241323-FFF2-46FE-90D3-FF810F936296,,,,,,,ODN0002902653,z,right_only
9AAEC0CE-8491-4A11-A6FB-5297035B271C,,,,,,,ODN0003348019,z,right_only
99B26EB0-6E6B-4A2F-A666-16791C7531FC,,,,,,,ODN0002910442,z,right_only
94DF6345-E8E6-4817-A122-504584DA11DB,,,,,,,ODN0002902657,z,right_only
587CC633-D157-4926-A6A8-7CE403C6DEFB,,,,,,,ODN0003167806,z,right_only
FC4E5F27-8D56-4E91-9C0A-E379DD364A57,,,,,,,ODN0003286755,z,right_only
27693661-9C0A-491A-89E3-9B753642EA94,,,,,,,ODN0004678284,z,right_only
58613475-2C0D-461D-8F93-E58005AC63E1,,,,,,,ODN0003967669,z,right_only
14757D96-5788-4517-B848-A8A878ED6E49,,,,,,,ODN0003467030,z,right_only
260459E2-1547-44BE-B818-6728A6405770,,,,,,,ODN0003128468,z,right_only
EEE4A720-6EFD-4EBB-BDF0-AA85E5F6C0C9,,,,,,,ODN0002558725,z,right_only
5B5F018A-F65A-4DBF-93C2-F46FB9B00788,,,,,,,ODN0002596296,z,right_only
CBB248AB-5117-4C0D-8BB7-479CF7019A61,,,,,,,ODN0003210716,z,right_only
4B2E9760-8B15-4B22-AAC2-C258CEAABDFE,,,,,,,ODN0003020666,z,right_only
0641A2D7-7939-4005-B7ED-AA5CA1ED4E90,,,,,,,ODN0002995665,z,right_only
881D6642-AAE7-4579-9562-7F7D810EF69B,,,,,,,ODN0003210717,z,right_only
22FE9D74-17B8-491A-A4CF-DD670A5E59C8,,,,,,,ODN0003139388,z,right_only
B083B7D6-DC2D-422B-BBC2-57AB8E891B91,,,,,,,ODN0003210719,z,right_only
0DCA86E7-3799-4C75-8058-E2C5131D3BB1,,,,,,,ODN0002440273,z,right_only
E6430A03-93D0-4F2E-BBA9-08676A837D3F,,,,,,,ODN0002678283,z,right_only
59AEFE5E-AFFD-4B99-9A53-ED79A9EA32E3,,,,,,,ODN0002288297,z,right_only
859277EB-C441-4D06-8475-A4C73A11ED6B,,,,,,,ODN0003260920,z,right_only
F23B44E7-D5B5-4EAB-926F-E92F6DA1F514,,,,,,,ODN0003210721,z,right_only
2C88C95B-9E5E-46E3-AD16-1C1EB28D40E2,,,,,,,ODN0004186263,z,right_only
02406435-7EF8-411C-BFD5-A42E22BC627C,,,,,,,ODN0003767330,z,right_only
9F40F98B-5E70-41E9-A96F-EE259A2F410E,,,,,,,ODN0002564175,z,right_only
317EB4A8-DB67-4042-85E2-A41291804FDF,,,,,,,ODN0002806433,z,right_only
580387CF-F860-459F-B4DF-8E7FF0215964,,,,,,,ODN0002806436,z,right_only
78234E19-F3AC-4F5E-838E-84F868CE9BAC,,,,,,,ODN0002408918,z,right_only
847BEF69-6384-4195-BB79-07FE32EFBD3B,,,,,,,ODN0002806566,z,right_only
72F67792-7216-4F61-B921-34D40D175DF2,,,,,,,ODN0003467034,z,right_only
22A0ECA2-8472-4CC6-AA98-2A0439936E71,,,,,,,ODN0003260924,z,right_only
1FB4932C-3831-4621-AEBC-76248226F5D7,,,,,,,ODN0002806618,z,right_only
BEE12FFF-6265-4F49-AF21-771BABCEA3F8,,,,,,,ODN0003381594,z,right_only
1ADE29EC-FCD1-4951-A9C3-5A797C642836,,,,,,,ODN0003210724,z,right_only
6D2B1101-18E6-48B9-89D1-E230592CC4B9,,,,,,,ODN0002663653,z,right_only
83E3F359-F838-490F-BA18-3FFDF104E808,,,,,,,ODN0003036066,z,right_only
FB16B32B-2DF7-4482-8E1A-A1908B125536,,,,,,,ODN0002288437,z,right_only
468031DC-6AA6-443B-8CA3-C7F98C6E4A6D,,,,,,,ODN0002288489,z,right_only
8B90348D-8A9A-48B8-82A1-C4643030D520,,,,,,,ODN0003224714,z,right_only
25C22B63-F2EC-4AA6-B3E1-C42811D73057,,,,,,,ODN0002696847,z,right_only
80708047-F672-4309-810B-1B062AD899A4,,,,,,,ODN0003348043,z,right_only
B8CD0714-CE68-483A-9434-B9AE01FA4961,,,,,,,ODN0002411228,z,right_only
4F1F11BC-77BA-4220-80DC-CAA4DA7D746C,,,,,,,ODN0002288715,z,right_only
F74C5D1E-EC35-495D-8E9A-DA33AAB2AFBA,,,,,,,ODN0004053306,z,right_only
B76404CA-421C-4394-BFE2-7B75A429454F,,,,,,,ODN0003348045,z,right_only
EFF042B8-053E-425F-B0AB-ECF6B8FB1C9D,,,,,,,ODN0005113416,z,right_only
F2ED5451-7495-462B-B069-E0C6B0BD6DEB,,,,,,,ODN0003746016,z,right_only
BC2E6A80-5FB5-4247-AB46-1BFB81206638,,,,,,,ODN0002564184,z,right_only
29788832-DD51-4A2F-8CE8-6B49BBD64F27,,,,,,,ODN0002261563,z,right_only
600C876F-5675-4AFE-A96E-66E4E4EF20AA,,,,,,,ODN0002400343,z,right_only
A987DFD4-7E83-4EF2-87A4-890263F87810,,,,,,,ODN0003857834,z,right_only
4BC252AB-ABB2-4DFD-BAA8-1DA7C6D61BCA,,,,,,,ODN0002889904,z,right_only
AC1789AE-B633-454E-977E-563DBBBF366A,,,,,,,ODN0003625599,z,right_only
FBC926EC-B6EA-48D0-BE05-F23395C1629D,,,,,,,ODN0002289107,z,right_only
B0C8A45E-911C-4498-9CDB-82F63C612517,,,,,,,ODN0005289251,z,right_only
58D62C1F-1107-4628-8832-867AB63278A3,,,,,,,ODN0002602046,z,right_only
9F16EC5C-139A-45D8-BE80-BC9AD8D942E1,,,,,,,ODN0003754954,z,right_only
E0C09BAD-CA76-4233-AF80-A58BFF84D14C,,,,,,,ODN0002902714,z,right_only
ED7525F3-01DD-452D-9611-66C6D0187DA5,,,,,,,ODN0003467046,z,right_only
A374EBE5-7B1F-4D52-9DC5-177EC6598AF6,,,,,,,ODN0002829456,z,right_only
93172433-1ED2-444D-B951-D53777A124B2,,,,,,,ODN0002289522,z,right_only
2E40D8F1-0B90-4E70-8CB2-47BE71B65481,,,,,,,ODN0003020717,z,right_only
12FF1089-FC7B-47B2-A655-502261E9EB22,,,,,,,ODN0002945735,z,right_only
8B058F42-CD53-4356-A837-D6D9A4DF04BD,,,,,,,ODN0003114767,z,right_only
720294EE-9C57-4B10-8647-332E821AECF5,,,,,,,ODN0003467047,z,right_only
590AD789-D140-4871-BA7A-ED8E09FF4BB9,,,,,,,ODN0004589223,z,right_only
C3720939-6E7C-4A2E-BB96-851ECB6F8007,,,,,,,ODN0003114790,z,right_only
D3954779-3773-45EE-927D-63E98856961B,,,,,,,ODN0003128559,z,right_only
7F62356D-E2C2-4E1E-A1E5-FBE846799CCC,,,,,,,ODN0004053365,z,right_only
93E13E83-8DCD-491D-9F22-DF617B52EC57,,,,,,,ODN0003300240,z,right_only
66AAFA7A-EC2B-43FB-8B6F-DF8F61C065B9,,,,,,,ODN0003128563,z,right_only
3C591DBC-AB31-4FE8-8A1F-F3AE9DFCEF1F,,,,,,,ODN0003307974,z,right_only
9E1E5BD3-C476-4FE4-961D-ED57EFCC2A75,,,,,,,ODN0003114803,z,right_only
06A3C355-EAB9-4328-B9D8-DE7144D1BA2D,,,,,,,ODN0002829701,z,right_only
0B6BE9FA-843A-42A7-B3D3-C870C4B0696A,,,,,,,ODN0003231634,z,right_only
50C243F1-FC36-471B-9253-7B44D4F80153,,,,,,,ODN0002630834,z,right_only
A1BECB55-449A-4026-A420-484159A3D2F3,,,,,,,ODN0002289942,z,right_only
ACC067AD-EE10-4EC0-8D86-9F3FBB2D9494,,,,,,,ODN0002400425,z,right_only
105C04D1-A9CA-4016-823E-DB453DDC1365,,,,,,,ODN0002829734,z,right_only
6573AFBC-0356-483F-B1E6-3E8D993BB033,,,,,,,ODN0002503178,z,right_only
05F9CF09-0F1F-47A9-A04B-4F22AC9E6F57,,,,,,,ODN0002558915,z,right_only
DFBB6948-3888-4494-9268-94E7FE0ECB04,,,,,,,ODN0003820836,z,right_only
046412B6-37D2-4D40-8DA8-B8795ED18528,,,,,,,ODN0003254267,z,right_only
ACBFB852-00D6-42C1-83FE-CD1BC41169A4,,,,,,,ODN0002696888,z,right_only
17ECC533-8F74-41CD-8630-B161F03570D6,,,,,,,ODN0004855223,z,right_only
0C3A43BA-0252-45EA-B158-D76622B08D78,,,,,,,ODN0005289218,z,right_only
36041F7F-28BD-4822-85D2-6B14684B06A8,,,,,,,ODN0004998554,z,right_only
3C4D0766-3EB4-4CD8-9278-4FAC92ED219E,,,,,,,ODN0004735425,z,right_only
7756A02A-F235-4223-A6C1-330B3A17E541,,,,,,,ODN0003933077,z,right_only
31A2ACCD-28FC-4976-919E-0C19DDDC9265,,,,,,,ODN0005014077,z,right_only
88163AE7-B490-4D80-AEA3-7903B8ECB3AE,,,,,,,ODN0004822032,z,right_only
3452B6B9-17A4-4BF3-AD91-EF8BFD4F59DD,,,,,,,ODN0005289243,z,right_only
236ABD7E-A8D7-43DD-BCAB-5776A031763E,,,,,,,ODN0004280496,z,right_only
03F0377F-6F61-4517-988B-EFDAC9EACE25,,,,,,,ODN0005496001,z,right_only
BB085B02-7C5B-4173-A7E9-10D8DE185BC3,,,,,,,ODN0004727680,z,right_only
78199FEA-7506-4330-AF75-7D693F1539AE,,,,,,,ODN0002421735,z,right_only
5BDA3CA2-7D6F-4C6B-B574-C0567D66AF46,,,,,,,ODN0005373377,z,right_only
E333BEC2-3AF0-437A-9DA8-EFD5D24861D0,,,,,,,ODN0002001129,z,right_only
061742BB-5986-4831-A568-BA2AB063BCAB,,,,,,,ODN0003515519,z,right_only
56988BEC-9085-4642-B148-FCDB810A09CA,,,,,,,ODN0003598500,z,right_only
27D3550D-21EB-4E98-B7A2-73359F9BBB48,,,,,,,ODN0003515520,z,right_only
A0BD38BC-4803-47E4-ADB6-4F12BC60AF07,,,,,,,ODN0003381533,z,right_only
1F88CD9E-C216-4CE3-AD4E-BDBF25E2E156,,,,,,,ODN0003348009,z,right_only
E594AB7B-2C75-4112-AC83-B59B9656C9DD,,,,,,,ODN0003167461,z,right_only
E0E0D988-1234-4687-95B9-35DAE195DD4B,,,,,,,ODN0003167469,z,right_only
090776E3-7558-4561-AD69-2949C877A041,,,,,,,ODN0003325419,z,right_only
3C204DFA-3995-4F85-9F17-3B389E165C9F,,,,,,,ODN0003358588,z,right_only
8C256756-3578-41BB-BF6F-762CF223D9CA,,,,,,,ODN0003271790,z,right_only
902E0DC5-2361-49D7-95AF-DDFA9DE20694,,,,,,,ODN0003167491,z,right_only
7BA521E1-9A5E-4E37-83EC-E4A800247DBD,,,,,,,ODN0003307933,z,right_only
D0629733-C840-4A99-9AD1-857FE4BF5838,,,,,,,ODN0003300188,z,right_only
FFE6B5D2-3AD9-4F8A-8D71-C7C995D5163C,,,,,,,ODN0003167533,z,right_only
E0A94A3C-D862-4D1F-BA11-A078D9F2CCFB,,,,,,,ODN0003348017,z,right_only
8EFD8111-198F-4C43-B789-CB44C9C8EFEF,,,,,,,ODN0003381550,z,right_only
E18B4FED-5076-4404-B4CA-81FBF2EF56EF,,,,,,,ODN0003271793,z,right_only
30A079E8-2A49-420D-841A-9B021E80C081,,,,,,,ODN0003358599,z,right_only
A4587DAD-AFC7-46D2-845E-629CDD50C149,,,,,,,ODN0003278626,z,right_only
709D50D2-DF96-4358-8B26-7AAE577DCFDC,,,,,,,ODN0003515528,z,right_only
1BD9A9D6-5B55-4C54-9A75-F3C35AD77D49,,,,,,,ODN0003381571,z,right_only
DD3A83FC-EC0A-47B2-9D58-F34F3FEA65F4,,,,,,,ODN0003325437,z,right_only
7893A9FA-B77C-47FB-808B-FCBA7D68CDE6,,,,,,,ODN0003358615,z,right_only
1FB7FE29-56CA-4558-B5AB-5998A6915ADD,,,,,,,ODN0003515564,z,right_only
C6BFBE00-7C3B-46A3-88E1-7B0DF824E6CC,,,,,,,ODN0003332299,z,right_only
AB2AB3A2-9C1F-41AD-A814-6553AC070B49,,,,,,,ODN0003271805,z,right_only
2FFF27AA-F20B-41FE-ABBA-55C46C2CB106,,,,,,,ODN0003325443,z,right_only
27B51484-B99C-4F2C-A5DA-5348259163DC,,,,,,,ODN0003381608,z,right_only
F13ABC4B-B517-4067-9C24-9E411133FFDA,,,,,,,ODN0003167980,z,right_only
A5034781-80E8-48E5-ADE0-65004F4ADB39,,,,,,,ODN0003381620,z,right_only
C6A897AF-8729-412F-920B-EE2681107163,,,,,,,ODN0003348037,z,right_only
D75C55EB-819A-4662-BD55-759DE23136A3,,,,,,,ODN0003332301,z,right_only
6AF4F614-72DE-46A9-AC1E-C0574099BF6A,,,,,,,ODN0003300209,z,right_only
21413B5A-81E5-4353-9A94-0D43A5DB8080,,,,,,,ODN0003286771,z,right_only
3BF6F419-4B0A-4298-A137-E1175F336D89,,,,,,,ODN0003515731,z,right_only
7E7B53CC-0C62-4802-9D45-D222BE08138C,,,,,,,ODN0003358815,z,right_only
27896983-4141-4572-B97F-BE334D85CD9F,,,,,,,ODN0003307954,z,right_only
0E37FA8A-6A67-4F8D-AD04-7BCA8D3D221A,,,,,,,ODN0003358818,z,right_only
43148541-537F-4496-93BE-0565EF263DEE,,,,,,,ODN0003300229,z,right_only
5E3881B8-F536-4E10-8A8B-94A7C510F17E,,,,,,,ODN0003515852,z,right_only
90177EDA-9361-409A-9B4B-B59668952083,,,,,,,ODN0003381645,z,right_only
826661BF-4478-40B1-8049-E14BA4896F74,,,,,,,ODN0003294667,z,right_only
40EE653D-42CB-4A49-9B10-34D168B9E155,,,,,,,ODN0003332303,z,right_only
ACE37A19-6DD0-49F3-B5D8-499A728751A5,,,,,,,ODN0003300233,z,right_only
9A168184-EBF1-424D-8CEF-8D9E8A82C21E,,,,,,,ODN0003381658,z,right_only
7B06BADC-D361-494B-949D-D9B42986FEA1,,,,,,,ODN0003381659,z,right_only
D30EE385-04D8-48EB-9DBD-9E1FAD95963F,,,,,,,ODN0003381661,z,right_only
E094385F-3A82-40FF-A4AA-DF7D714A95F4,,,,,,,ODN0003653950,z,right_only
4B4656ED-2A93-488B-89C9-CF92B0E88206,,,,,,,ODN0003515896,z,right_only
CA6E7FD3-C19C-428C-BABF-3DCB8FB44D1C,,,,,,,ODN0003332304,z,right_only
9E87B751-3AD2-4233-BC41-61521419ED13,,,,,,,ODN0003348050,z,right_only
2CFEAADD-FBBA-4DC3-ABD6-CD5C917D0D2C,,,,,,,ODN0003271825,z,right_only
E4D32715-6511-4448-99F1-9987DF9B7B3B,,,,,,,ODN0003294668,z,right_only
16FBD2E9-6333-461C-8A7D-333EFF786740,,,,,,,ODN0003325489,z,right_only
5619A4CB-1298-4950-A369-7C483D8AE62A,,,,,,,ODN0003381669,z,right_only
598BF505-17E4-4536-8775-D5AFD40604CD,,,,,,,ODN0003381671,z,right_only
43968C8B-AB0F-4D96-BFCE-1EB3ED0F591A,,,,,,,ODN0003358823,z,right_only
224A1830-A7B5-4684-B8FD-633C84CE50EC,,,,,,,ODN0003300236,z,right_only
C72B3CC8-32C5-47AD-884A-5A524B8C9975,,,,,,,ODN0003332305,z,right_only
E5B371C4-D7E0-414A-96C1-6554DEC051AA,,,,,,,ODN0003381678,z,right_only
9DA0CCF3-E43F-4599-BCCD-79432E8FA8DB,,,,,,,ODN0003515925,z,right_only
653ECEC4-39EC-4E2A-9520-001D49A6DDCD,,,,,,,ODN0003381681,z,right_only
08B71C4B-268E-48D9-B510-5DB59412C5EA,,,,,,,ODN0003271828,z,right_only
17193E24-0AE6-4290-A1E7-550695866170,,,,,,,ODN0003515935,z,right_only
B8BBF327-7FEC-4E80-9052-31F999AB9813,,,,,,,ODN0003169370,z,right_only
BF768013-1029-41AE-BB1A-DD5795CBFFE8,,,,,,,ODN0003169447,z,right_only
DF24453F-F1BE-4D74-A065-FBA8494F634C,,,,,,,ODN0003169449,z,right_only
A2D61967-9071-4C5B-BDE1-453D50AEEC85,,,,,,,ODN0003169457,z,right_only
CC06B25D-2096-471B-9DD9-14EEFE152FEE,,,,,,,ODN0003169495,z,right_only
890623D3-4E38-4EB6-A348-068107270ACC,,,,,,,ODN0003169556,z,right_only
7B1897C8-4452-419C-A338-7FA15841D7B0,,,,,,,ODN0003169566,z,right_only
36BEFFE9-6A16-4158-B8C8-E8B11A60FA32,,,,,,,ODN0003169576,z,right_only
5CD91D41-B8C8-4CC1-9872-D33F988BC72A,,,,,,,ODN0003169579,z,right_only
0279FB1D-70A6-4E29-8306-C76175F7C0CA,,,,,,,ODN0003169585,z,right_only
4E8215EB-6AA6-48D1-B5F0-29F72957CEC6,,,,,,,ODN0003169591,z,right_only
922E2322-0D9D-4DA6-A341-A56C81FF3641,,,,,,,ODN0003169594,z,right_only
2D43904A-A7AD-43F7-8130-71412F9A3F27,,,,,,,ODN0003169597,z,right_only
1E02FB9C-749B-4803-AE38-1A1E536A85E0,,,,,,,ODN0003169613,z,right_only
1DCC6EDE-5BF6-45CC-9DBD-A17D6FDE2244,,,,,,,ODN0003169623,z,right_only
B32F9149-0734-456C-8A72-848AFDAFECF4,,,,,,,ODN0003169636,z,right_only
EA3B5A7D-0E35-47E5-924C-C059001032D8,,,,,,,ODN0003169637,z,right_only
AE869478-681E-4695-B7C0-AE61B5D8C9D2,,,,,,,ODN0003271831,z,right_only
E60B7EF9-1B0F-43AB-AAA7-FCAF0AD5F249,,,,,,,ODN0003169638,z,right_only
1297D1A7-89B9-40DA-BF2E-51515D13C35A,,,,,,,ODN0003169639,z,right_only
FEEB1F63-B850-41BF-AF88-95D1D424DDE4,,,,,,,ODN0003169641,z,right_only
9D07C16C-0472-4E02-9E35-5039FCD99545,,,,,,,ODN0003169642,z,right_only
075E3165-F447-4466-9E3C-6492BE1C35ED,,,,,,,ODN0003169643,z,right_only
98F2B93E-5C26-48C9-A140-012458DAA250,,,,,,,ODN0003169644,z,right_only
4CAB3876-B27D-4463-961D-542497A17CE1,,,,,,,ODN0003169645,z,right_only
CC118576-B5F3-42B5-AC94-D2DE45329A23,,,,,,,ODN0003169646,z,right_only
D942F668-AA36-45AC-976A-287B01F4834C,,,,,,,ODN0003169647,z,right_only
7A332B85-E210-4D8A-B2A5-720492240987,,,,,,,ODN0003169648,z,right_only
A97ABBFA-C57E-47A9-AF53-3F2DFC1EAF73,,,,,,,ODN0003169649,z,right_only
E1BCA6BC-5FA3-46BA-8741-313213F6B0F0,,,,,,,ODN0003169650,z,right_only
85053D5D-6752-4140-A317-F728DB6C2621,,,,,,,ODN0003169651,z,right_only
F8138C30-3845-4546-B157-7BF5A9E268AB,,,,,,,ODN0003169654,z,right_only
A5EB31C2-AB00-4CCF-B8F2-10C7D5469F1E,,,,,,,ODN0003169655,z,right_only
1751BEAA-A118-4EA3-9EFB-5ABA67513989,,,,,,,ODN0003169656,z,right_only
49EFA52E-D01B-48A9-BAB1-2F4D82DB56EF,,,,,,,ODN0003169657,z,right_only
5289E0C5-B149-4BA0-B7B1-76B1CAFD26B7,,,,,,,ODN0003169658,z,right_only
C0E17FE5-BA5E-42CE-85B3-0637EF8D9C97,,,,,,,ODN0003169659,z,right_only
4957CE8D-27E7-47BF-8C6C-B9B61A82FC55,,,,,,,ODN0003169660,z,right_only
24DC8088-A598-4A99-AED9-83A5C84FD092,,,,,,,ODN0003169661,z,right_only
BE9C45C7-4C05-49FE-88C0-BEC337F51E16,,,,,,,ODN0003325503,z,right_only
0A58F200-F240-4353-A08E-36E8993EA66F,,,,,,,ODN0003169701,z,right_only
E01B3D58-54C3-4AAE-9ABC-111ADB2D347B,,,,,,,ODN0003169808,z,right_only
215FAD9E-F024-4D55-9534-A7CB9EF08691,,,,,,,ODN0003516030,z,right_only
32C01DED-2327-4F3B-B9D2-C50C323B23F7,,,,,,,ODN0003169821,z,right_only
CE2E82AE-1D35-4CF2-B457-E789C0085583,,,,,,,ODN0003169832,z,right_only
59967269-717C-4039-ABC6-73A065FA2E3D,,,,,,,ODN0003169835,z,right_only
B3A9227B-973E-48C2-B652-CB060742702B,,,,,,,ODN0003169840,z,right_only
5F6E9F9A-8A60-4513-9490-DE7145397E39,,,,,,,ODN0003169853,z,right_only
FA0E3076-47CC-44CB-961E-D26A62066D0A,,,,,,,ODN0003271833,z,right_only
C9059451-CA40-4FE5-B8D6-48289C000D2D,,,,,,,ODN0003169854,z,right_only
AE2D66C9-7297-4B5E-8DC0-1855E7050906,,,,,,,ODN0003169855,z,right_only
0C46B661-F079-42EE-AD93-3DF632C64593,,,,,,,ODN0003169856,z,right_only
B16E798D-E360-4E5E-AF77-511741034A35,,,,,,,ODN0003169857,z,right_only
6770018F-2B14-46F8-A174-0F866803BDD2,,,,,,,ODN0003169858,z,right_only
3C5A0E16-115E-4D73-B0C3-9FFCBF7D360D,,,,,,,ODN0003381695,z,right_only
F2CE8C6F-22B3-47AA-A651-9F4A21EF009B,,,,,,,ODN0003169859,z,right_only
262DE586-38F5-45A8-A10F-2E02322D9D28,,,,,,,ODN0003169860,z,right_only
B6DF70CC-6FFE-4C27-9B80-88A855E393AD,,,,,,,ODN0003169862,z,right_only
04368CB6-BFBD-4039-99E8-418E2EEADBA7,,,,,,,ODN0003169863,z,right_only
DEA5B421-0EEB-4F72-B63B-13B169E67261,,,,,,,ODN0003169864,z,right_only
B5256FCD-22FB-4D2C-BB62-B2AEE985E018,,,,,,,ODN0003169865,z,right_only
0451A3E3-EB58-4461-A1E5-07AF679A3F5F,,,,,,,ODN0003169867,z,right_only
81063ED4-3016-429B-9E32-9FF2E5CC30F1,,,,,,,ODN0003169868,z,right_only
088F27E3-0A30-40E7-BDAC-27C05C970E71,,,,,,,ODN0003169869,z,right_only
E115233E-5179-4DE8-B28C-9300EB28F3CF,,,,,,,ODN0003169870,z,right_only
5965271F-8D6D-4935-8A27-0A73EABF703C,,,,,,,ODN0003169871,z,right_only
9A3CF140-9AFD-4A6E-A7D6-620C49CDADB0,,,,,,,ODN0003169872,z,right_only
9A587011-2FFB-4983-B071-ADA797187A39,,,,,,,ODN0003169873,z,right_only
5C4457C2-0E24-4BEF-8C01-6BB3D8ED6538,,,,,,,ODN0003169874,z,right_only
74FAAE6C-24F0-4043-AF0F-4E5E932203FB,,,,,,,ODN0003169875,z,right_only
6018E2A8-E77B-434F-A7E3-504E517071BA,,,,,,,ODN0003348058,z,right_only
294FA451-1CB3-4704-BC58-7676B6706DBC,,,,,,,ODN0003169876,z,right_only
C1F9B510-561A-48B2-892E-C1692A907DE3,,,,,,,ODN0003169877,z,right_only
4363C22C-20F2-4CEA-9DE6-691384026655,,,,,,,ODN0003169878,z,right_only
D97F28BB-B2DE-4672-9D08-C46DF81F7ACB,,,,,,,ODN0003169879,z,right_only
3F74965D-EC44-4D01-A024-C47F6D573BDB,,,,,,,ODN0003169880,z,right_only
CB4F4FBF-055E-4415-9D63-4C782FEF24B5,,,,,,,ODN0003169881,z,right_only
B75575DC-2A9C-4CAB-9514-F18E33DF75AB,,,,,,,ODN0003169882,z,right_only
F3887BCE-9F01-456C-B1F2-B7E50C0B6D70,,,,,,,ODN0003169883,z,right_only
B84AEF1F-ED07-4597-A67D-B53B9522FE96,,,,,,,ODN0003169884,z,right_only
23C87218-E50C-4C29-AA59-5D70ED44AC9D,,,,,,,ODN0003169885,z,right_only
D2330D40-C2F7-4F01-BB9B-7CB255213CB4,,,,,,,ODN0003169886,z,right_only
96BBE3A7-75D7-4002-BDF1-13C043C56BBD,,,,,,,ODN0003300241,z,right_only
4B0070F7-B69D-4570-ABE5-E125AEC9FC33,,,,,,,ODN0003169887,z,right_only
EB40C1D7-1488-42F8-85DC-B56FC79F64A2,,,,,,,ODN0003169888,z,right_only
FE70E73C-58DD-4FE3-9F70-77B76EB9720E,,,,,,,ODN0003169889,z,right_only
8F2B4C61-9F33-4884-9CA0-1995CB4E08B5,,,,,,,ODN0003169890,z,right_only
582580B8-616F-4344-B2E0-43C113FE366E,,,,,,,ODN0003169891,z,right_only
ADD61DD8-4CE2-497D-AAC0-4F0E4256D60C,,,,,,,ODN0003300242,z,right_only
6FD51729-765C-44A5-8C10-6F1E3623CE60,,,,,,,ODN0003169892,z,right_only
F36A373A-2DFD-4959-975F-5E2BD7BCC5C0,,,,,,,ODN0003169893,z,right_only
0A0D15B7-8B8C-41FB-BA87-06D7A41BCFD5,,,,,,,ODN0003169894,z,right_only
C3B1A814-1B76-4A58-8A9D-C3EBDFA5AD48,,,,,,,ODN0003169895,z,right_only
D51FCBBA-2057-40DE-82C0-1D673DA45AE5,,,,,,,ODN0003169897,z,right_only
250319DE-59BA-48A0-8186-50B0641C0A0B,,,,,,,ODN0003169898,z,right_only
584A580F-56ED-4ADB-B25F-0E98F92551DD,,,,,,,ODN0003169899,z,right_only
32BE33E3-40F7-42FE-8D70-225F49BD114E,,,,,,,ODN0003169902,z,right_only
B757AFE8-58BB-4FBD-B780-10EF37A650E9,,,,,,,ODN0003169964,z,right_only
F2369693-D723-4EDA-B320-782DB8CE1E88,,,,,,,ODN0003170018,z,right_only
8BCA7EB6-D1FE-4C67-A5E5-EB930727DD85,,,,,,,ODN0003170030,z,right_only
91C40E3E-4E53-475D-92D2-481333D4E5AC,,,,,,,ODN0003170036,z,right_only
E91C5FA5-8428-4926-B3A1-37F3904070E0,,,,,,,ODN0003170049,z,right_only
BE05BD2B-6B7E-47D5-99CE-44986B5F7980,,,,,,,ODN0003170052,z,right_only
7BD18530-3212-4935-B39A-CC13B23261E5,,,,,,,ODN0003170078,z,right_only
AC71B0A5-2610-4C56-B66A-1D9488F20564,,,,,,,ODN0003170086,z,right_only
80CF7EA3-D8A9-425C-A861-63EDBA609F6A,,,,,,,ODN0003170090,z,right_only
6CDC55E5-AF33-45F2-B99D-996DE0F61F69,,,,,,,ODN0003170098,z,right_only
F6194EB6-60FD-43BE-A28C-18D4C2E2EF24,,,,,,,ODN0003170102,z,right_only
A7CAFC36-7ABE-444F-8206-A25C5738ABEE,,,,,,,ODN0003515522,z,right_only
236A556A-8915-45A3-94D1-B9F0BFCB2C02,,,,,,,ODN0003170104,z,right_only
D59AF870-201F-4C16-BD16-7D924CA304C6,,,,,,,ODN0003170106,z,right_only
429ADF5E-847D-4CC7-8A20-396C5EBFADA7,,,,,,,ODN0003170109,z,right_only
9379D6EC-2732-4D63-BDAC-0F4C62D1A4D1,,,,,,,ODN0003170111,z,right_only
4DC448F7-DD67-407E-8F6D-44B3D1EAF82E,,,,,,,ODN0003170116,z,right_only
DD69FF1D-CAC1-4F0E-B960-8F777CA9E80B,,,,,,,ODN0003170118,z,right_only
645AA30D-31AD-4F01-85D0-A5D3472FC5D2,,,,,,,ODN0003170121,z,right_only
DAE38623-482B-44BE-A0DE-5B57F81E5B15,,,,,,,ODN0003170123,z,right_only
8ABEEF41-A61B-4F94-A141-FE10BFF0F169,,,,,,,ODN0003170151,z,right_only
7613330E-758D-420E-A51D-C0FA90EE6D73,,,,,,,ODN0003170154,z,right_only
B077319B-96F1-431B-B0FB-FB91DFA822B2,,,,,,,ODN0003170156,z,right_only
AE7C195B-2988-43D1-8D29-B79AC9C28B50,,,,,,,ODN0003170159,z,right_only
C4FD8885-CA88-4FE0-864D-3084665D4B76,,,,,,,ODN0003170162,z,right_only
4A656B55-898B-4215-A254-D9DB2838F3CE,,,,,,,ODN0003170183,z,right_only
88EE9717-771E-4E30-862F-188D2B018AD2,,,,,,,ODN0003170206,z,right_only
AF321D4D-F907-4254-BCE7-653997EA415C,,,,,,,ODN0003170210,z,right_only
011C3B1B-1D01-4AED-B734-03422595D6B3,,,,,,,ODN0003170232,z,right_only
5C5790C3-F27E-4106-8AD2-A3D891EE167D,,,,,,,ODN0003170249,z,right_only
6E8A9E3B-A66B-4731-8615-1601368F514F,,,,,,,ODN0003170251,z,right_only
65E76839-A4A1-4B0B-8FA5-87F0F7CC45AF,,,,,,,ODN0003170253,z,right_only
56EA9C97-83EB-44E4-8696-CE78DF469592,,,,,,,ODN0003170265,z,right_only
936F41D6-0A57-4A6A-8CB7-C893C9F1D377,,,,,,,ODN0003170296,z,right_only
42771E9E-9D7C-465A-A9AD-34B8CD2341F6,,,,,,,ODN0003170300,z,right_only
ECB518EE-CEA2-40F0-B2DE-5B0548EA5119,,,,,,,ODN0003170312,z,right_only
F3D55615-DDC5-4A16-A8CC-2D06E96D535B,,,,,,,ODN0003170353,z,right_only
05517644-EBF7-45E5-8BBB-988E94EEFBA8,,,,,,,ODN0003170362,z,right_only
52BF12C6-359C-4C88-9003-6C3AEA01253F,,,,,,,ODN0003170374,z,right_only
42D3352E-FA83-4D17-9413-5E4EC5F07440,,,,,,,ODN0003170376,z,right_only
B602C145-1947-4047-ACDE-7D4417FA352A,,,,,,,ODN0003170391,z,right_only
72F944E9-B5A6-4D3A-B8C7-A85AB31747F9,,,,,,,ODN0003170446,z,right_only
CB5BAC7F-B60D-4C08-B59E-0ED217B75D46,,,,,,,ODN0003170452,z,right_only
EC654FD0-1528-4F64-928F-C769D2FA0A79,,,,,,,ODN0003170471,z,right_only
C0A03E98-C21D-4709-BCF1-B126A1CB706E,,,,,,,ODN0003170590,z,right_only
6BA740CF-DF48-4B94-A989-F7164713B785,,,,,,,ODN0003170593,z,right_only
C9075F92-9B8C-4DEF-A509-6EE402B5AEFC,,,,,,,ODN0003170596,z,right_only
F12A38E0-96B4-491D-9C8E-39271964B851,,,,,,,ODN0003170600,z,right_only
6294251D-1A5D-4E5B-8EEE-CE2880EF4CE6,,,,,,,ODN0003170606,z,right_only
CEE85550-DB6C-449F-B086-D936902E2D86,,,,,,,ODN0003170609,z,right_only
1D94C511-DC6D-4D92-8C95-45074D3473B5,,,,,,,ODN0003170612,z,right_only
92578806-B984-498B-9BB9-21C6432EBF45,,,,,,,ODN0003170614,z,right_only
DF916AFA-F463-46A2-826C-2363E2EC8145,,,,,,,ODN0003170618,z,right_only
DC6C88ED-2D43-4853-85E2-3F5296E45CC2,,,,,,,ODN0003170656,z,right_only
CD7B71CA-75E6-4938-8D45-AB0F31F20772,,,,,,,ODN0003170658,z,right_only
5389AFAF-3AA1-4FFD-9BF4-6A0FDCF0E8FB,,,,,,,ODN0003170671,z,right_only
2509B4F4-9985-439E-A840-558BF916BCC2,,,,,,,ODN0003170674,z,right_only
556FA6E1-7107-4BE6-8CD2-9AACCC350F96,,,,,,,ODN0003170685,z,right_only
1EDDB822-101F-4072-9A13-70E362E52385,,,,,,,ODN0003170694,z,right_only
8CA737D0-C11E-42F4-A79F-BEF9E2C597EB,,,,,,,ODN0003170702,z,right_only
6BA5E92A-2643-4CD4-800B-CF292F7494DE,,,,,,,ODN0003170709,z,right_only
DF236BDA-0D96-4782-9F2C-3B08B3938B66,,,,,,,ODN0003170713,z,right_only
5AC06361-CEBF-4B95-A337-D0B501DB0AB0,,,,,,,ODN0003170723,z,right_only
35C91745-9F14-44DF-AB66-2BB1F5B12988,,,,,,,ODN0003516128,z,right_only
A7A58C97-C6D9-476E-937F-60F53B0B42C5,,,,,,,ODN0004083164,z,right_only
6CB6FDD8-B9EB-4D4E-A475-96E53108D7C7,,,,,,,ODN0004998457,z,right_only
589D0AF5-B393-4CDE-BEB2-C827A9C503E9,,,,,,,ODN0005289119,z,right_only
E981CA33-F690-42F2-A57A-4003979C78F0,,,,,,,ODN0002106633,z,right_only
94DBFEB9-5C7F-48AB-AD84-FB73312A13E0,,,,,,,ODN0005321131,z,right_only
C2ED64B5-8F31-4B63-8FA9-0419C6249B54,,,,,,,ODN0002010787,z,right_only
1AB31923-4B35-4231-9808-3BD66E2713ED,,,,,,,ODN0005075218,z,right_only
F4EFC87D-2BE8-44B6-82AE-BE45D0E6CFFA,,,,,,,ODN0005239479,z,right_only
22641A12-C44F-481B-BD33-A4637AB06091,,,,,,,ODN0004589253,z,right_only
E6CE32D7-82A5-4E18-9AFD-29AF57C57167,,,,,,,ODN0002630840,z,right_only
4A558124-F2A4-4ED1-A245-A92EFE964DC9,,,,,,,ODN0003246275,z,right_only
C5679D00-F083-4526-BBDD-96158C711A48,,,,,,,ODN0003036033,z,right_only
5445606D-1FA4-437E-ADD7-147829E75903,,,,,,,ODN0005495969,z,right_only
B5E55D69-87C8-4F3F-8839-880EC4E4520C,,,,,,,ODN0002981392,z,right_only
2EE66630-66EC-4319-A5D2-1640ACDA63E1,,,,,,,ODN0002703624,z,right_only
A4962DF2-222F-4797-A57A-1A793E2CF4A0,,,,,,,ODN0002260835,z,right_only
A7242C6C-0F12-41C3-9D7A-0F7819F39CE5,,,,,,,ODN0004636290,z,right_only
DE4B5705-71D7-4B1E-9C56-A2FDE3DBB1E9,,,,,,,ODN0003278630,z,right_only
272028F4-F715-4734-B256-C22BFCB6165D,,,,,,,ODN0003128475,z,right_only
7256266E-91EC-413A-8F67-944B6365D060,,,,,,,ODN0002464807,z,right_only
15370AEF-5963-45BC-A923-C48D2CC52953,,,,,,,ODN0003238739,z,right_only
F0221CDB-3F42-46E1-899A-8D495E051670,,,,,,,ODN0003745996,z,right_only
AFDC26A7-2927-4A17-9C9E-F47E994A773C,,,,,,,ODN0003020673,z,right_only
65E3C265-4F36-4A7B-8D3B-4CCE9CEEC1AD,,,,,,,ODN0003128485,z,right_only
BB4C8143-FDF5-4B74-A81B-C6A7E3F1246E,,,,,,,ODN0005028530,z,right_only
16F8CBB0-0E40-44C4-8BED-CC9C68ABB912,,,,,,,ODN0004727634,z,right_only
DEABBFFC-2763-414D-B4F8-CF5284E23278,,,,,,,ODN0002630781,z,right_only
F411B1C0-5091-4DE6-B448-6BB06D2486DA,,,,,,,ODN0002669548,z,right_only
1CF94545-D6AD-4274-B3AF-263407DF21AF,,,,,,,ODN0004653253,z,right_only
7089D9DC-4CE7-4824-B019-78297C51364E,,,,,,,ODN0003857724,z,right_only
663AC352-5588-45A9-B809-072BBED946B2,,,,,,,ODN0004998512,z,right_only
C768B185-701C-41AB-A9F6-52A7565AF332,,,,,,,ODN0002807112,z,right_only
64ABB3D6-809A-4E0F-AFA6-2F60838BA4DA,,,,,,,ODN0003767345,z,right_only
8F8927A9-2172-4787-8F6A-7B18E000B270,,,,,,,ODN0003873520,z,right_only
5124F618-66D4-44F6-82D1-B6F329773E7E,,,,,,,ODN0003487142,z,right_only
BF761770-09F8-4E3C-B89D-DE281F7450DE,,,,,,,ODN0003300222,z,right_only
C159FF2C-50D5-4070-AE86-E14C36A21355,,,,,,,ODN0003979465,z,right_only
3C2A82E2-7EB5-4188-9BE4-3796E7183AA5,,,,,,,ODN0002696867,z,right_only
3F4900F7-A5C2-46FF-97BA-37253D1DC888,,,,,,,ODN0003168222,z,right_only
99DD75E7-B0BF-454E-85C0-1FBD2B002EB9,,,,,,,ODN0005254555,z,right_only
D25F6F1B-1C53-430B-8289-439DFB6F0D3F,,,,,,,ODN0005064262,z,right_only
6D64609E-AAC3-4917-9A7A-6D7EB09835BE,,,,,,,ODN0005545026,z,right_only
1E6F3262-9E95-49F1-9F41-3D26E6CCDC24,,,,,,,ODN0002519579,z,right_only
1E0093E5-EE4F-44B4-AD86-63CE85C67EC8,,,,,,,ODN0002725719,z,right_only
AADD0CB3-9457-4F08-8B49-3805AA1F7500,,,,,,,ODN0003173823,z,right_only
B589BE18-C37D-4746-9591-23A57EEE8128,,,,,,,ODN0005321172,z,right_only
B13A9645-562B-47A2-B82E-ECE2C85AD9AD,,,,,,,ODN0003278657,z,right_only
2DC41AFB-F2B7-47BC-A3F3-298825E0A38D,,,,,,,ODN0001987749,z,right_only
A0FBC697-A111-479A-BC26-337EFC2C92CD,,,,,,,ODN0003278660,z,right_only
6A90B221-760F-4A69-8C20-CC13D1ADAA5F,,,,,,,ODN0003169589,z,right_only
3850A282-2F4B-4713-A6B9-64AACA0A5C71,,,,,,,ODN0002602058,z,right_only
CF0DE243-10DB-42BB-9111-0E3FBCC6C20C,,,,,,,ODN0002725790,z,right_only
F59C5553-95D7-488A-9BCA-2708FC0DB7AE,,,,,,,ODN0002012210,z,right_only
BD18CD4F-7AD2-4260-899B-2C96E016697E,,,,,,,ODN0002001287,z,right_only
AD576C6C-B20C-4C06-AC59-46FF25938DBA,,,,,,,ODN0004291011,z,right_only
73D6159B-70B6-4599-83B7-CEE29C28BAD4,,,,,,,ODN0003307979,z,right_only
4260F0D3-A355-4BA6-B028-0E0080EA80EF,,,,,,,ODN0004998458,z,right_only
94E8F389-4B19-4847-840E-DE4DD416A2FB,,,,,,,ODN0005075208,z,right_only
C5F4DDB1-31BF-4337-B372-D63E2D9C2045,,,,,,,ODN0004735424,z,right_only
9524CCD0-572C-4634-A034-1DF5351F5CCA,,,,,,,ODN0005338286,z,right_only
9C0B2E6C-2778-4961-AA07-955BCA2028C4,,,,,,,ODN0003789044,z,right_only
54085E8C-AA45-4F5C-86D6-53542F99393E,,,,,,,ODN0005426230,z,right_only
BAF6A1B5-452B-491E-809F-C94051432A96,,,,,,,ODN0005194390,z,right_only
D046339D-1720-4DC7-AA79-162514C0E2EE,,,,,,,ODN0005495996,z,right_only
D5A11412-0EAA-4EAB-822D-1391DAC4834F,,,,,,,ODN0005028563,z,right_only
25E5C644-14EB-4224-8B61-B5887FE26E83,,,,,,,ODN0004944441,z,right_only
6A05D7B5-F7D8-4A6D-96CB-AA291F6614E8,,,,,,,ODN0002029466,z,right_only
DC18FB60-4618-4F06-B97A-3A7E01A20D42,,,,,,,ODN0003260940,z,right_only
9857F04B-A3AB-457A-9576-669A6B67FEF4,,,,,,,ODN0003873546,z,right_only
5EE473AF-4A39-49C3-AD16-AC01302D836A,,,,,,,ODN0004360958,z,right_only
BFEA8E95-1D4B-4FF7-ADA2-1A9DF02CFE79,,,,,,,ODN0005057034,z,right_only
58CB6263-4094-4408-A56E-8AD1EFE548C8,,,,,,,ODN0004379563,z,right_only
7E55C9A3-A24F-49AA-AB69-0B4DEBF7C88C,,,,,,,ODN0005805918,z,right_only
2B567207-1839-40FA-AEC7-21BCF33F6487,,,,,,,ODN0002000898,z,right_only
1196286A-A5DF-4619-B686-1C8472C9E27A,,,,,,,ODN0004567305,z,right_only
69959E06-4730-41A2-8F5A-99045A497FEB,,,,,,,ODN0004617511,z,right_only
709F6819-A325-45EC-9D90-5C89312CE6AE,,,,,,,ODN0004589175,z,right_only
6E9DAB69-DC72-4EE4-B368-3B1344622F9A,,,,,,,ODN0004770856,z,right_only
D55FDD30-F9A5-47CF-8F03-54952CAB4E70,,,,,,,ODN0005321148,z,right_only
AE7FF83E-711F-4782-9738-7488BF31188B,,,,,,,ODN0004617528,z,right_only
25748135-E931-4F44-B0E1-D2C5EBDF16AF,,,,,,,ODN0004998527,z,right_only
5DAC27A7-B1F4-4CE2-8516-72994E554248,,,,,,,ODN0004022509,z,right_only
7A5D6A9D-1060-46EF-B35F-748EDE18763E,,,,,,,ODN0004998572,z,right_only
83AD1604-2820-4A5C-AE60-BB76A9E68561,,,,,,,ODN0004131571,z,right_only
4C866F89-B9A3-4EC6-A2D8-870673BF3A1C,,,,,,,ODN0005239461,z,right_only
14599078-FE35-4030-9C91-CDC671649A73,,,,,,,ODN0004555120,z,right_only
93C20A39-9D4E-4D57-B5D7-047F19CB7A3B,,,,,,,ODN0004770858,z,right_only
6FB460CD-F5B3-4926-8FDC-47EDFB5202F2,,,,,,,ODN0003607232,z,right_only
316AA8AA-2E63-45CD-AA67-02638CD31A1D,,,,,,,ODN0004617529,z,right_only
32B79F08-BE6C-4631-BB22-ED037EB2CA52,,,,,,,ODN0002638621,z,right_only
EF3D7A45-7193-4350-98DB-E20E5CA79E5B,,,,,,,ODN0005262927,z,right_only
C5BE103B-8A86-4687-AE90-651A29C9B406,,,,,,,ODN0005495960,z,right_only
B93C39D3-DA52-4378-901E-12D1B501B4EA,,,,,,,ODN0002407307,z,right_only
686AD87B-2F2E-4220-B063-4280878A1B33,,,,,,,ODN0002518397,z,right_only
02BE15EB-5D23-4852-848F-BB50CDC77E93,,,,,,,ODN0002260745,z,right_only
0CAC47DD-5039-4378-8A75-B021A86466F4,,,,,,,ODN0005054757,z,right_only
377254FD-82A0-4247-9024-EE02F6140998,,,,,,,ODN0005075206,z,right_only
F7DC9B7C-BE5F-44C0-A2CC-2CD5689E2DFC,,,,,,,ODN0003467031,z,right_only
5233A782-9AAD-4F22-ADB7-C439BDB3B744,,,,,,,ODN0005289207,z,right_only
74D4BA12-197D-440F-B6DF-D86E8013EF2A,,,,,,,ODN0003467035,z,right_only
FD1E1521-2063-45DC-B2B0-83519BCC8A0C,,,,,,,ODN0003467037,z,right_only
A8C71719-58C9-4C79-80EC-3A550B971366,,,,,,,ODN0005064252,z,right_only
06D51F81-D4E4-4728-BD0A-7BEDA892B697,,,,,,,ODN0003300215,z,right_only
2D455BAD-0258-44AE-B0E4-558AB31C4B24,,,,,,,ODN0003014133,z,right_only
0E311AA1-8DDC-4F0E-8CB4-40F146A79B0A,,,,,,,ODN0001980220,z,right_only
FE43A022-D074-4A7A-B9BB-98659A9EBDB3,,,,,,,ODN0004332681,z,right_only
BE71E304-55D9-4AAF-832D-E3F84C44150B,,,,,,,ODN0004589197,z,right_only
9778BE5C-0C5F-4C59-8531-91C17C0AF742,,,,,,,ODN0004678363,z,right_only
BED6909D-2120-4768-AD31-2CBD8BFC5EA1,,,,,,,ODN0003199731,z,right_only
16971DD4-3ECC-4E70-80FD-A9A6984916AC,,,,,,,ODN0003307958,z,right_only
B26EFE2D-7433-4778-B8C5-2A2FDB732B3E,,,,,,,ODN0002421972,z,right_only
D0514C80-384F-4F40-8EFD-C687117B5B17,,,,,,,ODN0002262144,z,right_only
7B98156A-D537-4AC5-9F9E-4A08A3DBEB5B,,,,,,,ODN0003487222,z,right_only
E0A067EE-A2D1-4A41-A238-8A3B127A4CBA,,,,,,,ODN0003199905,z,right_only
7C03BD8C-0B29-4030-A1F2-17ABD4437114,,,,,,,ODN0004944450,z,right_only
F2322D87-9192-4517-944A-3933F6D90B55,,,,,,,ODN0003767359,z,right_only
B0D5EFB9-7D1D-4C43-BD53-0A78CFAA541F,,,,,,,ODN0004309271,z,right_only
9CCD9A1E-B571-4F9E-8FD2-069C4D4DBFCD,,,,,,,ODN0002071107,z,right_only
37A8F407-F7F2-4987-B080-32E098FCC432,,,,,,,ODN0002073915,z,right_only
5F6B5696-06FF-4864-99B8-F5D98EAA6DF5,,,,,,,ODN0003199848,z,right_only
DA979A2E-679F-4D8C-A8C0-352C30795226,,,,,,,ODN0005064292,z,right_only
EBBEB1E0-1DE9-4AD9-AA0E-A602C3204D71,,,,,,,ODN0005083686,z,right_only
511036AA-1CBF-4C86-80B9-90C63BEA88EB,,,,,,,ODN0003020654,z,right_only
1A2AB172-D609-4399-9D0A-9BE266E4F687,,,,,,,ODN0002967048,z,right_only
5D09A7CA-53A7-4DCB-B622-0F8D91799F63,,,,,,,ODN0003607218,z,right_only
158C25AA-09F4-4172-9440-6694AC105F55,,,,,,,ODN0003325420,z,right_only
E1349951-21C4-4069-B91E-6FEFE133C2A4,,,,,,,ODN0002967082,z,right_only
A1DE1786-7CE6-45C3-8681-04BFA2A7723E,,,,,,,ODN0002288226,z,right_only
CD8216D1-B860-429C-9FB0-AE4FA83381D1,,,,,,,ODN0002411203,z,right_only
94CDA4D3-EFD4-40F9-8A0F-7FD2BBB98864,,,,,,,ODN0003348027,z,right_only
F329AAE5-C868-4D7F-920D-15CF3F3CFF36,,,,,,,ODN0002000447,z,right_only
9DE0C0F0-9BD4-49FD-8840-C8E49F0E1726,,,,,,,ODN0003210725,z,right_only
771877AA-191A-4523-A440-D7FF03C9CA21,,,,,,,ODN0002967127,z,right_only
C0D8242E-3B58-4D8C-AA06-3BD1A6769AA8,,,,,,,ODN0003946658,z,right_only
47F64B34-33EB-44E3-9717-5432C3EC9239,,,,,,,ODN0003020698,z,right_only
C234C266-A4EC-437F-9B77-932D5F7888BF,,,,,,,ODN0003020705,z,right_only
DE071E9C-896C-4BDA-8E39-E5C34AA00EC1,,,,,,,ODN0003060627,z,right_only
DBB17964-10F6-4917-947D-0B4871F1E7D0,,,,,,,ODN0004678382,z,right_only
43011C29-B538-4D4F-9F6E-199384836F28,,,,,,,ODN0001987952,z,right_only
157066D4-FD86-4320-AD0D-5C38EC6E273B,,,,,,,ODN0003278668,z,right_only
E5E018EC-223E-4148-A6D7-D4BCFB4C811C,,,,,,,ODN0003515525,z,right_only
C81E5E1C-022C-40F9-B395-9F58FF137928,,,,,,,ODN0005239468,z,right_only
41D618E8-7063-4658-9261-69123E37097E,,,,,,,ODN0004845810,z,right_only
7F343A89-C933-4556-8D3E-C0BFA62F0D33,,,,,,,ODN0004845813,z,right_only
E54909B9-4BB5-455F-A638-0EC82934E121,,,,,,,ODN0003300225,z,right_only
796F8CE6-D8A8-40C6-B94D-AD3191248FF8,,,,,,,ODN0002545407,z,right_only
1B6D1D1A-57AE-4F49-8184-1A60976A33D4,,,,,,,ODN0003246313,z,right_only
38626913-BCC6-40F4-864F-72CF439EA875,,,,,,,ODN0003325487,z,right_only
F6B93B14-8E68-45FE-B100-D6EA96F1B31A,,,,,,,ODN0004678406,z,right_only
CF28597C-155C-4A74-99C8-0DA573888E05,,,,,,,ODN0005515720,z,right_only
7010D131-5CEC-4D35-8240-2A98C85FB90E,,,,,,,ODN0004845855,z,right_only
EB83D99E-7954-431A-A6F4-22E525B2B101,,,,,,,ODN0005338237,z,right_only
DD56917A-3C42-4DA4-9086-3736AF9645EB,,,,,,,ODN0005194391,z,right_only
297ABC2E-6E23-48EC-BEA1-3133F557D8B3,,,,,,,ODN0003175409,z,right_only
A0A2B153-F511-4699-BAB7-D61EEF2A2A52,,,,,,,ODN0003565917,z,right_only
9129809E-814C-4DFC-834C-ADA4A054EC88,,,,,,,ODN0002344941,z,right_only
E09BD2F4-5AB2-4548-9B0A-83EA82375647,,,,,,,ODN0003060620,z,right_only
CFB2B2E3-DD8A-499F-9F79-D30CCF640372,,,,,,,ODN0005064260,z,right_only
572526D5-228C-4A47-99F8-165B97C55CC8,,,,,,,ODN0004822022,z,right_only
E01E32E3-87F3-4F19-893C-72A5261FD192,,,,,,,ODN0005075207,z,right_only
E7EE738E-D651-4B6D-B3F8-7A5596697743,,,,,,,ODN0001987299,z,right_only
8808B1D3-A203-40A9-BF0E-355599DDC51C,,,,,,,ODN0003754888,z,right_only
FAA999D0-996E-4E3F-90FC-097A00CC1407,,,,,,,ODN0004727671,z,right_only
F0EB7686-8F7B-4185-8D4B-D542350F60CA,,,,,,,ODN0005054892,z,right_only
FE02E1F1-5D92-4C98-BA38-50790824C338,,,,,,,ODN0002518493,z,right_only
0289B960-4992-490E-B6FC-BCEB7D76560A,,,,,,,ODN0005057053,z,right_only
A362FD10-D000-418C-B207-0AD0F71EDEEB,,,,,,,ODN0005338257,z,right_only
8168D737-A9AC-4129-B989-4873F1B565A6,,,,,,,ODN0005495979,z,right_only
829DD890-DDC9-4412-9B92-D215D92B567A,,,,,,,ODN0002000420,z,right_only
E5BFD394-C96A-4C19-9DDC-054DF427766D,,,,,,,ODN0005239492,z,right_only
C7A90C5F-C6D1-4A03-BD06-A6C736EE6D45,,,,,,,ODN0005064283,z,right_only
7C8C89BA-C3D5-41A2-BF09-04290A84FACD,,,,,,,ODN0002028937,z,right_only
77AB407A-ABB3-45B6-8F69-0076F3262644,,,,,,,ODN0005529308,z,right_only
518FC385-1E64-4541-B82E-AA1A9BB26A10,,,,,,,ODN0005289221,z,right_only
057EA5D0-9B0D-4894-B9A2-F6C828FB1129,,,,,,,ODN0005396526,z,right_only
75797349-9991-4CB0-B71F-E6EECD15DBC3,,,,,,,ODN0004653199,z,right_only
8917339D-1597-40B9-9F25-4648C87792E3,,,,,,,ODN0004998473,z,right_only
902FD2F2-9A8E-4C12-9721-03E5FE57FCAE,,,,,,,ODN0004589199,z,right_only
D2DD5B23-DFF4-4D1A-B4B9-A87D51B208C0,,,,,,,ODN0003278654,z,right_only
BC6F5CC4-1F06-4395-9D81-179E7C8542EE,,,,,,,ODN0004998561,z,right_only
A87C610C-EB0B-4D10-8B6B-015917242CD7,,,,,,,ODN0005353501,z,right_only
E9C64533-A068-41CD-89D0-DAE7F4A38F30,,,,,,,ODN0004998463,z,right_only
31C9D64B-8EC0-402B-A59E-6DBC57528A92,,,,,,,ODN0003006542,z,right_only
3189D967-72CA-4260-9611-E940F5421649,,,,,,,ODN0002951185,z,right_only
170C42A4-245D-4C72-9864-313E05D1D994,,,,,,,ODN0005289242,z,right_only
98DA5503-8B50-44F8-A3C7-BA4BF179C797,,,,,,,ODN0004727681,z,right_only
308DA332-111A-434D-B9AB-6880DB4CFE68,,,,,,,ODN0003167063,z,right_only
B7ADD165-8EE4-4ED3-8536-AE692D9B913D,,,,,,,ODN0003278612,z,right_only
5243CBAD-0F29-4F55-9C1A-DC69894E3449,,,,,,,ODN0002011832,z,right_only
9ADC6BE4-A3D4-49A2-BFBB-60617FC15EEA,,,,,,,ODN0005353561,z,right_only
2E7D9C2A-858A-49D3-825E-F9ECFB446AC1,,,,,,,ODN0005373352,z,right_only
35F049FB-789B-4A53-A2C5-3783E51FFBF0,,,,,,,ODN0003254254,z,right_only
2C7B3DAD-AC9F-4FD6-89E4-809225A39F9C,,,,,,,ODN0003271823,z,right_only
238F352F-3376-4FFF-BCDB-6C75B1215BCC,,,,,,,ODN0002471159,z,right_only
D7811E1F-CE5A-4A20-B6D9-66C5C4283A81,,,,,,,ODN0005028602,z,right_only
3B03F0C4-7876-4CBD-BBA2-3B88783F1D9C,,,,,,,ODN0002808268,z,right_only
C5211CCD-FA4C-4CF3-9CE4-29BCDAD20576,,,,,,,ODN0003946587,z,right_only
03F9D2F0-0445-412A-818D-1BF0A1626198,,,,,,,ODN0005224632,z,right_only
D12515BC-34B3-4C5A-B063-3FF6AD5B27E3,,,,,,,ODN0002518398,z,right_only
3A2F9FA5-D82A-4CAC-899A-E484CCCC93B7,,,,,,,ODN0004816007,z,right_only
0D5D5E0A-A32F-4510-AD50-5A5A1CFDE05F,,,,,,,ODN0005353515,z,right_only
0D8F8B7C-2DCE-4917-96EF-F75EC1EAF040,,,,,,,ODN0002029362,z,right_only
6B6C665F-36C3-46B5-B7CD-558DE3992145,,,,,,,ODN0003168923,z,right_only
E477EE90-4687-4C43-9C18-022BC5AC0F2F,,,,,,,ODN0003254259,z,right_only
2989130D-2752-4677-807F-3B93C85EDCB1,,,,,,,ODN0003325492,z,right_only
D73F9BF3-152F-4500-A3C4-08C62C09852E,,,,,,,ODN0002937393,z,right_only
BE627A65-5899-4CB7-B79D-273B4D13C6E5,,,,,,,ODN0005426453,z,right_only
23AD2419-7FB4-4247-BE6A-677E84CBC895,,,,,,,ODN0004998570,z,right_only
0917EFBD-A8B4-46FD-95DF-445C51B61972,,,,,,,ODN0002071111,z,right_only
F446DB80-8070-4AED-9711-8EE8148F476D,,,,,,,ODN0002261575,z,right_only
00598048-7781-47A0-B024-EA6C215F0CDD,,,,,,,ODN0005411994,z,right_only
B1FD6399-3FB2-4171-93FC-771B06470252,,,,,,,ODN0005425807,z,right_only
A04949B7-BEAF-415C-A862-203E3798B81D,,,,,,,ODN0005425905,z,right_only
47FD2973-2636-4F60-8987-14E2E2F47E0D,,,,,,,ODN0003767323,z,right_only
3A2B29C9-71D0-48B7-9275-0344AA2F9214,,,,,,,ODN0005426165,z,right_only
893BFD74-C97C-44BE-B38D-B124B3FCC267,,,,,,,ODN0005055047,z,right_only
85DE5BBF-82E2-4B86-8CCB-736F59881304,,,,,,,ODN0002011643,z,right_only
6C48C029-845C-49B8-8736-08AD0290E919,,,,,,,ODN0003170352,z,right_only
9E055C5B-48D8-404F-915B-09E91430B33E,,,,,,,ODN0002902696,z,right_only
E9A1F76F-042E-4768-920C-883BAC0AB808,,,,,,,ODN0002558882,z,right_only
E3AC8C9D-C5E9-4653-81E1-B35EB5CB4147,,,,,,,ODN0002262137,z,right_only
C03D8379-3AFD-4B58-B7E9-AC46C9642C34,,,,,,,ODN0002910452,z,right_only
6B29D649-31F7-4AEC-85A4-DDD05E2A2106,,,,,,,ODN0002807442,z,right_only
C717F751-CB6E-4526-864C-753317479815,,,,,,,ODN0002400242,z,right_only
AABA589D-A0DF-4D88-B4BE-E2F2A9B564F0,,,,,,,ODN0004626192,z,right_only
F3C021C4-9A3A-4E89-8657-872FB5D62BBD,,,,,,,ODN0005289245,z,right_only
DB7D5653-FBFE-4222-A7ED-FFA1AE2BF0A6,,,,,,,ODN0005353604,z,right_only
FAE31B23-5559-45E2-A34E-11CD7F77B7F0,,,,,,,ODN0003278634,z,right_only
C9CF0EFE-1943-422D-AA38-A2CAB117EBA1,,,,,,,ODN0002011145,z,right_only
05571130-8855-47E5-B761-03DF6E23C394,,,,,,,ODN0002029263,z,right_only
08B38D6B-866E-4EC4-A502-A2A550894D17,,,,,,,ODN0001987594,z,right_only
5C74966C-C257-42B5-8179-64637CB7F80F,,,,,,,ODN0005254554,z,right_only
D3393E40-8D5B-4D84-998F-5A60F737232A,,,,,,,ODN0002029310,z,right_only
A0382D5F-E6A5-4232-8194-A2AE3828B7FB,,,,,,,ODN0003325415,z,right_only
69934330-7EC2-44C4-956E-43AB6E068167,,,,,,,ODN0001986962,z,right_only
36701572-328B-417F-B3D3-5073A679F34A,,,,,,,ODN0002001014,z,right_only
32E816EB-5E3F-405A-84ED-DA5C6C7422FC,,,,,,,ODN0004863983,z,right_only
DB3CA025-E28B-42F3-8105-442DBC9D830A,,,,,,,ODN0005529279,z,right_only
86262263-F342-408B-A485-F75483FBB611,,,,,,,ODN0003841571,z,right_only
DDEF8A6F-4B31-4CA1-BEA3-ECF0FBFD9A86,,,,,,,ODN0004874099,z,right_only
1C3C7C06-2A95-4458-AC22-55831F6ED511,,,,,,,ODN0003689747,z,right_only
415B43F0-5C84-43EF-933A-29947F21F6A9,,,,,,,ODN0005373350,z,right_only
85DDC2B7-74C5-4933-80C7-31040C510C84,,,,,,,ODN0003689749,z,right_only
258CC5F8-03A9-418F-B73A-4A3E80863ACE,,,,,,,ODN0005373363,z,right_only
13EA3A95-2B86-472E-83F9-F2B5AAF2D204,,,,,,,ODN0005529398,z,right_only
169182C7-C027-4A7C-B33D-A090C593D8C4,,,,,,,ODN0005338277,z,right_only
A528062D-CE61-4744-8381-0894424BF176,,,,,,,ODN0005239472,z,right_only
3FB0D8EC-1FFE-40D2-AF69-3FAA399FC2D4,,,,,,,ODN0003918734,z,right_only
E6879DBF-30D3-4129-B89F-9C7262666814,,,,,,,ODN0004186281,z,right_only
9865A4CF-E16B-4257-98E5-DD5B664AE099,,,,,,,ODN0005373371,z,right_only
798BFA61-ED9B-429A-B530-D093BBF27888,,,,,,,ODN0004874105,z,right_only
DBEB98B5-53BF-4ECB-9F2E-69E64E3915B8,,,,,,,ODN0005202441,z,right_only
EE6F8394-1613-491A-99CF-561106B88399,,,,,,,ODN0005373374,z,right_only
47944724-9D5C-476F-A31A-9F913774C972,,,,,,,ODN0003347989,z,right_only
E93B8454-F427-4D82-96CF-398D55269C6F,,,,,,,ODN0003173168,z,right_only
231C7969-63AE-4290-BA65-8054C1353EEB,,,,,,,ODN0003307930,z,right_only
4E067634-B3BE-42B1-96B2-2E07ACD7D2C1,,,,,,,ODN0003515524,z,right_only
B5067D9A-F115-489F-82CC-FBC0FA0105AC,,,,,,,ODN0003238732,z,right_only
38012DAA-A9DA-4FAA-BA65-E50C211DF6D2,,,,,,,ODN0003173258,z,right_only
E5F263CA-03F0-4A20-B58F-B410BC4AF832,,,,,,,ODN0003325427,z,right_only
E3DDADCB-7EFC-44FA-A57B-EFC1DD4A9504,,,,,,,ODN0003598679,z,right_only
D93FEAE6-6CA0-4E8E-ADAE-4ADD8EDC796D,,,,,,,ODN0002288218,z,right_only
E2E00E2F-4D03-447C-8449-10EC720968AD,,,,,,,ODN0003946615,z,right_only
0F995517-B7ED-4C4F-8BC3-489F1D6B33D9,,,,,,,ODN0003515703,z,right_only
CCC31740-648D-4748-9ED4-25038A0F2F4B,,,,,,,ODN0003224721,z,right_only
8C72A1D9-16F7-474E-BB4C-1DF2480671D5,,,,,,,ODN0003278646,z,right_only
FB04C1BC-CA14-4ED0-B10A-263462B98EA2,,,,,,,ODN0003278652,z,right_only
BE21CCE2-0B81-4360-BE0B-8E14D9E04921,,,,,,,ODN0003286785,z,right_only
0BB43FCD-98CA-4D0C-8C17-27C8700A84A4,,,,,,,ODN0003199749,z,right_only
2F5B1206-D4AB-40F9-A65D-BF510E681B71,,,,,,,ODN0003278656,z,right_only
8E03A4E2-BA9B-4A58-9AFD-F93A00E54440,,,,,,,ODN0003348053,z,right_only
93F4E3B8-8D59-4EC4-AA41-3E5628231225,,,,,,,ODN0003224752,z,right_only
D20B7326-C420-4F67-8703-B4E41A3128FA,,,,,,,ODN0003515968,z,right_only
A9C19301-B0F4-4CB4-BE6D-BA4DF4CABEFC,,,,,,,ODN0003210756,z,right_only
08DD6D80-7027-4F4C-AF36-ED4300B5E7C6,,,,,,,ODN0003307971,z,right_only
8CD9939E-C8CD-42D4-93F4-55D49BBCB648,,,,,,,ODN0003210767,z,right_only
73CDD65F-BF7B-43BD-A917-9C7D8C7F37D0,,,,,,,ODN0002902727,z,right_only
42AA6F09-DA2D-4113-BD9D-033D3F5DD2C7,,,,,,,ODN0003625648,z,right_only
C2490B18-6663-45DF-93AB-AFA4EA5D9EE3,,,,,,,ODN0003246320,z,right_only
AEB4AF26-1EA4-4906-BA7B-5586C8CC54E2,,,,,,,ODN0003238772,z,right_only
895E2CAA-5F8B-4970-9279-189141780BDB,,,,,,,ODN0003873439,z,right_only
1C9933ED-DA07-4ADB-9B37-CE4B6C3307F6,,,,,,,ODN0002558728,z,right_only
8240B437-B9E3-42E6-9D9C-9449450D644B,,,,,,,ODN0004747871,z,right_only
92BF9B01-5F07-4DE9-9025-DBB9BC4617D1,,,,,,,ODN0004360858,z,right_only
F39AC043-CFC8-498E-831F-E3DC8B46D2CD,,,,,,,ODN0004678386,z,right_only
D1AB8B7C-A909-40DE-AC52-8C867165ED08,,,,,,,ODN0005338337,z,right_only
EB402CE0-E515-49D3-9415-AB94E3B0C81F,,,,,,,ODN0004332709,z,right_only
47D4A7DA-5B44-4C07-A7BB-0ED3CCAE7E5B,,,,,,,ODN0004360964,z,right_only
57584569-4EFA-4516-ABD3-E2122DCC2A50,,,,,,,ODN0004944483,z,right_only
3D096550-28A4-4474-A2A2-09E9B996C63F,,,,,,,ODN0004679653,z,right_only
D9D738D7-9B69-49CA-9A6E-D0193FE3089B,,,,,,,ODN0002525810,z,right_only
ED76A607-362A-4960-9355-C905B3B9A1AC,,,,,,,ODN0002552062,z,right_only
C3C7DE54-090D-4FB8-A8D7-23D8AF669375,,,,,,,ODN0005373414,z,right_only
2F45EE08-6A0F-429B-B28B-898CDAD6B8C5,,,,,,,ODN0001974579,z,right_only
68B14D4C-1006-4866-B204-D8BEF1192E30,,,,,,,ODN0002387746,z,right_only
6277D728-EA89-4727-9C31-88F2778B889C,,,,,,,ODN0002552074,z,right_only
08850267-2C6A-439C-9527-A1C8FA1A87E4,,,,,,,ODN0005031890,z,right_only
9E250EC5-22BA-4DDC-B348-89C56F8E7CA8,,,,,,,ODN0001975209,z,right_only
953A9264-37C3-4C12-9B3B-F1A635F99C41,,,,,,,ODN0002518921,z,right_only
9EC1A715-4FD6-4E0B-89F3-5BDD05A570EB,,,,,,,ODN0004309345,z,right_only
26BCD6BC-B922-4C63-B8CD-3F5DA50AF018,,,,,,,ODN0002552093,z,right_only
886A4F5A-76AE-4792-89D8-EF0199AC455C,,,,,,,ODN0003374272,z,right_only
43DC1B18-1DE4-4242-9129-53BE8DCC5CBE,,,,,,,ODN0001976828,z,right_only
8C3C7011-54C5-4E0D-AA01-4EFA774DFE8A,,,,,,,ODN0004536882,z,right_only
49EF71C5-9440-4900-A979-D24306B5647C,,,,,,,ODN0002271633,z,right_only
7E2E57A6-FF47-4F80-BCB3-29AA3726A8D4,,,,,,,ODN0005290958,z,right_only
66141847-594A-4FB2-B959-19BA710062CB,,,,,,,ODN0005239549,z,right_only
310AF6E9-59C4-4893-9AD0-D9FD5C94B0C0,,,,,,,ODN0003218776,z,right_only
BE3A25D8-80D8-4E4F-B160-045514861525,,,,,,,ODN0002098454,z,right_only
5B8BC6C5-5279-48DA-9B52-BF1BDD1AF19F,,,,,,,ODN0002351907,z,right_only
0038B429-2705-407A-81E4-4D053EF4455F,,,,,,,ODN0005570942,z,right_only
551958F0-D7FA-4354-8700-53FCBB3A616E,,,,,,,ODN0001975592,z,right_only
7693E66A-E221-4071-A98F-03A3039C37D4,,,,,,,ODN0001975768,z,right_only
D1116F4C-1A33-4870-81E2-80026EF3135A,,,,,,,ODN0001975780,z,right_only
9D32168E-306B-4077-AD0E-0297F9293ED7,,,,,,,ODN0001975862,z,right_only
8AE73FCB-5E53-4F36-811E-0515E1BE399E,,,,,,,ODN0003246914,z,right_only
B36A7C07-2BD6-4DF2-8E06-1281A46EFD37,,,,,,,ODN0001975984,z,right_only
7BEF2D62-BFFD-4C69-BAC5-B4444898047D,,,,,,,ODN0002725571,z,right_only
3E1C8CB2-FA34-4D2E-A9D4-268CADEFDB52,,,,,,,ODN0003324881,z,right_only
B84EEAE6-D743-47FF-92E4-2FD727C76CFA,,,,,,,ODN0003513613,z,right_only
985340C7-BCFF-454E-ACEB-9F12D946B362,,,,,,,ODN0002299459,z,right_only
1AA3EB9B-BC17-4FDC-99F7-633AFAA058A5,,,,,,,ODN0002299576,z,right_only
68F95E15-58D5-41C1-B539-3EB10591FFFF,,,,,,,ODN0002299648,z,right_only
445C5C30-51A1-4077-81E8-9F9D44CDAA93,,,,,,,ODN0002299941,z,right_only
3087F99B-D04E-4B6D-979D-3C0B9BB5957B,,,,,,,ODN0003374222,z,right_only
1F19A5F3-F11C-43E9-916F-1395AEE196E3,,,,,,,ODN0002981499,z,right_only
39EDD3C9-644E-49E0-9513-C5C9F98101B3,,,,,,,ODN0002300888,z,right_only
BB8BE68F-D25F-4BEA-9D03-3115F011AA22,,,,,,,ODN0005202554,z,right_only
D721CCC4-DE4E-4C88-8A18-3271DE2C8477,,,,,,,ODN0002301125,z,right_only
547757C2-BA07-40BA-AA96-AB6B21633F07,,,,,,,ODN0003060757,z,right_only
F985353B-40D7-4211-9402-D8CF7075C136,,,,,,,ODN0002618973,z,right_only
BCBC259D-D298-40EB-B7D4-81588108542B,,,,,,,ODN0002332251,z,right_only
252ED91F-F7E0-4B30-980A-6723E87E46C0,,,,,,,ODN0002564136,z,right_only
56E68376-CABF-4BC0-9F61-13AC0B226E61,,,,,,,ODN0005496121,z,right_only
6AADB58D-BB0C-45B9-9888-87E4346CED96,,,,,,,ODN0003294881,z,right_only
81E62923-9C8F-46AC-9E81-CEC7F7E044A0,,,,,,,ODN0003617729,z,right_only
D79D98EA-05FE-4B46-A8D7-3EB0DD09A85F,,,,,,,ODN0004939650,z,right_only
705000BE-0806-430A-8A9A-394D82D9CAA7,,,,,,,ODN0003931957,z,right_only
1D970FC3-D928-4798-BAF0-5BEB2791230D,,,,,,,ODN0004904080,z,right_only
4700C878-B0FF-4A15-BCC9-6D99DD163CB9,,,,,,,ODN0003755914,z,right_only
DBCC3D02-FAFC-426E-8DD0-64FCBAFB577A,,,,,,,ODN0005115124,z,right_only
79373AB0-4552-408E-847D-063326A16A8C,,,,,,,ODN0002995664,z,right_only
956FE12C-0515-4769-9A31-5515585FE98A,,,,,,,ODN0003028531,z,right_only
2F795E90-6AB5-483A-94B8-BD3BB73BAFDB,,,,,,,ODN0002581221,z,right_only
FA37E14A-D93F-4B9E-A079-37CCA2CD1F4B,,,,,,,ODN0002400397,z,right_only
137A9996-0FA2-4B75-9BFC-F3FDD7D10BA6,,,,,,,ODN0003300706,z,right_only
8893FF83-D60B-4CF7-B7E5-B19E37344BD6,,,,,,,ODN0002299475,z,right_only
0515A170-0423-4D5D-BCC2-154A5C1DBE94,,,,,,,ODN0002769924,z,right_only
5BEE1A01-7F6E-4579-8673-F2BCD58ADE39,,,,,,,ODN0002601998,z,right_only
E75BCB2B-DB54-415A-AE1C-FF02BD8F38EF,,,,,,,ODN0003374202,z,right_only
3604784B-0250-4E81-9B65-A1621E335E59,,,,,,,ODN0002407221,z,right_only
DAB3499E-BF6B-470E-BCCF-3BFAB6996E55,,,,,,,ODN0004280543,z,right_only
0C5EF73E-99B5-43BA-811E-35DFA6E35810,,,,,,,ODN0002299561,z,right_only
E06529D6-6BBD-4F7C-96A4-2525C9CE7AD1,,,,,,,ODN0003447594,z,right_only
4CCC9485-47B4-4652-9E4A-5F31B005FEB6,,,,,,,ODN0003085162,z,right_only
5113C5B9-830C-40A7-A609-E19AA27AFD1A,,,,,,,ODN0002489154,z,right_only
8695EDB2-DFC3-42B6-B7ED-854BE8C64016,,,,,,,ODN0003006576,z,right_only
B8041DA2-9C6B-4AD1-9F17-B7DFD46EB7A9,,,,,,,ODN0003246885,z,right_only
ABE7A614-41F0-4A89-AF9E-31CC6D775C98,,,,,,,ODN0002276030,z,right_only
C312F0B7-1EFB-4CBE-913C-CC13F1904A95,,,,,,,ODN0002299679,z,right_only
4524154F-93D2-488A-9979-75AC7EB254BF,,,,,,,ODN0002581493,z,right_only
0F35D078-CBFE-4411-ADE1-A07D04EAEF22,,,,,,,ODN0003873805,z,right_only
79D7EB6B-7B52-439F-B6D1-33A330098DE8,,,,,,,ODN0003231603,z,right_only
97C95255-E511-470B-9C6A-7BA0FE130F68,,,,,,,ODN0002106669,z,right_only
602A12AE-DCA9-41AD-8FB2-5975EE695A8D,,,,,,,ODN0002656642,z,right_only
C6AD62DB-F9B0-4755-83A9-A705153D2E9A,,,,,,,ODN0003307995,z,right_only
1F5D82E2-ED15-4104-BE43-9F4ADBFA021E,,,,,,,ODN0002299481,z,right_only
A4E73642-69DB-41B1-A5FF-CB2815DC0B80,,,,,,,ODN0002118955,z,right_only
7D66C34B-4D09-430B-8453-A60850491162,,,,,,,ODN0002300605,z,right_only
E5D88886-FA42-46B6-AB50-A3F824384645,,,,,,,ODN0002637409,z,right_only
960E3182-EAA9-49CC-87E9-316DE08EBA38,,,,,,,ODN0002618942,z,right_only
491036D1-1CB9-42CC-96F8-A0EB55C9A42E,,,,,,,ODN0002967143,z,right_only
A1F3746C-07F9-4997-8EB2-7C8DA16C15C7,,,,,,,ODN0002387774,z,right_only
14BDF4C5-1B1C-49DC-9579-0BA12B315CDF,,,,,,,ODN0002445165,z,right_only
7E5FE686-3365-4B4E-BD14-2F6FF9E9E8AB,,,,,,,ODN0002703658,z,right_only
CFB1747B-844D-4215-BD87-BC5E1096D394,,,,,,,ODN0003028555,z,right_only
56A776DD-8E1B-4233-B7E3-CD5010D5CC95,,,,,,,ODN0003218789,z,right_only
8F414418-BE55-4384-8A5A-1BBC41DFD4A4,,,,,,,ODN0003218790,z,right_only
89126776-A2FC-4466-8E03-78E6864E5727,,,,,,,ODN0002981534,z,right_only
D1C48B7D-F3BB-40BE-ACB7-0C90DA4C289A,,,,,,,ODN0003014192,z,right_only
860272D2-A547-48BB-9575-AC2413796945,,,,,,,ODN0003260474,z,right_only
2E28DC72-E17F-485B-863B-6D62C6573C13,,,,,,,ODN0004626363,z,right_only
2D160BF9-ADCB-43AB-9490-F2F0B32A90B4,,,,,,,ODN0002407254,z,right_only
BF952933-A017-4FA8-A97F-628D2AB32D84,,,,,,,ODN0003874175,z,right_only
18FE8D4D-563D-4E01-868B-B99C4CFE2038,,,,,,,ODN0003958993,z,right_only
09A8BCB7-9F32-4785-9948-8614C3A129BE,,,,,,,ODN0002300877,z,right_only
7AF06F84-508D-42ED-980C-DF63F6B59324,,,,,,,ODN0004433962,z,right_only
6F8490C9-AFBB-4FF9-8924-854F4488C765,,,,,,,ODN0002967191,z,right_only
18E9BAF6-3154-4804-9A88-9EBDB67433BA,,,,,,,ODN0003028562,z,right_only
9575CCD7-7C29-4C09-8B59-7ED68CDB3350,,,,,,,ODN0002106951,z,right_only
769DADE6-7B39-4E30-80FF-014466538FF1,,,,,,,ODN0003115081,z,right_only
F32B7A1C-E8B1-4D1A-95BC-897EF0223336,,,,,,,ODN0002301210,z,right_only
624032CA-8FB0-46EA-9ADF-C73DBDB7362F,,,,,,,ODN0002492525,z,right_only
3588AE5E-1C4D-413F-B693-A3B4FAC0073C,,,,,,,ODN0003294882,z,right_only
A47AAF17-E4C3-439B-B1C4-83C588037D08,,,,,,,ODN0003513596,z,right_only
458325DA-5212-4360-A25E-8C61399AB65C,,,,,,,ODN0003231624,z,right_only
85A215FE-3D71-45FD-9091-4F319157DED9,,,,,,,ODN0003209361,z,right_only
A40F0947-CBD7-4005-8C5A-D4676318EA9A,,,,,,,ODN0004998734,z,right_only
03BDF5B4-6D2D-4A43-A98C-526E9D677658,,,,,,,ODN0003209364,z,right_only
72C6F9DB-C201-4625-85D3-74F394616E5E,,,,,,,ODN0002618962,z,right_only
2BE768FF-AFBE-4D84-A8D1-6D5C2E840CB4,,,,,,,ODN0002533940,z,right_only
DECD5723-3179-45B9-8040-17A9990A4C14,,,,,,,ODN0003400032,z,right_only
438888A1-C048-48F4-8CB5-10E8D2486B6B,,,,,,,ODN0003260488,z,right_only
BBF83646-507E-4E2C-B000-5164B95CD86A,,,,,,,ODN0003300749,z,right_only
063BA8D4-1C5D-453F-AA5D-5CAAA455FCB6,,,,,,,ODN0003209377,z,right_only
C09B3F0B-3F10-46E2-A5BA-41424C295DB0,,,,,,,ODN0002407303,z,right_only
AECC1FF6-EF0F-4509-8A09-A7AA212EECE4,,,,,,,ODN0002302071,z,right_only
EA1B912E-A934-4AD8-8A09-076F0B5E81EC,,,,,,,ODN0002302073,z,right_only
E43191EF-D7FD-4125-960A-92569D23CFB9,,,,,,,ODN0003085248,z,right_only
CB93EA26-06E8-44D4-A295-FB8033A8E9B6,,,,,,,ODN0002302091,z,right_only
32438CF0-8C13-4190-898C-053AE548DA25,,,,,,,ODN0002725613,z,right_only
4BD29036-D438-48D7-B276-EFE72C80A870,,,,,,,ODN0005087915,z,right_only
4E836F4F-2D24-440B-AE6D-B75BCE9E218C,,,,,,,ODN0002669604,z,right_only
DD1306F0-56B8-41DD-ACFF-8DDB1CC53E72,,,,,,,ODN0002492547,z,right_only
A240E58E-B380-42D4-80D2-08E7C70BE061,,,,,,,ODN0002492975,z,right_only
6AB4AC33-7379-41EA-8AE7-EBDB3F9024DF,,,,,,,ODN0002669610,z,right_only
172F1010-26F6-40A4-8EC9-435EAABB28F3,,,,,,,ODN0002564084,z,right_only
424DFEFF-0001-4157-BDCB-64ECE23FAF15,,,,,,,ODN0003006565,z,right_only
3298402B-EA95-4401-8CE8-657B53E0F888,,,,,,,ODN0002273410,z,right_only
B12E6295-3B0C-4036-A91D-6078C74FF3AC,,,,,,,ODN0003136311,z,right_only
8410D6B9-BBCD-4243-99A9-E52B0D1C8B64,,,,,,,ODN0001976687,z,right_only
FE372CAD-77AC-4FDE-9FDA-CC5559A3E500,,,,,,,ODN0003447556,z,right_only
D5FEDC88-BA68-4ADC-8DD1-9BC51FF3CCA5,,,,,,,ODN0002490025,z,right_only
1E001EE9-2956-429A-94EC-725258AEF256,,,,,,,ODN0002663565,z,right_only
44EDB09B-FAE0-4C32-AB2B-832EFE4DC8C2,,,,,,,ODN0002382121,z,right_only
F662CBF1-34D0-4CBB-ADCA-74CCFCD9A682,,,,,,,ODN0003374230,z,right_only
91619838-B396-48F1-878D-D95A0A081ED7,,,,,,,ODN0002300821,z,right_only
B8B368F6-87D8-4B5E-B587-576E42F22760,,,,,,,ODN0002492499,z,right_only
D52B5E4F-4F1C-4AB4-BB5C-51482103D09D,,,,,,,ODN0004856688,z,right_only
697E7236-59A7-43C2-9C50-B81C77749277,,,,,,,ODN0002945653,z,right_only
547D93C6-FE3B-4321-9B95-517876C03C22,,,,,,,ODN0005115005,z,right_only
8A91BD0F-7568-4748-BCCA-9919D788379F,,,,,,,ODN0002301804,z,right_only
C71C2F92-BC4E-41A8-A59F-0630BDEE7685,,,,,,,ODN0004679736,z,right_only
FFAE3004-36AC-4884-93BF-D097320D855A,,,,,,,ODN0003060782,z,right_only
6B9213E6-96EF-467B-BA09-710D413D9C2E,,,,,,,ODN0004998582,z,right_only
05BDFC41-43BE-4149-8C34-F06083233F54,,,,,,,ODN0004154182,z,right_only
CD63924E-5700-4FDE-9F27-3EA4F1B6977A,,,,,,,ODN0005181165,z,right_only
7F4C72E9-EA06-4CB3-9FAC-B34EAC625835,,,,,,,ODN0003992050,z,right_only
2B79EA64-507D-49B6-9516-E45A0C03F2B5,,,,,,,ODN0004452115,z,right_only
F50634A0-BAEC-4A26-ADDB-6EAD2007AFBA,,,,,,,ODN0004998651,z,right_only
887D281F-BD3F-47D9-B20D-41181CF097E6,,,,,,,ODN0003231736,z,right_only
E8437063-0F06-438A-9AA6-060AA7A153B4,,,,,,,ODN0003376004,z,right_only
CC660BE4-7093-4928-8B7F-AF0A7A2D4E59,,,,,,,ODN0005275112,z,right_only
D455DF3E-1EEE-4F9C-9D98-E864EC922892,,,,,,,ODN0004053509,z,right_only
E2F6FC12-C6EC-48C2-A6A6-C1049F412097,,,,,,,ODN0003946655,z,right_only
07DBC88D-1215-4E3E-A224-8BF4D8AA5375,,,,,,,ODN0003080819,z,right_only
7E11D6CD-1A71-422F-A1D7-3246E6220759,,,,,,,ODN0003014018,z,right_only
5BF323CE-32C9-429B-9E90-43D8C9830F75,,,,,,,ODN0004309353,z,right_only
6A558929-1C2F-440F-AB87-57F08E61B47F,,,,,,,ODN0004577815,z,right_only
1FF36303-C447-478A-A41E-5D1ABB42AE36,,,,,,,ODN0005181272,z,right_only
05F0E904-AFE7-4FB9-A45A-9EF74CB2A614,,,,,,,ODN0005437817,z,right_only
9C88A519-D2FD-46D4-8703-2506AC9C44E4,,,,,,,ODN0005485546,z,right_only
C11D7CBF-6DAE-4AE6-AEAF-5E5FB1F41363,,,,,,,ODN0005239547,z,right_only
86FAA618-A229-4EE5-97F2-7E23F0762A9D,,,,,,,ODN0003209015,z,right_only
3E354FB6-46B9-4EF2-A7BB-F67F5BE57F33,,,,,,,ODN0005254259,z,right_only
1025914D-41C5-4DA5-AC27-BB2DCA50366A,,,,,,,ODN0003006485,z,right_only
7DA8563C-5DD1-48AB-9A73-F24896DE810D,,,,,,,ODN0005181213,z,right_only
5E7646DD-C9DB-4ED7-B6A1-F6B77B278134,,,,,,,ODN0004510671,z,right_only
EF46A645-D45D-4AF7-B7EF-715B68388C14,,,,,,,ODN0002881282,z,right_only
B6DB25DE-6892-480D-9C6D-B3A05F71F69E,,,,,,,ODN0002490511,z,right_only
4D5BB3E4-D338-4C13-BDFB-20E7EA9E7954,,,,,,,ODN0002469977,z,right_only
0713A3D3-70FA-416A-A207-4D2FB5E2C922,,,,,,,ODN0002629960,z,right_only
8225FE2D-54F9-4E2E-ABEA-F7C3BB399D86,,,,,,,ODN0002470024,z,right_only
7CED4BCB-9011-4C15-86A2-9676E5375B3A,,,,,,,ODN0004345864,z,right_only
1B861BC8-EEF5-4F84-88F6-6991E1073BB9,,,,,,,ODN0002470923,z,right_only
EE148701-4784-4FFB-A7A0-1652EF8A3A48,,,,,,,ODN0003332043,z,right_only
4A9BB4D6-3AC6-4C4E-95A7-D66CCD220893,,,,,,,ODN0002470033,z,right_only
DDC9DFAA-C3C5-4CAD-B4C7-DC8F24500C38,,,,,,,ODN0002470097,z,right_only
6BDA5C92-B51A-4AB8-A44C-6B92ECACC3D3,,,,,,,ODN0002407090,z,right_only
1B7CE78C-C517-493D-B027-071DE7B0646A,,,,,,,ODN0003513486,z,right_only
22810B67-B0F7-470D-8657-406B2B8ED4AB,,,,,,,ODN0004195211,z,right_only
39D9F931-7933-4A7C-95BF-57591DE46837,,,,,,,ODN0002470165,z,right_only
0EE8A7EA-877C-4AE8-9BED-4817B7AF7DA6,,,,,,,ODN0002629980,z,right_only
84D8EB19-5D8D-4EFD-9252-BD4AD3A37663,,,,,,,ODN0002470218,z,right_only
45341BFB-CB61-4E6F-8B74-1AAD58FD3EE1,,,,,,,ODN0004904081,z,right_only
4DBCEAE1-50D9-486F-93D6-B9B66393AF66,,,,,,,ODN0002470283,z,right_only
286A2EAD-96F0-4A1C-81F9-0D785DF82957,,,,,,,ODN0002470320,z,right_only
93D72999-1E14-46BA-979A-2D06A5830B9F,,,,,,,ODN0003307912,z,right_only
EA930BA7-B8EC-4F7A-8CFA-C3730200ED3B,,,,,,,ODN0004229013,z,right_only
9DC16ABE-EAE2-4867-9252-B4D2B3BB3F48,,,,,,,ODN0002470467,z,right_only
E97CD7F2-DB2E-49F8-A87C-4846AAF60E72,,,,,,,ODN0003325286,z,right_only
43238ACC-638E-420C-8D06-D8E0C21551FF,,,,,,,ODN0003376021,z,right_only
6C0F9E9E-5396-4B83-921F-373ED3265942,,,,,,,ODN0002470603,z,right_only
FD5FD2F4-6E1D-4E76-8402-476500E4A2DD,,,,,,,ODN0003376051,z,right_only
3078D5E7-C8E2-4578-AF96-DBD37715F371,,,,,,,ODN0002470662,z,right_only
8322EE5F-0D54-453D-AF3F-10F609F405DF,,,,,,,ODN0003285237,z,right_only
2D3B01D4-667D-4FB7-B7E5-DFA50CDEE530,,,,,,,ODN0003300523,z,right_only
2A99EAF2-2D3C-427F-BC80-C6386C942BFE,,,,,,,ODN0002470671,z,right_only
1AF96D5D-C4C7-4363-839F-9EDDA5B3878B,,,,,,,ODN0002470709,z,right_only
E6BD17D9-75E1-4CE1-B673-EC28FD359E35,,,,,,,ODN0002411281,z,right_only
254C231D-1C66-4209-8D1A-477A3802968C,,,,,,,ODN0002470787,z,right_only
D93A0CD3-C180-4CA6-A37B-D339FBE835EE,,,,,,,ODN0002630207,z,right_only
D6A765CD-3549-4753-A580-28DCC026F668,,,,,,,ODN0003150009,z,right_only
0774C83F-1A19-4EDB-8B61-DF15F8F30D66,,,,,,,ODN0003294542,z,right_only
B0511FD3-9449-492E-9ACC-3004F2D2D7E1,,,,,,,ODN0003271552,z,right_only
6143B2D8-4AA4-4A35-903D-C4033BD9D5F4,,,,,,,ODN0003513576,z,right_only
E855E87C-764A-4E44-95F0-A4C3FD441937,,,,,,,ODN0002411186,z,right_only
5362FCD8-A612-446D-BB53-F52036C9BCED,,,,,,,ODN0003578752,z,right_only
5D34E3FA-4511-46F6-AF72-7F1A608B71A4,,,,,,,ODN0002580984,z,right_only
2F9F1ED9-8553-49C4-952E-8F128AD936B1,,,,,,,ODN0003209067,z,right_only
7775C0E3-BFBB-4491-A5F9-3FC02E76277A,,,,,,,ODN0002488679,z,right_only
638C6864-7F70-4894-A4D0-237B59FCCADD,,,,,,,ODN0003307920,z,right_only
74F83D3F-CD88-4694-AC13-41B529204F11,,,,,,,ODN0002756154,z,right_only
85107932-4CE4-4266-80B7-832251A3D728,,,,,,,ODN0002470963,z,right_only
DDB52295-28F5-427C-9479-D3FD24D764B3,,,,,,,ODN0002471011,z,right_only
8E88A54C-D6E3-47CA-B49C-106F70DC25DF,,,,,,,ODN0003358907,z,right_only
84D324E9-2EFE-476A-85BF-6FA8EA72AE6A,,,,,,,ODN0002787640,z,right_only
FDD3D602-93BB-4D45-BDF6-6B7963B693CF,,,,,,,ODN0003376170,z,right_only
1334B377-35B1-4C3B-85C1-9FD9D4A4A6E4,,,,,,,ODN0002771046,z,right_only
47B44145-9DD6-4214-A924-345F610BBC3B,,,,,,,ODN0002630226,z,right_only
B866E4E1-EFEC-420D-B5EA-EB172700185B,,,,,,,ODN0003332078,z,right_only
F5176343-7F46-470D-988C-CA1570121740,,,,,,,ODN0003513605,z,right_only
D703AA34-E4F2-45EB-82FF-467FCD5551CD,,,,,,,ODN0002559775,z,right_only
56A8C0D5-2CE7-4719-B25A-D2CEF78F5058,,,,,,,ODN0002471190,z,right_only
3DEAB001-F58E-49AC-91C4-980F530707A5,,,,,,,ODN0003325361,z,right_only
E2F73BA4-9B36-437C-8305-C0EB1FD25E3C,,,,,,,ODN0003601765,z,right_only
53FB86AF-1F09-4811-BA69-A5C6DF36A378,,,,,,,ODN0002503809,z,right_only
A535B1A5-54A8-462C-9F1F-5D0F95678937,,,,,,,ODN0003014047,z,right_only
7244B479-7FC5-42F9-AC9F-21E38FFC3ACA,,,,,,,ODN0002960631,z,right_only
F48CD721-6A9D-4E92-B13D-13FF658FAF30,,,,,,,ODN0002471237,z,right_only
E1611036-54E3-4E3C-BFDE-2F480E44DC25,,,,,,,ODN0002471241,z,right_only
D0074BE5-0D0D-434F-9CDF-700EE1988253,,,,,,,ODN0002471272,z,right_only
B2AB8389-7E30-45D2-896D-439F1AE46B71,,,,,,,ODN0003246272,z,right_only
50128254-0FA5-4496-A427-C6C7B1D554EE,,,,,,,ODN0002299473,z,right_only
2FA0B40D-5B68-4BE7-86FD-AFF61592A8C2,,,,,,,ODN0004567531,z,right_only
D739B593-345C-47AC-B215-8103ABFF0E5A,,,,,,,ODN0002755208,z,right_only
1E589A47-C46B-47E6-80D7-6E9BE84F9878,,,,,,,ODN0003136517,z,right_only
79D1DABE-55EE-4B0C-9608-6BE5FBA1B39E,,,,,,,ODN0003278692,z,right_only
A5F02446-208A-4758-8612-124E5A6D1830,,,,,,,ODN0002755229,z,right_only
00AD6C83-FEB2-4599-91BD-13EBB4E9B7D8,,,,,,,ODN0003195518,z,right_only
A81E0A4D-B296-4AB3-B845-BBC938CA8372,,,,,,,ODN0002981580,z,right_only
979CDA8F-BFC3-4FB1-8B2A-F20E881458ED,,,,,,,ODN0002981582,z,right_only
2710C011-5BF0-45C9-8D65-1305A321A6B4,,,,,,,ODN0003626643,z,right_only
44D07B35-A86B-4EE2-BB29-15357F15C077,,,,,,,ODN0002630417,z,right_only
21FE14AC-2871-4070-A5D2-8B62AC8D2F92,,,,,,,ODN0002630420,z,right_only
DA39A6CC-45CA-4D65-8ED1-8E11196CD7E2,,,,,,,ODN0002301356,z,right_only
77B100FC-760B-4A9D-8739-DEDFC5609F6A,,,,,,,ODN0002301359,z,right_only
407112CE-7B83-419B-AA13-510D8CBADA49,,,,,,,ODN0002725563,z,right_only
257851E1-1608-4FCD-9258-23C2ECEFB753,,,,,,,ODN0004411667,z,right_only
9F4E8909-39FE-4624-9751-FE36390B5F67,,,,,,,ODN0003278705,z,right_only
C3FAB831-617C-45E5-B1D3-68BD08FF3E57,,,,,,,ODN0005290945,z,right_only
5EDC8EE3-79C4-4744-B4CB-996D013CD0C8,,,,,,,ODN0003873579,z,right_only
FCBBC853-FD11-4812-B0C7-57420B0DD9A8,,,,,,,ODN0005373404,z,right_only
F15DF9FF-F0E2-40F3-BA8F-814076CF76ED,,,,,,,ODN0003873617,z,right_only
A899297C-63E4-474A-BB8E-AF0BE478239D,,,,,,,ODN0005290943,z,right_only
92F03C3C-B0AA-4007-8DA1-D9805BCB2396,,,,,,,ODN0003968854,z,right_only
90A47FDA-502B-454A-8B66-A934B720F56F,,,,,,,ODN0004651082,z,right_only
4AF3D524-D466-49BB-9C31-16F44F396529,,,,,,,ODN0003873719,z,right_only
7B1AAE06-7524-466B-A99E-7A7907E140CB,,,,,,,ODN0003873723,z,right_only
795F42CF-BBA8-461A-99F6-FA7A6027B801,,,,,,,ODN0003873790,z,right_only
6E3D5857-8BED-48AF-94F4-E460915E68EF,,,,,,,ODN0005087851,z,right_only
C5521420-F0F6-4FBA-B28A-30888EB975DC,,,,,,,ODN0004567534,z,right_only
EE50CB90-6E17-4405-96E2-AF6FFD9E7922,,,,,,,ODN0003873857,z,right_only
8CA148A0-6317-4939-B36A-B3171AF09EBE,,,,,,,ODN0004715556,z,right_only
B9DD18E8-17CF-456D-825A-0AD68AE49523,,,,,,,ODN0005181199,z,right_only
E4ACF900-C00C-43F5-BD4F-D8197068B1EA,,,,,,,ODN0003874009,z,right_only
179A7D35-E4EC-4B56-95F5-6D14B5B6319F,,,,,,,ODN0005485551,z,right_only
79964932-A59F-4213-AF2B-3596733219CB,,,,,,,ODN0003874253,z,right_only
DD810310-1E92-4EC6-A559-39AC7C22FED8,,,,,,,ODN0003910369,z,right_only
2DBF3BB8-BE82-47B7-875A-CDE38C80C937,,,,,,,ODN0003874324,z,right_only
92AA77F1-194C-4A8A-A85B-0AC74C5805C7,,,,,,,ODN0003874339,z,right_only
749FFB71-2103-41BC-B44D-B352C9F44D9F,,,,,,,ODN0003874352,z,right_only
EC77FE54-0F13-4A6B-8D35-EEC0E2B4564B,,,,,,,ODN0005485654,z,right_only
BE33114F-F591-41B7-B699-7AAB469FDDBC,,,,,,,ODN0005224582,z,right_only
F69DA2B5-20D1-4BDA-977C-7C09D81ABD8E,,,,,,,ODN0004822428,z,right_only
685A6D35-4779-4C65-8861-E3947A9E17B1,,,,,,,ODN0003874553,z,right_only
9C56F243-779D-4407-8FEC-7974FDEDC86A,,,,,,,ODN0005202576,z,right_only
F821D8DA-065D-4F46-AF8B-E704B5E4AE67,,,,,,,ODN0002271634,z,right_only
F38494A5-981C-4DE9-9131-6992C5C7D97B,,,,,,,ODN0002055635,z,right_only
2891E696-BA65-43DF-ACFB-3DB3B4F6B493,,,,,,,ODN0002055644,z,right_only
3EF2933A-1F42-4D58-B1E5-0617AFAB543A,,,,,,,ODN0002106683,z,right_only
C78EC5ED-4C78-4059-AF9E-1014A85EB9C1,,,,,,,ODN0002055773,z,right_only
49F07F81-3AF3-4A26-ABA6-5496D928CE2A,,,,,,,ODN0003195654,z,right_only
5958FD88-A9AF-406F-9BF6-CAC59141A2C0,,,,,,,ODN0005115117,z,right_only
A903C2C8-83E5-4A71-8FCC-2FB4779FEEC3,,,,,,,ODN0004195206,z,right_only
92711DD4-E07C-4DFF-999B-0CB74C3F655C,,,,,,,ODN0004785612,z,right_only
65A59232-F532-4C39-9960-30CACC133C48,,,,,,,ODN0002755199,z,right_only
EA12FC6F-1CC5-4357-87C2-471343391B3B,,,,,,,ODN0005452391,z,right_only
553959D1-0FE0-406E-BB41-D45C5BDC9ED2,,,,,,,ODN0002407260,z,right_only
A2254708-DE9C-485E-B978-BEB1DF91D4B6,,,,,,,ODN0004904114,z,right_only
7164EEDE-97B1-4975-9A95-A874A393C829,,,,,,,ODN0002079454,z,right_only
C12F1A56-66E8-47C9-A138-46A93685CB13,,,,,,,ODN0002079456,z,right_only
0EDE48E7-5C8E-4AD5-80E2-1490C3BE73D5,,,,,,,ODN0002079490,z,right_only
13F0C17F-FCCC-4B78-B926-3F90421A04C6,,,,,,,ODN0003209129,z,right_only
035C30F6-72D5-4711-A99B-868F70E180A7,,,,,,,ODN0002106504,z,right_only
69123A2B-20DF-4327-95C2-1852F8AB5B84,,,,,,,ODN0002851953,z,right_only
B066F6AB-BAAA-4B6D-B64B-F7384B97D375,,,,,,,ODN0004452110,z,right_only
07013F14-ED14-4F88-9066-66C859F72FD2,,,,,,,ODN0003050625,z,right_only
2052F3C4-10C9-4729-819D-3BF048823F2C,,,,,,,ODN0003028544,z,right_only
A9B810FA-E63D-4524-B8DE-B5C092CC5FD0,,,,,,,ODN0005239548,z,right_only
EBA10A64-B5AF-4552-BCD4-E96A55159B6E,,,,,,,ODN0004939564,z,right_only
1C8A1597-063D-4755-9B45-9314E2C424C8,,,,,,,ODN0002079919,z,right_only
BC2E493B-47B1-435C-B75D-D82736244C9E,,,,,,,ODN0003324850,z,right_only
2CE48AAA-1095-4F85-9038-DCC1A29ABD1F,,,,,,,ODN0005325751,z,right_only
10858B03-4AEC-4545-91F6-33EAD0A564DC,,,,,,,ODN0004939578,z,right_only
675FD6D0-5576-4704-BCAF-3C5F1FEFC772,,,,,,,ODN0005496109,z,right_only
C411B74E-2536-45D7-A69E-7D99844F41B8,,,,,,,ODN0002063494,z,right_only
07F6C1D5-C1DC-4C6B-884D-69182464118D,,,,,,,ODN0002080597,z,right_only
55F87648-CB20-467B-8031-1F09374861CF,,,,,,,ODN0005153320,z,right_only
6FD50CC9-356D-4912-B9B4-F0D28F970B59,,,,,,,ODN0005496111,z,right_only
F8A0B39A-2743-485F-B46D-AADC8676C526,,,,,,,ODN0002055735,z,right_only
AE5D6C68-D4F4-4986-AFD5-90AC9B342667,,,,,,,ODN0002518946,z,right_only
C21E0CF4-374B-46DB-B3A8-6801622A7075,,,,,,,ODN0005496115,z,right_only
BF216BBE-4B02-4918-887F-32CD02BF86ED,,,,,,,ODN0004000863,z,right_only
8BA73863-A222-47EF-B0C6-1BCEF8F6B9BE,,,,,,,ODN0003374243,z,right_only
A65D9F5B-2500-47E4-AADB-743E10B970A2,,,,,,,ODN0002602177,z,right_only
80FB2DBA-0B3E-4C4A-98B5-F5CD1F7E9FE3,,,,,,,ODN0003332325,z,right_only
32D28B34-E596-482A-930E-1E28A0DB58D5,,,,,,,ODN0005325829,z,right_only
03E6DF5C-8C6C-4392-91CE-A4E1A2546C60,,,,,,,ODN0002107023,z,right_only
DF80B2D8-0430-4AE6-B095-75169BA7E47C,,,,,,,ODN0005425947,z,right_only
47D61290-18B1-4AB1-A3A8-74B8D7B008E3,,,,,,,ODN0003285283,z,right_only
28C002C3-C0FC-4C8B-83C5-8D8EE002FE14,,,,,,,ODN0003308006,z,right_only
C6AD21BF-4D37-4045-B5AE-4E689D6FE853,,,,,,,ODN0002098245,z,right_only
6AA02D54-B322-4B52-9D3C-A633B4ED3E0B,,,,,,,ODN0005115125,z,right_only
E306FF92-D424-42EB-A103-EB34190B23DE,,,,,,,ODN0005239541,z,right_only
9D82C8AF-FB0B-4ABE-B18B-A768C4D8947D,,,,,,,ODN0005064570,z,right_only
62B06F9E-837D-40B7-B32E-591D9EB0F1E5,,,,,,,ODN0005064575,z,right_only
A07B5686-D10E-4ED8-AE91-009DB0FEAB77,,,,,,,ODN0005291135,z,right_only
7C8BE95C-1C1E-4E46-B6BF-3A2E3A3368E1,,,,,,,ODN0003887866,z,right_only
A3A3F9F0-641A-4010-B64A-C6B6E4E88936,,,,,,,ODN0005338796,z,right_only
503C14E0-C07A-4B47-BD90-6EBD0A9AB998,,,,,,,ODN0002358670,z,right_only
7EDCB239-3001-4AD8-A2DB-314DB0D7D091,,,,,,,ODN0005301986,z,right_only
10BA83B9-71D9-4CB2-9643-975D2D53491B,,,,,,,ODN0003376193,z,right_only
8DB76636-A1F2-4D6D-B844-EE56980F036B,,,,,,,ODN0002097942,z,right_only
887863DF-0E7B-4442-B7F9-157CFF4433D1,,,,,,,ODN0002490855,z,right_only
B32D416B-0B65-463D-9E12-E5BCE0F1E650,,,,,,,ODN0004838017,z,right_only
8AB0FB1B-CD0F-48DB-AEAF-365FB81D03DD,,,,,,,ODN0005064579,z,right_only
2734D504-A3E8-409F-B118-5738E098649A,,,,,,,ODN0003513398,z,right_only
D62189AF-7C23-4A8B-BA74-25CBFBEA89C5,,,,,,,ODN0005496079,z,right_only
A150147C-58ED-418C-ABE6-464A40F4A2C7,,,,,,,ODN0003447553,z,right_only
83213298-6F67-4172-BB25-9B45DA4B2F4F,,,,,,,ODN0005496092,z,right_only
80E2F1CF-8FDF-462F-99E1-5BDCF254D1F4,,,,,,,ODN0002097848,z,right_only
4F5D29CD-F9B4-4ADA-883A-AA49095E6290,,,,,,,ODN0002275844,z,right_only
4D7C614B-8F0E-40B2-BF9C-C1B890C13BA3,,,,,,,ODN0002464875,z,right_only
46B0BBF4-015E-4DD0-9607-7AA770EA3C7B,,,,,,,ODN0003238650,z,right_only
3A297BCA-1ADB-4B5E-9D05-AA08D214B706,,,,,,,ODN0002098696,z,right_only
1F0FB94D-46AB-4F63-AAAA-6A6FAA1562D1,,,,,,,ODN0005373454,z,right_only
243347B0-6057-4661-A65B-CFA7FCEA6575,,,,,,,ODN0002300906,z,right_only
0E811A61-C6B7-4231-9300-D28B363F7731,,,,,,,ODN0003294823,z,right_only
35432EDF-3E73-45E0-AF2E-FACF842F5B9D,,,,,,,ODN0003285278,z,right_only
6FF32621-1D69-49D2-B160-94118D38E243,,,,,,,ODN0004536925,z,right_only
B96E1670-BAE0-4E8B-865E-426645428A14,,,,,,,ODN0005115147,z,right_only
1605936C-2FC5-4EAC-AD82-2F27B2D3BBFC,,,,,,,ODN0004081167,z,right_only
AECCFBE5-C20D-4496-BF48-9662F1E702DD,,,,,,,ODN0004081171,z,right_only
844FCF6A-ABF8-41E8-BBEE-C864CE8EDCCA,,,,,,,ODN0002851945,z,right_only
CE4AC36C-71F4-40E6-A558-9A8ACF6F67D1,,,,,,,ODN0004874143,z,right_only
585CCFE8-57DC-4A79-9E05-78BDB037FA5A,,,,,,,ODN0005291080,z,right_only
E4BB8A1D-476B-43D0-8039-A0ED9482DC1B,,,,,,,ODN0002080073,z,right_only
4295036D-694B-4376-B5F5-930286F20F3F,,,,,,,ODN0005039897,z,right_only
4650E820-8500-450E-B244-8F8586812D1A,,,,,,,ODN0002080593,z,right_only
56A092ED-058E-4F89-B1B5-2CFF6B27CBDE,,,,,,,ODN0002491867,z,right_only
0E6A57C1-8B89-4C39-9B23-1A82A966A2BC,,,,,,,ODN0002080977,z,right_only
88D81517-B6CA-489C-9D00-163A8A262A61,,,,,,,ODN0005373485,z,right_only
3039E10B-1FCD-4310-B36F-6A87FD18DCD4,,,,,,,ODN0004760390,z,right_only
D474A9EC-2624-41BB-9983-63E85C34A6DC,,,,,,,ODN0004545152,z,right_only
D46B3914-1FC9-4F56-B43E-AB313292C813,,,,,,,ODN0004545032,z,right_only
81E99133-4D85-447E-AE4A-084DA4A97694,,,,,,,ODN0005301831,z,right_only
5C765735-CF94-4FA6-A1DC-020DAFBDEE2D,,,,,,,ODN0002079591,z,right_only
07A83055-2588-4116-AE4D-22DE336C0FA4,,,,,,,ODN0002097993,z,right_only
50FEFB0A-474F-4A42-873D-FB830708DBC2,,,,,,,ODN0002079744,z,right_only
92970E6C-48CB-40F5-8B6A-7BEB1AC4A4EE,,,,,,,ODN0005087856,z,right_only
B646A25D-1C09-4D61-ABA8-A655999EE849,,,,,,,ODN0003958951,z,right_only
E875B06C-2FFC-4F67-9D22-8EA890D960CF,,,,,,,ODN0004939585,z,right_only
4908A5E6-6CAB-425C-A94E-A93D451C0185,,,,,,,ODN0004939603,z,right_only
7CE02532-ED2B-40F5-84A8-AA1330FC63C2,,,,,,,ODN0002080545,z,right_only
F7B9B869-BD7A-40FC-B3E8-4F20BB856AA2,,,,,,,ODN0002945758,z,right_only
A2030FE3-4BE3-4E3E-A6F4-A674E46BBE0B,,,,,,,ODN0002685756,z,right_only
D8B13FBE-DA90-4215-9B90-13508006BEC3,,,,,,,ODN0005425918,z,right_only
98237630-D07C-4079-86F2-7900568A4672,,,,,,,ODN0002081178,z,right_only
AD0E2D04-4616-4783-B045-20EF38619B74,,,,,,,ODN0003358916,z,right_only
1ADD6603-ADDB-44FA-B13F-D16B8D4A7F47,,,,,,,ODN0005239609,z,right_only
F2725FB7-5398-4EB9-A847-16B3604A990E,,,,,,,ODN0003224543,z,right_only
26685854-8BB3-4C38-88FD-999B47D2D774,,,,,,,ODN0004998762,z,right_only
2BA616F0-0374-4A2A-8C96-8CAD01DD57E1,,,,,,,ODN0005452465,z,right_only
CC51FA4E-3373-4BC9-8AB7-BD67C1E6A67F,,,,,,,ODN0005291064,z,right_only
CFA0B493-77B7-4813-86E3-11EBE7BD7343,,,,,,,ODN0004847805,z,right_only
177C8214-D7D0-4E8D-A2BC-851BE2B75B54,,,,,,,ODN0005114970,z,right_only
A22ADC61-C19C-4A9C-8666-5803542B625C,,,,,,,ODN0003028564,z,right_only
F2E47EA9-EF10-4BA5-B85C-D81C0077EBC4,,,,,,,ODN0005301848,z,right_only
AE2B0880-4209-4C43-AED4-F56E31418FC0,,,,,,,ODN0002444684,z,right_only
04984263-9148-4AC0-ADA0-6C7EC7DB70B6,,,,,,,ODN0002725413,z,right_only
35440C2B-06A8-4D02-8061-74125D962BE0,,,,,,,ODN0003028532,z,right_only
FE19B8DE-2CD1-48EE-A2DF-95357CD634BD,,,,,,,ODN0002299460,z,right_only
14DD6D03-315F-4117-BF02-2561F76617E9,,,,,,,ODN0002669551,z,right_only
79FA8707-BF57-4E65-80DC-EF202EF3CF56,,,,,,,ODN0002299462,z,right_only
2EAB2F77-5589-4F56-8F49-29C755BE37D0,,,,,,,ODN0002518392,z,right_only
C898480D-A2ED-4979-9C1F-2FC82C91CF9F,,,,,,,ODN0002581224,z,right_only
489AE839-E34B-4FD3-A12D-73440CDF941D,,,,,,,ODN0002098332,z,right_only
93A465B7-17E5-4D39-B9F3-5591D32388B5,,,,,,,ODN0004626329,z,right_only
62660313-05EB-4E61-B64A-71D903981EB3,,,,,,,ODN0002630304,z,right_only
8CBCAEC7-1AE3-4A9A-8649-52DE106681C3,,,,,,,ODN0003006550,z,right_only
79B70D28-9515-4D7A-A7AA-D297368A8B33,,,,,,,ODN0002902663,z,right_only
4807F80A-B70D-4BFC-B033-9048A1816853,,,,,,,ODN0003028537,z,right_only
B1BEB45A-AFDE-443B-AE75-5D4F4712E088,,,,,,,ODN0003254280,z,right_only
E7441952-A8F8-4875-92C2-70C47A638C15,,,,,,,ODN0003271557,z,right_only
F096B470-6AAB-4C93-9338-60E62E3D50BE,,,,,,,ODN0002755185,z,right_only
873205A3-1CEF-4025-83E9-645E15B1330C,,,,,,,ODN0002637404,z,right_only
12B61A32-772F-4082-BE3B-C8C9F027792C,,,,,,,ODN0003224496,z,right_only
4548150C-00B8-4007-8898-477F74E36FAF,,,,,,,ODN0002275947,z,right_only
B4C78D0D-E340-44D5-B85A-FFF3EE28D4A9,,,,,,,ODN0003285262,z,right_only
9B283827-48DE-49C2-84A9-501CD1AEA942,,,,,,,ODN0005064591,z,right_only
6ADAF9A8-E8F1-4282-9E92-9843097A68F6,,,,,,,ODN0003224544,z,right_only
881C2082-59CA-4E89-9D72-D97100DBDD4D,,,,,,,ODN0004939558,z,right_only
CC3EBBA5-6EF3-4299-A871-691CF1D129B0,,,,,,,ODN0003887854,z,right_only
06469D07-F52B-4051-972C-2A4447BEB6EF,,,,,,,ODN0003238643,z,right_only
2248E6B6-F5CA-4422-A26A-81000A2AFD5E,,,,,,,ODN0002685721,z,right_only
B0DC5483-3A56-484C-98D7-BF408C272715,,,,,,,ODN0003349523,z,right_only
A2DFAE14-06EF-43B9-9338-10C2F6CAF794,,,,,,,ODN0002070914,z,right_only
8D63B2F8-4838-4706-A6BC-F2C0C8CE20FD,,,,,,,ODN0003136360,z,right_only
B9FCFF68-207F-4B84-AD40-5CA9F0D007B7,,,,,,,ODN0005291042,z,right_only
D462D8B1-B785-4BDF-A1C9-8E49B1BF468B,,,,,,,ODN0003071888,z,right_only
C505D625-4E4F-4EDD-9D9B-38E015F17606,,,,,,,ODN0002805837,z,right_only
EBDBE8A4-5F6B-4B5C-BFDA-D04DFE57FCAC,,,,,,,ODN0004168009,z,right_only
6E31BCB3-67FC-4F8A-8E34-480E5303EE5A,,,,,,,ODN0002300151,z,right_only
60DC4241-A5DE-4DEF-B0C3-72C167315B90,,,,,,,ODN0002070985,z,right_only
EB82F747-BFB1-48A5-81B4-86FBB9A7ADDF,,,,,,,ODN0002637408,z,right_only
206B42D9-0895-4AA8-BD38-5146D8D003BB,,,,,,,ODN0003300720,z,right_only
A04FE7CE-50F3-4207-8B81-573268307FF7,,,,,,,ODN0003300721,z,right_only
B426BEFD-E12B-4D1C-ABE2-9754E30EA787,,,,,,,ODN0002840071,z,right_only
AE98E43D-D21B-4464-9B42-93E9B454EB21,,,,,,,ODN0004386005,z,right_only
6EB3CA71-1474-4E9E-B714-6B48A3828014,,,,,,,ODN0002995701,z,right_only
C770DB58-3C77-4DD4-BF4A-A524128FC744,,,,,,,ODN0003060666,z,right_only
547E1CEE-D531-420B-A9B2-F3DF2A54403F,,,,,,,ODN0002581605,z,right_only
0D2B93E6-E1F8-4EE4-BA55-CE64DF210E64,,,,,,,ODN0003254293,z,right_only
350D005D-0920-422D-BA72-E30672D1029B,,,,,,,ODN0003224520,z,right_only
8BA67802-E2DD-488C-B4A1-D08EC9189AFE,,,,,,,ODN0002663567,z,right_only
EEA7D4E5-D51D-4F19-8657-743E2C05C373,,,,,,,ODN0003788972,z,right_only
F43C5A31-221F-469C-A574-07BE98EF7F1B,,,,,,,ODN0003382605,z,right_only
BB3E9E22-5A35-4A67-9F5B-9276B5641061,,,,,,,ODN0002787737,z,right_only
297AE53A-B151-4A43-9B11-BD32F188F1F4,,,,,,,ODN0004679684,z,right_only
CA9223CC-ABBA-4E41-8525-65402026FCDE,,,,,,,ODN0002491531,z,right_only
07F845D3-5398-46ED-809A-2E9606D20650,,,,,,,ODN0003665592,z,right_only
343C5F9D-96C9-4BF7-9663-53BAABA74A0D,,,,,,,ODN0003209313,z,right_only
0C07C993-2463-4AD5-9975-790719D08CEA,,,,,,,ODN0003035719,z,right_only
47A4F529-EA4E-4CC7-AF51-42A0D33CB4B6,,,,,,,ODN0003224523,z,right_only
43578E96-2B42-476F-8556-EA7D946478ED,,,,,,,ODN0002637414,z,right_only
3FDB7881-CC6A-44BA-A888-3F2080C0DB9B,,,,,,,ODN0003224491,z,right_only
0E5CA9C1-2DE6-4079-8EEB-0BB8B4EEC1AD,,,,,,,ODN0002491816,z,right_only
CE425871-F16F-4901-B0E6-6448EACCDC87,,,,,,,ODN0004334333,z,right_only
DB1D5C50-5F6F-4CC2-A005-1FBFA71A2174,,,,,,,ODN0003946602,z,right_only
D2CF1654-2757-4997-B86C-DE06EC5AD1B9,,,,,,,ODN0002902713,z,right_only
F1D13279-8E50-4DF3-85D6-0D983CEAF59D,,,,,,,ODN0002805898,z,right_only
C244638A-A153-4CB2-9338-0E451172520E,,,,,,,ODN0003887876,z,right_only
2DA5973C-B8F5-4EA6-8117-D145794CD8FA,,,,,,,ODN0003307999,z,right_only
D2FBE6C9-E14D-485D-B925-19F047814269,,,,,,,ODN0002902720,z,right_only
EC396027-A75B-48A6-A7A6-556D562845C5,,,,,,,ODN0002545516,z,right_only
CA02A022-6E14-4E21-B5AC-F442754C5077,,,,,,,ODN0003617775,z,right_only
EA63B427-974D-45BB-9EAE-6B0B59BD9543,,,,,,,ODN0005615607,z,right_only
1ABB5E81-EBAC-495A-936A-EB6C6A4E13D0,,,,,,,ODN0004510685,z,right_only
CBB7BE59-80E8-472A-9B97-EF7BDE5492F1,,,,,,,ODN0003308000,z,right_only
BC5BC82D-CFF2-4393-B6FF-6958F183AFA7,,,,,,,ODN0002602174,z,right_only
76A28D4A-AC37-49DF-975E-A624E81F3D2D,,,,,,,ODN0002581619,z,right_only
C5B9208B-3224-4DCE-AE2E-32C7BEA24E5A,,,,,,,ODN0003324875,z,right_only
CF44CECF-591E-409C-9F58-F80DE26FD66D,,,,,,,ODN0002400444,z,right_only
2311DE1A-05C4-4A4F-A9B1-7FC74DF02CE3,,,,,,,ODN0002301058,z,right_only
1FB7306E-5883-4E5D-B5A1-3CA8B4277B03,,,,,,,ODN0004838167,z,right_only
593B6738-3D16-4170-920F-45123A9B4D8B,,,,,,,ODN0003350398,z,right_only
808AF799-184A-4D35-8B5C-E59876A0E316,,,,,,,ODN0003887883,z,right_only
C30B255F-6D29-404B-A608-B6669180DD61,,,,,,,ODN0003014209,z,right_only
E7231BB8-B6D1-4736-AF44-8BF975C30031,,,,,,,ODN0003014212,z,right_only
C8A44455-DBDA-4822-BCE9-005F58422F8F,,,,,,,ODN0002301354,z,right_only
63EDB7C6-43CB-43C1-8BC3-A12F74442AD0,,,,,,,ODN0003136678,z,right_only
2357E9E7-968D-4EA3-A877-1A38D7CAADB5,,,,,,,ODN0002696952,z,right_only
69B98952-2286-4F8D-99A5-4987D7390D64,,,,,,,ODN0004760388,z,right_only
557658F2-28CF-4159-90CC-3BF79414C456,,,,,,,ODN0002301727,z,right_only
02C04E41-86FB-4387-850C-28DBD79EEB6B,,,,,,,ODN0002400458,z,right_only
9EE66FD2-A985-4141-9CB1-A491D81B2621,,,,,,,ODN0002663579,z,right_only
A508D1C5-F7ED-453B-8901-AB8359EB1C7C,,,,,,,ODN0005181255,z,right_only
241C7011-7D29-4574-967F-2F9AE91B8737,,,,,,,ODN0004154257,z,right_only
3F183D92-B0A7-4FF1-9D7F-9BE96839114E,,,,,,,ODN0004237965,z,right_only
D9FAC41C-25C8-4B2C-8668-3CA09392E6E4,,,,,,,ODN0002492891,z,right_only
3F174D79-A628-41A3-BC2B-7DCB9FAC9FF0,,,,,,,ODN0003260486,z,right_only
62AD8E38-FBB3-42F6-B461-8618B0E86006,,,,,,,ODN0002725574,z,right_only
334C4569-52C2-436A-8311-656F2FCFC052,,,,,,,ODN0002301957,z,right_only
B381F37E-3F55-4787-A0B1-40AEC1767558,,,,,,,ODN0002725580,z,right_only
1D40AE21-AA57-45E3-B815-2D2D02AE36E3,,,,,,,ODN0004237969,z,right_only
6FB663E8-4E25-4632-A0E6-7F128FF1522C,,,,,,,ODN0004998755,z,right_only
F2321698-8643-4848-AC47-85DDC6A08009,,,,,,,ODN0004433984,z,right_only
9476D0CB-DFFF-4382-BDCB-380B49AE13ED,,,,,,,ODN0002787767,z,right_only
8A1F10BE-C712-44B1-9B01-8AA3DF096B74,,,,,,,ODN0003035764,z,right_only
C2CBB688-DFFF-49D5-8DC3-5240A238637C,,,,,,,ODN0003044433,z,right_only
2944F28F-6A89-4D10-9EB5-5E511C09B11B,,,,,,,ODN0002967216,z,right_only
7891D870-5754-4CE4-A205-85C4729DF3B2,,,,,,,ODN0003374267,z,right_only
2C0C5317-CD63-4C33-BE01-1B12D5FFFCDE,,,,,,,ODN0002725598,z,right_only
58EAA38C-7329-4C79-8569-D45E4A6C6663,,,,,,,ODN0002493599,z,right_only
91980087-AF30-4A90-AAA6-6F79615B4090,,,,,,,ODN0004525444,z,right_only
51766E64-20D8-4FA7-9EA3-638C7DEED15D,,,,,,,ODN0002302060,z,right_only
BB9156C7-5177-413E-BB19-B5F4A4433907,,,,,,,ODN0003278707,z,right_only
94A8285F-9BF8-402C-8185-CFC41E040AA8,,,,,,,ODN0003374269,z,right_only
57A44057-EC79-4647-B78F-889E71E0826E,,,,,,,ODN0002302075,z,right_only
513D8DCA-00F0-4FF7-A10E-4464A0274814,,,,,,,ODN0002669611,z,right_only
9823B64A-F812-4820-B4D1-1C88D8317C33,,,,,,,ODN0004874180,z,right_only
83423D1A-2ED5-4386-9425-D3E204D2774D,,,,,,,ODN0002696961,z,right_only
FA90161E-C3B7-47A4-9148-88BD60CAAD49,,,,,,,ODN0002302092,z,right_only
70195B9A-1469-4A2D-8A82-4CE1D7BFABB9,,,,,,,ODN0003014233,z,right_only
454C18BA-43CF-472B-99E4-DB0E42E6466D,,,,,,,ODN0003014234,z,right_only
A820FA2A-B435-499F-91ED-6BB31D4E8789,,,,,,,ODN0002805959,z,right_only
1FC3300E-5A36-48EB-98E8-A81C0543D698,,,,,,,ODN0002470602,z,right_only
0CFBE3FC-2990-4258-8D48-5C049FEE0FEC,,,,,,,ODN0002951059,z,right_only
75D6F78D-0BB3-4495-8629-E345DA0FABFC,,,,,,,ODN0002270997,z,right_only
2814DDAC-9DD7-46F8-BF8A-F24DC3E6F2A4,,,,,,,ODN0003873623,z,right_only
2787835E-1611-4DDD-B25A-59926DEB9E25,,,,,,,ODN0003014157,z,right_only
C90028E5-A029-410E-9BC5-E1E6E7E40E74,,,,,,,ODN0002400404,z,right_only
F14FB307-7E9F-4E54-9C1F-FF7EEE921E8F,,,,,,,ODN0002276000,z,right_only
8AE98ADB-AAEA-4023-8573-A4BC40F22C2B,,,,,,,ODN0003231601,z,right_only
98E368E6-179F-47A3-9BC2-1067F6048498,,,,,,,ODN0002299950,z,right_only
5A9D5AB2-1CC4-4D39-BA1D-276CBDA47B9C,,,,,,,ODN0003278693,z,right_only
6E75B226-D908-4519-9315-E1330E281B2A,,,,,,,ODN0004847806,z,right_only
1CC8CB28-0559-4909-8B3F-BA5265DEDA2F,,,,,,,ODN0002301065,z,right_only
8CB973CE-F41D-4D7F-A31B-FCEF7BDF15AD,,,,,,,ODN0003294879,z,right_only
0A8DCC71-6158-46FA-AD0D-47209A624AC4,,,,,,,ODN0004168460,z,right_only
DC3947C2-4596-4156-8A2F-D96CB070E193,,,,,,,ODN0004702739,z,right_only
EC4ED6D2-B6F7-4986-9583-BF878483E156,,,,,,,ODN0004939548,z,right_only
5C7C97DB-2A84-410F-BDF8-011F3ED248AE,,,,,,,ODN0005412555,z,right_only
3F9555CC-C2AD-4712-B8C6-21C5D150A8F5,,,,,,,ODN0005114366,z,right_only
56107EEC-815B-4B43-AB1D-E583A3AFCCB3,,,,,,,ODN0005496095,z,right_only
4134B8E7-A4AD-476D-8EC3-29E01515F10B,,,,,,,ODN0002981449,z,right_only
95A9D2CA-7394-4043-AB15-5C4B84D250DB,,,,,,,ODN0003278717,z,right_only
2E420533-E4DD-44A3-A75E-FD975B6B31DD,,,,,,,ODN0003642604,z,right_only
A550C087-C084-4B7E-9B31-1CC3FFB73D86,,,,,,,ODN0005301996,z,right_only
1A8DD5B0-8C47-402A-8B24-421FA6C2FD54,,,,,,,ODN0005496082,z,right_only
BE317D63-0730-4E7B-9425-DCD040DC375D,,,,,,,ODN0004154200,z,right_only
B4D4ECB8-149D-4BDE-9CCF-A6CB2747CE47,,,,,,,ODN0002079879,z,right_only
7CA07FF3-9ABB-4F52-B50A-D5063F3A0AC0,,,,,,,ODN0005373438,z,right_only
3B9A472D-399E-4594-880D-5C19E27EFC8C,,,,,,,ODN0002080165,z,right_only
C7657696-EF66-4AFD-9BCF-B404079CCE49,,,,,,,ODN0004998661,z,right_only
ED0079C9-320E-4CE4-A3E4-38E64A3EF67B,,,,,,,ODN0002080506,z,right_only
1467100B-AAFF-4C0B-BF3B-57A247E4AE26,,,,,,,ODN0002518913,z,right_only
78566D8B-F609-4778-965B-1BAACED7F055,,,,,,,ODN0004209649,z,right_only
DE65BB90-4096-4CAD-82E9-2114B2399C2C,,,,,,,ODN0002080942,z,right_only
9211FF25-1849-45C2-B02D-FE82549B2BB3,,,,,,,ODN0005291257,z,right_only
133EF7E5-BF08-4724-B176-71172C602BC8,,,,,,,ODN0002103436,z,right_only
6C23AD02-F0CA-4186-898E-7A31A3CAF1AA,,,,,,,ODN0003887900,z,right_only
A4105DCA-EB31-40EA-9F48-2D4EB4BA8149,,,,,,,ODN0002107098,z,right_only
12F27456-AED9-4DA9-AB51-6797165F776A,,,,,,,ODN0005400551,z,right_only
56590C2E-0BD0-4545-8A45-89466324A9D3,,,,,,,ODN0004280561,z,right_only
0129DE2A-B113-4EFB-9A67-5C6626C92EFD,,,,,,,ODN0005181252,z,right_only
3137E4C4-7799-498C-A383-D6485384E8E4,,,,,,,ODN0002387736,z,right_only
2F9529E3-6CA3-4244-84DF-27138BF51EA0,,,,,,,ODN0003350069,z,right_only
EAE424CF-2D27-4A24-BB3E-A7563A762209,,,,,,,ODN0003374234,z,right_only
CC28A20E-ACDF-409E-BBE7-C45D97421FD4,,,,,,,ODN0005166227,z,right_only
D6398310-472C-4C6F-86AC-2A2171EA1FB7,,,,,,,ODN0005114330,z,right_only
8B2C4F7F-4C27-4B9B-8E32-5C1DDD7E8CD7,,,,,,,ODN0005114392,z,right_only
8DD886B2-0125-40F1-A349-F7E6B26B6721,,,,,,,ODN0005114456,z,right_only
68031A7D-FBE8-4CAE-B377-D42D95A8E4D7,,,,,,,ODN0005114479,z,right_only
DB9F1D11-2A09-4FD0-8200-D2645A7DDE75,,,,,,,ODN0005114935,z,right_only
83FDB426-E274-4C9C-8115-442705AD6061,,,,,,,ODN0005291277,z,right_only
5AD17DBA-F040-4232-B5EB-0FABD5860A46,,,,,,,ODN0005325835,z,right_only
8928DD93-1FCF-4E0E-AFCE-1945C149BCE0,,,,,,,ODN0005254439,z,right_only
1F4B3DE1-53CE-484C-BB74-D12002651FFA,,,,,,,ODN0005400556,z,right_only
EA835B5A-B438-43DE-9B0D-5063C01DD768,,,,,,,ODN0002406578,z,right_only
21634633-C761-4B08-883E-6EEB24B4B49B,,,,,,,ODN0005202526,z,right_only
EE3A01BD-2D80-4AC9-91BB-1319C375765F,,,,,,,ODN0005400510,z,right_only
13179521-BEA1-4273-B9F3-530CD9FEED9B,,,,,,,ODN0004130685,z,right_only
74A7C413-CE12-4C3F-8B3D-D0AB94C412E9,,,,,,,ODN0003358838,z,right_only
C51AB488-4311-4B31-A121-03C6C0DC3214,,,,,,,ODN0004760336,z,right_only
C38A979B-1A5E-424C-B884-21F04F33BC7C,,,,,,,ODN0004577774,z,right_only
50A55BFC-A9D2-4058-AA06-A8A2AB7EBED0,,,,,,,ODN0005254202,z,right_only
F9B898C9-18C1-4983-B697-63EF6F3DD549,,,,,,,ODN0002553780,z,right_only
D2DBCC7E-97DC-42C2-ACE3-F73D32B03666,,,,,,,ODN0003307905,z,right_only
D2A7D6EC-0219-44C6-B5E5-C7E2D5E82B94,,,,,,,ODN0002888809,z,right_only
373489AE-8741-48A8-8E4D-D7F28B63ADEF,,,,,,,ODN0004865129,z,right_only
E7CCAB51-6202-482B-BB85-190463DFB3F1,,,,,,,ODN0004760347,z,right_only
DCE576C0-13A5-4546-B6D7-700A36743852,,,,,,,ODN0003300518,z,right_only
05B4B00D-0DF6-4309-832F-C05A1E7EFD6D,,,,,,,ODN0002874634,z,right_only
10E39474-82E3-4AE8-8289-8EEA104EAD51,,,,,,,ODN0004838135,z,right_only
32DA02CF-8949-4059-A105-7D34340A3D5A,,,,,,,ODN0005301933,z,right_only
3465EC5D-ED90-4693-9F6F-685637B1FFD3,,,,,,,ODN0004760368,z,right_only
E785A332-A10D-4BE7-8A2B-241B924A53F6,,,,,,,ODN0004865147,z,right_only
D62759AC-B44F-4E72-A18C-BA6DE7FD7F24,,,,,,,ODN0005400509,z,right_only
2DE092D9-2DBC-47F3-A8FD-AC06F72F6319,,,,,,,ODN0004747485,z,right_only
C627B962-D0A0-4DC0-8C3F-5204276D0202,,,,,,,ODN0003400025,z,right_only
BAB4D403-1BAA-48E0-AAF1-753515A29144,,,,,,,ODN0004865149,z,right_only
CCB96F00-F837-453C-A15B-5E82B5172EA6,,,,,,,ODN0003400026,z,right_only
88B761AF-235A-4264-9F7F-090F3C88A48F,,,,,,,ODN0004865154,z,right_only
432BD84E-B49C-483C-9364-692E9666F615,,,,,,,ODN0005452407,z,right_only
FD1B7555-832C-454D-BC5D-3F518DB4A372,,,,,,,ODN0004865159,z,right_only
8448D468-8DFC-4188-B02C-9C10D78BEF7C,,,,,,,ODN0004865160,z,right_only
06B8012B-839C-4AF9-BD38-4E3A2E0D988F,,,,,,,ODN0005202556,z,right_only
1CF86AB0-4B91-47B0-A6DF-43CF732B21FF,,,,,,,ODN0005485592,z,right_only
7D35144F-5C3F-42F7-BCB3-E3C6027510ED,,,,,,,ODN0004865169,z,right_only
A294752A-532A-4CC5-BB30-01796A4B5A4D,,,,,,,ODN0005400542,z,right_only
628B0544-C460-4AC9-B33F-0AEDB1709232,,,,,,,ODN0004626396,z,right_only
E797B98C-920D-457F-9F0F-64D342EC579F,,,,,,,ODN0005202568,z,right_only
8ECA918D-9091-4224-82CD-4A43C3834C99,,,,,,,ODN0004865174,z,right_only
CFD56C2D-2666-4D6B-86AE-2C00018E64FE,,,,,,,ODN0005325837,z,right_only
FF8CFFDD-68E0-4F3B-8A0F-A9730CC26217,,,,,,,ODN0005400550,z,right_only
B6856D98-8D3F-4F0E-A38B-3EE51E15F895,,,,,,,ODN0004865177,z,right_only
93BD4C1F-362F-4469-AD42-C35A1A464A06,,,,,,,ODN0004588733,z,right_only
87D31315-E633-42E2-A896-AD1F4A797FB6,,,,,,,ODN0005400555,z,right_only
F5804AC9-87C4-4190-88CD-48BE7A8F81C4,,,,,,,ODN0002488564,z,right_only
676648CE-C750-4A05-8898-21469104BDBE,,,,,,,ODN0005064517,z,right_only
4CAA4713-2C5E-43F9-97B8-2C3A8643E8E0,,,,,,,ODN0002400411,z,right_only
04D5D7F2-2A1F-4B4C-AFE7-C5ACE7155326,,,,,,,ODN0003115072,z,right_only
006D2429-1DB6-4E9D-BB04-8C736386316C,,,,,,,ODN0005425890,z,right_only
19140BEB-D62A-4F99-AF17-995787093E32,,,,,,,ODN0003513554,z,right_only
ADAD2570-35F6-4C38-BD7D-B416D87F23AD,,,,,,,ODN0002300705,z,right_only
5ED8B83E-9CE4-4A30-9109-40CA031506D7,,,,,,,ODN0002656663,z,right_only
DD14FD55-EF4B-4151-9844-40650F864C35,,,,,,,ODN0002098900,z,right_only
44F0D438-5C29-4223-AC48-BB61BE925173,,,,,,,ODN0002301005,z,right_only
AD7F6592-0D15-4B6D-B393-C241E05D048B,,,,,,,ODN0002099147,z,right_only
6704F136-6E66-4423-8531-EBB4A97FC980,,,,,,,ODN0002099209,z,right_only
619FB889-8AB2-4AF4-B211-5BFE4CEB0B0A,,,,,,,ODN0003958971,z,right_only
211BEDD9-42D2-4F22-A8A4-40C3C107E3A3,,,,,,,ODN0003653799,z,right_only
CA5228BA-E80A-4C90-9BC7-B245A599C8F9,,,,,,,ODN0003358881,z,right_only
B5A3C151-E245-44C4-983C-AD411979F3E6,,,,,,,ODN0003358882,z,right_only
3F945D40-6E7D-49A4-A2E3-7E8699FD29E6,,,,,,,ODN0003653804,z,right_only
32A20CB9-98C7-44CC-8AB7-98C863F05F6D,,,,,,,ODN0003358885,z,right_only
CCD0BB1F-2C5B-4FA7-9B42-13919C94A8A2,,,,,,,ODN0003358889,z,right_only
9AEC2C93-886C-496B-A9ED-381D36D151F6,,,,,,,ODN0003238633,z,right_only
6045DCB6-5C43-456C-9630-2ED9748F69BC,,,,,,,ODN0001975071,z,right_only
A2D70ADA-FD0E-45F9-8037-8BCCACFC4817,,,,,,,ODN0005254404,z,right_only
94F2E236-0276-4E0E-B2F3-6728E7E60DD4,,,,,,,ODN0003035761,z,right_only
99383FD3-F94C-4CB5-B617-2CC315724310,,,,,,,ODN0001974507,z,right_only
FEB4C817-159D-450D-9B79-CF2008EC65D3,,,,,,,ODN0003300743,z,right_only
247B49B8-9EC8-4CCD-90B7-F68BF5702F70,,,,,,,ODN0003513606,z,right_only
C32A4EF1-46AF-4930-92C5-5EC6D0380F24,,,,,,,ODN0002118973,z,right_only
C10D08F7-47EB-494A-8C84-6A6002EF121D,,,,,,,ODN0004433993,z,right_only
95CB7A23-6E40-4BEF-81FC-95F5E3E7666B,,,,,,,ODN0005239543,z,right_only
A67FFB6D-0654-4AFD-B23F-5DA9A9AF4F58,,,,,,,ODN0001974441,z,right_only
8D7C519B-088A-4C2E-9C3D-9373B5E99E32,,,,,,,ODN0003358868,z,right_only
914048C5-355F-4B05-A12C-3E7C965461CD,,,,,,,ODN0001975278,z,right_only
0ACCCD09-59F9-45AA-BC19-7474EC8D57E3,,,,,,,ODN0003467110,z,right_only
29C7ADAB-5BDB-4408-86B1-01593D0205E9,,,,,,,ODN0003350107,z,right_only
E0D6D05C-209E-445E-A2F5-CA1CC7A90E36,,,,,,,ODN0005388277,z,right_only
61E4C06C-1E42-4DE6-B488-EE90AA46CEF8,,,,,,,ODN0005373459,z,right_only
F68B3863-20E1-4192-9030-D670F0C49C4B,,,,,,,ODN0005031704,z,right_only
37DD671A-9FBD-4552-A929-DB7041F3FB91,,,,,,,ODN0004510655,z,right_only
21E1D404-0790-4F45-A163-5067A53ECBC2,,,,,,,ODN0003958916,z,right_only
FCBA373F-83A6-4BCD-B6F0-A5943E8E6B21,,,,,,,ODN0004998635,z,right_only
666FE648-7929-4B3A-BCEA-5B9E1F632731,,,,,,,ODN0003859607,z,right_only
807365E1-9738-461D-9CBB-28BD8B2B221A,,,,,,,ODN0005114461,z,right_only
3ECFF6D6-8BF9-4C54-8EAE-DE7541B973BF,,,,,,,ODN0004651175,z,right_only
6AC616CF-FAAC-4A76-A3CD-3785C35240EA,,,,,,,ODN0004545142,z,right_only
A3650C32-FDCB-43B6-AD77-606ACA0CF1B9,,,,,,,ODN0005400548,z,right_only
F3DE7C89-7108-4B9E-8385-C1E1FEEE2544,,,,,,,ODN0004022172,z,right_only
3F996234-64A3-470E-A657-F31ECB5EFFE0,,,,,,,ODN0004998772,z,right_only
1AEE427F-2A0E-4F6C-8B30-FB39B7214EAA,,,,,,,ODN0001964484,z,right_only
DF4B2C75-B571-4F8D-8473-60690EFFB0B7,,,,,,,ODN0001964485,z,right_only
DA13EEF7-4460-452E-8100-A49FB347D6F6,,,,,,,ODN0001964486,z,right_only
D63E85BE-6636-489C-94B1-700EEAB6ED69,,,,,,,ODN0001964563,z,right_only
C0906E55-B6C9-435C-8A6C-C2BE90A3AAAF,,,,,,,ODN0001964588,z,right_only
3004E925-5C63-4A56-A337-EC0728788B05,,,,,,,ODN0001964589,z,right_only
80954FE2-D239-403D-B5F1-5537F2EB5216,,,,,,,ODN0001964590,z,right_only
21D7EE0F-3743-497C-B371-F1BCFC93CE67,,,,,,,ODN0001964591,z,right_only
D106703C-6804-400A-8755-C73514A45DBA,,,,,,,ODN0001964580,z,right_only
BAD34F63-089C-4F67-81C4-ADA98218E3C4,,,,,,,ODN0001964581,z,right_only
5AD0ED1E-0EFF-4912-B151-45CFF094D188,,,,,,,ODN0001964582,z,right_only
9172EC56-E903-40B7-8576-0DD8EA6CDE14,,,,,,,ODN0001964583,z,right_only
2D0FCAE3-404A-42C6-B5DD-C9A7F35CC1D7,,,,,,,ODN0001964574,z,right_only
6197DCEA-A4E2-4936-B3B0-AAE2921E60DF,,,,,,,ODN0001964575,z,right_only
2BDB0493-5187-4AEE-8D3D-9438070ABEF4,,,,,,,ODN0001964576,z,right_only
F60083BE-A966-4B3B-B736-54B9EEAAD61D,,,,,,,ODN0001964577,z,right_only
3578C833-2D71-43A2-AC66-6BBBE45D99AC,,,,,,,ODN0001964578,z,right_only
876827C3-2379-4818-B38D-C7FB8777CE47,,,,,,,ODN0001964579,z,right_only
F10BABC3-D127-47F8-9F17-47D8FFACD32C,,,,,,,ODN0001964658,z,right_only
7FEB31A0-EAAF-4839-8F36-05AFE2905672,,,,,,,ODN0001964659,z,right_only
C354D6A0-0035-4DA9-B859-4D2D98E5FCF2,,,,,,,ODN0001964640,z,right_only
A83F7FA4-C655-421E-8525-41B25251F311,,,,,,,ODN0001964641,z,right_only
AC096AF9-CA0A-404C-A3A3-E5582A8CAC60,,,,,,,ODN0001964642,z,right_only
FFCA59CE-4321-4F7C-8682-68F9265CFECA,,,,,,,ODN0001964643,z,right_only
A8949469-3E7A-4659-B026-290D21BF6F18,,,,,,,ODN0001964644,z,right_only
3F963CEE-BF90-4E2C-A8E4-5F5E3C057737,,,,,,,ODN0001964645,z,right_only
2232D73C-4D5B-4363-BE96-C64AB9AADE15,,,,,,,ODN0001964651,z,right_only
29917504-3D52-4F6E-B51E-6A57CC3E986F,,,,,,,ODN0003020087,z,right_only
667BA1FC-D5BF-491A-BB9B-7AE7AD4A6C6D,,,,,,,ODN0003020099,z,right_only
0F28BEF8-DD9B-4B33-AC2C-9F678B85C5E7,,,,,,,ODN0002033215,z,right_only
B08CEFD5-08BC-4050-9FFC-0B94AA9BB11E,,,,,,,ODN0002347852,z,right_only
713060FE-447C-4781-A1F0-D153240A3232,,,,,,,ODN0002387711,z,right_only
E70AF3F8-7197-4D24-BC13-27854FE65062,,,,,,,ODN0002347864,z,right_only
E403D8D4-86BF-4AE4-B2B6-67CA672BE6A8,,,,,,,ODN0003259283,z,right_only
FD054027-73EA-4BCF-A03D-68BC525BC4E5,,,,,,,ODN0002083965,z,right_only
CFD39F8B-F430-4F03-A19D-F9BE092EA899,,,,,,,ODN0002083967,z,right_only
95116666-1598-4238-B0ED-7187E306E54D,,,,,,,ODN0002229770,z,right_only
BF03D004-1E79-4205-862D-F87900526B1F,,,,,,,ODN0002229778,z,right_only
2538232A-1872-4E88-BC61-5412BDCD1668,,,,,,,ODN0002083983,z,right_only
C0D5AAC7-4214-4A13-B610-C2A1BBDFB8CB,,,,,,,ODN0002083984,z,right_only
48A7BC33-7FC6-4206-8FCC-9A76D97D78F1,,,,,,,ODN0002083992,z,right_only
BBCE552C-C1B5-4F8E-9E39-C68D568078B3,,,,,,,ODN0002083998,z,right_only
D3BB90F6-DA86-4E67-ACB0-E735BDEA652D,,,,,,,ODN0002229804,z,right_only
1035093A-1ED8-462E-AC3F-D15D4DDBA69F,,,,,,,ODN0002084011,z,right_only
51AD6071-C13D-4205-B01B-C2FAA8AE71A4,,,,,,,ODN0002084012,z,right_only
B5E556FF-574D-4E0B-97D7-198769253C1C,,,,,,,ODN0002084013,z,right_only
75665EFE-5D3A-498B-9D69-0A85D1EAC0A4,,,,,,,ODN0002084014,z,right_only
971DFA70-5253-4BFF-8A45-A989043D3C2F,,,,,,,ODN0002084017,z,right_only
6C368F09-01BF-4C16-9D46-A99226C14EA5,,,,,,,ODN0002084018,z,right_only
47886910-A406-4679-8606-184774C08CAB,,,,,,,ODN0002084019,z,right_only
2D001A8C-D225-48DB-81F3-093E88FE8823,,,,,,,ODN0002084020,z,right_only
E113B040-1AC4-4EEE-90D6-E618683A0352,,,,,,,ODN0002084021,z,right_only
2C24FAB3-D106-456B-BFD1-E0A5057E0443,,,,,,,ODN0002084023,z,right_only
BD0F4005-EAF6-46A0-816C-E579884C362E,,,,,,,ODN0002084026,z,right_only
D28A7193-BC4C-4CE8-8887-3810659428E4,,,,,,,ODN0002229817,z,right_only
FE3E11AD-0EC4-4BA7-BDE2-ACEE63B49DD2,,,,,,,ODN0002084036,z,right_only
3F95ED42-D105-4B21-B864-FDFA1706C1EE,,,,,,,ODN0002084038,z,right_only
045CEBDC-7D7C-4151-A0BB-9F186D025FD6,,,,,,,ODN0002084043,z,right_only
6DD86C17-C8E5-419A-BB2E-5C2026BFC319,,,,,,,ODN0002084044,z,right_only
44CCB99E-E374-4F59-9345-1ED21D23DA39,,,,,,,ODN0002084048,z,right_only
913BA83A-7E2C-4E8A-A8AE-22A3BC392320,,,,,,,ODN0004445165,z,right_only
43CF9184-389B-425F-B902-68832ED747C1,,,,,,,ODN0002008960,z,right_only
C26161B8-44A1-4D5A-8ADA-D7B236C57335,,,,,,,ODN0003084915,z,right_only
75708708-8E2A-4F33-B090-61CBB393C404,,,,,,,ODN0002098218,z,right_only
35BF1B7C-4345-4EB0-A339-E9D0E4845ADE,,,,,,,ODN0002098219,z,right_only
2753F5E6-E809-45F6-A0E8-3DE492A813F0,,,,,,,ODN0002098221,z,right_only
4E7F1A80-FC24-4243-BBDF-92456071463B,,,,,,,ODN0003084917,z,right_only
D9784431-563F-48DF-BBDD-7B353B1F74B0,,,,,,,ODN0002098229,z,right_only
54D6DCDC-9B3B-498D-A276-159CA691E242,,,,,,,ODN0002191254,z,right_only
D882236C-AC90-4802-BE7E-0A901FA2FBCC,,,,,,,ODN0002520679,z,right_only
25171EC1-47AF-48C9-AE45-15C1DC8DD533,,,,,,,ODN0002191258,z,right_only
9CE27ABC-4FCA-4BA5-91CA-48F470294D2B,,,,,,,ODN0002098234,z,right_only
43770B91-BBDA-4127-B960-E428E4EEE795,,,,,,,ODN0002098236,z,right_only
C26EF341-8767-464F-A1D2-2DD7190B472F,,,,,,,ODN0002098237,z,right_only
A33F8A0F-E15D-4F27-9803-7B651298893C,,,,,,,ODN0003084922,z,right_only
C22C7134-CED6-464B-8F02-0C746A477B81,,,,,,,ODN0002098242,z,right_only
7ABD00E5-CCD0-4503-BF37-69E8010EF051,,,,,,,ODN0002520681,z,right_only
456880D9-2FDB-4157-B68C-B9EEA284F6BB,,,,,,,ODN0003084923,z,right_only
6D1CBE56-B942-41FA-B578-322D33D037B9,,,,,,,ODN0002520683,z,right_only
B3171F05-A011-4609-8305-ED07BDFEC1AC,,,,,,,ODN0002098243,z,right_only
57473B81-8AF9-469C-8B3D-9BCFB5466F99,,,,,,,ODN0002098248,z,right_only
F253E75A-EC45-4A04-8E0C-FA98916C9CFA,,,,,,,ODN0003084924,z,right_only
4CF623BF-8E9F-4779-A6BC-26B3D783D08E,,,,,,,ODN0003084926,z,right_only
7E9D16F3-31E0-49BA-AB14-D9FD40F39036,,,,,,,ODN0003084927,z,right_only
1537421D-55DD-4E81-B14C-B226685E9130,,,,,,,ODN0002098249,z,right_only
8CE7E298-676C-4329-A605-89DE531D9941,,,,,,,ODN0003084931,z,right_only
29961594-DCB3-4487-87C2-E2835691678F,,,,,,,ODN0003084936,z,right_only
5F36C355-2F7F-4BE0-BCD2-386F85AAE72A,,,,,,,ODN0003084937,z,right_only
5AD2BCD6-5EE5-4A29-9919-D08C22B16DEB,,,,,,,ODN0002191281,z,right_only
2C4AFF56-48F8-43B3-B88F-99C8F052A633,,,,,,,ODN0002098256,z,right_only
24C4A246-12BB-482B-81E1-64E6AB1ED789,,,,,,,ODN0002098257,z,right_only
CB06DD25-A741-4403-9F44-EACBED116BB9,,,,,,,ODN0002098261,z,right_only
C14BFDB2-473E-46B4-BE2F-6AFFB4DF6FD3,,,,,,,ODN0002098262,z,right_only
711F7734-5B84-4FD7-A4D7-0EC7A57234AF,,,,,,,ODN0003084942,z,right_only
8FD1391E-E905-4CF3-B5D5-F556B8D79EC4,,,,,,,ODN0003084943,z,right_only
32A3CB5F-5298-4412-85A9-507DE5FC452A,,,,,,,ODN0002520712,z,right_only
B2A34BA5-8EBC-4363-BACB-633CD5B73914,,,,,,,ODN0002520715,z,right_only
A5F974DF-6AA5-4119-B718-C810D41A0240,,,,,,,ODN0002191308,z,right_only
3547114D-F73E-46CF-8565-944C37CDA314,,,,,,,ODN0003084945,z,right_only
0219EC3D-6688-4D36-832C-C9DB982BB3F0,,,,,,,ODN0003084946,z,right_only
A54916B3-74AB-4231-A2E0-295B28E902DD,,,,,,,ODN0002520719,z,right_only
BDCB8FFE-2C71-4047-ADF5-C5627EFDC834,,,,,,,ODN0002098275,z,right_only
D1ABBB6F-701D-410E-A1B7-4C1180B51A7B,,,,,,,ODN0002098277,z,right_only
F2E7E27C-9290-44A8-9F2C-6E5527ED61B0,,,,,,,ODN0002098279,z,right_only
D01FAB9B-B7C0-49F5-B470-1EA800827BE3,,,,,,,ODN0002098283,z,right_only
22C75DCA-0F26-42E1-A200-37EDB0931BCB,,,,,,,ODN0002191323,z,right_only
6DF315A8-8357-4A71-AA38-722C6F4EDAD5,,,,,,,ODN0002098287,z,right_only
D5BBC169-64D8-4CAE-999F-BBEC29377D45,,,,,,,ODN0003084949,z,right_only
52C1C738-E7A2-4245-A20D-18602C31D7CF,,,,,,,ODN0003084950,z,right_only
2F8AD90E-48F2-4C53-B364-E964FAA55CF1,,,,,,,ODN0003084952,z,right_only
0A35BFE2-A55B-41CB-8DDA-9D253958B3E0,,,,,,,ODN0002191334,z,right_only
34E24429-C5B3-45E9-8FA2-864A8436590B,,,,,,,ODN0002098289,z,right_only
9BA1E3A9-F0D0-43B7-BA36-B5627FA165AD,,,,,,,ODN0002962814,z,right_only
72865D84-6620-4515-8403-5D81CC58EFDA,,,,,,,ODN0002098293,z,right_only
58986DC6-C112-4EAB-9828-F385916701AC,,,,,,,ODN0003084953,z,right_only
4916AD62-6250-4910-8CD8-CB10FBBC9CDC,,,,,,,ODN0002191343,z,right_only
135F3B55-5BAA-46DE-B3E8-4E5313EAC418,,,,,,,ODN0002098301,z,right_only
BC0B8D6C-1B91-4D34-AEED-41503E1FC1E3,,,,,,,ODN0003084956,z,right_only
05D1F949-2ED3-4D3B-A5C5-6FD709A06D43,,,,,,,ODN0003084959,z,right_only
FCB38994-E755-4461-BEC4-6C50A1306937,,,,,,,ODN0002098309,z,right_only
1C371C7F-D578-4881-B2A5-560F3A73F53A,,,,,,,ODN0002191361,z,right_only
AB7DBC2F-371F-44B9-BA75-55AE5DAB3BA4,,,,,,,ODN0002098314,z,right_only
FEEE1701-DB4B-408F-87E5-C3E14E460711,,,,,,,ODN0002098319,z,right_only
750FEC57-AA2F-48A2-B8FF-7FA83E0C87D5,,,,,,,ODN0002098320,z,right_only
D42A5C0B-C5C6-48FD-8E5F-B6D1BEB4F736,,,,,,,ODN0002964573,z,right_only
77E09FD9-AB8C-4D3B-B1DE-96166AE10E36,,,,,,,ODN0002098322,z,right_only
2E82902E-8E1B-4BB7-B425-9BEB250AE29E,,,,,,,ODN0002191388,z,right_only
C39A73F7-E1CC-4C30-9F85-D80F153D549C,,,,,,,ODN0002191390,z,right_only
EFF94259-75A4-4E55-94EA-410FEEDBE766,,,,,,,ODN0002191392,z,right_only
357A3268-C6E7-444B-88FC-A906B7BE708F,,,,,,,ODN0002098329,z,right_only
C3A1B734-360E-430A-8910-A8CD03E75EF3,,,,,,,ODN0003084969,z,right_only
285DF868-6763-4AE3-9F72-A3FBE760A92F,,,,,,,ODN0002098331,z,right_only
75AC85D0-2AF4-487F-86C1-8FF16F5BB5B3,,,,,,,ODN0002098333,z,right_only
C90964B6-F9BC-48C2-B701-E04E18570432,,,,,,,ODN0002191397,z,right_only
1497877B-AF35-4C82-8DF1-1859E7EC9DF5,,,,,,,ODN0002098334,z,right_only
5465DAF0-E2EB-4658-B06B-0B9905723461,,,,,,,ODN0002191400,z,right_only
57FECB1E-3F0B-4021-994A-B5D79E891746,,,,,,,ODN0002098336,z,right_only
6DFB01CB-AABD-4BAB-AF0E-92B091F3A486,,,,,,,ODN0002098338,z,right_only
71B872BD-8941-4AFC-BC9D-A6319CDEE0D5,,,,,,,ODN0003084974,z,right_only
781872BE-629B-4511-B49D-44E509F9F50A,,,,,,,ODN0002098339,z,right_only
45B6BD9A-CCE0-4474-87ED-A98BD0CD187B,,,,,,,ODN0002191408,z,right_only
9C7AFB73-8FC2-4C98-9421-8405E006B409,,,,,,,ODN0002098341,z,right_only
59BCFB2B-02E7-4BD1-97FB-BCFACED53D08,,,,,,,ODN0002520778,z,right_only
17C216C4-D846-404B-ACEB-0CA40887F8DD,,,,,,,ODN0002520780,z,right_only
FA11709A-CD5E-45E9-99BC-C03D8B92A00E,,,,,,,ODN0002098343,z,right_only
1D18CE6B-B657-421D-9BEF-72729293BDE0,,,,,,,ODN0002191413,z,right_only
CC0BB5F2-442A-4CE2-939B-C62C9E83A8D1,,,,,,,ODN0002098348,z,right_only
4CAA2F22-F123-4BE2-B90C-C3099F47D084,,,,,,,ODN0003084976,z,right_only
4B94DFEE-7A36-4283-AF5E-43A002D1E567,,,,,,,ODN0003084977,z,right_only
713FC58E-9E9E-4C61-A0D5-99B802B86CD6,,,,,,,ODN0002520785,z,right_only
E149C383-CDFC-441A-9079-A53A8EB6EA44,,,,,,,ODN0002098351,z,right_only
4A041C80-752F-44FE-A444-089A9E7CE5BA,,,,,,,ODN0002098355,z,right_only
55CF9B2A-AEEB-45F0-8DBB-A98C0263DB99,,,,,,,ODN0003084978,z,right_only
BCCE41DF-D8F3-469D-8DB5-987218C2B267,,,,,,,ODN0002191420,z,right_only
98255C07-4DC8-43E5-AA9F-7E8066ADEF9C,,,,,,,ODN0003084980,z,right_only
6EF6F484-3E26-45A1-A828-827EFFED1B7C,,,,,,,ODN0003084981,z,right_only
ADE06128-C224-46FF-BCD7-49239EF801C3,,,,,,,ODN0003084982,z,right_only
290B9B24-B7C4-441E-845A-B9959DB363CD,,,,,,,ODN0002098357,z,right_only
FE708E31-7A11-4D9D-8756-060DD1E055FD,,,,,,,ODN0002964596,z,right_only
981EE029-DE37-4330-939E-C6454C5BD297,,,,,,,ODN0002098361,z,right_only
6D49DCA4-5E1D-418E-B9BF-8A0A8D5725C1,,,,,,,ODN0003084991,z,right_only
A0DC278E-DC22-4B6D-B1EC-9549BDCDA311,,,,,,,ODN0002191437,z,right_only
2CB9B3B0-5008-460D-952D-C33B62EE1510,,,,,,,ODN0002520795,z,right_only
56AC72DB-950A-4CDC-9402-5A4394F2FFF0,,,,,,,ODN0002098365,z,right_only
57AA9E05-82A7-42B7-9D1B-E5670C82D48A,,,,,,,ODN0002098367,z,right_only
DE264805-0483-478D-B48F-F50472DC4FE9,,,,,,,ODN0002520797,z,right_only
C2DE9C8E-66ED-40F6-98AD-604228007E3A,,,,,,,ODN0002520798,z,right_only
880F9BF4-8285-42AC-A765-0FC0A03B1297,,,,,,,ODN0003084994,z,right_only
7B71CD4C-273E-4566-8764-A8E4760DC6E6,,,,,,,ODN0002098371,z,right_only
7C830B91-95EE-4668-BFF0-569810E6A503,,,,,,,ODN0002098372,z,right_only
058BCE48-D0E2-4201-B5CA-AC6598FDAB98,,,,,,,ODN0002098374,z,right_only
53067FE7-3210-47C9-96B8-6B9ECE2480CC,,,,,,,ODN0002191448,z,right_only
B6501AA9-6A35-4F21-859D-65E840EB7D50,,,,,,,ODN0002098376,z,right_only
30AFEFEA-ECEF-42B8-9DBC-F6B3FDDAC0E1,,,,,,,ODN0003084995,z,right_only
D81C55B6-172B-4CE0-BBF5-1C06D3290C82,,,,,,,ODN0003084996,z,right_only
3D80EA28-EED6-4CA5-85AF-9884A68E8E49,,,,,,,ODN0002191453,z,right_only
0A752D9A-56C5-4EEA-B62F-94985B47863E,,,,,,,ODN0002098377,z,right_only
8C465B82-C083-41B1-A9E0-A6263798B7D2,,,,,,,ODN0003084999,z,right_only
83B3C822-F219-4949-847E-186E688D74C4,,,,,,,ODN0002098379,z,right_only
74C2895E-FBA1-491B-B656-5E00AF8B32EF,,,,,,,ODN0002098382,z,right_only
5571919F-9E6B-485C-B7C0-8CF071B5B887,,,,,,,ODN0002098385,z,right_only
B338A497-B069-4275-B7A9-6A96BC6E7427,,,,,,,ODN0002191456,z,right_only
809C1C35-64CF-4837-A47C-D9B76DA04A57,,,,,,,ODN0002098388,z,right_only
9DEE3190-9BF1-4D94-BCD9-F4BA1C3317B9,,,,,,,ODN0002520809,z,right_only
F6B2886F-116C-4895-80E2-A3A87CE5D456,,,,,,,ODN0003085002,z,right_only
33AE1AF2-665B-4D7C-98CB-88556BAA3116,,,,,,,ODN0002098389,z,right_only
9BCBAD8C-4A1C-41DC-A00A-80DF800D9A5D,,,,,,,ODN0002098390,z,right_only
770C0250-D5EC-477B-96AA-D335CB7D206B,,,,,,,ODN0002191467,z,right_only
C0EE2EF9-267C-44E8-9C77-BD8908F32288,,,,,,,ODN0002476419,z,right_only
93F2C67F-ED0B-4B6A-A9A1-626C9C571E39,,,,,,,ODN0003361487,z,right_only
5F18C88F-37E7-4393-AE06-3B4BBE74F60B,,,,,,,ODN0003039864,z,right_only
4ACD0B01-658D-4859-BE3B-F14057F25F52,,,,,,,ODN0002226508,z,right_only
D4EDFB71-6859-42DC-9BDF-B9E2A0A0806F,,,,,,,ODN0002546536,z,right_only
47AF66A2-D19B-4255-8FBE-F92B05773AAC,,,,,,,ODN0002344549,z,right_only
92DDF70F-9513-44D3-A8D5-EDBCDE8EB6D6,,,,,,,ODN0002344722,z,right_only
A6433B88-DE36-46F0-BE01-4DA6912FC7A9,,,,,,,ODN0005195563,z,right_only
F779A4A4-E2C0-4D21-B468-F494C840B3A8,,,,,,,ODN0005195622,z,right_only
9003915B-940A-4549-B5F0-FEF4867D48D5,,,,,,,ODN0005195623,z,right_only
2946AAA3-E5A7-4ACA-BAB7-329E200389F0,,,,,,,ODN0005195625,z,right_only
6EF29302-27D0-4908-A759-0062F2A609B9,,,,,,,ODN0005195645,z,right_only
4C1ACB5B-761F-4171-8FBD-B99B680979DD,,,,,,,ODN0002226444,z,right_only
245D29D0-796E-4335-B867-02C6A9DC74E2,,,,,,,ODN0002631882,z,right_only
3DA96897-20A5-4987-9B59-EE3587F44840,,,,,,,ODN0002631910,z,right_only
3C42EA24-DF3C-40B5-BB5D-D4B5EEBFA8F3,,,,,,,ODN0003361472,z,right_only
9F9E6377-EBC7-4EAB-85C0-DDC04444A4DF,,,,,,,ODN0003039860,z,right_only
CDF6BCB3-65FA-4286-AF73-D4890F74835B,,,,,,,ODN0003347730,z,right_only
D9CC534A-3F12-49F9-9ECF-B2572B93CA8A,,,,,,,ODN0003086271,z,right_only
EE0BB9FC-F8F5-490F-A7FB-B7D9B1BC08DA,,,,,,,ODN0004197172,z,right_only
0B4E5B6C-D775-4270-AE26-018022A16AEA,,,,,,,ODN0003935590,z,right_only
49F3E51D-E36F-4201-B48C-A87FD8619776,,,,,,,ODN0003303025,z,right_only
1C0EF496-C7F4-4D27-952C-6027E85001CB,,,,,,,ODN0003303026,z,right_only
346960A6-9B83-4BF7-830A-E4ECA0628B9E,,,,,,,ODN0003321229,z,right_only
9C564F1D-E375-4D5E-8577-445B9C215258,,,,,,,ODN0003303027,z,right_only
A56F6E76-2A86-433C-8D6E-BC8143519A84,,,,,,,ODN0004197173,z,right_only
A9BB7665-70B0-486B-B519-368398C137A2,,,,,,,ODN0003321232,z,right_only
1E485F23-520C-48C7-BD19-A911CA32477E,,,,,,,ODN0003303028,z,right_only
7C3C8898-B307-4709-8781-372E835F8043,,,,,,,ODN0003321233,z,right_only
BF082514-0AC0-4DC2-B616-49A24FC7107B,,,,,,,ODN0003303029,z,right_only
3673B95C-60D4-4BC6-AEC4-6E67346DBC60,,,,,,,ODN0004197174,z,right_only
D5AE25EE-1A5C-489F-BE2A-E2F75F156D60,,,,,,,ODN0003935605,z,right_only
33A54A41-CC63-409D-A416-2F3A86039380,,,,,,,ODN0003321234,z,right_only
2768295E-840F-4C6B-B05F-772B7D3F8D30,,,,,,,ODN0003321235,z,right_only
71701A62-4C15-49BE-A57D-5BD4999A9251,,,,,,,ODN0004197175,z,right_only
2C3C6678-33AB-4075-B836-0F80F308F495,,,,,,,ODN0003303030,z,right_only
560D45B2-404B-4021-93B7-BB5B4C3363B5,,,,,,,ODN0003267336,z,right_only
C84B0C2E-4616-4405-A45D-90BD18FE166A,,,,,,,ODN0003303031,z,right_only
1C0C16C9-C775-4BE8-8A8A-F123E996208F,,,,,,,ODN0003321237,z,right_only
A30108D8-3047-42E1-A6EE-7361E8D45562,,,,,,,ODN0003321238,z,right_only
EAC9E6DE-3004-4ED7-8F9A-738ABF5804E3,,,,,,,ODN0003321239,z,right_only
CF5E6533-5A06-42DE-BCB2-09C406C2548C,,,,,,,ODN0003321241,z,right_only
0C725CB2-7F33-4FB7-A05A-8D179396542F,,,,,,,ODN0003321242,z,right_only
8BC6F0F8-5BBB-4F00-B228-F99296276A74,,,,,,,ODN0003321243,z,right_only
CC696A15-E17A-4F8A-8802-F63D8EAEADE0,,,,,,,ODN0003321245,z,right_only
B7941EFE-03EC-4496-8F5D-5D181C41CD43,,,,,,,ODN0003321246,z,right_only
CFD59C60-A931-4369-AAAB-1F9E4542B9C4,,,,,,,ODN0003321247,z,right_only
CE464855-8D08-4F7B-B9C9-586C79A17D41,,,,,,,ODN0004197176,z,right_only
70C8E548-9B43-4C7D-B493-61D8824046B1,,,,,,,ODN0003321249,z,right_only
0374B661-5A96-408A-8611-1F8D60DB5DA4,,,,,,,ODN0003303032,z,right_only
EA6BADE2-4CB8-42B8-B32C-CCA98A4FB2A2,,,,,,,ODN0003321250,z,right_only
D6D75A27-6803-4F4D-8D19-9321C6129B88,,,,,,,ODN0003321251,z,right_only
E769B7CB-97F9-40C5-ABDA-8747FF3DA271,,,,,,,ODN0003267161,z,right_only
48BF761B-3991-44D9-B726-961C4A9A3D0C,,,,,,,ODN0003321252,z,right_only
C2872BC9-75B5-460C-9E79-11DAD1894A7F,,,,,,,ODN0003267108,z,right_only
752B7350-CFB3-423F-BCE0-535D0EF96FE4,,,,,,,ODN0001982606,z,right_only
10F7574E-A295-4EFA-8C66-F6BA0D8430AF,,,,,,,ODN0003236710,z,right_only
5600A80E-F2EA-493D-ABE9-8076E2EA73C4,,,,,,,ODN0005473346,z,right_only
AA321955-C0CA-4DE6-A5FB-72C047D1F2B5,,,,,,,ODN0002550229,z,right_only
669AFC0A-301E-45C4-8D5E-DA97B4B87FF7,,,,,,,ODN0005431801,z,right_only
FABEFF0F-9E02-49AB-A1BA-6BBC9003D906,,,,,,,ODN0005432021,z,right_only
F8B2D0C3-7FB7-4F42-8774-F72A6BF72CCB,,,,,,,ODN0005431882,z,right_only
2E697C0E-FA55-4342-9DC5-2E2FC06982B3,,,,,,,ODN0005361576,z,right_only
360D6AAA-D9DD-444E-9358-39E3F258E384,,,,,,,ODN0004179118,z,right_only
2D54B4BD-0545-4DA4-AC05-7832C465796B,,,,,,,ODN0005332411,z,right_only
B3F9D1FB-DBB0-4D04-8DC8-36211ACE1BB9,,,,,,,ODN0005172305,z,right_only
79B46D6F-77B9-4E42-AEA5-CCFE41E3A996,,,,,,,ODN0005344399,z,right_only
0FDE9955-6A17-46FB-BD4A-C7CC9E3ACEFA,,,,,,,ODN0003709740,z,right_only
0A46CE07-FA89-4F6A-81E6-52BFD56D5F84,,,,,,,ODN0004827325,z,right_only
EC314C20-7FD9-42D1-8471-2BB687908F13,,,,,,,ODN0005580802,z,right_only
5AE19307-DF09-4D18-A7A2-C81A7FC12A5F,,,,,,,ODN0005361885,z,right_only
B5E52946-2B36-41EE-9E44-385654C90914,,,,,,,ODN0005423277,z,right_only
7F20A46A-DB22-490F-8ED6-D2A6FB291748,,,,,,,ODN0004983176,z,right_only
2F2DC06B-7EAC-4FCB-AA1F-CE3363B3D3C5,,,,,,,ODN0005344042,z,right_only
95815DD2-F89D-4B57-AE89-F381E4D632E9,,,,,,,ODN0005378477,z,right_only
ADA61365-417E-47E7-80B0-BF7D0D6726BD,,,,,,,ODN0005718923,z,right_only
6475E72B-1C49-4184-8C97-D54E539FC7AB,,,,,,,ODN0005432065,z,right_only
E1F64F4D-64C4-48E4-AAE8-D72B170DA5E1,,,,,,,ODN0005378536,z,right_only
6F32FF7B-44C3-4B71-ACD6-F75748232523,,,,,,,ODN0003743453,z,right_only
D7B5C59B-571A-4AE6-ACE8-66CDBFE57307,,,,,,,ODN0005469278,z,right_only
3B0CC414-9B35-4EB5-A9A1-97CF38DA2F4F,,,,,,,ODN0005476557,z,right_only
C207C373-0BB0-4E5D-BBBE-34271E85BE1B,,,,,,,ODN0004779227,z,right_only
1AC16573-C9D9-4667-AB94-D3029A122636,,,,,,,ODN0005473377,z,right_only
59B5382B-0764-440C-9EA0-0C0987C716AC,,,,,,,ODN0003632284,z,right_only
12E2246D-40F3-4C22-B01C-C0749ADA3D23,,,,,,,ODN0005362832,z,right_only
10B53D13-C055-41BF-99F2-C8CA4DA8F095,,,,,,,ODN0005415188,z,right_only
AD307967-2EF3-44EB-A544-7D7D94141570,,,,,,,ODN0004733011,z,right_only
C8626B68-96BC-4455-9329-D483FB712647,,,,,,,ODN0005209674,z,right_only
90C848F9-38C5-437E-BBEF-140E1F20D6C6,,,,,,,ODN0005209707,z,right_only
999E0D0E-AC29-45BB-9DE8-421F72A1B180,,,,,,,ODN0005344062,z,right_only
B7586D16-660D-4BC6-AFA1-96DBD8CE28CE,,,,,,,ODN0003295983,z,right_only
3B2EF19B-25DB-4F2D-9777-CD7400F31CBC,,,,,,,ODN0005431900,z,right_only
D06B668D-EFD9-4DA4-8060-2FAA2A33BBE0,,,,,,,ODN0005392151,z,right_only
0A92F9CE-2680-4010-B4B2-AC619207DF36,,,,,,,ODN0005331771,z,right_only
F290ECC7-1793-416C-BE30-F319478D753A,,,,,,,ODN0005392334,z,right_only
CED976CE-47C9-40F2-97ED-E667996284AC,,,,,,,ODN0005291530,z,right_only
3717701D-F908-41B3-880A-7DEB5040CF88,,,,,,,ODN0005332414,z,right_only
56B03F57-9AF5-4FB4-8B67-202094ADA776,,,,,,,ODN0005344442,z,right_only
B009E726-D531-4AD5-B343-ABDDBD7AE424,,,,,,,ODN0005291969,z,right_only
B85AA0EE-98C8-4F18-BE09-A0E3B0B8089F,,,,,,,ODN0005615136,z,right_only
0446B554-8F5A-469E-B88C-1B78271E34C8,,,,,,,ODN0005291551,z,right_only
AB846BFF-2B23-41C6-825B-34D3495F12A1,,,,,,,ODN0005447216,z,right_only
64154A9B-6DFB-4141-BC4D-080861D4273E,,,,,,,ODN0005291714,z,right_only
1EABBAF7-8DF2-494A-B3E0-F258F6E6B36E,,,,,,,ODN0005392472,z,right_only
76FE78DD-FE76-420B-88D8-4DE3C1090EF0,,,,,,,ODN0005307596,z,right_only
B592EEF1-66F2-4221-93D2-988E5CD86114,,,,,,,ODN0005307632,z,right_only
7E8A30F8-2D2F-4274-B725-1469153EA618,,,,,,,ODN0005473343,z,right_only
753BDB8E-7666-436E-8407-7E2FD79D1171,,,,,,,ODN0002956899,z,right_only
9B9CA8ED-BA7B-4D52-9CE0-0BAE1A4AEB54,,,,,,,ODN0005361805,z,right_only
1B6D300B-10A3-44E9-975E-B3DC66F2B3BA,,,,,,,ODN0005392095,z,right_only
F223C2E4-08BF-46ED-9A35-CBCFC9641FF4,,,,,,,ODN0005484833,z,right_only
CAD12A87-C9CE-4F91-BAE9-7C33D0F2E6ED,,,,,,,ODN0004827483,z,right_only
C0DD1BC2-390A-4B23-A63E-6934434E3EA3,,,,,,,ODN0005473349,z,right_only
40E12C96-D7F7-4342-97D3-C10E141551AF,,,,,,,ODN0005378601,z,right_only
82768860-0F5C-493B-ABC7-DFAD28AFCE06,,,,,,,ODN0005290860,z,right_only
63051795-7C38-4052-9CBB-B475F6EF66E7,,,,,,,ODN0005476563,z,right_only
41E0240B-C0E1-42FA-9868-BF36C877FD04,,,,,,,ODN0005121781,z,right_only
5C85999D-AB1C-48E9-B39F-FD988076CCF3,,,,,,,ODN0005256252,z,right_only
2F12C6EA-2109-411D-B63F-853EB5CF7554,,,,,,,ODN0005583316,z,right_only
C57A694D-3AC9-4E9F-914B-290C8A1FD7B3,,,,,,,ODN0005415281,z,right_only
D87C989D-7422-4A85-8763-459292C3953D,,,,,,,ODN0005392606,z,right_only
4B57832C-2836-4CFE-9F42-33ACBBB8DAF5,,,,,,,ODN0005432025,z,right_only
A400866F-3DE3-4BB2-9D9B-3CC9932BB31F,,,,,,,ODN0005422455,z,right_only
6BDD34A9-0E67-4F23-9D95-55738233A0AD,,,,,,,ODN0005423283,z,right_only
BA11CF03-3A97-4731-9039-127C27A63A39,,,,,,,ODN0002618338,z,right_only
28748E6E-756A-4E3D-8780-FED95DECC405,,,,,,,ODN0002541257,z,right_only
940EAE4A-2ECD-4A46-9856-99CBBA3B5A38,,,,,,,ODN0004708805,z,right_only
C4AC40E4-89F6-4745-A459-DECD8E4DE4F9,,,,,,,ODN0005473753,z,right_only
10F3871E-B197-497B-AE59-A0214FA0096D,,,,,,,ODN0005344279,z,right_only
6348B785-1A13-4D58-8D5A-4BDE8C14D6D8,,,,,,,ODN0002365191,z,right_only
60F09E5F-6215-4092-9E4D-82EB0F1B675B,,,,,,,ODN0005344041,z,right_only
D619DDAE-3B39-4E3F-B109-BF0B2D1ACF53,,,,,,,ODN0005344482,z,right_only
D4DCF7BE-D30C-43EF-A4BA-76B98BE0B116,,,,,,,ODN0004431476,z,right_only
70A88827-F984-4AD9-8FE6-11A981681DC4,,,,,,,ODN0005476564,z,right_only
8644FB39-1B6C-4D11-BDF2-5334694B207A,,,,,,,ODN0005360957,z,right_only
F66D09D9-2C71-4158-BAB6-410413238425,,,,,,,ODN0005392300,z,right_only
B5A3EB96-971B-4446-85BF-23D4BEE6349C,,,,,,,ODN0005392520,z,right_only
CB95F60F-E89C-48CA-B072-E1389B60410B,,,,,,,ODN0005391949,z,right_only
6F484793-3387-47E3-B1CE-714896B07F25,,,,,,,ODN0003804648,z,right_only
E6A74EEB-CABC-4A10-B76F-01142097A6A7,,,,,,,ODN0005706838,z,right_only
FC9E4C70-217F-4206-AC78-0B8FDFADCDFA,,,,,,,ODN0005422078,z,right_only
BA0CBD75-B290-4A34-AE03-686CD25263D9,,,,,,,ODN0005290058,z,right_only
6D2CC225-8738-4AD9-89D2-28A05B90330B,,,,,,,ODN0002860629,z,right_only
7310FD3E-A826-474A-A924-500AAC5EA19B,,,,,,,ODN0005290345,z,right_only
49DA9372-5F55-461B-8CEB-417E05E228BF,,,,,,,ODN0005422056,z,right_only
30050442-AE70-456D-A50E-B6C78D5075F8,,,,,,,ODN0005361565,z,right_only
12E421C0-1241-4B71-BCA5-4A825724E059,,,,,,,ODN0005422398,z,right_only
3DC8E1D4-9017-4700-88D2-32179995816D,,,,,,,ODN0005193466,z,right_only
1F991091-A93B-46CA-8261-B70EAE0F8447,,,,,,,ODN0005193467,z,right_only
28FC77D8-856D-40EF-AE8D-90A11C9D7560,,,,,,,ODN0005201375,z,right_only
573DAF0F-1245-41ED-9978-7EB459E39F8E,,,,,,,ODN0003120134,z,right_only
726403E0-529F-43C8-B920-0793B597825A,,,,,,,ODN0005447382,z,right_only
8F063936-3062-444B-A52D-E8F4E6A84EC4,,,,,,,ODN0003120173,z,right_only
494725A7-EB25-4DC9-94F1-AE28704F0CC1,,,,,,,ODN0005193474,z,right_only
A1379543-4FBA-43C5-8AB5-F53062D914DD,,,,,,,ODN0003120343,z,right_only
12680D91-8BBD-4BA3-9B8B-3AF1D1FE3073,,,,,,,ODN0003120371,z,right_only
11F83B40-C18D-4C1D-8AED-D84BA3FC2323,,,,,,,ODN0005176938,z,right_only
114C7018-B78F-4D92-9E4C-1FE188FBD2E3,,,,,,,ODN0005201378,z,right_only
B9CC3626-3F16-44B5-9D0F-AE215C14D8CD,,,,,,,ODN0003120539,z,right_only
9B92EB21-2503-457A-82C9-FA54C98C2CC3,,,,,,,ODN0003120600,z,right_only
255DF2CC-9196-4A08-8114-ECB041142BF0,,,,,,,ODN0005193481,z,right_only
739C4949-E544-4FF6-A0EE-05AECD66F58A,,,,,,,ODN0005201381,z,right_only
01E9B671-A2C1-4DF9-9678-A3C7AA96C063,,,,,,,ODN0005469521,z,right_only
3DD80476-CF25-41A1-9C66-F0801955329B,,,,,,,ODN0005415174,z,right_only
0AC41678-0C54-422E-B030-5A0726CE6830,,,,,,,ODN0005431740,z,right_only
F2AE5EE8-D030-4005-B690-3A139A76C763,,,,,,,ODN0005361315,z,right_only
769FD6E3-A197-479A-9AB9-2F3EB9E8467F,,,,,,,ODN0005473374,z,right_only
DDD0B3E3-8938-4277-AEBC-CE0D2356EA09,,,,,,,ODN0002512104,z,right_only
FD18111B-7062-45B3-81A8-03370197AA5F,,,,,,,ODN0003697464,z,right_only
99EECA89-7CF9-4C04-8DDF-FD2228593157,,,,,,,ODN0003697496,z,right_only
0A4CB864-5D0C-457F-BB1A-DD1473ADC1F1,,,,,,,ODN0004440153,z,right_only
FD12F08D-A369-472F-9649-F701D6560558,,,,,,,ODN0005291408,z,right_only
CAC8BFA4-9233-4E3F-B73B-9B08EDFA768A,,,,,,,ODN0005423429,z,right_only
CFE2A3D1-5075-42A8-9D59-2A4D80FF3113,,,,,,,ODN0005332397,z,right_only
8489DB09-7AEB-4C80-A054-D22F8E15F21F,,,,,,,ODN0004386173,z,right_only
3589D8B2-6D38-4E93-86A9-0A5720AB8CC6,,,,,,,ODN0005392083,z,right_only
A9429A18-A0D4-45E5-B37B-1BEA0C95EB2C,,,,,,,ODN0005392084,z,right_only
B12B7E26-6C2D-440E-8302-40788EB00740,,,,,,,ODN0004575805,z,right_only
5273235F-851B-4B85-AF8C-0D7AA63FCE01,,,,,,,ODN0004386588,z,right_only
B398E124-1CB6-4935-952C-4A7D8A468B39,,,,,,,ODN0005447092,z,right_only
194E6FB3-F3B7-4D32-AD08-D363137F5B5D,,,,,,,ODN0005378039,z,right_only
E4609ADB-E3A9-42B2-9262-888F754648A4,,,,,,,ODN0005362043,z,right_only
34DA9AEC-A062-45CB-9190-2485B5B449F0,,,,,,,ODN0003936552,z,right_only
BE1BC3F7-E087-4462-AB66-87736C09CE4D,,,,,,,ODN0005432225,z,right_only
41EF0682-56FC-4388-973C-68A2F813C60A,,,,,,,ODN0004610423,z,right_only
BA5C8A46-4637-48D2-9C45-2707DB0DDD86,,,,,,,ODN0004611200,z,right_only
19ECA760-30F4-426A-B7B7-7DCE50EE9449,,,,,,,ODN0004611298,z,right_only
4ACED15D-1504-407A-A488-5C546F547F80,,,,,,,ODN0004611628,z,right_only
0DC0E4B2-88BA-454E-981D-28BF3987F964,,,,,,,ODN0005201319,z,right_only
A2F5E77B-446B-4C06-800B-109643F281DC,,,,,,,ODN0003836676,z,right_only
B4C1B4CA-BC6D-47FC-BE78-96F177628E9E,,,,,,,ODN0004298985,z,right_only
6945107A-0F15-4CB3-92D7-BAAAF03D23A9,,,,,,,ODN0003250848,z,right_only
986557C3-FB6F-4C28-93DC-CF5B7B6E175B,,,,,,,ODN0003760463,z,right_only
722D0C06-A4B1-4B35-B9F2-696AC0CA2EF3,,,,,,,ODN0003891554,z,right_only
0E71BB9D-9912-45E5-A73E-979D9DAEC751,,,,,,,ODN0003760467,z,right_only
E313BE35-AA56-4AB6-B082-7E9C111B075B,,,,,,,ODN0003760539,z,right_only
318AD4EB-CCEF-46D5-9852-874480B19182,,,,,,,ODN0003891622,z,right_only
69CAB3E4-BF52-48EB-8E0C-8D14BBF0F3F8,,,,,,,ODN0003891632,z,right_only
8248619E-A5BE-4E5C-A545-1E08E4652F75,,,,,,,ODN0005344236,z,right_only
2584C1B7-C7B6-4D98-A124-873B63FA00F3,,,,,,,ODN0005446825,z,right_only
B67FDBC1-FF09-4F16-8A04-087CC0347B17,,,,,,,ODN0005361009,z,right_only
A164B853-FCD3-4E38-BD93-211275272751,,,,,,,ODN0005378201,z,right_only
9821B962-583D-43F8-8A8C-F266D187A8D2,,,,,,,ODN0005361157,z,right_only
F3CD53F1-4981-489C-BECF-493FC0B02FE3,,,,,,,ODN0005361993,z,right_only
DC5A7B5B-5E51-4C11-A6EA-08407EE4AE3B,,,,,,,ODN0005362001,z,right_only
A425FF1B-8811-489F-A692-886FC3962930,,,,,,,ODN0005431724,z,right_only
D62137B8-FDD8-490F-BBDD-7CF665A3F077,,,,,,,ODN0004720148,z,right_only
96530618-384B-4696-97B5-9242B5FC7B59,,,,,,,ODN0005291378,z,right_only
535084B4-F877-4735-9385-E1CFAFC2C5D1,,,,,,,ODN0004180036,z,right_only
7B86BDB4-F8E2-4C5D-A1C1-66467CE037B0,,,,,,,ODN0005415914,z,right_only
DCC3AB33-F05C-4420-9CBD-6B4F57358ADB,,,,,,,ODN0004682801,z,right_only
99FD6665-A467-420B-BC53-1798B31D40FC,,,,,,,ODN0005583374,z,right_only
FA095C83-0269-4748-9CC7-30F8E55F5B18,,,,,,,ODN0005422138,z,right_only
00F1FC15-9044-454C-A6F0-25AF5DE7C485,,,,,,,ODN0005422334,z,right_only
561A5A91-499A-4E73-87AD-310F88F75AB4,,,,,,,ODN0005421744,z,right_only
B91964FD-E02F-4FD6-A088-53782274C078,,,,,,,ODN0005446953,z,right_only
DA108E73-CAD9-40F7-BE96-30975A23E7AE,,,,,,,ODN0002296319,z,right_only
D11FF2EA-5124-4088-A781-B2A3F4F6E0C8,,,,,,,ODN0005431699,z,right_only
E4216208-5968-492D-B60C-C3319D69AA4A,,,,,,,ODN0005431799,z,right_only
E2EC6330-3586-4E85-93D1-ED1C5DC45472,,,,,,,ODN0005431874,z,right_only
376EE2FD-30FD-4BC6-ABBD-7021BF4E3CE9,,,,,,,ODN0005432126,z,right_only
4DB31647-596D-44C7-B964-85E2255833E8,,,,,,,ODN0005432142,z,right_only
521A3AAD-9560-4E52-9219-64BDA21EB791,,,,,,,ODN0005470142,z,right_only
951387D2-E1DB-4CD5-BD0F-BC85CF0B43A1,,,,,,,ODN0005415280,z,right_only
8DA76A1B-7A94-465F-AF0A-8F7D29D8C5D9,,,,,,,ODN0005484779,z,right_only
09C6FFC8-4B92-49D7-B367-37CB39175CF7,,,,,,,ODN0005291968,z,right_only
FBD608B8-C638-4DBA-BE32-638C3B64B124,,,,,,,ODN0005297151,z,right_only
106B02E8-258F-4C5D-B0F3-0A139595ED7C,,,,,,,ODN0002373417,z,right_only
7505BB60-4084-4857-816A-04B2397337D3,,,,,,,ODN0004643861,z,right_only
311BE06F-AC8D-4EF3-99B3-DD0D129E2723,,,,,,,ODN0004179676,z,right_only
F6C04C6C-CC18-413C-99CB-0C581200E3B1,,,,,,,ODN0005802569,z,right_only
5A75BA4C-DEE6-4285-8884-6BB9851AD6E0,,,,,,,ODN0003169630,z,right_only
B77293CD-851A-49D8-86B5-B692234B34C6,,,,,,,ODN0003250695,z,right_only
E9E41607-0D44-4B7B-B530-58DEB4DAD868,,,,,,,ODN0003200965,z,right_only
A67D19E2-B8C3-42FC-B45E-7350185219B2,,,,,,,ODN0003043435,z,right_only
22F1FCFE-5836-4A3B-BC1E-DC4FD405EF35,,,,,,,ODN0004043677,z,right_only
F6DD3145-111D-41F7-BF78-39EA4934F191,,,,,,,ODN0003269345,z,right_only
8BB31E05-9C39-449B-B867-D294F8941E2B,,,,,,,ODN0003209950,z,right_only
FB03DCBE-C70D-48C0-81A1-842A47F88051,,,,,,,ODN0003140517,z,right_only
8A037933-4CB2-4F26-B3FB-0BC5852A0D9E,,,,,,,ODN0004100051,z,right_only
9822ED59-8172-486B-A9E0-A575FEA2E91D,,,,,,,ODN0003200988,z,right_only
AFC3E6D1-A57E-4D56-A261-A2EEE73B486A,,,,,,,ODN0003250729,z,right_only
D04D7343-1EA4-413B-9D38-B28966658BF7,,,,,,,ODN0003169789,z,right_only
053693AD-550E-4AEB-8BC0-9B123FE4AEF7,,,,,,,ODN0003209969,z,right_only
DBD6A88A-4805-44C4-89D2-52AAF35AFEC4,,,,,,,ODN0003209973,z,right_only
C9376363-C8A2-41CE-8F6E-8658C72FA299,,,,,,,ODN0003209975,z,right_only
04645C66-2D30-47D1-8662-5C3D0E2030ED,,,,,,,ODN0003250748,z,right_only
B9830F6D-2498-4B24-BB86-0DFCCB0A7028,,,,,,,ODN0003209984,z,right_only
8F6A7D6D-4E60-49F8-BC86-F1AF3603B0EA,,,,,,,ODN0003258152,z,right_only
B96BAA7B-234E-4466-9B29-EB4ADDE92EE4,,,,,,,ODN0003043487,z,right_only
3447A604-7BFD-4579-B52E-C22F6DB0F0D3,,,,,,,ODN0003140549,z,right_only
660E3615-1614-4A0F-9C6C-11DC0C2358F6,,,,,,,ODN0003201014,z,right_only
FB24F647-A829-4AD2-A57C-963D2A9561D6,,,,,,,ODN0003043502,z,right_only
38F4EA61-E9BC-4120-A674-8AFFBFE8E14B,,,,,,,ODN0003275325,z,right_only
E67FC6D5-0848-46FD-AE3C-3387C177C0C1,,,,,,,ODN0003231422,z,right_only
E7C47121-5F97-4FAA-9B15-32457397C204,,,,,,,ODN0003269363,z,right_only
11007982-6FE7-4D22-8DC5-BA5B935B6C87,,,,,,,ODN0003210009,z,right_only
E424E366-7C3E-4556-84DB-23BD0BA9FC3C,,,,,,,ODN0003201026,z,right_only
47E2792D-AA25-4A54-AE53-727DC8828D69,,,,,,,ODN0004043702,z,right_only
A676E8BE-41CE-4F2E-8320-7F5552428868,,,,,,,ODN0003435030,z,right_only
F866F264-D79F-4736-887F-FEB4B07A06F1,,,,,,,ODN0005094622,z,right_only
7F4661C0-0DC5-4D3C-B655-DE5786E2B26F,,,,,,,ODN0005094697,z,right_only
FD79EA47-26BF-4B8A-B060-74B335EB70C6,,,,,,,ODN0005094760,z,right_only
112A6919-FF05-487C-B632-931852A8EEF8,,,,,,,ODN0005415641,z,right_only
E4798A53-B9AD-4154-BD75-06461289AED5,,,,,,,ODN0005290138,z,right_only
AA27F9A9-3168-46CF-8C8E-E49BB3A52111,,,,,,,ODN0004881414,z,right_only
B4FA191A-58BC-4974-AC0E-D2C13F711EFF,,,,,,,ODN0004643362,z,right_only
72AE38C4-FE48-4EB1-955D-47DCB436AB72,,,,,,,ODN0003903445,z,right_only
46EC3B4A-46B4-4359-9272-B50E7368F5EA,,,,,,,ODN0004682897,z,right_only
B6463FC0-526D-47D6-9694-8446E4397D55,,,,,,,ODN0003119573,z,right_only
CF30F7EB-BC20-4973-8689-F00769D4F432,,,,,,,ODN0003915165,z,right_only
0D9E4DAB-F307-4174-8AD7-F6EB71D67988,,,,,,,ODN0004881590,z,right_only
CAE1942E-50C5-4621-AE5C-E698DA5CA741,,,,,,,ODN0003169631,z,right_only
64C8529D-B1EB-46FB-9B10-1D72661047AB,,,,,,,ODN0003936671,z,right_only
3A703338-E44B-4394-92AD-958960A8059C,,,,,,,ODN0003296296,z,right_only
B1B065FE-BFB0-45B9-91D5-9EF337CCDD90,,,,,,,ODN0004531283,z,right_only
FE7D0A48-CC53-481E-856F-7434E31C9165,,,,,,,ODN0004330124,z,right_only
FB1645A3-B921-4F7F-88E7-9DFF2D8AEB42,,,,,,,ODN0004871826,z,right_only
9318280D-7B5D-4458-B14D-132180FF309A,,,,,,,ODN0004149051,z,right_only
284A789B-1D46-4098-A1D2-D47647BF7DFB,,,,,,,ODN0003936675,z,right_only
92A7350B-9865-4830-85CA-2CD8FF1267A0,,,,,,,ODN0003119663,z,right_only
B16C3973-457A-4DB5-BEC1-9D67944310FB,,,,,,,ODN0003805082,z,right_only
DA831AA8-8984-442E-80A4-A3AC4FC7E209,,,,,,,ODN0003119683,z,right_only
DB8EED41-5BE9-49C4-871E-984112253D10,,,,,,,ODN0003119697,z,right_only
CF33BCA9-A0CB-4788-9E91-6E9E7C1AD237,,,,,,,ODN0005161339,z,right_only
27AC7CC6-8265-459D-AD18-8A217B0559F8,,,,,,,ODN0004531284,z,right_only
1798A872-C45F-4046-9F83-A6D13C988A3F,,,,,,,ODN0005307782,z,right_only
817FEB07-81B5-4E3E-AD28-B04A511BBA06,,,,,,,ODN0003119783,z,right_only
59F71D89-F52A-4AA0-8F1E-ABED572A29E0,,,,,,,ODN0005094881,z,right_only
9E5C3100-3A89-4C71-BEE6-A6674B92EDF3,,,,,,,ODN0003660339,z,right_only
924E6A99-C506-45EB-AF67-9452C5FB2617,,,,,,,ODN0003119800,z,right_only
6083650B-770B-4066-AFD8-8E4456E1A400,,,,,,,ODN0004871834,z,right_only
7D2C3A9A-3733-4D36-8948-CA39E568C04D,,,,,,,ODN0003119828,z,right_only
A01EE51E-FC70-4285-A858-DAF808D878BA,,,,,,,ODN0003463389,z,right_only
3C9C7495-B2E6-4EEA-ADE1-FB0E24F615AD,,,,,,,ODN0003119835,z,right_only
9F4A6DB6-75AD-449B-84E9-627E3CAB801C,,,,,,,ODN0005292141,z,right_only
719C58EE-1C16-45F4-8B3B-D2CD491EC29B,,,,,,,ODN0003848459,z,right_only
7B619B69-6B65-48DD-9DE4-02676343F7DA,,,,,,,ODN0005107070,z,right_only
ECD034FB-BDC4-4AFD-99DC-C775888EE8AD,,,,,,,ODN0005447377,z,right_only
FE8DD05D-537E-410F-8D92-64F4D346A94E,,,,,,,ODN0004757639,z,right_only
1746E22F-90E7-47A4-893A-D98C86E7DB23,,,,,,,ODN0005161422,z,right_only
CA498D8D-07BC-475B-8926-EB283B8C2784,,,,,,,ODN0004499356,z,right_only
D880314F-6862-489A-8EA4-AE92393A998C,,,,,,,ODN0004871836,z,right_only
C2B1496F-0F2A-459F-955A-D92691F3DEE0,,,,,,,ODN0003119889,z,right_only
FDAB07FF-8165-4F15-975A-32E6175A2CD2,,,,,,,ODN0003119897,z,right_only
AFEE89DA-6ED8-4811-930E-18DE8F363CC9,,,,,,,ODN0004682904,z,right_only
62715D88-59D5-4B28-87E0-83BAFF391E4E,,,,,,,ODN0004431789,z,right_only
663C4ECE-0165-46ED-B7B8-DC40FBA5123C,,,,,,,ODN0004265967,z,right_only
CE6FDFBB-A780-4F30-8E80-DE86EA86DFE1,,,,,,,ODN0003119915,z,right_only
4CA3DD51-915D-43B2-9D40-16F8CF15CBEB,,,,,,,ODN0003119931,z,right_only
15987CF8-A56E-4D2A-8B18-BA50F8A20A03,,,,,,,ODN0003882407,z,right_only
BAD45258-0497-4853-BA24-25202816D25A,,,,,,,ODN0004043682,z,right_only
E40B2AC0-C872-4EEE-8459-2AF0F521BB83,,,,,,,ODN0003119966,z,right_only
9CB49779-D769-466F-874C-B2CF6EE2FC6E,,,,,,,ODN0004043685,z,right_only
30E070E7-3C3A-49E2-81FD-8448354B0B59,,,,,,,ODN0003936678,z,right_only
DAE447A8-5AB4-47E2-A4DB-5F0CE215C647,,,,,,,ODN0005292154,z,right_only
B0BC1D7A-860D-4FED-A7D8-93A9913F6DEF,,,,,,,ODN0003120017,z,right_only
35C73A49-F4F9-4432-8714-686D05FF1A8B,,,,,,,ODN0005344586,z,right_only
01E680AA-066C-4F5B-AC5E-7A98ED97E8CE,,,,,,,ODN0003805087,z,right_only
42C5880F-A715-4B12-B808-DF345320C5DA,,,,,,,ODN0003120036,z,right_only
1A600B7F-2F0A-43AA-9462-AAC1C7AE3297,,,,,,,ODN0003120062,z,right_only
2415F8EF-A8DE-4005-B68C-573D24B05EFD,,,,,,,ODN0003120095,z,right_only
707F8B0F-94D9-47F0-BA02-0DEAB3484B58,,,,,,,ODN0003999360,z,right_only
6B1CC072-931C-4BD2-9AF3-4C78B51FDCE7,,,,,,,ODN0003120130,z,right_only
40150A3C-CB02-4031-9665-3F88184FF12C,,,,,,,ODN0004387075,z,right_only
4252205E-5980-471D-98A2-2688531E9BCA,,,,,,,ODN0003120144,z,right_only
94C24C85-CAEF-4A76-BABC-346064BC6629,,,,,,,ODN0003120145,z,right_only
9A6217C0-D294-4375-BB88-C21ED484BFAF,,,,,,,ODN0003120146,z,right_only
1921718A-BB1D-46BD-A251-613C3F5DFD1E,,,,,,,ODN0003120147,z,right_only
4B54CA3F-8E86-4AE3-B877-DFDF63A1FA29,,,,,,,ODN0003120148,z,right_only
983B7530-BBD4-4190-9084-B02D14A33986,,,,,,,ODN0003120149,z,right_only
8BAB3FE0-4D19-4252-8022-A476FD9CBE8C,,,,,,,ODN0003120150,z,right_only
B3872735-C401-4CDE-BB1A-DCFEDAD3D73B,,,,,,,ODN0003120151,z,right_only
53D886D6-5A6A-4CF9-9E67-26F439561F2A,,,,,,,ODN0003120152,z,right_only
0058ADB9-2E8B-4A0D-97F0-93EC71447380,,,,,,,ODN0003120153,z,right_only
E300A312-2406-40F1-9752-5F3DB7FE0B75,,,,,,,ODN0003120155,z,right_only
0D7D4DF1-9912-4A95-98CC-D35219E653F8,,,,,,,ODN0003120184,z,right_only
E7C38A33-25D1-4CD3-9A8D-2CC95620D2EB,,,,,,,ODN0003120186,z,right_only
4DA3846F-9A57-4F30-B496-C828D2CEEDFF,,,,,,,ODN0003120201,z,right_only
EBD42C03-3F02-4BD8-9F8F-C2ADFC2D3BDD,,,,,,,ODN0003120209,z,right_only
BABFE06E-8AD5-4133-96C6-297F6D107913,,,,,,,ODN0003120213,z,right_only
4BA5FE7F-FC73-45DE-8E67-0C67815FEE4C,,,,,,,ODN0005392688,z,right_only
71BE6850-FE24-4C7E-8300-7F868CA0C597,,,,,,,ODN0004818364,z,right_only
C2C00FC3-1660-47D2-830C-6F362817C771,,,,,,,ODN0003999363,z,right_only
63855BD5-2C5F-46B5-9856-C1C4DDE02EDB,,,,,,,ODN0005256576,z,right_only
6D9A2456-252F-4B8E-951F-8A49FBC02EFF,,,,,,,ODN0003120263,z,right_only
C5805CAE-D224-423C-A623-C1334A5F3A5D,,,,,,,ODN0003120279,z,right_only
B3EEE0E1-5213-4C07-A5EC-463E77840DC0,,,,,,,ODN0003120295,z,right_only
69825F6E-3C76-4763-A991-5D85F3CF226F,,,,,,,ODN0004983285,z,right_only
7BBBBD9D-17B3-4D23-91E7-6C4178829161,,,,,,,ODN0005059400,z,right_only
0914CC63-1C3D-4914-B5B2-EF11DE1353B1,,,,,,,ODN0004871845,z,right_only
403C18C3-A034-41A3-BF31-44358732A6D8,,,,,,,ODN0004549949,z,right_only
A9DF6B28-B8CC-4BBF-971E-1268B885ED5E,,,,,,,ODN0005292169,z,right_only
F53F4DB1-FDF9-4C1B-A812-33773726AA8E,,,,,,,ODN0004827485,z,right_only
2732B8CA-6768-46E7-B1D9-E177BD61C135,,,,,,,ODN0003120351,z,right_only
69977827-F0D8-4874-AEB7-D6EF880665DD,,,,,,,ODN0003291424,z,right_only
9F57998C-E5A2-4397-A18F-092B1D93C8B2,,,,,,,ODN0003974504,z,right_only
440FC37A-5D36-47EB-A9E3-68C7FBE371E9,,,,,,,ODN0003120357,z,right_only
7F9D3926-6F91-48C1-A4FA-0837EE11AD99,,,,,,,ODN0003120412,z,right_only
51B0E9BE-F152-42ED-8089-62D4EEAAA09D,,,,,,,ODN0003120417,z,right_only
0678C8E9-1ADE-4E99-AE13-45AA59DA7067,,,,,,,ODN0003120432,z,right_only
74E1ACCE-6C3A-4CD8-894B-B3B6CCD10A5A,,,,,,,ODN0004241485,z,right_only
1CCE530F-33F0-455B-A158-66FFD1AFF8C7,,,,,,,ODN0004740921,z,right_only
E44EB09D-AF96-47B8-8D00-4091BB20D390,,,,,,,ODN0005307792,z,right_only
39946792-9F7C-43F3-A915-C9365AAF4279,,,,,,,ODN0003478145,z,right_only
542A847D-E1AF-4A97-AA3D-CB517E253AF3,,,,,,,ODN0003120466,z,right_only
01FE6734-48FE-432C-9EA3-595E5F34ED82,,,,,,,ODN0004778782,z,right_only
75F3FF77-2569-4DEB-8D1D-91DB959E0BD3,,,,,,,ODN0003120472,z,right_only
7EE7FD7A-B19F-4068-96D2-923FA1E07695,,,,,,,ODN0005292178,z,right_only
DC9836BC-A04E-4559-A610-E57FEB3F888D,,,,,,,ODN0004378677,z,right_only
7DE71DAA-9B58-45BB-85CC-730882B72D59,,,,,,,ODN0003120506,z,right_only
CD81FF24-37E8-4581-A6F9-BCDC2263B2AF,,,,,,,ODN0003964027,z,right_only
B4B300DE-8AFB-4509-BFD6-B817A6862E8B,,,,,,,ODN0003120534,z,right_only
6C3468C0-969F-4570-B12B-821BA70B917A,,,,,,,ODN0004757689,z,right_only
08E4B2A6-7D2B-4868-BD1C-EC4AF2C58B76,,,,,,,ODN0005292186,z,right_only
BE38FF75-28F1-4F38-B2E5-18F05F7CFC85,,,,,,,ODN0004818365,z,right_only
B3960934-4D2D-44E0-A010-42D9AA892E3D,,,,,,,ODN0003120564,z,right_only
B5257CAE-42CF-4057-999B-4AD122145750,,,,,,,ODN0003446826,z,right_only
F55B0CA2-90F3-40AA-8013-884C778D2753,,,,,,,ODN0005392699,z,right_only
A05B71D2-4B95-484A-B41B-F7E01FC2E8C6,,,,,,,ODN0003604125,z,right_only
4A5034C9-8A3F-4009-8BF5-60F100895548,,,,,,,ODN0003120599,z,right_only
4A976157-D042-4465-BCD8-363127161C3B,,,,,,,ODN0004757693,z,right_only
A9B9F30C-DCA1-473A-96CF-510D000C3D5D,,,,,,,ODN0004330134,z,right_only
B70CD6FB-B550-4FD7-928A-D213208E88B6,,,,,,,ODN0004611774,z,right_only
FA5B41DC-C9D0-433F-B74A-F34210AE8CC6,,,,,,,ODN0003120687,z,right_only
8D96F97B-7EBC-407E-86FB-F87F9A88331B,,,,,,,ODN0003120690,z,right_only
E729AFA6-6F1C-46C7-9EB6-7FA3E046C97B,,,,,,,ODN0004871852,z,right_only
BEB68260-EBE1-4D05-AD7A-50628D958D2A,,,,,,,ODN0003120713,z,right_only
5722203F-E62B-4B11-A5E8-1DBCEC1616E7,,,,,,,ODN0003120719,z,right_only
81BF783E-177E-44DB-9F44-CE9766B8EACB,,,,,,,ODN0004672461,z,right_only
7385815B-9A83-4D39-BAD6-59DDDB385749,,,,,,,ODN0003120727,z,right_only
25693F68-0CE3-497A-A7DB-5FCE916D7B86,,,,,,,ODN0004682916,z,right_only
346F119F-22FD-4FFF-854E-94EA8AEC67A2,,,,,,,ODN0004871853,z,right_only
0643E2FA-B91F-4593-B440-FB2D8B8BB4CD,,,,,,,ODN0005244266,z,right_only
F3DF5A36-F05E-4CBD-A95D-738893B9BCC8,,,,,,,ODN0004881607,z,right_only
176D6C0F-5AA1-48A4-A4C9-F128A97BA3B7,,,,,,,ODN0003936692,z,right_only
AD8A5CDC-7BAA-4D25-84A5-E29832F984DE,,,,,,,ODN0003120783,z,right_only
3DC8E0BD-D07E-4CD2-B49C-43516783BEFD,,,,,,,ODN0003120803,z,right_only
79B365D9-F708-4696-9696-8F807B10E869,,,,,,,ODN0003950957,z,right_only
78B1F83C-F314-43DD-8375-959D33EE0382,,,,,,,ODN0004215144,z,right_only
C6805B48-DBBB-4846-8856-8CA832A8ABC7,,,,,,,ODN0004241493,z,right_only
6E118857-058D-493A-B6AD-D78073AA272A,,,,,,,ODN0004562493,z,right_only
2A929AA8-CE16-4CE0-8734-6612083EF151,,,,,,,ODN0003950959,z,right_only
CEC33F63-4AAA-4C53-97BE-5FBBE893EAA0,,,,,,,ODN0003974506,z,right_only
C3B519B5-97CA-4A63-8D57-5B8CD8D6B238,,,,,,,ODN0003120844,z,right_only
0BA43552-3425-44A6-96E7-24A28A9C4AAA,,,,,,,ODN0003120872,z,right_only
E69821FB-7A85-4A34-AD85-A3B59060709C,,,,,,,ODN0005156948,z,right_only
4597265F-92E8-4977-9A25-A8D566F7D088,,,,,,,ODN0005161423,z,right_only
1D52A534-6CE8-4B3A-888F-72297AC7E7DB,,,,,,,ODN0005161538,z,right_only
F029AFFC-A9BE-415C-98C0-4C7310C24BB3,,,,,,,ODN0005161617,z,right_only
81173CE8-A776-4640-A3BB-58C344C31402,,,,,,,ODN0005161639,z,right_only
E82B0D2C-233F-4055-8525-9A5103BF5662,,,,,,,ODN0005161859,z,right_only
FE847934-3B47-4C13-94D4-2E7EBC25289C,,,,,,,ODN0005161865,z,right_only
0392CE69-1EA8-4901-A56C-41A3BB18F0D8,,,,,,,ODN0005161887,z,right_only
A1FE5EE5-F2A1-443B-ACF9-CFBFAEC29EA5,,,,,,,ODN0005162022,z,right_only
AA8AA406-40A1-495E-8C53-FBEA790A25DF,,,,,,,ODN0005161445,z,right_only
C8B31544-134F-45F4-9A4B-AB253796DAEE,,,,,,,ODN0005161583,z,right_only
C4585C39-8FBA-47AC-BCA6-A28AF4F2EB42,,,,,,,ODN0005161802,z,right_only
31DFB820-EEB4-4DAF-8AD8-7498EC1844F8,,,,,,,ODN0005161883,z,right_only
C0103908-B615-405F-A770-F62AF48DA35A,,,,,,,ODN0005292195,z,right_only
2596D282-4C3E-45B8-ABF8-5C0D0798F7A3,,,,,,,ODN0003378509,z,right_only
61B407A2-F909-4FF1-BE93-09D58CD243A7,,,,,,,ODN0005256563,z,right_only
49F59251-E455-4291-8141-7A4F191D6D5A,,,,,,,ODN0003378541,z,right_only
B08EC235-038D-4BC3-84C8-57D5F9C19CEB,,,,,,,ODN0003378544,z,right_only
D9559B97-2060-4C1A-96FC-EE7F91257FB7,,,,,,,ODN0004241476,z,right_only
8BA81502-D34F-469B-9CFC-096D21479D50,,,,,,,ODN0003378559,z,right_only
AE52E3CD-A228-462C-BBB1-B3BC62D5C01B,,,,,,,ODN0003378558,z,right_only
913B18FA-A448-4907-90D0-98A823D74AE3,,,,,,,ODN0003378586,z,right_only
3E0B2FE7-0420-4974-9814-B54936D1FCB8,,,,,,,ODN0003378597,z,right_only
ED297114-8331-4954-ABA8-CE33B9450520,,,,,,,ODN0003378618,z,right_only
CF28610F-3F1B-43F0-AC0E-0A651FEBD533,,,,,,,ODN0003378645,z,right_only
30F09323-0ED2-44BE-8613-32B85876FCCD,,,,,,,ODN0003378650,z,right_only
EA1A9EC3-436C-4936-9A3E-91917A14FA01,,,,,,,ODN0004624484,z,right_only
8479F7B4-BCD8-41AA-83EF-6C343DBB296E,,,,,,,ODN0005416517,z,right_only
6440113C-A330-4144-AB7E-7340799A1D58,,,,,,,ODN0003378726,z,right_only
F17E4F10-921C-4D25-80E0-3F52D1B145FC,,,,,,,ODN0003882411,z,right_only
F8E7EE06-6BE6-4FF1-93A8-ED1BEFE142A4,,,,,,,ODN0005344609,z,right_only
F705D7CA-889F-4847-A5D4-3CD64E38A5B0,,,,,,,ODN0003378759,z,right_only
E2E86B73-66CD-4B8E-9BB7-5E5BB7864A17,,,,,,,ODN0003936688,z,right_only
3617E075-4AB4-40B9-B022-B1AC0C4B3629,,,,,,,ODN0003378799,z,right_only
204C764F-109E-4900-A622-B4005585097D,,,,,,,ODN0003378808,z,right_only
2820DE23-9BDB-4717-BF28-BE186D006D0B,,,,,,,ODN0003378810,z,right_only
DD5C661F-4CBF-4F9D-9473-604137C6EEDE,,,,,,,ODN0003435645,z,right_only
FFC8B522-7C8E-44F4-810F-FC8DFDD140B4,,,,,,,ODN0005176946,z,right_only
43DDC15B-0A25-4CCA-A332-3DE38D75534B,,,,,,,ODN0005106895,z,right_only
BCC0FAC9-F634-4DEF-804E-1291D48CC3A8,,,,,,,ODN0003119390,z,right_only
B1D0C211-4569-4A0A-876A-A1A63101EC85,,,,,,,ODN0005292121,z,right_only
4D31AD4A-74C7-4709-8167-1A000308D1A5,,,,,,,ODN0005292122,z,right_only
0639F6A5-7FC2-4533-A976-D93969AB76FD,,,,,,,ODN0004871824,z,right_only
35FF8A71-83B8-4F6D-8975-E9589875CF59,,,,,,,ODN0004871825,z,right_only
D9553763-198E-4037-AAA7-30557C0CA59D,,,,,,,ODN0003119625,z,right_only
9E44723B-294F-4FEE-978A-CCA9C150F890,,,,,,,ODN0004757617,z,right_only
A6A11131-A81D-4A05-ABA3-ACB1BF10B100,,,,,,,ODN0004404529,z,right_only
822E9E68-8639-4F16-8FE4-40162EF86F21,,,,,,,ODN0004757621,z,right_only
109EA660-C9FA-408A-B72D-607BDA1EA9CC,,,,,,,ODN0003200961,z,right_only
00ECC0FE-3D0F-4B6B-A8B8-635FE600AA3E,,,,,,,ODN0003119796,z,right_only
DBD5C29D-CB62-41A0-BD18-9ECB6A063AC2,,,,,,,ODN0004778762,z,right_only
CDA4FA39-952A-49A2-BB01-7DE4D33810C9,,,,,,,ODN0003119818,z,right_only
2DB9AA24-77CD-4142-9DFD-4568CEFCC47B,,,,,,,ODN0005256565,z,right_only
E9EC570B-EA3E-4FE7-9A01-F1C8AA77B15D,,,,,,,ODN0004499357,z,right_only
E5EBED69-0B16-427B-9E2F-17F972E46B7C,,,,,,,ODN0003119893,z,right_only
159956C0-AB62-4610-AE9C-D7559E7EA926,,,,,,,ODN0004644233,z,right_only
859EC213-F845-43D8-A934-12A6ADA35332,,,,,,,ODN0005292148,z,right_only
A7F2AC99-BBCF-4209-84A6-7C6CF65B28FF,,,,,,,ODN0005292153,z,right_only
15BD61F7-6621-494A-9C8E-68960A4D1B34,,,,,,,ODN0005244254,z,right_only
0CB1F737-21F6-42DD-827F-6EE8C8211402,,,,,,,ODN0003120094,z,right_only
2484C977-DCF4-4577-94C9-3472BFE36845,,,,,,,ODN0004215109,z,right_only
0EE6F8D6-EF6D-4AAC-B544-6E193AF49C3B,,,,,,,ODN0004215116,z,right_only
0952F82D-610E-4FB4-B1C8-88C245CC1FED,,,,,,,ODN0004215118,z,right_only
FE1A0C1E-3E29-4365-8CB8-B22F5F504746,,,,,,,ODN0004215119,z,right_only
F229E173-834E-4E14-999D-DCED91358216,,,,,,,ODN0004215121,z,right_only
D7943409-D8EA-4F98-9FE1-F60F4A134727,,,,,,,ODN0004215122,z,right_only
D0E52D7F-C66F-4C5B-A12C-6E1403A59195,,,,,,,ODN0004215125,z,right_only
24CC35B1-3DC0-4A2D-BABC-D491EE576C3E,,,,,,,ODN0003120156,z,right_only
716AF1F4-EFE4-4288-A594-7EA3EFA20F79,,,,,,,ODN0004881597,z,right_only
6B3E5CFA-FF36-46C3-91A7-BB217F30617F,,,,,,,ODN0003915172,z,right_only
3362F9B6-C5AB-4B36-B8DC-9EFE547E11A3,,,,,,,ODN0003120207,z,right_only
E92B1FEE-83F8-4847-894A-3042F1D750E5,,,,,,,ODN0005292162,z,right_only
18AC9AAB-B835-4DF6-AA3E-014B651038A6,,,,,,,ODN0004562484,z,right_only
2F25EAF8-B309-443F-A711-851EC22453FA,,,,,,,ODN0005292165,z,right_only
0C3DE4B2-30B8-4C7B-AFE2-0F09E8077DFF,,,,,,,ODN0003120286,z,right_only
4548B143-DB3C-43E6-B1A1-3A37FDCF4B35,,,,,,,ODN0003120320,z,right_only
C864DF7D-947C-47D6-8CD5-243D317FE524,,,,,,,ODN0004330131,z,right_only
32540F47-F96F-4715-BF44-B4038C33141B,,,,,,,ODN0005292172,z,right_only
ECB8720F-C128-4516-85F7-28A97B4D461E,,,,,,,ODN0004871847,z,right_only
8F8539DF-228E-45DD-9954-E1545DC9C67B,,,,,,,ODN0003781384,z,right_only
3DBF53FA-7A5B-4D1A-8455-5C4603BD6B05,,,,,,,ODN0005292173,z,right_only
AB078DB8-403A-4497-9810-FC50969585DE,,,,,,,ODN0005256580,z,right_only
786DA0DE-9BF3-427C-B324-CFB06945309F,,,,,,,ODN0003120452,z,right_only
10DB5E4E-723C-4966-9EBD-C9226AE4D735,,,,,,,ODN0003120454,z,right_only
FE74EB0E-5F07-4053-9E96-F8268CE1699A,,,,,,,ODN0003120457,z,right_only
C045F1E8-EFBA-4D91-9BF4-52CCE0A9945A,,,,,,,ODN0003848464,z,right_only
0DC4C1A1-FFE6-4053-9661-AC0C5C34A529,,,,,,,ODN0003201010,z,right_only
4A4CD568-535F-4B36-83BB-18DF423F4E87,,,,,,,ODN0004215134,z,right_only
2649A175-782E-4DD7-8C47-F6F7CCDAED86,,,,,,,ODN0004215136,z,right_only
72146C0A-904C-430C-99BD-E53519B327C7,,,,,,,ODN0004215138,z,right_only
D7532FC9-C27B-40B0-94EC-43093A53D4B8,,,,,,,ODN0003604123,z,right_only
8B2F7C73-5089-4581-9B6B-E828DF3F9114,,,,,,,ODN0003604124,z,right_only
44B23698-53D0-4D1D-AE28-726EF2071F3C,,,,,,,ODN0003648298,z,right_only
82AF8FFA-EB4A-46D3-BF21-ED91A279096C,,,,,,,ODN0004871850,z,right_only
7CFE54FE-8FC2-4CF2-BC16-FDE63AB0B9B8,,,,,,,ODN0004180097,z,right_only
BE2AB7A8-D9C1-4B9A-8DA8-5B6686F717DF,,,,,,,ODN0003120673,z,right_only
4EABF2B6-DACC-442A-9965-64F7AE2821E0,,,,,,,ODN0005256582,z,right_only
04B8C285-AD1C-46FE-B3F7-2A81FCB0C027,,,,,,,ODN0003120679,z,right_only
4657E1DF-A531-4D65-8268-9D16BBED1010,,,,,,,ODN0003120737,z,right_only
C2EA0D83-A18B-4389-BD11-9834D451AC49,,,,,,,ODN0004215142,z,right_only
E8BE1AD1-0171-4C5C-9801-0AE887387979,,,,,,,ODN0004778798,z,right_only
3BD9F26C-A3A5-42A0-8EE8-A25CE65DE1D3,,,,,,,ODN0003446828,z,right_only
C6DE0159-95F4-45B7-9CCC-AB8E9D39533D,,,,,,,ODN0004778801,z,right_only
AAE1C060-8BCF-4195-B304-83A4D28288CA,,,,,,,ODN0004983298,z,right_only
EC0477A0-EAEF-4E6C-A602-9B10F810E8DC,,,,,,,ODN0004378682,z,right_only
24BC8014-7876-40DB-821C-E9D527674C4D,,,,,,,ODN0005256579,z,right_only
07A1F5EB-6D2E-4F33-A0ED-D6915837817E,,,,,,,ODN0005307783,z,right_only
119A3E15-8A76-4F94-AEBE-DC263986B8EF,,,,,,,ODN0005332554,z,right_only
59963BFE-2617-47E9-BBED-15DB163677D4,,,,,,,ODN0005392682,z,right_only
5FBFA29D-4BE7-4E66-8183-0A44E721FC5C,,,,,,,ODN0005161482,z,right_only
3BA8E789-736F-4DB4-A8D1-C48615E515BF,,,,,,,ODN0003837049,z,right_only
E0AF531F-45C4-497E-8FF6-476FC9673A0D,,,,,,,ODN0005423446,z,right_only
2B9AAF71-1836-4BD7-98AB-E1E7489F102C,,,,,,,ODN0005156939,z,right_only
ADB2483A-415F-4876-A1AF-C4DD278C69C5,,,,,,,ODN0005159237,z,right_only
F10903C0-A083-47C5-9E36-3778CCD7B39E,,,,,,,ODN0005159370,z,right_only
F61CCC6E-9E0C-44FB-B060-9B08DFB574C6,,,,,,,ODN0005291943,z,right_only
049DF643-B675-480C-8B72-81B430A60558,,,,,,,ODN0005161244,z,right_only
D125FD7F-ACE3-4814-8294-5C135D49E9DF,,,,,,,ODN0005161259,z,right_only
216BE25B-321D-487F-8D61-B034B355A046,,,,,,,ODN0005161305,z,right_only
D9A9DC8E-F29D-4043-A7CD-DC4748486638,,,,,,,ODN0005161321,z,right_only
AD147781-6FAC-43A4-A2EF-80989F473A58,,,,,,,ODN0005161349,z,right_only
348691E4-562A-42D4-AFE0-77C4ED32B7A9,,,,,,,ODN0005161353,z,right_only
3EE9B06E-35EA-4E24-92DD-8C5F4F5026B0,,,,,,,ODN0005161356,z,right_only
7F297579-F07F-477F-AAC6-30514381101C,,,,,,,ODN0005161363,z,right_only
4BF7D1D4-43B4-400D-A604-808F5F82F505,,,,,,,ODN0005161386,z,right_only
39A6FBA1-91E4-4D83-8F5C-ADCD198BCD24,,,,,,,ODN0005161397,z,right_only
E82D5603-4752-4CE2-8F66-6BB8E594F1C6,,,,,,,ODN0005161400,z,right_only
0FB58AEF-92FB-4066-A738-BDC0346C24CF,,,,,,,ODN0005161418,z,right_only
9E9011D3-ED96-458E-9843-2207E250FEC8,,,,,,,ODN0005161417,z,right_only
08AAE169-0300-4E8D-93D8-2980B8913853,,,,,,,ODN0005221589,z,right_only
CB067825-3BE1-477D-B670-E553BDB6AE39,,,,,,,ODN0005161426,z,right_only
C4ACFC0F-0CCF-4794-8DEC-EA2FC232E3BE,,,,,,,ODN0005161427,z,right_only
A82F407E-1584-49BD-8002-175047B1EE92,,,,,,,ODN0005161442,z,right_only
74AF6FF0-025A-4BAD-BBB2-93F1340CC436,,,,,,,ODN0005161443,z,right_only
D001F4DA-C8E5-43F6-AAEA-E7E13AF33939,,,,,,,ODN0005161447,z,right_only
901BFD55-1668-47A8-9319-A19FD10E1355,,,,,,,ODN0005161460,z,right_only
31CF1B92-0CEA-49A4-BB1C-9C0E48050A48,,,,,,,ODN0005161517,z,right_only
8095915A-C9FA-442E-942E-FD2DF8F41B0E,,,,,,,ODN0005378614,z,right_only
E77D985B-3FE9-40F8-A18E-2C34CF275E55,,,,,,,ODN0005161531,z,right_only
50387107-63E0-4D23-A11F-9372E8530AA3,,,,,,,ODN0005161556,z,right_only
DE6B25F8-6B4A-4451-A32A-84F73889AF7A,,,,,,,ODN0005161633,z,right_only
4326E0FE-73DC-49C9-AD45-2E70A61A0316,,,,,,,ODN0005221592,z,right_only
9FADA454-CFFE-4B03-A307-B60C46D006DF,,,,,,,ODN0005161644,z,right_only
29B88EFF-41AD-4D11-9277-B3C210B477B6,,,,,,,ODN0005161655,z,right_only
74901BC7-6D49-47E3-831E-BE82814F6BF0,,,,,,,ODN0005332559,z,right_only
0AECC737-D686-4BC2-B6CC-3BAD575D1021,,,,,,,ODN0005292166,z,right_only
F89F5089-6D62-4C00-A6C3-4574FB18CBF7,,,,,,,ODN0005161754,z,right_only
BBFDA590-E726-45A3-A4F5-41199344E6B7,,,,,,,ODN0005161756,z,right_only
4C57D7A9-4B6C-440B-BC79-E476485DCB6A,,,,,,,ODN0005161780,z,right_only
6DA82068-8B2D-4733-95CD-B955B015BB4E,,,,,,,ODN0005161796,z,right_only
810EAD3A-BD27-4B2D-B7F5-BE47288EEB95,,,,,,,ODN0005161806,z,right_only
AE523F98-F463-49C1-A3D9-C63FBE74EA21,,,,,,,ODN0005161812,z,right_only
879C2C43-7C72-4F21-89EE-C4EBF42CCA70,,,,,,,ODN0005161814,z,right_only
A9F6F21D-6CA4-4AB3-A865-02CEF72950E9,,,,,,,ODN0005432363,z,right_only
EF37B5CE-1751-49D8-9CF0-E480E84DA8BB,,,,,,,ODN0005432366,z,right_only
9C0792E1-7764-411C-B7A8-398D7FAB1372,,,,,,,ODN0005432367,z,right_only
0714DE26-82B2-4E77-BE7F-E143CC3DEF0A,,,,,,,ODN0005161918,z,right_only
766603C2-5F9A-4E61-8530-6C116CCC79F0,,,,,,,ODN0005161926,z,right_only
F66DF6FD-E5FF-410A-9EA8-0DBEE9D644D2,,,,,,,ODN0005432368,z,right_only
7E2CB057-4A47-4FF8-94DB-EBDDD5D90B6C,,,,,,,ODN0005161946,z,right_only
B9DDA1CD-EF13-4FCF-916D-D214AB9E63C4,,,,,,,ODN0005161958,z,right_only
6C29D0F1-03D0-492E-9560-CB3742762A7E,,,,,,,ODN0005161973,z,right_only
872CFA2A-AE27-4C6D-9C5A-62FC1B6D0DFC,,,,,,,ODN0005162014,z,right_only
336B1A8C-FD8A-41B8-B30E-128CB82D2078,,,,,,,ODN0005162051,z,right_only
0EAD9F36-0424-4377-853A-309F55D9B00B,,,,,,,ODN0005162056,z,right_only
B8BB1EF1-3438-4880-BE82-2367CDE63015,,,,,,,ODN0005292215,z,right_only
BEF789A0-EED3-40A2-872E-2F78303594FB,,,,,,,ODN0005162071,z,right_only
CA624926-7F1D-478C-92DD-7FA858234C13,,,,,,,ODN0005244245,z,right_only
042104D8-45B7-41C1-8D7C-AF201B88F813,,,,,,,ODN0005292120,z,right_only
E5DC28A7-D2B0-45BB-9CA0-02B6C182046B,,,,,,,ODN0005244247,z,right_only
AC6C59F4-BEA8-4088-9EC0-CDC5D598CD0B,,,,,,,ODN0004757614,z,right_only
044611FF-4F5B-4B99-B662-DBF8DA0A81E4,,,,,,,ODN0005292126,z,right_only
C63EC232-87E5-452C-AF80-F78F9B6CDE57,,,,,,,ODN0005344573,z,right_only
CFCE3572-4346-4DFF-A1BA-6EFE431974E4,,,,,,,ODN0005292130,z,right_only
EB484D23-5CF1-4C09-A8BF-22A7E6EA1CEC,,,,,,,ODN0005244248,z,right_only
51B9DF6F-A5D1-4AF3-A0DC-061B6645FEB8,,,,,,,ODN0005244250,z,right_only
A59507FD-CDD1-44B4-BD88-FA640FE8915F,,,,,,,ODN0004757631,z,right_only
6E549FD5-76C8-43B1-8330-F092F8FE492E,,,,,,,ODN0004757636,z,right_only
108BC530-3929-48CD-A2BD-5FC6CB57CD44,,,,,,,ODN0004757642,z,right_only
0390D6F5-D866-4A9A-B50D-C60B0EBED074,,,,,,,ODN0005244256,z,right_only
2C71AF15-D03D-4EAB-BE49-BFAE335B120F,,,,,,,ODN0005244257,z,right_only
3F1CE5D7-44F0-419E-89EC-7DD60F7732F0,,,,,,,ODN0004757665,z,right_only
9C7A45CF-61FF-4934-B667-31B107D896A3,,,,,,,ODN0005244259,z,right_only
1FE71EF0-8C23-4404-95B3-0606ED8D9F77,,,,,,,ODN0005244262,z,right_only
D452D432-7FEF-4803-82D1-06631340FA5B,,,,,,,ODN0004757670,z,right_only
8316BD97-37C8-41C0-A681-7F274A885DB0,,,,,,,ODN0005244263,z,right_only
AF59CA18-B84D-429A-B583-58AD9F690B65,,,,,,,ODN0005244267,z,right_only
FF7360FB-CBE0-4EF7-850D-31EE62C0F953,,,,,,,ODN0005156947,z,right_only
ADB72AD3-DE7D-4409-A417-E8A5E66C5E6F,,,,,,,ODN0005161251,z,right_only
CF54407A-29CE-4A4A-94BC-1B252B148B28,,,,,,,ODN0005161257,z,right_only
724DE883-8180-4D37-A459-A37D1F1BEE9D,,,,,,,ODN0005161344,z,right_only
CF29370C-B075-4454-96A9-28E260C51D82,,,,,,,ODN0005161440,z,right_only
EE530ABC-256E-4FEB-9A00-AD52B5E952E8,,,,,,,ODN0005161485,z,right_only
EAC8C3B1-26BF-4468-90DF-8B1A41059A54,,,,,,,ODN0005161486,z,right_only
2AC453C9-5EE6-49C0-AF1F-24CC5857B484,,,,,,,ODN0005161568,z,right_only
36D4178E-D55D-4627-BDBF-980D845248D8,,,,,,,ODN0005161629,z,right_only
5750F37D-EC66-4762-B007-1DA96CAEC5F8,,,,,,,ODN0005161657,z,right_only
B64B2985-DE8E-47A2-B049-594638EC9C68,,,,,,,ODN0005233320,z,right_only
6490C74A-0B9F-46E1-A1D1-BD410793763C,,,,,,,ODN0005416514,z,right_only
0EFDF480-0C87-4C8A-BB6E-A15E6DA4849C,,,,,,,ODN0005161742,z,right_only
605D9702-52CF-42C4-9701-BD3203A0D586,,,,,,,ODN0005161959,z,right_only
F75876D8-019B-4603-A663-8D27156106E1,,,,,,,ODN0005161975,z,right_only
4C705C55-A097-4B6F-8971-4FC9D720BA56,,,,,,,ODN0005162036,z,right_only
FA325809-BE68-4659-9E01-A6C91ECD5070,,,,,,,ODN0005512382,z,right_only
42A21FCF-4770-4E79-B43A-781709F05CFA,,,,,,,ODN0005161489,z,right_only
CE483392-68E5-49AC-A1E0-C76280D25FA4,,,,,,,ODN0005161580,z,right_only
4281863F-5A73-4B62-B1EA-3A9F6A7F6D6B,,,,,,,ODN0005161816,z,right_only
8FB7D8D9-4884-4653-9ED9-B39AD16AA9BF,,,,,,,ODN0005161815,z,right_only
2FB02F36-C8C7-48A4-B252-E920B3A0B1EE,,,,,,,ODN0005162007,z,right_only
0C310F19-D7B5-43D7-B153-40F2785E08DA,,,,,,,ODN0002943307,z,right_only
3BD9A22E-2B16-408D-BB17-ADB68F97526E,,,,,,,ODN0002943342,z,right_only
A7854D54-0593-4F41-935E-10A4F5725C6C,,,,,,,ODN0005161448,z,right_only
632F328E-A75C-4BBA-9A3E-CDE720DF0FD8,,,,,,,ODN0005161451,z,right_only
E8757DA9-CF4D-46DD-B907-91D1CF235AF8,,,,,,,ODN0005161757,z,right_only
6DF3139B-D71A-4640-8277-4BBF41DFC706,,,,,,,ODN0005161871,z,right_only
65EC8116-ABF1-4F2D-8881-36D3ED932F7D,,,,,,,ODN0005162034,z,right_only
2FD2639A-D61B-4233-867B-3BE815A21D26,,,,,,,ODN0004100172,z,right_only
58163FFA-2511-404E-824C-C66ECDEDBD97,,,,,,,ODN0003903545,z,right_only
00FFC91D-7118-46A1-842D-D733DB23B305,,,,,,,ODN0004100224,z,right_only
1AAA8B45-539F-4982-91CC-2C8A49E54DB6,,,,,,,ODN0002183070,z,right_only
0256A711-5121-49A2-871A-A8355B590048,,,,,,,ODN0004959278,z,right_only
E6D281D3-DC56-4B77-8CC7-AF1010EDA9E4,,,,,,,ODN0005578037,z,right_only
B0EB9F68-8E63-4A6F-B8AE-E7249994EDBC,,,,,,,ODN0005762403,z,right_only
B8F8EFB7-7DF3-44EE-B150-2133C23AB382,,,,,,,ODN0005762422,z,right_only
4928E96F-7F9B-410C-8EC5-EF5F56DCC3FC,,,,,,,ODN0005241401,z,right_only
51102487-DB75-4CCA-A6E4-5AC041CAC896,,,,,,,ODN0005434762,z,right_only
F065EFBC-4B9B-4E4E-B7F4-51C901D1CD34,,,,,,,ODN0005646127,z,right_only
41B753A3-3769-4ABC-8C19-BA65D5D5EE5E,,,,,,,ODN0005762407,z,right_only
27D03A8E-505A-4B39-B99C-08007C223DCF,,,,,,,ODN0005762415,z,right_only
6DC280BD-E813-461B-9A2C-1202910541A1,,,,,,,ODN0005646107,z,right_only
ED2599BE-0C47-4F3E-B04F-FA3C6FE40B4E,,,,,,,ODN0003115952,z,right_only
787A1505-1AB1-4742-99EF-65A02C0DF9AD,,,,,,,ODN0005515449,z,right_only
EA478CC9-970E-454A-8AF3-9DB81EB499B5,,,,,,,ODN0005515460,z,right_only
137DA9C9-C586-499A-9D23-4AC9BB83F35F,,,,,,,ODN0005762410,z,right_only
A899ABF9-65F9-4A67-849D-3BE0B36C59A7,,,,,,,ODN0005646081,z,right_only
6EAE244E-AA72-4568-A794-468BBAB72012,,,,,,,ODN0005241409,z,right_only
E55A7C43-04FE-4F69-892D-C706414EF26C,,,,,,,ODN0005434769,z,right_only
59BF3460-5E4F-46E8-A0D0-295C1812B121,,,,,,,ODN0005646140,z,right_only
00D7E154-8A25-4565-9B7D-DC998368961D,,,,,,,ODN0005182485,z,right_only
C9C9353C-BD29-4495-9256-EAF749FD8F98,,,,,,,ODN0005434765,z,right_only
EE5A7173-B291-49BF-AD03-0F5FF0B3215C,,,,,,,ODN0005060177,z,right_only
D16527B2-1D7D-46F5-8FD6-2D5485D316ED,,,,,,,ODN0003338150,z,right_only
045AEE6B-F3CF-4820-AD39-6D6D7104A48A,,,,,,,ODN0003339701,z,right_only
A0445554-6AD4-45F3-8B05-F8B0E0A3F835,,,,,,,ODN0003327902,z,right_only
1A3FFAC9-6976-4105-9B6A-A55E931C8D27,,,,,,,ODN0004450050,z,right_only
B8AF8FF7-4411-4815-BF33-60AFF926AE72,,,,,,,ODN0004368376,z,right_only
72D6724D-5BC3-4235-BED5-024E8335973A,,,,,,,ODN0005591671,z,right_only
EF6D923C-D6E5-42B5-80FF-940FAA87A0A7,,,,,,,ODN0005250435,z,right_only
E6850CA3-275A-403A-B79F-D1EEE5C87631,,,,,,,ODN0004897378,z,right_only
2EAAE8B2-6877-4E6C-9576-62C692ADBACF,,,,,,,ODN0004233761,z,right_only
9A3E1D8F-CE09-406D-9B93-8AFF1F30F888,,,,,,,ODN0005249833,z,right_only
920F3A6F-9085-474C-8B9C-EEE5F2BBE9E4,,,,,,,ODN0003782577,z,right_only
F4E82254-6612-48BC-ABCD-C94C13B8CE0E,,,,,,,ODN0003782578,z,right_only
67AEA361-C614-4DEF-9FE6-139DF4E8CFF5,,,,,,,ODN0003782579,z,right_only
48737ED4-C399-4BD4-B606-4A292B33B5ED,,,,,,,ODN0003782580,z,right_only
C389C3D9-1275-418A-ADB4-0CDFC0B2A3DA,,,,,,,ODN0003782581,z,right_only
A6D3394F-A209-4C60-BF79-76ADD3142590,,,,,,,ODN0004449665,z,right_only
D05D8F93-40D0-469E-8FEC-92FCEA9EE161,,,,,,,ODN0005250134,z,right_only
14082CCA-5484-4019-B760-4FABECFB113E,,,,,,,ODN0004449693,z,right_only
46AAD945-21FF-40A8-B17B-606AA445BA5E,,,,,,,ODN0005463181,z,right_only
A0CF421F-B79A-4A06-8A08-5AB1D25C8F8F,,,,,,,ODN0003932169,z,right_only
042CD76C-299C-44B7-BE6D-E2661DC2C935,,,,,,,ODN0003274085,z,right_only
9C33108A-BB80-4A19-BC16-DAC81FABAD8F,,,,,,,ODN0005287808,z,right_only
8D7A327F-19C3-4659-9CAB-138F260F73EF,,,,,,,ODN0005061622,z,right_only
E3989652-6578-4150-94FA-1ECB1BB180A1,,,,,,,ODN0003319365,z,right_only
226CE9E7-BC54-4761-8857-5508A27A6B28,,,,,,,ODN0005219260,z,right_only
AF7A7819-F648-45F3-812B-5716492C4B40,,,,,,,ODN0004056037,z,right_only
AAD3050F-22CF-404E-8D0B-5D03F1E9CA43,,,,,,,ODN0004092780,z,right_only
8ADFCDB6-C2E3-461A-B6BF-1B8D67F29A1C,,,,,,,ODN0003339688,z,right_only
A95DBFFD-A23E-4EE3-BF47-FB1E6950D926,,,,,,,ODN0002938582,z,right_only
61084FB9-B0A3-40B2-BD9B-08FAFDBB4274,,,,,,,ODN0002300158,z,right_only
66A6E94F-EF16-457A-826B-15E071030ED9,,,,,,,ODN0002300173,z,right_only
A59940C8-915B-4740-8526-6197A0C6FD92,,,,,,,ODN0002300174,z,right_only
1927AB23-72F3-4285-AA96-A954730007C5,,,,,,,ODN0002300175,z,right_only
2F9C4873-007A-4E7F-8FEA-D79F7CC47045,,,,,,,ODN0002303787,z,right_only
2920DB22-A3FF-4AE4-A105-5B2ED2E5522C,,,,,,,ODN0002300176,z,right_only
097976E4-285B-41F6-A157-199DCBE22867,,,,,,,ODN0002300177,z,right_only
778C7550-066B-4D52-98FF-2C25B17A2A0C,,,,,,,ODN0002300178,z,right_only
81358803-DFE4-4010-B922-314D9A440312,,,,,,,ODN0002300179,z,right_only
85B6BC10-B5E1-4BE5-89EB-5C5C0BE82791,,,,,,,ODN0002300181,z,right_only
90810BF0-6689-4671-B23A-BFD9DDC7A4D6,,,,,,,ODN0002300182,z,right_only
8465C9D5-8C44-49E8-A547-0363180EAD25,,,,,,,ODN0002300183,z,right_only
54848785-B667-4339-9DED-3CA73E50887B,,,,,,,ODN0002300184,z,right_only
FB6C217F-31A1-4036-A1E5-9A2E0A93D1C1,,,,,,,ODN0002300185,z,right_only
284CB1B9-58CD-4426-80A1-5D5C5E598005,,,,,,,ODN0002303788,z,right_only
C413A205-31C9-4B9A-8161-551D35C31DF8,,,,,,,ODN0002300186,z,right_only
D9E0F242-00B4-473F-A966-03977A1FDEF2,,,,,,,ODN0002300187,z,right_only
8416B623-503B-4617-8AA6-CDD5DB392351,,,,,,,ODN0002300188,z,right_only
E0432159-D102-43E7-A3F3-7EE4481FB83A,,,,,,,ODN0002300189,z,right_only
A39EFA1A-D7E9-48BB-938B-F38BCAEFCE1D,,,,,,,ODN0002300190,z,right_only
919766B3-5F8B-4D6B-9DD6-4640159D3FAB,,,,,,,ODN0002300242,z,right_only
CC153357-2BBF-47F8-BDEA-DCD3514F54CD,,,,,,,ODN0002300243,z,right_only
980D1A14-CEA0-4D4A-AF9B-5D18ED178713,,,,,,,ODN0002300244,z,right_only
B4D4B3A1-C269-4CCE-8779-85FF77EDBC22,,,,,,,ODN0002300246,z,right_only
C3D8340F-4764-448F-BB19-F1EFB6EA5441,,,,,,,ODN0002300247,z,right_only
B7AB157A-DCBD-4E0D-9C7C-1D7E1543DEF4,,,,,,,ODN0002300248,z,right_only
B7A82330-F158-4AB1-A892-ADEDDC2A6700,,,,,,,ODN0002300249,z,right_only
14E62A54-E605-4AB9-826B-91269A7672F7,,,,,,,ODN0002300250,z,right_only
0943F096-3C02-41F4-B011-69E4BFAEF611,,,,,,,ODN0002300251,z,right_only
ACD83073-AE78-4BF8-91CA-92D1BF5B425E,,,,,,,ODN0002300274,z,right_only
B0A36CFB-CBEB-431A-9458-96B1EAD18BB3,,,,,,,ODN0002300275,z,right_only
D9B4BCBF-D24F-407E-9DDC-335A47B62123,,,,,,,ODN0002300276,z,right_only
C1D34E45-06DD-4533-8532-C7C446AD0F5E,,,,,,,ODN0002300277,z,right_only
6E6914C6-9FA8-4271-97F4-F8D61B4F918B,,,,,,,ODN0002303793,z,right_only
333B1399-02EF-4216-A946-6AFA70E3ADA0,,,,,,,ODN0002300278,z,right_only
ABFC3B2B-E354-4F1E-88DB-7A0C6CF14569,,,,,,,ODN0002300279,z,right_only
362C2E44-8E34-4F21-9C5C-AA8B72BCD918,,,,,,,ODN0002300280,z,right_only
EDE03A46-0884-4918-AC33-2344E13E50CC,,,,,,,ODN0002300281,z,right_only
4DDFC687-1831-4069-9B86-40A108A78BC3,,,,,,,ODN0002300282,z,right_only
B5415EC7-F10B-4FE8-B510-474DC2279A47,,,,,,,ODN0002300283,z,right_only
6DA5637C-A024-4D30-B259-3CF15BB2A1CD,,,,,,,ODN0002300284,z,right_only
F0F6F332-4E9C-4ECC-A23A-C32F24BC4208,,,,,,,ODN0002300285,z,right_only
029C9512-CD5D-47CE-8E34-97EAF3620237,,,,,,,ODN0002300287,z,right_only
B1A63A2C-1F81-403E-A246-B0DB704C51FD,,,,,,,ODN0002303794,z,right_only
EBBFB025-49A9-4770-9C35-28B7CA134D4D,,,,,,,ODN0002300288,z,right_only
87C3DBAD-068E-4619-98F0-C8BF668937B6,,,,,,,ODN0002300289,z,right_only
1A0A08E0-C179-47F5-8C0B-71195928F381,,,,,,,ODN0002300291,z,right_only
1FC40EE4-4A0C-466C-A985-2BFD33C7BF4B,,,,,,,ODN0002300292,z,right_only
3A6F8989-9E1B-43CB-A723-917B8E7DD2BD,,,,,,,ODN0002300293,z,right_only
1DE66656-187F-4B92-83BF-8807BDA482DC,,,,,,,ODN0002300321,z,right_only
1C601411-B19B-44DE-9EDA-FC5CD72788DD,,,,,,,ODN0002300322,z,right_only
A1CFAE9F-0BBB-4D6C-8669-379C30001731,,,,,,,ODN0002300323,z,right_only
AE8EA9BA-CC46-4CE9-849C-20ABD4474C6A,,,,,,,ODN0002300324,z,right_only
BE8FBD39-8B0A-4FA1-8AD0-0EAEFF753C27,,,,,,,ODN0002300325,z,right_only
6DA43DF1-8098-4C09-8B87-1EB85A10A960,,,,,,,ODN0002300326,z,right_only
93BADA8D-CED4-4EED-B34B-F7A912C815C4,,,,,,,ODN0002300327,z,right_only
934A6617-023E-4ED7-822C-78156DDA784E,,,,,,,ODN0002300328,z,right_only
31C6994C-6870-4C4F-B087-744371763258,,,,,,,ODN0002300329,z,right_only
C56335C9-BFD3-4687-9E5D-2B38031E33F0,,,,,,,ODN0002300330,z,right_only
2DAF6B37-5D36-4991-AF50-5EC80704D5EC,,,,,,,ODN0002940052,z,right_only
4B3A3333-4152-487C-8AF7-44CF217982DA,,,,,,,ODN0002913599,z,right_only
2144153C-7A25-4280-9E77-EB779A4BBA73,,,,,,,ODN0002913600,z,right_only
3F91F323-1A6E-497D-9927-21B67C397B39,,,,,,,ODN0002913601,z,right_only
1E202C44-4D56-4C78-98F7-672BF12D98FF,,,,,,,ODN0002913602,z,right_only
B39CE151-527D-4FAD-B3CE-B6210146CC44,,,,,,,ODN0002913603,z,right_only
C6D36420-3A21-4944-ABAD-A2FEA81D7AA4,,,,,,,ODN0002913604,z,right_only
244297C0-7D7E-420C-A478-146649E6FEB8,,,,,,,ODN0002940287,z,right_only
54507B33-39EB-4487-A8CE-A9258EB738EA,,,,,,,ODN0002940288,z,right_only
62DB00DC-7293-4BAB-857C-6FC3FF1465AE,,,,,,,ODN0002940289,z,right_only
569B9DC9-7BF1-4CAE-8038-71F6F427571A,,,,,,,ODN0002940290,z,right_only
18897BED-74B7-452F-A978-6D8B24A3295F,,,,,,,ODN0002940291,z,right_only
F0D968C3-CC3C-4F1B-BD81-AC687635287B,,,,,,,ODN0002940293,z,right_only
4A67F5FB-7BFF-4F1E-BEA4-7B3CC50578BA,,,,,,,ODN0002940294,z,right_only
B84FD1D9-C620-4551-B5B6-243D03B98749,,,,,,,ODN0002940295,z,right_only
43E46DF7-182E-4E7E-831B-25C2C2E12DB8,,,,,,,ODN0002940296,z,right_only
9E1AD08F-4C2F-474A-8628-98C2BA9B72F8,,,,,,,ODN0002940298,z,right_only
63574ED4-2CCA-4EDF-935B-0BBAD4F99974,,,,,,,ODN0002940299,z,right_only
66104692-5805-4799-BC47-4ECC5DB53CDE,,,,,,,ODN0002940301,z,right_only
6A0951BC-06AD-4816-A9C5-0B1B5F25CF6C,,,,,,,ODN0002940302,z,right_only
A5EAC357-F36B-40FA-8239-92E7EBBFA45F,,,,,,,ODN0002940303,z,right_only
1F34DE7C-7E45-4C07-BF57-8101980EA091,,,,,,,ODN0002940304,z,right_only
5161C25D-15C2-4059-B2BB-A672907E77DA,,,,,,,ODN0002940305,z,right_only
057A6DE9-4F59-4F3A-A527-24EEDAB31642,,,,,,,ODN0002940306,z,right_only
85C04862-C3DC-467D-AC15-9BC2F3B86918,,,,,,,ODN0002940307,z,right_only
F7206715-1132-4E0A-B520-0C581BD1593C,,,,,,,ODN0002940308,z,right_only
413BB164-79AB-4C96-9DE0-929219B73DAC,,,,,,,ODN0002940309,z,right_only
A00312E3-E324-4F3F-8DA4-53F2DE04EE14,,,,,,,ODN0002940311,z,right_only
7331FC19-F20E-4B01-AA67-C77810EFA119,,,,,,,ODN0002940312,z,right_only
DD455363-72D9-47BF-AE3A-A93587B7BC9C,,,,,,,ODN0002940313,z,right_only
E0875398-73A9-44FA-A5F4-B910161FE84F,,,,,,,ODN0002940314,z,right_only
9DBF6FEC-74D0-4BB1-9CA2-6BC2418005F1,,,,,,,ODN0002940316,z,right_only
F4A98EB1-A48B-4763-A14C-331F14778564,,,,,,,ODN0002940317,z,right_only
D4E00C44-C60B-4C98-B9C4-B691CA2FADFF,,,,,,,ODN0002940318,z,right_only
3D086F68-0AB8-419B-8629-F8754D254135,,,,,,,ODN0002940319,z,right_only
6BEF8E23-96B2-4379-99FE-20918FFEA57F,,,,,,,ODN0002913645,z,right_only
69AFC099-BAF9-4638-8640-DD78F1597269,,,,,,,ODN0002913646,z,right_only
1DEBC024-9E0A-4AE5-AF50-F890309721DB,,,,,,,ODN0002940320,z,right_only
4B618344-4017-4403-886B-A6543DF1A9A2,,,,,,,ODN0002940321,z,right_only
3F712923-AB04-46B2-B48B-02C3EA0DECB9,,,,,,,ODN0002940322,z,right_only
EEEF18B3-1FED-468F-A383-3958BE29852C,,,,,,,ODN0002940323,z,right_only
89B9D58C-101E-4187-9074-910CB6F7DCCC,,,,,,,ODN0002940324,z,right_only
8F664E2A-849C-446F-9F02-B45E1905E33A,,,,,,,ODN0002940325,z,right_only
817F0354-76D9-49D5-8CB2-704BB99931A7,,,,,,,ODN0002940326,z,right_only
F7E29743-1FAA-4C5B-B11B-0B59372C4306,,,,,,,ODN0002940327,z,right_only
87F6C623-6C0A-4E9D-B9E9-3FB15150AF42,,,,,,,ODN0002940329,z,right_only
6C106E6F-3662-4932-9161-36B638123662,,,,,,,ODN0002940328,z,right_only
EFC4B6E8-C387-4089-AA8A-3AEBDD5A388E,,,,,,,ODN0002940330,z,right_only
589F74C0-3444-43E4-8B13-3EA9828BB03A,,,,,,,ODN0002940331,z,right_only
51A2FFCD-5CC1-483B-87E0-46B4724B70F6,,,,,,,ODN0002940332,z,right_only
E0CA089E-45B8-4F94-8B0F-0A46E2D55088,,,,,,,ODN0002940333,z,right_only
DC7F10D9-46DC-49D2-A0E1-141A36A0339D,,,,,,,ODN0002940334,z,right_only
F54B9FE3-96D4-4F12-9073-E98C0C381330,,,,,,,ODN0002940337,z,right_only
B5F8F31F-C731-4801-99A5-3503AF2B3F13,,,,,,,ODN0002940338,z,right_only
2FA75712-5887-4B51-80A6-0CB6227F59F4,,,,,,,ODN0002940344,z,right_only
9E3C3AB7-E725-4607-9474-8C89F9A001B7,,,,,,,ODN0002940345,z,right_only
75432AF1-1185-4C62-8E12-39BF530EACC9,,,,,,,ODN0002940354,z,right_only
9BDADE5F-1D29-4A41-84D0-73A279976F14,,,,,,,ODN0002940355,z,right_only
57E0398D-E356-4666-B6B9-7B7753525A2A,,,,,,,ODN0002940356,z,right_only
AB9A29D8-D58C-4547-AB46-B44D5EDCDCB9,,,,,,,ODN0002940359,z,right_only
3EDFE089-BED8-4813-A6CC-B7EBE896FD68,,,,,,,ODN0002940361,z,right_only
3C0E5293-818F-4CEF-B5C9-3DD3C4102F1C,,,,,,,ODN0002940367,z,right_only
0790C2D7-19F6-4F54-B48D-8F83A21038D4,,,,,,,ODN0002940369,z,right_only
E443A7E9-8118-4C64-9AFB-EDD6EA342743,,,,,,,ODN0002940370,z,right_only
4BB1C66B-F7D0-43CF-8819-1F57C3F30929,,,,,,,ODN0002940371,z,right_only
7BDC1B2E-8208-4FAA-BBF2-01455B47346D,,,,,,,ODN0002940372,z,right_only
F444CB89-ACC8-4FB7-B36A-43B9520B9D28,,,,,,,ODN0002940373,z,right_only
B54F8D78-4422-4EC8-A251-155BE900078C,,,,,,,ODN0002940374,z,right_only
5AAB89F6-A0A9-418C-A433-E00C3682F8E6,,,,,,,ODN0002940375,z,right_only
CBA03EE2-56FF-4897-A655-452016AC21F7,,,,,,,ODN0002940376,z,right_only
6AAF3995-A97E-4ED8-9929-44DFA079FBD7,,,,,,,ODN0002940379,z,right_only
9E6E610F-528B-4639-943D-5371421BFD31,,,,,,,ODN0002940381,z,right_only
2149343D-6173-48BD-A6AD-AE48C037B276,,,,,,,ODN0002940383,z,right_only
C3A1C589-2549-4599-8D43-09B0A0C9728C,,,,,,,ODN0002940384,z,right_only
89C356BF-6F35-4827-8465-D1ABCADBF170,,,,,,,ODN0002940389,z,right_only
44CA1270-6D7B-4C4C-81F9-CF37B64086AC,,,,,,,ODN0002940391,z,right_only
01FCDDAD-BEEF-4467-850D-B37FD71EB79A,,,,,,,ODN0002940394,z,right_only
30570966-A6BC-495E-8538-DCBB0C0F2D26,,,,,,,ODN0002940399,z,right_only
C963CA5B-48DE-402B-9B9D-6089E2D51232,,,,,,,ODN0002940400,z,right_only
F5019701-2CA2-42CA-B9DF-FD2926AE0AF3,,,,,,,ODN0002940407,z,right_only
AC780004-0F6F-4571-BFDC-34307749C5A5,,,,,,,ODN0002940409,z,right_only
5E1F57E8-344E-49ED-B545-C7F9B84FF6C4,,,,,,,ODN0002940411,z,right_only
43EAB178-2AC4-4C63-A053-CB38EB291B6D,,,,,,,ODN0002940412,z,right_only
A1816F9B-2AAF-49F8-A3B9-675985047C5A,,,,,,,ODN0002940417,z,right_only
CCB41AEA-FA64-4048-8321-8BA520DF635B,,,,,,,ODN0002940426,z,right_only
A65AF3D5-9736-4A81-8FE0-3B2FFE4E00CD,,,,,,,ODN0002940427,z,right_only
1F513D1A-A76F-46EA-A330-D9E517B19926,,,,,,,ODN0002940432,z,right_only
67C1A93F-83F0-4AD6-8BEB-4A6EE45087FB,,,,,,,ODN0002940435,z,right_only
77D71308-8CF1-49E5-A551-EB454BE9D726,,,,,,,ODN0002940436,z,right_only
CE3D306F-CCDA-4A8B-8701-1FEF42CBE8B4,,,,,,,ODN0002940440,z,right_only
72E594FA-B8A5-4689-A82D-925C9183FC64,,,,,,,ODN0002940450,z,right_only
BF0FCD4A-92C7-462F-A477-86D3CC5E825B,,,,,,,ODN0002940452,z,right_only
E368E9B6-864A-4FC3-9FE7-ADB0A231C6D1,,,,,,,ODN0002940461,z,right_only
F489028B-04C3-4D73-ADD7-8D30AE20F2E5,,,,,,,ODN0002940463,z,right_only
AE758086-36E7-4B66-B288-9A3C933AA10F,,,,,,,ODN0002940464,z,right_only
C06BB830-B6BE-4281-A4B7-7A4B8406B2DF,,,,,,,ODN0002940465,z,right_only
38186D07-3A8F-4308-86E8-9AA90B803863,,,,,,,ODN0002940477,z,right_only
61E155FE-E27D-4720-AAA9-94B484AA4C26,,,,,,,ODN0002940475,z,right_only
2210CAE3-6A1E-445D-AE08-B2A409774EB6,,,,,,,ODN0002940478,z,right_only
B7F56130-DEEC-4418-AF81-FD774DDC270E,,,,,,,ODN0002940476,z,right_only
6A9F6435-35C9-49A9-91FE-6CE96F1633EC,,,,,,,ODN0002940479,z,right_only
B3815945-40FD-4727-A06F-73283FE8E4FC,,,,,,,ODN0002940481,z,right_only
44008E5E-25F9-4B49-97F8-066F25095627,,,,,,,ODN0002940482,z,right_only
7D651A62-FDC4-452D-9BF9-AE2A3819BEB7,,,,,,,ODN0002940483,z,right_only
43D139F6-4E78-4EB3-ACDC-05D50A98EE8F,,,,,,,ODN0002940484,z,right_only
D663E6C5-56E4-49CA-A992-5D92428CE9AA,,,,,,,ODN0002940495,z,right_only
D7132DE5-F985-4D29-9537-406D1B91A839,,,,,,,ODN0002940499,z,right_only
55D82235-FAA7-416F-9A02-4746CE665852,,,,,,,ODN0002940502,z,right_only
B67A39A0-3507-4065-BBB7-DCF278CD3584,,,,,,,ODN0002940503,z,right_only
4FF1A77D-0491-49EE-A80D-F260CCA016CB,,,,,,,ODN0002940506,z,right_only
D9C49A04-42F3-4230-9400-2A5C5A18A6A3,,,,,,,ODN0002940509,z,right_only
4ACE18AD-4A7D-42C1-B72B-5DECA44DBD78,,,,,,,ODN0002940510,z,right_only
AC9C6F24-3EA7-44CE-84C4-EF82AE73C8CC,,,,,,,ODN0002940511,z,right_only
CE8DB189-3A23-44B6-9FEC-37129FCEECEE,,,,,,,ODN0002940512,z,right_only
6C893D95-CDD1-4D96-AD71-83FD9ADB2714,,,,,,,ODN0002940516,z,right_only
99157014-FF5C-4D87-9894-FA5172BE08C6,,,,,,,ODN0002940517,z,right_only
1E507F15-5DCA-46E0-ADFB-5B5A91754A0D,,,,,,,ODN0002940519,z,right_only
7FB9D97F-54BB-4243-8549-C00D7C28D42F,,,,,,,ODN0002940520,z,right_only
49D0F161-945B-48B1-99DE-2BB35BA77A80,,,,,,,ODN0002940521,z,right_only
BFE0C892-DB77-4732-AA3B-3AFACCEEFA08,,,,,,,ODN0002940523,z,right_only
A9FD3521-A8D6-444D-8B26-04403CDF3FB8,,,,,,,ODN0002940524,z,right_only
7AC0C062-27BD-4B72-8AA3-61D449401CE6,,,,,,,ODN0002940526,z,right_only
A76B0546-1750-40DC-B0DC-2B483FC9F489,,,,,,,ODN0002940527,z,right_only
1FF8491A-1F6E-4314-AB49-8D6301239745,,,,,,,ODN0002940529,z,right_only
8962DFFF-548F-4B0C-8252-2C6C6D60D6FD,,,,,,,ODN0002940530,z,right_only
8C93E1F5-5183-4AC5-8746-64EF5466C553,,,,,,,ODN0002940538,z,right_only
AB8CD732-5F2C-4B80-BFE9-2BBC679B57B8,,,,,,,ODN0002940539,z,right_only
76A3D93D-66E2-4D07-8EA5-D7F1AA6FB7CE,,,,,,,ODN0002940540,z,right_only
13C7B9B3-4524-464B-960D-234F3714A38F,,,,,,,ODN0002940543,z,right_only
9B2EC943-94B0-442B-9C8F-9938D69221B2,,,,,,,ODN0002940544,z,right_only
E3E3E28A-DDF1-4660-A810-0A180A47EBF6,,,,,,,ODN0002940550,z,right_only
D836DE92-48CD-4D7A-90A0-E215F93CCA31,,,,,,,ODN0002940551,z,right_only
6E123575-D737-473E-BCB7-32467B728788,,,,,,,ODN0002940555,z,right_only
C8FCCBA0-B0E8-45D1-A050-F756EC9E8333,,,,,,,ODN0002940556,z,right_only
3D5106FB-B5B0-4271-A606-4F755AB303B7,,,,,,,ODN0002940559,z,right_only
0BBC52C9-71B0-440D-8D33-C9AF35625CB9,,,,,,,ODN0002940560,z,right_only
FBEE858A-B77A-490C-88A1-2EEC80548D3E,,,,,,,ODN0002940562,z,right_only
838D22A2-91F5-4BA4-96BE-0304ECC7528F,,,,,,,ODN0002940563,z,right_only
09185A26-3DBF-4EDE-B511-811127147403,,,,,,,ODN0002940564,z,right_only
97AF75C3-AE35-464D-8764-2869E8C03C4B,,,,,,,ODN0002940565,z,right_only
46A15370-318C-403B-9639-EEF324536331,,,,,,,ODN0002940568,z,right_only
66F758EA-F25C-4FE5-8F92-A6100458D896,,,,,,,ODN0002940571,z,right_only
6E0C4226-2315-4661-8D33-92B9D78B98B8,,,,,,,ODN0002940572,z,right_only
A7F48BBC-2B0C-4116-856C-2A6C439FDCA9,,,,,,,ODN0002940574,z,right_only
421F2ADB-B145-477D-9499-099B2A73B8CA,,,,,,,ODN0002940576,z,right_only
9E80A906-22E4-47D9-ADAF-D7045814D8C7,,,,,,,ODN0002940582,z,right_only
DF1C80D1-ADB9-4AE3-B130-686A2CF10CED,,,,,,,ODN0002940584,z,right_only
46BB33D5-3832-4CE0-A905-42213BD11A33,,,,,,,ODN0002940585,z,right_only
2176552F-7197-49BF-AB5A-840717B9F6F0,,,,,,,ODN0002940588,z,right_only
E53AEB73-8B7A-4037-BB7A-8EFF3A7BBC52,,,,,,,ODN0002940590,z,right_only
11F8109B-6E86-4CDC-8C45-938B63B75959,,,,,,,ODN0002940597,z,right_only
FF96ECAF-349B-45A6-8A59-723BA9589599,,,,,,,ODN0002940598,z,right_only
25F24E92-0F7C-48EB-A065-98CB24B502DC,,,,,,,ODN0002940599,z,right_only
5ABE3EAF-25F8-476E-A5F5-8D3D21D27852,,,,,,,ODN0002940605,z,right_only
5348C735-4154-4768-9201-5B94C6BDFDBE,,,,,,,ODN0002940608,z,right_only
4A18798E-F0DE-45B6-9641-25C232D1DA81,,,,,,,ODN0002940609,z,right_only
F07F592E-7936-4643-8C20-F661F668800A,,,,,,,ODN0002940610,z,right_only
F8C36504-3C1C-41B1-9881-40DABDB04482,,,,,,,ODN0002940619,z,right_only
7356ACB1-6017-4F91-85FB-0BF04E7D5D74,,,,,,,ODN0002940621,z,right_only
CC19B32B-4CDA-497E-99F0-9EB93EF8DB33,,,,,,,ODN0002940622,z,right_only
51DD1B36-F88E-4E85-A4EC-129FBD3ABF31,,,,,,,ODN0002940628,z,right_only
1C8725D9-08C1-4D86-AA49-63E878EA0F12,,,,,,,ODN0002940629,z,right_only
D87A7D19-A6E6-4914-9AD6-8D95202A12E6,,,,,,,ODN0002940630,z,right_only
5E10F3A5-7AC9-4730-A867-BFA3BA1EB3F0,,,,,,,ODN0002940631,z,right_only
52B8D103-0461-43B2-BE90-131023639757,,,,,,,ODN0002940632,z,right_only
47E1B63A-2B92-48E3-8836-01E6C8CC4E64,,,,,,,ODN0002940633,z,right_only
F8A67EEB-17E0-4093-AF29-EC1D2F995598,,,,,,,ODN0002940638,z,right_only
2F0B9AD1-E743-48FB-B3DE-990B8B470243,,,,,,,ODN0002940639,z,right_only
E56E6A6A-2B42-46F1-8193-46AD54B7BAB2,,,,,,,ODN0002940640,z,right_only
C8F9752C-ABA1-46F8-A822-0FF51004DF4F,,,,,,,ODN0002940642,z,right_only
4FE64C05-3690-44BF-8F0D-23148BE49D94,,,,,,,ODN0002940643,z,right_only
C1A074E2-816B-4077-A550-2690C10710CF,,,,,,,ODN0002940764,z,right_only
AF4746A2-3120-4BCA-A539-984B98C14EAB,,,,,,,ODN0002940765,z,right_only
9C14573C-A40F-404A-84B2-C0476732726B,,,,,,,ODN0002940768,z,right_only
53088AE0-2E69-4369-ACE0-5E54F2393386,,,,,,,ODN0002940770,z,right_only
7612CF5E-8886-4891-93F7-74E2A48CFBEB,,,,,,,ODN0002940776,z,right_only
6FD0273C-8420-44E1-A938-9788783E60A7,,,,,,,ODN0002940777,z,right_only
E7C52B96-6FDE-4BF0-9A5C-B02315D86BF5,,,,,,,ODN0002940778,z,right_only
2FDAC02B-BBAC-4523-9A1E-F4BECE53D8D4,,,,,,,ODN0002940779,z,right_only
4BF4D949-F7C7-45C8-B658-E0A82025CE9F,,,,,,,ODN0002940780,z,right_only
B3E508B5-8B87-4D52-B7AC-C10020EF44AA,,,,,,,ODN0002940781,z,right_only
95881778-1BDB-40E3-9CD7-2EBC69E7B736,,,,,,,ODN0002940782,z,right_only
3338797A-4AD1-4F53-A193-CD0058A5BD8E,,,,,,,ODN0002940783,z,right_only
22117C1B-0171-4CA4-8905-48DF7BA3D384,,,,,,,ODN0002940784,z,right_only
3784132B-C4A1-44DA-895C-8693E3F7A810,,,,,,,ODN0002940785,z,right_only
EADADBEF-C0F5-4D0F-BC86-5E58FFC285DE,,,,,,,ODN0002940786,z,right_only
CF3D88C3-BFF0-4C11-874F-5A44FDA12BE5,,,,,,,ODN0002940787,z,right_only
38921C33-21BE-4527-8CD4-E6F0CB7572D7,,,,,,,ODN0002940788,z,right_only
E094F519-F713-4F63-B2C6-1201A7CD2233,,,,,,,ODN0002940789,z,right_only
7EF15714-BF43-4254-8BB4-A340F5A919B4,,,,,,,ODN0002940790,z,right_only
623C225C-DEA0-4055-A1CE-DC50EA2A3ECB,,,,,,,ODN0002940791,z,right_only
B58599EC-8D79-42B6-B1A7-B5A191F71E82,,,,,,,ODN0002940792,z,right_only
9D274CE2-7291-4ECE-B939-4BCE3729ACE0,,,,,,,ODN0002940793,z,right_only
431C1BC8-18D1-4AD1-BC79-77BE54CCF5C4,,,,,,,ODN0002940794,z,right_only
136E484E-A695-40B9-A7B2-A43CBF906520,,,,,,,ODN0002940795,z,right_only
69466FCA-E5AC-456B-9A0C-0F6F4CB36900,,,,,,,ODN0002940796,z,right_only
DDF18146-50B1-4EE5-8BFF-0524072E8220,,,,,,,ODN0002940797,z,right_only
5CE80663-4E94-4B75-86CF-265F0DF8F321,,,,,,,ODN0002940798,z,right_only
C46E6140-3101-4A6F-A97D-CE1F8706A01D,,,,,,,ODN0002940799,z,right_only
15022DCD-C7CF-453F-A2E5-7FBA64828695,,,,,,,ODN0002940800,z,right_only
4C2CD283-66C6-4E56-8617-4DD94FAD17E5,,,,,,,ODN0002940801,z,right_only
C5B8BF63-1529-441D-9C75-435F21CFD7D5,,,,,,,ODN0002940802,z,right_only
6A1C92F5-579E-461D-8D19-D473E1CCD459,,,,,,,ODN0002940803,z,right_only
375B7766-97C1-407D-A414-94B6837806C1,,,,,,,ODN0002940804,z,right_only
F080E078-D979-4970-8F7B-5E4EF4165BB1,,,,,,,ODN0002940813,z,right_only
B725CEA0-B1AB-4D0C-8A0C-55AF91EFF0B5,,,,,,,ODN0002940814,z,right_only
D7783927-07AB-4E48-9BB2-58EF8A51DF2C,,,,,,,ODN0002940815,z,right_only
A8EFFD48-F5DF-4F82-BF0D-286E7FF65B9F,,,,,,,ODN0002940838,z,right_only
A1FB753C-632E-49A6-9C64-07EA4464CEED,,,,,,,ODN0002940851,z,right_only
1AE37539-85FB-4666-8DE7-F6B01E53FD4D,,,,,,,ODN0002940852,z,right_only
AF794B60-0250-4DF6-A891-2F01A886C8B3,,,,,,,ODN0002940879,z,right_only
8BD5D3E9-7152-4A8A-B760-04A99BBF5B59,,,,,,,ODN0002940887,z,right_only
0ADB3297-028E-442C-B8B2-360595A2A770,,,,,,,ODN0002940900,z,right_only
BBFB1540-2E90-4BF1-8CC0-C28D23AD2C23,,,,,,,ODN0002940931,z,right_only
CE55D1BC-FE2A-4284-9038-819C935DAB84,,,,,,,ODN0002940932,z,right_only
8836711D-0A6D-4450-B071-394D362E34ED,,,,,,,ODN0002940935,z,right_only
41A159E5-4854-4BB6-8D49-30961834BB5F,,,,,,,ODN0002940941,z,right_only
C5EC7441-5B33-4EDA-8241-5C82F54C0797,,,,,,,ODN0002940943,z,right_only
11411440-C436-47D4-822D-BB251FF5744A,,,,,,,ODN0002940944,z,right_only
5DF49D0C-298D-403A-A63E-B1BFF43C3DC8,,,,,,,ODN0002940946,z,right_only
664B89BD-115A-47DE-957E-09F243581AEE,,,,,,,ODN0002940947,z,right_only
D5F8BFFA-6999-40AF-8B70-E36E0987BFB6,,,,,,,ODN0002940960,z,right_only
8E1FE4AA-A9B6-40D5-AFFA-ACB028C3DAE9,,,,,,,ODN0002940961,z,right_only
BE8EF07B-B839-471D-91D5-2EEDC7BD187A,,,,,,,ODN0002940964,z,right_only
7C7B69A2-EF43-4565-9245-DCED4AEF3786,,,,,,,ODN0002940969,z,right_only
10D425C4-0CAA-4E19-B42E-77834BEF505F,,,,,,,ODN0002940971,z,right_only
5FBC81D2-EA55-4C7D-8AB5-BBA2CAB90183,,,,,,,ODN0002940972,z,right_only
149BAED1-73AE-4663-9B05-BADC1E2C1D5D,,,,,,,ODN0002940973,z,right_only
C1F6CA98-FD08-4ABF-891E-B599112B279D,,,,,,,ODN0002940988,z,right_only
5A4EFC37-6368-4631-A8D1-D4D1695A98FD,,,,,,,ODN0002940991,z,right_only
37D89E43-1373-4410-B4A1-446489995D1A,,,,,,,ODN0002941005,z,right_only
E593B161-F30A-4CF0-99F7-E1E044128142,,,,,,,ODN0002941006,z,right_only
B14BCDBA-A355-4AA2-B7CB-7E551EC0ECFB,,,,,,,ODN0002941007,z,right_only
5EE8BA42-D29C-49C6-A158-834F98264F62,,,,,,,ODN0002941009,z,right_only
5F217BF1-5A3C-4B67-ADC9-5D75DEE6C423,,,,,,,ODN0002941011,z,right_only
42BF723B-39E4-4F11-BF68-8B8C6DC6D55B,,,,,,,ODN0002941013,z,right_only
BD4EE1AF-6066-4037-993C-55F12F81E925,,,,,,,ODN0002941014,z,right_only
B654F0CF-4CB0-45AE-B9DC-D7EED4F2E0D2,,,,,,,ODN0002941016,z,right_only
55E09594-7BD2-4E8B-944D-C0B9A22AE208,,,,,,,ODN0002941017,z,right_only
EEFD9FC2-0D1E-461D-825C-7306B4E49831,,,,,,,ODN0002941018,z,right_only
02E4A4A3-B14C-438E-BCA7-36D584763E42,,,,,,,ODN0002941019,z,right_only
A8052CCB-4968-4137-80AE-782FF01B1C56,,,,,,,ODN0002941021,z,right_only
BF54C84D-C6BD-4B7E-8297-9702DC8E7A61,,,,,,,ODN0002941023,z,right_only
6F789046-3DB6-4839-AB87-AC522FF8FDBE,,,,,,,ODN0002941024,z,right_only
0B9704D5-BFE0-4ACE-99F7-7DF87BDE817A,,,,,,,ODN0002941025,z,right_only
08A2A744-2691-41D0-A9DB-CEA13E4A6913,,,,,,,ODN0002941026,z,right_only
BF6371A7-872A-470D-B163-D8191C500988,,,,,,,ODN0002941027,z,right_only
883AF83F-4E05-4BB8-948B-1C6A5A2FA4CD,,,,,,,ODN0002941028,z,right_only
939FA6E5-7B9C-404A-9FE3-2AB71AA6AD46,,,,,,,ODN0002941029,z,right_only
3D7E2E9B-6626-4917-B7D7-3CBAAB1217D7,,,,,,,ODN0002941030,z,right_only
DAF7EF6A-BE1F-4E25-A61B-9E9A2835D0C7,,,,,,,ODN0002941031,z,right_only
B6454721-ACD9-49AF-A944-8E0E94C8F952,,,,,,,ODN0002941032,z,right_only
4CD462AC-D6D1-4DA3-8949-70E51D18A200,,,,,,,ODN0002941034,z,right_only
2650C30B-978E-4E67-BADC-6DA50F4965F6,,,,,,,ODN0002941037,z,right_only
B2B6CC20-D595-4E06-9FA5-9A63BCCB0004,,,,,,,ODN0002941043,z,right_only
3A8A9538-0D68-42BF-87E2-6588CB6B236F,,,,,,,ODN0002941045,z,right_only
28A7237B-46E8-4CED-BDDB-319069768BC7,,,,,,,ODN0002941046,z,right_only
BFF3DD9F-5920-42AF-8C70-E56DAEB72E38,,,,,,,ODN0002941047,z,right_only
F455549E-FD86-4C65-80C7-7A01367F1452,,,,,,,ODN0002941048,z,right_only
0558D263-E298-4AAB-999E-89662A7ADC64,,,,,,,ODN0002941049,z,right_only
637A58F3-5CCD-42ED-8B42-529264327BA9,,,,,,,ODN0002941050,z,right_only
E975CDB6-631A-4771-B4BD-A49ADBA470C1,,,,,,,ODN0002941051,z,right_only
552E2F60-BBE4-471C-A211-8E2E2B4515EF,,,,,,,ODN0002941053,z,right_only
3616EBFF-3A6B-4C87-85B2-ACB065E08695,,,,,,,ODN0002941054,z,right_only
82FB0C63-6875-4240-AC00-E07A5995C574,,,,,,,ODN0002941055,z,right_only
FBEAC53E-0094-4FAA-8933-45D04AD03618,,,,,,,ODN0002941056,z,right_only
04166653-40DF-4604-9CD3-3B5288060F05,,,,,,,ODN0002941057,z,right_only
8F4276C7-F9D6-4F48-8D85-49A489EDB071,,,,,,,ODN0002941058,z,right_only
A8F3A138-4C0D-430A-9165-D20D5C819361,,,,,,,ODN0002941059,z,right_only
5AC2248E-1956-4E44-B6D0-3111D6299AE3,,,,,,,ODN0002941061,z,right_only
DE560B26-F2F1-4849-9B0F-A55DADBF9C3A,,,,,,,ODN0002941062,z,right_only
C9E5AF68-346A-4A08-9481-C3176D413C6E,,,,,,,ODN0002941243,z,right_only
FBF9FD2F-DFB1-4603-8026-D422A7D3DE74,,,,,,,ODN0002941244,z,right_only
FFEB58B2-6DEB-45F3-A883-598CE0BCAEE9,,,,,,,ODN0002941245,z,right_only
3BBA17B0-C5A5-4306-BC26-4B9DE008B670,,,,,,,ODN0002941246,z,right_only
470271AA-220B-415B-AEBF-FEE28AF19D76,,,,,,,ODN0002941247,z,right_only
4A533873-7096-4946-AF60-96AF4A162C2A,,,,,,,ODN0002941248,z,right_only
716B3EB6-2DDC-4402-AFAA-59D43145ECEB,,,,,,,ODN0002941249,z,right_only
F27ABC8E-9DF5-4049-BDFE-94A3D575481E,,,,,,,ODN0002941250,z,right_only
BBE38753-592B-4ADE-8497-69E31EC68781,,,,,,,ODN0002941251,z,right_only
BA73F5D6-8311-4F37-9DAD-C9D00A100D7B,,,,,,,ODN0002941252,z,right_only
768E8468-5EA6-4EB2-962D-B401D14EC289,,,,,,,ODN0002941253,z,right_only
A6E4F805-CD1A-4255-B1EF-7910A42A3B1D,,,,,,,ODN0002941254,z,right_only
C7F936F3-8B5B-4A60-8B7F-D03107094EAF,,,,,,,ODN0002941255,z,right_only
91F8F58C-FF99-4077-B5A7-FBC92E22627B,,,,,,,ODN0002941256,z,right_only
48D3976B-9769-4749-BA84-84C61B9C6493,,,,,,,ODN0002941257,z,right_only
34EEFCA3-4556-4A8C-884A-6D26F4AF16B7,,,,,,,ODN0002941258,z,right_only
7A2B65AF-E43D-4C8A-AE31-1A9B690C62E9,,,,,,,ODN0002941259,z,right_only
47F8B2EC-1C4F-4F63-BC46-00039DC550B7,,,,,,,ODN0002941260,z,right_only
02418934-EB24-45DF-B687-0961008C477F,,,,,,,ODN0002941261,z,right_only
AFE5EB39-1EA2-41BC-B8D3-C0D527DE2544,,,,,,,ODN0002941262,z,right_only
AE13C2A2-6399-4B56-8ABF-24CA460A9F84,,,,,,,ODN0002941263,z,right_only
EF1498EA-6D45-4C8C-80EF-1F417AD5331D,,,,,,,ODN0002941264,z,right_only
E0CEC464-A172-49FD-A613-F81237F1E6C1,,,,,,,ODN0002941265,z,right_only
3BA4A363-AFC3-48A2-A9D4-0FD8B72A3594,,,,,,,ODN0002941266,z,right_only
6D41BDC3-6BAC-4F9C-A1CF-3AF35B0B4A33,,,,,,,ODN0002941267,z,right_only
76CBCD41-5757-4AE9-9920-44EEBB01CF13,,,,,,,ODN0002941268,z,right_only
1005C599-8B26-4A53-A2A0-740CEDCF5BE2,,,,,,,ODN0002941269,z,right_only
071C659C-1777-484F-B2A6-6C1090BE52CD,,,,,,,ODN0002941270,z,right_only
7C74CA9F-9CAC-4133-9D93-296E5C9115F7,,,,,,,ODN0002941271,z,right_only
10833DDB-1E74-4254-ABD2-88CFA20A2DFE,,,,,,,ODN0002941272,z,right_only
9A72BEC0-67CF-4F08-AE96-01B8F506AC56,,,,,,,ODN0002941273,z,right_only
E2B8E55E-3D1A-42AB-A58D-96166A7EC368,,,,,,,ODN0002941274,z,right_only
1919432B-C737-4976-BADA-0D3720C1B7DC,,,,,,,ODN0002941275,z,right_only
66D0124E-6FE8-484F-B71D-11C35684F90A,,,,,,,ODN0002941276,z,right_only
99DC434C-B5BB-415B-99F3-B21C00D03DF9,,,,,,,ODN0002941277,z,right_only
3FB529A1-A1B2-4FCF-AAE7-D2DA086A1196,,,,,,,ODN0002941278,z,right_only
9365601D-2BDA-48D5-AA17-E298825A7AE3,,,,,,,ODN0002941279,z,right_only
D92A4243-5EFE-4039-AEE4-158D12676E78,,,,,,,ODN0002941280,z,right_only
3FC56E11-899A-44BB-A080-CC971774F538,,,,,,,ODN0002941281,z,right_only
26FB48F9-31DD-434A-B6A5-15F7EBFC07B7,,,,,,,ODN0002941282,z,right_only
38D34DA5-2FEE-4BBA-8A2E-E5BA18A5EFCE,,,,,,,ODN0002941283,z,right_only
00AF7662-865B-4117-ADBA-98F0E0EA9E7A,,,,,,,ODN0002941284,z,right_only
38682373-FF6B-403A-952A-18A2A292C04D,,,,,,,ODN0002941285,z,right_only
6552394D-2795-4A68-9135-49C01FB3BEF9,,,,,,,ODN0002941286,z,right_only
EC8826C7-8BB6-4452-BDFC-C10A41291596,,,,,,,ODN0002941287,z,right_only
48C9755B-A96D-42E1-B096-B125725B73EC,,,,,,,ODN0002941288,z,right_only
2BBF28B6-0CE6-45F2-91B2-F87868E4BDE7,,,,,,,ODN0002941289,z,right_only
A4CE7A65-E7E6-492F-A168-AA2D539ED02F,,,,,,,ODN0002941290,z,right_only
04874F2A-3639-40A8-8A23-2E7D5595EDBF,,,,,,,ODN0002941291,z,right_only
BD65FBE0-0142-4561-A6D4-1238436239E3,,,,,,,ODN0002941292,z,right_only
CADF0C6A-DB60-4C0C-A947-AF9914571383,,,,,,,ODN0002941293,z,right_only
7D457D6F-ECEC-44F7-BCE8-750FBB6F065C,,,,,,,ODN0002941294,z,right_only
9DD6F6F4-878E-44E8-A613-99E0D654470C,,,,,,,ODN0002941295,z,right_only
539AAD42-6A04-4BD9-B69C-44B2F593D4F9,,,,,,,ODN0002941296,z,right_only
7188328C-97E2-4B43-B88B-B9F28CB05482,,,,,,,ODN0002941297,z,right_only
38D20014-D53B-44F2-887F-76EF883E58A8,,,,,,,ODN0002941298,z,right_only
8233B460-3FC9-4007-9004-717A46D1A408,,,,,,,ODN0002941299,z,right_only
D480E2AC-FA03-402F-93BE-E79D0230DF6F,,,,,,,ODN0002941300,z,right_only
F87702EF-7A3B-445C-A63E-6CD7C582222A,,,,,,,ODN0002941301,z,right_only
71016EC2-82C2-43A6-9583-7B4F55F6E9B6,,,,,,,ODN0002941302,z,right_only
860D8D05-49AA-4A1A-B0F3-4B05642B7542,,,,,,,ODN0002941303,z,right_only
FCCECD7C-6449-4E64-A35D-1D030C2BCFED,,,,,,,ODN0002941304,z,right_only
12957F0D-49F5-4711-9C9F-BC7460F052A4,,,,,,,ODN0002941305,z,right_only
E3C0EF9C-6AB4-40FD-A338-F53E74BCD676,,,,,,,ODN0002941306,z,right_only
D9A7EAF4-E18C-45AC-A781-908A168A6526,,,,,,,ODN0002941307,z,right_only
3F129629-4499-4D58-B8F6-625023214F7B,,,,,,,ODN0002941308,z,right_only
50BCE220-9663-4270-B392-23BBCDEBB139,,,,,,,ODN0002941309,z,right_only
319259BF-C62D-44F6-B738-93EF332C0831,,,,,,,ODN0002941310,z,right_only
DE69955E-AFB2-403A-B125-C3FF0C55603F,,,,,,,ODN0002941311,z,right_only
AF2A8033-CAA9-44DE-BD80-9040FDE3DF0D,,,,,,,ODN0002941312,z,right_only
EDFF9669-8EAF-484A-BF26-03FD838236FA,,,,,,,ODN0002941313,z,right_only
BA614398-62C8-408C-ADA8-10D9D5D2C673,,,,,,,ODN0002941314,z,right_only
B848E5A6-4198-4989-A79D-73658B3A6424,,,,,,,ODN0002941315,z,right_only
39B44499-3430-4DF8-BF8C-2F7511331E2D,,,,,,,ODN0002941316,z,right_only
9ACB6AB4-6A8A-46C4-A350-AAF814D326F7,,,,,,,ODN0002941317,z,right_only
66CCB959-3473-452C-AADE-1DB85F2F6025,,,,,,,ODN0002941318,z,right_only
3DCFC0C4-5A9F-4B35-AC97-02105ADC0B3C,,,,,,,ODN0002941319,z,right_only
08C0E9A2-E749-43B4-A5B7-5851F9975682,,,,,,,ODN0002941320,z,right_only
1AD2C221-B57F-46A8-A40F-713FB77DF0E0,,,,,,,ODN0002941321,z,right_only
C6AD1CB5-74D8-427D-901E-1A2B22BE91BB,,,,,,,ODN0002941322,z,right_only
CAEEF300-7302-4A9D-822F-AEE45DF7A5B2,,,,,,,ODN0002941323,z,right_only
52085789-9679-40B2-8F2F-2A2FAAC1B3B9,,,,,,,ODN0002941324,z,right_only
710FC42A-A779-4CC6-848D-0613DDFD3095,,,,,,,ODN0002941325,z,right_only
1F9E3B54-71A5-400C-9A15-25891A102767,,,,,,,ODN0002941326,z,right_only
62E306C0-DF0C-4619-B300-6327256DC4E7,,,,,,,ODN0002941327,z,right_only
AA225B0A-5965-4A2F-8298-026ED47F96F6,,,,,,,ODN0002941328,z,right_only
9D1EA883-F2CF-462E-A74F-F8CD026711B7,,,,,,,ODN0002941329,z,right_only
2AEFD972-A4CA-48F7-B4AF-D34416261DA3,,,,,,,ODN0002941330,z,right_only
D5DCF94A-83DF-4551-854F-DB4237AA5ACD,,,,,,,ODN0002941331,z,right_only
0CD3152C-4F54-4B8B-8250-D36602F910DE,,,,,,,ODN0002941332,z,right_only
A1EBD905-651B-4231-BCF0-1183BC0FF907,,,,,,,ODN0002941333,z,right_only
3EEE290E-43BE-41C0-8327-0E459ED74F07,,,,,,,ODN0002941334,z,right_only
0E8ACCC8-4919-4368-8311-EB52E677DE4F,,,,,,,ODN0002941335,z,right_only
4D978EA1-E78F-4F05-BEBC-AC3350040D0F,,,,,,,ODN0002941336,z,right_only
3C01CE67-31C1-4743-9830-C03B3A1C6BA3,,,,,,,ODN0002941337,z,right_only
7CD24568-A5D4-4228-AE31-96D0011DD402,,,,,,,ODN0002941338,z,right_only
4C0350E3-56C4-4B6B-941D-077DFC9CC1AE,,,,,,,ODN0002941339,z,right_only
024CEC29-C7F3-481B-8FB9-E3A63AC4297D,,,,,,,ODN0002941340,z,right_only
EA4807CD-96D6-4F1A-8299-791F67190BC4,,,,,,,ODN0002941341,z,right_only
081F060B-A2CC-4CFE-B130-533D47F04464,,,,,,,ODN0002941342,z,right_only
66AC49D5-592E-4D64-BEC7-60FF9B7BF89E,,,,,,,ODN0002941343,z,right_only
114BA766-9FB6-49AF-8E1F-0527CF4F3E0B,,,,,,,ODN0002941344,z,right_only
60D4A09D-C5D1-4A37-AF85-9F8B29A726C7,,,,,,,ODN0002941345,z,right_only
3B87E70D-34C0-4F8C-9136-F6FC9E756B01,,,,,,,ODN0002941346,z,right_only
71149EC6-F410-4216-8BA8-0185572EA8C7,,,,,,,ODN0002941347,z,right_only
E52504EF-64C2-4C44-A5B4-6D1A56003C0A,,,,,,,ODN0002941348,z,right_only
9351BA87-4AF2-46F2-B02B-A87690BFAC1F,,,,,,,ODN0002941349,z,right_only
4D7CE470-6F1B-4FE8-B3AD-D3FA38CCBBBF,,,,,,,ODN0002941350,z,right_only
C0555E44-23F4-4688-8FE9-C61CE9233D66,,,,,,,ODN0002941351,z,right_only
CA6D238E-E13E-4324-8645-70D323FC2431,,,,,,,ODN0002941352,z,right_only
8B17DC87-20D2-4ADF-ADA4-65F59C7A8CB1,,,,,,,ODN0002941353,z,right_only
C4406E46-3518-4DB6-A94B-E74333C8B45F,,,,,,,ODN0002941354,z,right_only
B1836AE1-BBB4-4A30-B9D8-2743266E459C,,,,,,,ODN0002941355,z,right_only
605CE408-B2D9-4480-9F08-1C97C1B64D29,,,,,,,ODN0002941356,z,right_only
103D3276-6670-4D2A-82AF-52623C730A0B,,,,,,,ODN0002941357,z,right_only
9B111F3A-903A-4006-AFFF-285DA01C0927,,,,,,,ODN0002941358,z,right_only
1B139E26-BB6C-419F-96A0-3C29DEC82EE0,,,,,,,ODN0002941359,z,right_only
EA24D55A-ECE8-4DC2-92FB-984B45608857,,,,,,,ODN0002941360,z,right_only
0FAB34D0-2074-4229-A443-D16AF667F4D7,,,,,,,ODN0002941361,z,right_only
74AA8E80-9D86-4E97-B8F2-71079BA90FC0,,,,,,,ODN0002941362,z,right_only
7C832ADA-A87A-4DF2-BACD-D0181C8FFDF9,,,,,,,ODN0002941363,z,right_only
8558F575-0A57-4F9B-9FE9-0A23ADE9CE48,,,,,,,ODN0002941364,z,right_only
8FC638FD-35AD-4DDA-89AC-B1E5CE0BBAC4,,,,,,,ODN0002941365,z,right_only
873922E3-B5A8-43ED-977E-010599603D71,,,,,,,ODN0002941366,z,right_only
72385172-4A5A-46D1-8B10-5F8C6924A8C9,,,,,,,ODN0002941367,z,right_only
A7D049FC-0BD6-461C-8FD3-449CCDCBCDDE,,,,,,,ODN0002941368,z,right_only
98197B5A-3CDC-42BD-ABF4-44D2C27907A3,,,,,,,ODN0002941369,z,right_only
867A89BE-2A7F-49D8-BA7F-F831416E7098,,,,,,,ODN0002941370,z,right_only
983F6AB3-88F0-4518-A542-DA6084E64E5C,,,,,,,ODN0002941371,z,right_only
6F883081-E2F4-4DE2-A98C-F60A7EFB4DC5,,,,,,,ODN0002941372,z,right_only
671C012E-3378-4E3B-86F6-BAB1B7218EE1,,,,,,,ODN0002941373,z,right_only
3F818A36-F25D-45F4-95AB-836DB73894CE,,,,,,,ODN0002941374,z,right_only
B972F43D-E24B-4C2E-A7ED-ABD00EA66CD6,,,,,,,ODN0002941375,z,right_only
849003AB-E652-4CA0-82E9-89D5C4C655C5,,,,,,,ODN0002941376,z,right_only
75762650-6692-4FBE-9E2C-58ACF7B6FF4C,,,,,,,ODN0002941377,z,right_only
3788ADAE-D02C-47CF-8BC7-1204257FECA6,,,,,,,ODN0002941378,z,right_only
2997FCE5-6576-4970-831C-D0B19C7C8022,,,,,,,ODN0002941379,z,right_only
7DD84E82-5224-4E61-947B-F312FDC9C7A6,,,,,,,ODN0002941380,z,right_only
F4C2C4B1-4083-4199-BB18-5A9DC27C34E8,,,,,,,ODN0002941381,z,right_only
F71CC3D9-F4F4-496C-9B96-FB99C040D2D8,,,,,,,ODN0002941382,z,right_only
14B69B9A-836E-434D-BF1E-43EA9671B2B8,,,,,,,ODN0002941383,z,right_only
9C3881FA-A62B-4D5E-87CD-0FFC5D05ACED,,,,,,,ODN0002941384,z,right_only
8F2B5861-4263-4D75-B08D-AC79C3F3883D,,,,,,,ODN0002941385,z,right_only
57D308E3-AB7D-4315-9B18-B07258F373FF,,,,,,,ODN0002941386,z,right_only
69D787DB-E4A2-4D58-8A50-524EA44F6155,,,,,,,ODN0002941387,z,right_only
53F88308-D93F-4D86-9A2D-9E825F2FE4A9,,,,,,,ODN0002941388,z,right_only
A9AAD105-FE68-4B11-948E-5012B4F5581B,,,,,,,ODN0002941389,z,right_only
EA05AAD0-A549-4447-85C2-414B28D39A6A,,,,,,,ODN0002941390,z,right_only
A19F0843-DC11-4A8A-825D-C64F5090A6CE,,,,,,,ODN0002941391,z,right_only
5A5DE58F-DB0A-4337-B151-0FA08D8948FB,,,,,,,ODN0002941392,z,right_only
06FFF28C-9619-45A3-935B-B7826B9C8AEE,,,,,,,ODN0002941393,z,right_only
EF1B76FF-FC51-4861-9DE3-52149FED4666,,,,,,,ODN0002941394,z,right_only
23B9E0E8-A21F-4FE5-B8AC-EB9FA0FD783F,,,,,,,ODN0002941395,z,right_only
5E708619-40A6-45EC-A4EF-141A440C176A,,,,,,,ODN0002941396,z,right_only
8635B331-EF04-4531-B738-CD0344543315,,,,,,,ODN0002941397,z,right_only
5CE80ED1-A2FD-441F-8AB4-6045B371348A,,,,,,,ODN0002941398,z,right_only
5C0304CB-9FCE-479E-ADBC-52FE01C49509,,,,,,,ODN0002941399,z,right_only
5D48061C-A437-47C0-A42F-2DA254A9E6DE,,,,,,,ODN0002941400,z,right_only
C72ABDB4-0D24-4724-9E83-E01856393EEB,,,,,,,ODN0002941401,z,right_only
04307BA7-AAD8-4A41-AC84-E0C02B44AFB8,,,,,,,ODN0002941402,z,right_only
D006F933-82CA-4A3B-9F14-002BEA420020,,,,,,,ODN0002941403,z,right_only
46419EAB-1155-4147-91D9-8E870E39CCC1,,,,,,,ODN0002941404,z,right_only
01E2C15C-C53A-422E-ACB2-B43D46393D3F,,,,,,,ODN0002941405,z,right_only
FBB54414-997C-4ED5-822A-8DC3381E4C20,,,,,,,ODN0002941406,z,right_only
A209FC34-2D5A-4E4A-B1F3-EA9201CD6683,,,,,,,ODN0002941407,z,right_only
B1B3A5B9-996B-485A-B9DD-DA3425296683,,,,,,,ODN0002941408,z,right_only
F4AEB168-E151-4F88-BF5B-04F514138FFC,,,,,,,ODN0002941409,z,right_only
FC2E9F23-EAC6-401D-9709-E5C242AB5F2B,,,,,,,ODN0002941410,z,right_only
75C0B90D-74F6-4462-BD07-D261BC8A15B7,,,,,,,ODN0002941411,z,right_only
50692AE3-0796-44EC-9ADA-E3E1AED4B260,,,,,,,ODN0002941412,z,right_only
BB75D53D-EB26-4B34-A912-A7D0B1731443,,,,,,,ODN0002941413,z,right_only
F3331DDA-D584-437D-AAE6-04F38576EF4E,,,,,,,ODN0002941414,z,right_only
2C62351C-B9CC-49D5-928F-EDA0E3A776E9,,,,,,,ODN0002941415,z,right_only
0BFADAFC-387C-4A70-9B3E-41E32452E149,,,,,,,ODN0002941416,z,right_only
8CD9B118-7BDC-41C8-BD06-A6CA381B1789,,,,,,,ODN0002941417,z,right_only
DDBBC023-AC59-444D-A5C1-4CCAE58C6F42,,,,,,,ODN0002941418,z,right_only
D0129D5D-6F7C-4B8B-8A3E-0E663792AA7A,,,,,,,ODN0002941419,z,right_only
BC84F9D2-83AE-4A58-9C2D-55F1203D69D6,,,,,,,ODN0002941420,z,right_only
140AD5D5-E91F-4651-9309-798F727F9957,,,,,,,ODN0002941421,z,right_only
BF50CABC-5F74-4D9F-B05A-E1D57EFA173B,,,,,,,ODN0002941422,z,right_only
D8E1BA33-09A9-4856-B4A1-308F1309DFA5,,,,,,,ODN0002941423,z,right_only
496637C5-F2AD-4AC2-9F92-A4A541BA07E8,,,,,,,ODN0002941424,z,right_only
3B4C4E22-9EBF-4844-ADA6-63067149E83D,,,,,,,ODN0002941425,z,right_only
CC1E8F27-1057-4493-A708-C51A1C37C58E,,,,,,,ODN0002941426,z,right_only
8C8834C9-2F5F-4A96-BA36-B5AC956266F5,,,,,,,ODN0002941427,z,right_only
F9E7C592-567F-412A-B538-305820CCC842,,,,,,,ODN0002941428,z,right_only
8830C0C7-8C95-4E52-A5AD-16085F4F9669,,,,,,,ODN0002941429,z,right_only
0478450E-A31C-45E3-84F7-889D92D65F82,,,,,,,ODN0002941430,z,right_only
F75F6DAA-8FE6-42D3-BA8C-75B5B7836DB9,,,,,,,ODN0002941431,z,right_only
EFBFECDE-6F4F-4F73-ADDB-9CC8E3EEBE2C,,,,,,,ODN0002941432,z,right_only
1606B90B-6D69-4CC6-A038-FB9C5BB21263,,,,,,,ODN0002941433,z,right_only
3888CB8D-665E-4A05-B97B-91A537A85D0B,,,,,,,ODN0002941434,z,right_only
4EEACBE7-4F0A-40F7-A9A6-0502A587460C,,,,,,,ODN0002941435,z,right_only
A3229055-4DE6-4119-B91F-2DE585A78955,,,,,,,ODN0002941436,z,right_only
F7DC8862-A776-493A-B59A-8004AF8CD04C,,,,,,,ODN0002941437,z,right_only
8EEA0B0F-54AD-4477-BA97-8285B6899B2A,,,,,,,ODN0002941438,z,right_only
391D3028-A16C-4E9A-9025-43A9FE9506D4,,,,,,,ODN0002941439,z,right_only
45918FCA-9AEC-4CB8-9309-61055C3C4905,,,,,,,ODN0002941440,z,right_only
AA10A6C0-FC9F-440C-966D-72749C51D591,,,,,,,ODN0002941441,z,right_only
6E83D75A-33FA-4581-9893-CB886C3739D2,,,,,,,ODN0002941442,z,right_only
D05EF41B-C46F-4AF8-9126-1D255E895477,,,,,,,ODN0002941443,z,right_only
5F0F8A42-2E77-4365-80DD-BB6AB5405925,,,,,,,ODN0002941444,z,right_only
4CE451E7-813B-46A2-AA9C-465012161071,,,,,,,ODN0002941445,z,right_only
E16BF24A-23D6-4F17-AEF7-44F31167476F,,,,,,,ODN0002941446,z,right_only
10ABDBE0-5C3D-44A4-8220-601217614A01,,,,,,,ODN0002941447,z,right_only
707BE1DD-80F0-4176-9C9E-D1D397C0E461,,,,,,,ODN0002941448,z,right_only
FD200384-22F3-4BF1-A078-7D1D126A13D9,,,,,,,ODN0002941449,z,right_only
933CCB9A-A4FC-4C98-B684-810A5C0CE8C8,,,,,,,ODN0002941450,z,right_only
F1967D0A-DC21-40BE-B0EB-3408D75C71BB,,,,,,,ODN0002941451,z,right_only
4806D197-FFC7-4029-ADA4-3B8035DE07C8,,,,,,,ODN0002941452,z,right_only
9D7D8F60-BA80-4CAB-B602-6CF0FFD9148D,,,,,,,ODN0002941453,z,right_only
9D4917C1-BF3A-4163-888C-251F717B86EE,,,,,,,ODN0002941454,z,right_only
A4D17566-F385-4E0F-9E4A-3FEE353D0A35,,,,,,,ODN0002941455,z,right_only
FE945F90-7A63-4946-B3CC-B620CFAD1291,,,,,,,ODN0002941456,z,right_only
F6D97BC0-54BF-40A2-9104-B56F57C853EA,,,,,,,ODN0002941457,z,right_only
6C63B2CE-FD3B-46E9-9220-679E53FE7763,,,,,,,ODN0002941458,z,right_only
E1B2889C-20DA-40F5-B0D8-296BF4FC7911,,,,,,,ODN0002941459,z,right_only
C08DED61-7F78-44B9-AB22-53244D1372E9,,,,,,,ODN0002941460,z,right_only
890511DA-D37D-47BC-BD7C-F628CBE062CB,,,,,,,ODN0002941461,z,right_only
898713E8-2DC7-4D31-A2E6-BF95606438BE,,,,,,,ODN0002941462,z,right_only
091A8253-CECE-4D5C-A71B-5CA1244DACCD,,,,,,,ODN0002941463,z,right_only
0B44CE5B-C33A-4D41-9935-0088429DCB1F,,,,,,,ODN0002941464,z,right_only
8430C1C5-409D-4851-B0EF-BC9FD025D251,,,,,,,ODN0002941465,z,right_only
D6754142-373A-462D-B432-15005BA7632E,,,,,,,ODN0002941466,z,right_only
162702A7-F2F2-4626-BB59-9D8804B5DB36,,,,,,,ODN0002941467,z,right_only
24A6F114-E5CE-424D-B5C8-AF8539BDB83C,,,,,,,ODN0002941468,z,right_only
3BBB1719-23DD-4800-8D24-2FCB59E4C525,,,,,,,ODN0002941469,z,right_only
CCC79A3F-8D18-4543-AA06-85F05783FD35,,,,,,,ODN0002941470,z,right_only
AD1455F6-3505-4063-A4F7-74C1D68095ED,,,,,,,ODN0002941471,z,right_only
6CBA6A1A-B68F-42A3-959A-46BBD187212C,,,,,,,ODN0002941472,z,right_only
88EAE7E6-81A1-47F5-9EEC-CD677894F872,,,,,,,ODN0002941473,z,right_only
6F6E9C90-840C-40D1-ABFB-9AED09888DED,,,,,,,ODN0002941474,z,right_only
3512E521-C44F-4901-B5CE-6107A9F41C80,,,,,,,ODN0002941475,z,right_only
BFD914EF-5A19-4B94-AADC-524DCA0F3D15,,,,,,,ODN0002941476,z,right_only
5157AE9E-195D-47CE-B522-BB5FA63E056E,,,,,,,ODN0002941477,z,right_only
6BE7A8F0-9C3A-4956-906E-50E681176249,,,,,,,ODN0002941478,z,right_only
11DEA954-00B0-4AC9-8D10-AE3C7A957AF0,,,,,,,ODN0002941479,z,right_only
55B5E330-4892-4853-84A1-E675AA414DCE,,,,,,,ODN0002941480,z,right_only
E3E5BDCB-E8A9-44AD-A6FB-04D6EA432370,,,,,,,ODN0002248000,z,right_only
797D50F3-7A17-4252-9861-137851A65912,,,,,,,ODN0002392756,z,right_only
70E619DD-3A1E-41D7-A733-0CCF8E75CE00,,,,,,,ODN0002391819,z,right_only
4A5BA547-154F-43A1-95F9-DD34C9EA47EB,,,,,,,ODN0002392215,z,right_only
933EBC08-C701-4110-8B62-CA881575FE29,,,,,,,ODN0002391784,z,right_only
553B60BF-22C3-4E2D-9C48-783026E45B29,,,,,,,ODN0002391790,z,right_only
B91727B9-AD2C-4999-B516-ACA2D2FE528D,,,,,,,ODN0002247999,z,right_only
0AABD167-4E03-4AF2-8BF1-F63842CCCF19,,,,,,,ODN0002391820,z,right_only
EA1CDA5E-62B2-4B77-AAB0-E2D3C8218EBD,,,,,,,ODN0002391823,z,right_only
BDD32AA5-09FE-4D23-B733-65E0A0699F6E,,,,,,,ODN0002391829,z,right_only
96ABD2BF-98E7-43A4-9241-7D3EA1DC8989,,,,,,,ODN0002391839,z,right_only
BECE810B-3D97-4C45-8FD6-E649661138C7,,,,,,,ODN0002391848,z,right_only
4AB32143-A7E9-4BEF-BA49-2039B8A38200,,,,,,,ODN0002391939,z,right_only
4C0A8651-6CC2-4544-A384-9D5C62EB5EB1,,,,,,,ODN0002391941,z,right_only
4CACCD78-71B0-4E95-A31B-9F0C844D8EA8,,,,,,,ODN0002391963,z,right_only
33DC669F-622D-4CD8-8B2F-F65AFDB414C8,,,,,,,ODN0002391995,z,right_only
07860284-D51E-4740-AB03-25B172375849,,,,,,,ODN0002392000,z,right_only
94991C6C-4AFD-47CA-82D1-93D276797CE6,,,,,,,ODN0002392013,z,right_only
B48AE720-CB12-40FD-B176-A31EC77721F9,,,,,,,ODN0002392017,z,right_only
10BFC121-DEEB-4052-8509-BB35041036BF,,,,,,,ODN0002392044,z,right_only
0E463459-A616-4CD0-8986-D5A3455C7BED,,,,,,,ODN0002248023,z,right_only
84DBD4F2-F8EC-4DE0-B2D9-F2556323E28F,,,,,,,ODN0002248024,z,right_only
C38AD2DB-495D-401A-BB04-BBCC3AC061FF,,,,,,,ODN0002248025,z,right_only
7EEAFD6C-9CC2-40AF-9CE2-697F94AD58A0,,,,,,,ODN0002248026,z,right_only
46FEFC96-7D15-4A3A-A88C-AC073584B807,,,,,,,ODN0002248027,z,right_only
64C01909-3722-4A9B-A913-3B82BBCCEF93,,,,,,,ODN0002392139,z,right_only
BCD17D4A-4B4A-47FE-958E-13425923E5E4,,,,,,,ODN0002248030,z,right_only
03B02E3A-6B90-4A48-AF2C-117E299C0412,,,,,,,ODN0002392163,z,right_only
5F6FA9B3-A766-4F65-8E7C-ECBD3F160F3C,,,,,,,ODN0002392170,z,right_only
205AE645-3D29-47EB-AC7E-0FF622E44E06,,,,,,,ODN0002392172,z,right_only
8BF5D3AB-12A5-43EC-AA63-6D786C3A7C8F,,,,,,,ODN0002392174,z,right_only
4A5795F1-7536-4768-897B-935683781449,,,,,,,ODN0002248031,z,right_only
258C9565-3989-4581-B1EE-1102883DB9DD,,,,,,,ODN0002392218,z,right_only
3C5FED23-E79A-4FB4-A759-5C39B09007ED,,,,,,,ODN0002392216,z,right_only
BAAF3705-5CEA-4866-A79C-29D7D1BC0A4B,,,,,,,ODN0002392267,z,right_only
B32304D7-8946-44D4-873F-F6735DD45117,,,,,,,ODN0002248029,z,right_only
3C390B8C-925A-4694-90AB-41B1474D42F5,,,,,,,ODN0002392291,z,right_only
19C6B2E9-6A51-4AFD-A800-F83C3ADE9238,,,,,,,ODN0002392347,z,right_only
5BC03971-48F2-4861-AA71-3EAEE881A199,,,,,,,ODN0002392355,z,right_only
00E09B0F-F1E0-4222-8BC6-699780A5A7D1,,,,,,,ODN0002248046,z,right_only
7997049A-EF69-44E5-BC35-9ED7B54EFAC1,,,,,,,ODN0002392399,z,right_only
ECC446E4-F2EE-4E27-8B00-0DAA0C2F78AB,,,,,,,ODN0002392423,z,right_only
3032355E-2270-41C0-9E6A-2B686790E77D,,,,,,,ODN0002392427,z,right_only
0F10F287-243C-4216-B2E9-C9DC02BFF9CF,,,,,,,ODN0002248047,z,right_only
3F21B58E-8FB0-4F7A-81F3-12F1FD048F11,,,,,,,ODN0002392491,z,right_only
3A994807-273C-4403-B2FF-BF3882AA50EF,,,,,,,ODN0002392490,z,right_only
3F9228A5-33D6-4DD8-BDB2-79877A765050,,,,,,,ODN0002392467,z,right_only
72BE33A0-12B2-4F25-92D9-F3376A1F5F90,,,,,,,ODN0002392498,z,right_only
EF5FF493-8F94-495C-874D-01F9A7FE1FB6,,,,,,,ODN0002392500,z,right_only
3E0E9EB3-4CDC-46E4-8F7B-0946212ABB0E,,,,,,,ODN0002392501,z,right_only
90746543-F041-4A47-9928-D159E6801478,,,,,,,ODN0002392503,z,right_only
D265B020-4CBA-4F8F-B17C-0C4A0E4F36DC,,,,,,,ODN0002392513,z,right_only
12F84BCF-53A9-4E85-BD84-96B823E9B5B6,,,,,,,ODN0002248048,z,right_only
5D17DA65-7C07-4692-B1F7-E19E734E02AD,,,,,,,ODN0002392622,z,right_only
5A478FFA-F4BD-41E7-B2F9-1374FA4B799D,,,,,,,ODN0002392623,z,right_only
5ABC3E1F-87C6-4EE9-B889-EB548D18F334,,,,,,,ODN0002248049,z,right_only
33F28115-8CE9-4D97-9FA5-F39D01511A89,,,,,,,ODN0002392627,z,right_only
DE2571AB-80E2-449B-A49C-B5423F0DAF57,,,,,,,ODN0002392605,z,right_only
3A719E9F-F3A5-4212-A184-49C749DC09DC,,,,,,,ODN0002392620,z,right_only
BB0DBAF5-FE51-4FAF-BBF0-24ADB01C159E,,,,,,,ODN0002248052,z,right_only
DA850700-217C-4691-9853-E5D7C83F741F,,,,,,,ODN0002392633,z,right_only
19DB33FE-FDD8-4F51-A562-39C5ACE2C82E,,,,,,,ODN0002392635,z,right_only
6D85582A-CAB1-4D56-B2D5-7C30DC55FAB2,,,,,,,ODN0002248054,z,right_only
EFB840C3-40CA-4705-B299-FAB3485A34EF,,,,,,,ODN0002392663,z,right_only
46B416D0-A3D8-467B-AA6C-92013C94F775,,,,,,,ODN0002248088,z,right_only
3FFD935D-7BDB-4D0C-8DE0-4C9DEF5D751A,,,,,,,ODN0002248089,z,right_only
5C132149-77A2-499E-8560-97B862CDBAFB,,,,,,,ODN0002248090,z,right_only
E89F6F66-4B33-48AF-8971-D19E7A1A4D52,,,,,,,ODN0002392716,z,right_only
113D81D0-F571-4772-8D0D-4EB6EB0EEA20,,,,,,,ODN0002392701,z,right_only
E4C325AB-1619-412F-A313-AAACE73CA826,,,,,,,ODN0002392745,z,right_only
7F7C23F9-0CAB-4489-A0B4-073ADB988F2C,,,,,,,ODN0002392768,z,right_only
F3EEC33D-D39A-485C-9D30-6F2B50B74B5E,,,,,,,ODN0002248109,z,right_only
25853A37-3124-4E0A-A040-1444A7924618,,,,,,,ODN0002248108,z,right_only
92665CD7-D023-4B97-90B5-8BB0EDE5F616,,,,,,,ODN0002248118,z,right_only
B752C358-5579-4BD5-ABF4-8F933FBEF8C5,,,,,,,ODN0002248119,z,right_only
A4AE92A5-37C8-4C0C-99C0-8C1879BFBB29,,,,,,,ODN0002392817,z,right_only
FECAA0EA-2650-4B1F-AF69-76F1282C9B11,,,,,,,ODN0002392824,z,right_only
58A3F984-5AE6-40A0-A30C-0C96DC98DD8B,,,,,,,ODN0002392899,z,right_only
510206F6-40B8-4172-BEF3-6C0F054CFBC8,,,,,,,ODN0002392900,z,right_only
5DFE5734-477D-4CA9-A733-9DB85AAC60A8,,,,,,,ODN0002392905,z,right_only
8ED73B5E-EE2D-4D40-8C1E-A43CDE02E0CD,,,,,,,ODN0002391938,z,right_only
A80443C8-CC15-41A6-9855-285DA7DD7AE0,,,,,,,ODN0002248034,z,right_only
4BDCC98C-EA91-400E-A2EB-3CBC1286D085,,,,,,,ODN0002392567,z,right_only
F703334E-1E87-4E73-99C8-FFBCFDC7AF59,,,,,,,ODN0002392592,z,right_only
6FFC6B2F-959C-4751-A29E-5DD54A1BB052,,,,,,,ODN0002392474,z,right_only
1FE1BD8C-4402-46DD-825F-97EE77920D53,,,,,,,ODN0002392662,z,right_only
2968ECAC-28F6-4252-90E8-BA594D4D75CF,,,,,,,ODN0002392050,z,right_only
B0D0ADBF-4A31-4364-BD28-5AC16CB8395B,,,,,,,ODN0002392340,z,right_only
26307020-5794-4152-9934-8320E56716E6,,,,,,,ODN0002392395,z,right_only
00DD37A9-C2C4-43FC-A76D-C5FDB0251039,,,,,,,ODN0002392396,z,right_only
0065E909-77A1-4494-B39A-745E3729CD7C,,,,,,,ODN0002392379,z,right_only
0395D4CC-08DA-423C-9128-69104F8132C4,,,,,,,ODN0002391906,z,right_only
A4E4CD98-9B1A-46FB-86B2-F725706CC036,,,,,,,ODN0002392447,z,right_only
F0564C7F-1D8B-4569-9630-8B48F4E37780,,,,,,,ODN0002392450,z,right_only
5F9A6904-8AE6-450A-98D8-8E2DAEA49A4E,,,,,,,ODN0002392443,z,right_only
1DC4645A-59B2-4C4C-AD3B-CDF55BD0F82D,,,,,,,ODN0002392448,z,right_only
ECEB34CF-3481-4C6B-9B6D-E1301C4B83A7,,,,,,,ODN0002392153,z,right_only
A436BC2C-2313-4552-BDF8-454456EFB0AB,,,,,,,ODN0002391824,z,right_only
707BBC17-2A00-418C-8A3D-AB7B92E5714D,,,,,,,ODN0002392389,z,right_only
ECB1E24F-8CBC-4F85-9970-C5E87D32A982,,,,,,,ODN0002392148,z,right_only
74955FD0-9CFA-4C24-A6C5-2E93D9D40AF0,,,,,,,ODN0002392816,z,right_only
A20B43FC-5F71-4424-BCD4-BD303ACDC649,,,,,,,ODN0002248032,z,right_only
771EB8AF-9031-4298-A8A5-86E09AC68BFB,,,,,,,ODN0002392432,z,right_only
8A44FC87-D611-4C52-A27F-04D8BF75B96F,,,,,,,ODN0002248028,z,right_only
0F067707-BE36-40AD-A6CB-F6B4D82B0C11,,,,,,,ODN0002392138,z,right_only
25646C87-F167-4D36-A3B0-29C815A7B7C4,,,,,,,ODN0002391946,z,right_only
15D60F5A-992B-40A0-B0FE-502DEB9BDBFC,,,,,,,ODN0002392471,z,right_only
F5EB4D3F-12CB-47D1-A7D0-3AC21FF0C3C0,,,,,,,ODN0002392606,z,right_only
129E072E-D0E2-48E0-A965-7372C08888B9,,,,,,,ODN0002392165,z,right_only
8DCD8199-85D7-48A0-89B1-896B046CD66E,,,,,,,ODN0002248087,z,right_only
6CC2ECB7-58C6-4FD5-A6E3-B78DED2AD725,,,,,,,ODN0002392821,z,right_only
90492A53-AB07-4176-BF10-43F3D39CF893,,,,,,,ODN0002392602,z,right_only
9E23691F-31D1-4F61-90E6-D2BBC0C72134,,,,,,,ODN0002392762,z,right_only
D75F48D6-803C-42CA-B1E5-406F1D24FE72,,,,,,,ODN0002392761,z,right_only
B53A428B-0077-41D0-93FB-3D3CCF3D653D,,,,,,,ODN0002392508,z,right_only
07D31833-91DB-4CA6-9595-F6133CAA28C5,,,,,,,ODN0002392507,z,right_only
2912442B-125B-429E-BF4C-E0FE871D6CC4,,,,,,,ODN0002391856,z,right_only
3D4391A5-673C-4697-B527-B3E818F2020E,,,,,,,ODN0002391862,z,right_only
CA1A0F13-56D4-4F50-8FB8-DA5D367FAFAF,,,,,,,ODN0002391865,z,right_only
E5773223-3865-4CF4-BADA-7AA3C029C014,,,,,,,ODN0002391864,z,right_only
61302A2C-7A17-41E8-8A89-6CC0A14EF65B,,,,,,,ODN0002391863,z,right_only
19C01E04-B2D1-47E4-B985-8F44E6C8A555,,,,,,,ODN0002392104,z,right_only
8501B21F-4F74-43C5-99A6-8E2A23145055,,,,,,,ODN0002392023,z,right_only
48858405-AAEE-4678-85E3-BDBFE4C99300,,,,,,,ODN0002392305,z,right_only
608917B1-FD56-42CD-A7E8-6A81CF0F1692,,,,,,,ODN0002391900,z,right_only
6FD136F8-B3AE-48E8-91F4-DAB3935D7DD7,,,,,,,ODN0002391944,z,right_only
F70E674C-27DB-415E-BA50-784CE36A204A,,,,,,,ODN0002392009,z,right_only
C7B7226C-D247-40D0-9D22-AD26F9D3AC91,,,,,,,ODN0002392011,z,right_only
A883870B-EA1E-495D-9E53-0755D56E263E,,,,,,,ODN0002392770,z,right_only
6CF01798-D0A0-4A36-8A5C-C22C82A271CB,,,,,,,ODN0002392598,z,right_only
1B68BB43-EBDA-4845-A80A-E1D136506C4B,,,,,,,ODN0002392524,z,right_only
563C94B7-8379-40B1-96D4-8EE153060CD7,,,,,,,ODN0002392523,z,right_only
4F9BE915-36FC-4022-8BA7-CDDD0B011A2E,,,,,,,ODN0002248044,z,right_only
7A1D76A1-8A8F-45FC-8D93-BC781CBE1656,,,,,,,ODN0002392079,z,right_only
67DC2008-6ABA-420D-9388-47D50794F784,,,,,,,ODN0002391749,z,right_only
5C2860E6-10F8-4BC6-B3C1-1CBA4CF85D6D,,,,,,,ODN0002391985,z,right_only
87E9511C-CD13-441D-A63D-73FAC956BEE3,,,,,,,ODN0002391987,z,right_only
368C93F1-C4DD-40A7-A272-F1C9F4B9F3BD,,,,,,,ODN0002391989,z,right_only
82465675-3813-4371-906D-F4513598E12A,,,,,,,ODN0002391991,z,right_only
39A434B1-23F7-43E0-8ACF-5C2E4C160D64,,,,,,,ODN0002391869,z,right_only
AF18D94C-BE67-450A-9701-90D27F510A59,,,,,,,ODN0002248092,z,right_only
43A0D323-E8FD-42D6-A6D3-7AE0D7C10E3D,,,,,,,ODN0002248099,z,right_only
24D4E0DA-87BD-4ED8-9262-2730BB4EB6EC,,,,,,,ODN0002248096,z,right_only
C4B477DB-1AD1-4FEE-B7D9-42DD5749FC58,,,,,,,ODN0002248100,z,right_only
20AA2DE4-9F97-4B3B-A4CC-A74A6C474027,,,,,,,ODN0002248098,z,right_only
F0EC9CE6-763F-43F5-B61C-D4B122E01070,,,,,,,ODN0002248101,z,right_only
D9CC100E-265D-47C8-A625-7223E97CF175,,,,,,,ODN0002248097,z,right_only
7EF94019-6D48-4B82-9E24-D7359DE03A0D,,,,,,,ODN0002248103,z,right_only
15108D92-5515-4053-A325-353EC5219CD3,,,,,,,ODN0002248095,z,right_only
56966909-9518-42F6-B120-38E327DFAA63,,,,,,,ODN0002248105,z,right_only
E77B627F-8CC8-4D80-A5DB-EAA12B604343,,,,,,,ODN0002248094,z,right_only
7572E379-7CA5-48C3-8F45-D8B4C2C0F406,,,,,,,ODN0002248106,z,right_only
229787D4-E6BF-40AD-9C21-0F24FF7E490E,,,,,,,ODN0002248102,z,right_only
04D5EA13-B131-4939-A3F1-16817070C260,,,,,,,ODN0002248104,z,right_only
23BC8088-1C1F-4BE3-A8EF-A3540951DC61,,,,,,,ODN0002248093,z,right_only
475DA749-0330-4290-A5BE-45F5A300AADE,,,,,,,ODN0002392728,z,right_only
102AE53E-20CD-4E47-AC07-A0CCD8F9BBE7,,,,,,,ODN0002392729,z,right_only
739228D3-D54B-44C9-8A0F-CB3E98746440,,,,,,,ODN0002392730,z,right_only
32F07A5C-D94C-4B3F-9846-A6CB92FE2C27,,,,,,,ODN0002392731,z,right_only
A424E91F-8FA8-4786-9FB4-9908A42FF11A,,,,,,,ODN0002392733,z,right_only
32CB0AF6-0942-41C5-BA07-E8C98AA4D6D0,,,,,,,ODN0002392732,z,right_only
1AA50AAA-8202-4C40-8524-A079C0E01D9B,,,,,,,ODN0002391843,z,right_only
C30DDB57-FC83-486A-8686-783DA858E575,,,,,,,ODN0002519902,z,right_only
F87B6D4B-9E3F-4B27-B841-8C4EFBB798F5,,,,,,,ODN0002525446,z,right_only
F2909530-1366-4ED2-B905-EE3A37CA20BE,,,,,,,ODN0002418935,z,right_only
E4C6A8A9-FABD-4E6C-AECC-CD6DEC9000CB,,,,,,,ODN0002705841,z,right_only
264B647F-0038-48A7-9EF4-9EFF5A554052,,,,,,,ODN0002705860,z,right_only
40D66B6E-2DE0-44B9-9848-03EB1C25EB29,,,,,,,ODN0002705861,z,right_only
AD2AAB9D-87DE-4E55-A52F-74DF9D6BE1E0,,,,,,,ODN0002705866,z,right_only
58148AA6-9BA0-409C-9F5E-E1EDF2B0995D,,,,,,,ODN0002705871,z,right_only
4374435E-C230-4EB3-848A-0E533961BF4C,,,,,,,ODN0002705874,z,right_only
E38631D8-A4DF-44F6-8C53-3C6E952FD980,,,,,,,ODN0002705888,z,right_only
DA448EA4-3796-4E7C-93C8-C5BC5423D4F0,,,,,,,ODN0002705898,z,right_only
6F7392A3-27B3-4171-A90A-B05119339FA1,,,,,,,ODN0002705900,z,right_only
62A174EA-B950-45F4-991A-E4CE1F22B4C4,,,,,,,ODN0002705905,z,right_only
4D4D4446-964A-492F-815C-2A129D2B75C1,,,,,,,ODN0002705906,z,right_only
2498A72D-754E-4AE9-88E3-AC8512D0788E,,,,,,,ODN0002705911,z,right_only
AE5B9C0C-CF00-428F-96B4-61C1B74C145F,,,,,,,ODN0002705913,z,right_only
CC2F15B9-C435-42A2-9B15-98AF3BDD3E2F,,,,,,,ODN0002705918,z,right_only
666C1876-68FB-4DCC-88D3-2C3C1351DF6D,,,,,,,ODN0002705919,z,right_only
19E7D69D-4B37-4912-A98C-AFA302557753,,,,,,,ODN0002705925,z,right_only
443E4799-4C09-497E-8E5C-58AE464A9B63,,,,,,,ODN0002705929,z,right_only
E8AB2EE9-BEBB-43E5-8BA3-A3EFD0CC0E63,,,,,,,ODN0002705931,z,right_only
70BCED71-5E39-4EDD-B948-6FE312E71063,,,,,,,ODN0002705933,z,right_only
231F1BBD-A72E-42C7-9F57-65E0FF5D848E,,,,,,,ODN0002705934,z,right_only
3AA44C17-20BB-49C4-BD53-FEC55D9B76D8,,,,,,,ODN0002705938,z,right_only
61B8FA5B-F019-4595-863A-F4EC72B2EDAF,,,,,,,ODN0002705941,z,right_only
2C653066-ED54-442B-B0E2-B70D9E2AD34D,,,,,,,ODN0002705942,z,right_only
BDCD1351-D82D-448D-B264-FE53CFDCCBCF,,,,,,,ODN0002705947,z,right_only
54E6AB1C-2E80-4D59-8589-56F4CA1C2FAD,,,,,,,ODN0002705948,z,right_only
BCFB7402-4167-4BEC-9FB4-99826EE16C01,,,,,,,ODN0002705950,z,right_only
181AFC2E-6E41-41CF-88D5-814090EDB0C8,,,,,,,ODN0002705951,z,right_only
0F5BEAC0-91F7-4DE9-A8E6-FBC00C7F8414,,,,,,,ODN0002705952,z,right_only
837A2D2F-D353-44FE-B5BD-9D11073DC64B,,,,,,,ODN0002705953,z,right_only
F13FB784-B656-481F-93F5-87DBC7FC97ED,,,,,,,ODN0002705954,z,right_only
125914B3-7323-47D7-A811-6886FB92608D,,,,,,,ODN0002705957,z,right_only
0BE70943-FAC1-4DBC-B2A3-BA98EC99DDDC,,,,,,,ODN0002705961,z,right_only
107AD0FB-F7D3-4AEE-87DE-A23404094C3C,,,,,,,ODN0002705962,z,right_only
B6C849A4-B1A4-4C3F-BD35-8006BFC372A0,,,,,,,ODN0002705963,z,right_only
DF180FB0-6EBA-4DB8-951E-2FAFDAE4B676,,,,,,,ODN0002705967,z,right_only
4602DFE9-7356-4452-81CD-285D8F8FF16D,,,,,,,ODN0002705968,z,right_only
5E7409C4-0BA3-4C02-B0E1-E09F75D13E80,,,,,,,ODN0002705969,z,right_only
0C638578-BD9D-4802-A25E-46507ABAD758,,,,,,,ODN0002705972,z,right_only
E5CF6669-97E1-422F-A570-1A16D813DA11,,,,,,,ODN0002705975,z,right_only
8704EB4B-AD84-47E6-BA7C-1FD6C1593D8C,,,,,,,ODN0002705984,z,right_only
00CDEB17-37EC-471C-A48E-27BA4CF4E526,,,,,,,ODN0002705994,z,right_only
381D79AC-17EE-4729-BBAD-04DBF7F99D1B,,,,,,,ODN0002705997,z,right_only
7DEDDD12-51F9-49C1-99F2-120BA782CCB5,,,,,,,ODN0002705999,z,right_only
FD2BE935-4C81-4130-AD28-FE376533E6F0,,,,,,,ODN0002706002,z,right_only
4665CEDD-BE38-4A5D-A943-085611DA9FFE,,,,,,,ODN0002706009,z,right_only
00F7324E-0EF1-4307-87C2-E49776DF46A0,,,,,,,ODN0002706010,z,right_only
93A76494-232E-4C3D-9DD1-9D4D31D9C3BD,,,,,,,ODN0002706012,z,right_only
C89F16EC-CBA7-4EA7-A2A4-5183064263E6,,,,,,,ODN0002706014,z,right_only
E6976A61-0E33-45A3-9035-DB08ACE796E3,,,,,,,ODN0002706017,z,right_only
EBF18537-C4E7-403F-A015-20E43000A43E,,,,,,,ODN0002706020,z,right_only
CA3751F5-EC82-48AA-91E3-F942947CA3B6,,,,,,,ODN0002706027,z,right_only
4B83DF43-EB1E-4240-BA42-8F465E49521C,,,,,,,ODN0002706031,z,right_only
7EAA492F-F2D4-4D46-AB66-98D9CA279578,,,,,,,ODN0002706032,z,right_only
F001A4C5-84E0-443E-9406-53297361C598,,,,,,,ODN0002706039,z,right_only
55A135BD-D466-4064-B352-4EFE8B56FDF7,,,,,,,ODN0002706047,z,right_only
0AD442E2-0083-4B38-8F47-4C966A1264FD,,,,,,,ODN0002706052,z,right_only
B4193AD2-A3C9-493B-B5A5-70AEFB4081EE,,,,,,,ODN0002706057,z,right_only
E99EF6E7-F371-421E-BF58-7AAC060BC603,,,,,,,ODN0002706058,z,right_only
6AFD89D4-FA43-4C6A-BAF4-CDAB880B3DA8,,,,,,,ODN0002706062,z,right_only
54B4BC5D-DF92-4978-A1C2-ECDDE706DF38,,,,,,,ODN0002706063,z,right_only
1D8F0EF6-94D5-4C4D-9DA9-F3C57607D8CC,,,,,,,ODN0002706066,z,right_only
D7D4D966-60C6-4DF6-868D-A8D85FCD0D6F,,,,,,,ODN0002706068,z,right_only
411F922F-9748-4043-A2DC-FDFB2F70400E,,,,,,,ODN0002706072,z,right_only
F30EF57C-F96A-46C8-9D2D-135BD48B6FB6,,,,,,,ODN0002706073,z,right_only
5A34BFCD-9328-46E2-9ECD-55EB1290FDEB,,,,,,,ODN0002706074,z,right_only
DD06352E-7264-40A3-B452-A314BF2E141C,,,,,,,ODN0002706089,z,right_only
32F9DEA3-281E-4AC4-B9EF-98AF1D3B9BC5,,,,,,,ODN0002706098,z,right_only
C9DA2713-A74E-4D30-913F-D1600BCFEDF3,,,,,,,ODN0002706099,z,right_only
ED930BEE-72E4-4400-BD03-A7D725B8836A,,,,,,,ODN0002706103,z,right_only
DEB1AF76-969F-4190-A4B9-2BC11A4D8C3A,,,,,,,ODN0002706108,z,right_only
7097EEE3-B911-4A59-9361-6E983409F1C0,,,,,,,ODN0002706109,z,right_only
0A93C859-312B-43FE-866E-C12E0D9A3ACA,,,,,,,ODN0002706111,z,right_only
F52E6909-167D-4063-A0E6-F56359DBC7C2,,,,,,,ODN0002706113,z,right_only
99B19F67-6056-4441-B0D3-1521ED7EEF15,,,,,,,ODN0002706120,z,right_only
8AA40C9C-EEDF-413B-84FE-DA62BBF9E7AE,,,,,,,ODN0002706122,z,right_only
C3011008-A453-47A1-8097-8A438451FBD0,,,,,,,ODN0002706129,z,right_only
08B513C4-FD22-44C8-B2CB-349F4A2E83E7,,,,,,,ODN0002706147,z,right_only
1A556BA7-1EF4-45C0-B550-5E43787277FD,,,,,,,ODN0002706151,z,right_only
54FBD52D-E149-420C-8DB4-8A448BD9C8FC,,,,,,,ODN0002706160,z,right_only
260E4EA2-2345-4CD1-9BC8-8C093443C9E3,,,,,,,ODN0002706165,z,right_only
D1A9B073-BF78-44D9-8BE0-3FF13AD87C65,,,,,,,ODN0002706169,z,right_only
E884D67A-6660-4AA8-8E7F-E00C3D14B4A6,,,,,,,ODN0002706175,z,right_only
224E7A15-17EB-42F7-86CB-A9FCA1A565A2,,,,,,,ODN0002706184,z,right_only
3063595C-6682-451E-B571-E84788A67DE7,,,,,,,ODN0002706185,z,right_only
95C3555F-A111-4FC1-A1D9-06D92B04D762,,,,,,,ODN0002706189,z,right_only
2D7637E2-7368-4FF5-8678-ECB95A685A71,,,,,,,ODN0002706205,z,right_only
5D001F1B-903B-4E05-B814-BD8BA6B0DB0D,,,,,,,ODN0002706207,z,right_only
4010BD8E-186F-4F18-BF52-D2A53F64CAF4,,,,,,,ODN0002706214,z,right_only
B0B38E1D-D100-4026-B364-66831A1321C9,,,,,,,ODN0002706215,z,right_only
BA481FCE-A16F-48E2-A2C5-4994F07FF5CD,,,,,,,ODN0002706217,z,right_only
E9D05999-8294-4396-AF93-764E31878A0C,,,,,,,ODN0002706218,z,right_only
4C571A01-64FD-4177-A4FA-FE17A87289F8,,,,,,,ODN0002706220,z,right_only
A39E8023-6690-48BC-895B-232E272A99C3,,,,,,,ODN0002706223,z,right_only
DCE05BF8-6605-438A-999B-A8482BED33C4,,,,,,,ODN0002706224,z,right_only
461F7E84-8BCB-44E8-A4A1-D84EBF7426A3,,,,,,,ODN0002706225,z,right_only
9B01B792-926D-4D21-B951-8DC235A1BA23,,,,,,,ODN0002706229,z,right_only
86148EC8-7433-4981-98A4-ACBA941AD536,,,,,,,ODN0002706246,z,right_only
94AD02BE-1225-4197-8544-0AC344B8CB40,,,,,,,ODN0002706249,z,right_only
B0320F9F-FC7A-4EE6-958A-A8683B2387B5,,,,,,,ODN0002706255,z,right_only
7B20E951-1DEB-4265-BF56-489D24FA5998,,,,,,,ODN0002706256,z,right_only
DBD5CA35-33F4-48F7-8217-FA46A9CB9966,,,,,,,ODN0002706261,z,right_only
FBEDC762-330B-4CE1-983D-C29D42407DE3,,,,,,,ODN0003090511,z,right_only
43877658-715C-42F2-B7EF-5F742F887DB1,,,,,,,ODN0003090787,z,right_only
E287DDD2-A3E9-4D42-85ED-DD2B5911D81D,,,,,,,ODN0003090789,z,right_only
4882142D-614E-4398-9A45-7348B15DD143,,,,,,,ODN0003090859,z,right_only
50C605B8-BA4B-4014-BD48-5F16D78750F1,,,,,,,ODN0003090870,z,right_only
16B32B31-8B5A-49BF-8D11-C0EC71BD30B5,,,,,,,ODN0003090885,z,right_only
8B722EA8-3081-4783-B621-2F1877C862E1,,,,,,,ODN0003090886,z,right_only
6F17086A-D060-42E6-8078-974F21E11C73,,,,,,,ODN0003090887,z,right_only
822B1254-CB9A-41E1-BF80-BD6CF5DD07A0,,,,,,,ODN0003090970,z,right_only
F25BA5AB-04FF-4FE7-89B4-9F19AC1A235B,,,,,,,ODN0003090971,z,right_only
71A6FFD9-2902-40F4-92D4-3CCB866A3C0F,,,,,,,ODN0003090972,z,right_only
C14B6277-7E1F-4713-81D0-7C7906F003A6,,,,,,,ODN0003091012,z,right_only
19EA22BC-A800-470C-9283-B0B290A002C5,,,,,,,ODN0003091013,z,right_only
A2937214-4BA5-4519-A329-E82CE02BBE10,,,,,,,ODN0003091014,z,right_only
132BC1AB-F41E-496D-8981-C6E58264CBD0,,,,,,,ODN0003091016,z,right_only
08BE252D-A3C1-4689-B5D9-708A68B79353,,,,,,,ODN0003091017,z,right_only
DD2616B1-5984-41F7-991B-EFCABDF30067,,,,,,,ODN0003090996,z,right_only
E418A30D-DF75-4ABA-AD79-3FFAF3FDE457,,,,,,,ODN0003090998,z,right_only
F7008DAC-F616-4B75-A3FF-4EA5C4A00970,,,,,,,ODN0002391779,z,right_only
D12B8656-00F5-4E9D-9E14-001A7D4CD294,,,,,,,ODN0002392354,z,right_only
B7E91E8B-F6DD-4FEF-9728-C36BC23D7AC3,,,,,,,ODN0002392473,z,right_only
7F7927D9-D39E-46F7-844A-1B989E956770,,,,,,,ODN0002392806,z,right_only
05E603E5-9CC1-459E-BB4B-79B4C701F842,,,,,,,ODN0002392812,z,right_only
F6B70E25-02EC-4633-B64E-82C053B2340A,,,,,,,ODN0002392886,z,right_only
1A8B7229-F7B9-46A8-9AAD-BFCEBDD9B704,,,,,,,ODN0002392005,z,right_only
DC9EB0EF-71E5-413A-A907-3E8002E6030D,,,,,,,ODN0002392007,z,right_only
520A73F1-E3BF-4FD4-AC19-CCE283009E24,,,,,,,ODN0002392006,z,right_only
BC388ED0-B5DA-4143-8540-29E580EBD39F,,,,,,,ODN0002392008,z,right_only
3700F513-6454-4D57-BFEA-D959765B6FCC,,,,,,,ODN0002392820,z,right_only
94A72332-8B23-48E5-ABA2-272FCBB5865A,,,,,,,ODN0002392489,z,right_only
E9339D27-2223-4A0C-A28C-FFE04A572FEB,,,,,,,ODN0002392141,z,right_only
A749C4E9-CE8A-49DD-9EEE-FE46C909BC7A,,,,,,,ODN0002392145,z,right_only
6785A7DE-761D-47AF-AEAB-5F06E566C3A1,,,,,,,ODN0002392143,z,right_only
AA40DEB3-58D5-423C-854C-480F6F964399,,,,,,,ODN0002391846,z,right_only
793B6073-9EA2-41B4-AAF9-14D5A657EF69,,,,,,,ODN0002392110,z,right_only
6EA0C549-5EEA-4E4C-AB58-226FF18EF07E,,,,,,,ODN0002392437,z,right_only
AA39187B-7DDB-440A-84C5-77D3BD0A5C9F,,,,,,,ODN0003359050,z,right_only
7FFA9FAD-D4CE-442E-83BD-A9123EE60B18,,,,,,,ODN0002392529,z,right_only
6C01875D-D370-49CF-A048-4502A5570AF7,,,,,,,ODN0002391798,z,right_only
C324DF62-46DD-4047-A261-5213A211D293,,,,,,,ODN0002392496,z,right_only
E6AEDF34-DC55-4D41-B800-405708851B2F,,,,,,,ODN0002391980,z,right_only
3C38FBD3-06F3-4BB2-BEE4-C8AFA99C002C,,,,,,,ODN0002391981,z,right_only
32B8D770-75BF-4972-9E61-1B041A9E0F31,,,,,,,ODN0002391978,z,right_only
9DC9E068-3110-4B57-9F40-D6B24ECE85EF,,,,,,,ODN0002391979,z,right_only
9F8EAB1F-31C7-48FF-BD75-25AC6946780B,,,,,,,ODN0002391983,z,right_only
E500577D-C363-4ACE-BE55-59B3128BF9CF,,,,,,,ODN0002391982,z,right_only
0574A856-9172-4E18-86E3-3A266328F74F,,,,,,,ODN0002392187,z,right_only
37C15A8A-32BC-463C-9BBC-7C81762977E2,,,,,,,ODN0002392183,z,right_only
09BA977A-4716-4227-A7A2-4B88FF98A0C4,,,,,,,ODN0002391780,z,right_only
C4B65F58-4140-4F7B-BF00-86C7079B7B12,,,,,,,ODN0002392461,z,right_only
92680C3B-88CC-4AB3-A8C7-32A4EB2A7E08,,,,,,,ODN0002392069,z,right_only
7A406BEF-1A20-4E1E-AD08-C07682C64F84,,,,,,,ODN0002391932,z,right_only
9F4E3721-6002-4A91-A027-9A6CAD039FBA,,,,,,,ODN0002392131,z,right_only
3A37C0C8-638E-4602-B4E6-560CB8189828,,,,,,,ODN0005460785,z,right_only
E6C8C0C0-BD7F-4852-A153-2416C880F28A,,,,,,,ODN0005181712,z,right_only
E4038914-9D78-4C27-BFB3-1D00F47CFFCC,,,,,,,ODN0005379900,z,right_only
6AD9DCC7-CB92-4798-B6C5-A157314333A2,,,,,,,ODN0005423590,z,right_only
D589828E-133B-4215-B0E0-2D9E0D9D1CC6,,,,,,,ODN0002833522,z,right_only
2A8C42CE-3BE8-416F-9AFE-01AABE55C094,,,,,,,ODN0004902296,z,right_only
00511972-336C-4461-AA2D-832832DCAA53,,,,,,,ODN0005303334,z,right_only
AD482BDE-C385-49E8-B8D6-6AE061E3D2FC,,,,,,,ODN0002737587,z,right_only
C2C49927-C779-4A1E-A6E9-7286593C81AD,,,,,,,ODN0005303339,z,right_only
4E603E14-E6FB-4A17-850A-6EB4287C6EFE,,,,,,,ODN0004835480,z,right_only
0C1ADFB0-DDA8-4A9D-B7FE-121589211619,,,,,,,ODN0005460842,z,right_only
35590DF7-2D47-4B48-80D0-041F24DF17F3,,,,,,,ODN0005355130,z,right_only
E6C09BDB-49F0-47F7-ACE2-A8E2A71FB986,,,,,,,ODN0005303342,z,right_only
5359467E-69A8-4E47-A369-8BE1C20ACA2D,,,,,,,ODN0005355132,z,right_only
9E77005F-E135-4FF3-B991-69E30E295DE8,,,,,,,ODN0002891623,z,right_only
54F7B936-45D3-45C3-981F-CB22B0F89731,,,,,,,ODN0005261731,z,right_only
45EF49B5-F009-47DE-8D3D-65416D16D97F,,,,,,,ODN0004495786,z,right_only
6A73AE73-14BC-4622-9502-0D3E0D2BC5F7,,,,,,,ODN0005460817,z,right_only
9DBA1527-6DD5-45C4-81D2-3DAAC56BB573,,,,,,,ODN0005460818,z,right_only
7CEA5F1A-6D50-4DFC-83BA-4A63A9F98C74,,,,,,,ODN0005303345,z,right_only
1479D659-2156-43CE-96A9-61E07C9AC195,,,,,,,ODN0005261738,z,right_only
42B89F67-1E4C-4825-AB03-9D16BCA8E2BF,,,,,,,ODN0005072765,z,right_only
EE6383E9-BC4C-4EDE-A974-607DC771ED55,,,,,,,ODN0005181729,z,right_only
F461F7B0-B28B-4AEF-A177-0E6D83A620B5,,,,,,,ODN0004344251,z,right_only
F0833F78-196A-4D5D-8066-01EC5349F755,,,,,,,ODN0005140148,z,right_only
39CCA877-76D6-456C-8541-FB764E3A8259,,,,,,,ODN0005335399,z,right_only
AB9CCE74-1BA8-4F54-ABB6-9EF5AA6DAC5B,,,,,,,ODN0004943210,z,right_only
3829C485-2AEB-4108-8C94-9BF952EECDC2,,,,,,,ODN0005280876,z,right_only
3FC70795-F240-4907-9391-C32603A05E4E,,,,,,,ODN0005181737,z,right_only
04C14F2C-4D4D-43CD-BB51-51B55D537661,,,,,,,ODN0005355154,z,right_only
098A432A-EE4E-4F10-90DE-247C433D951D,,,,,,,ODN0004606569,z,right_only
841D3930-4DE4-4B43-918E-E81DFC572675,,,,,,,ODN0005379912,z,right_only
D1AF3B25-5892-433A-A38B-65F02D5DCF3C,,,,,,,ODN0002760791,z,right_only
1ED4BE4A-113B-405B-923D-D1FAFB2E7763,,,,,,,ODN0005460831,z,right_only
13CD836C-1F5C-495B-AE21-1FE7B94E9A8D,,,,,,,ODN0002972782,z,right_only
534D9486-8C4B-4426-A875-4A00D1C170E5,,,,,,,ODN0004589274,z,right_only
657E4889-2AC0-4640-9346-8CBF7DFC86B6,,,,,,,ODN0005261748,z,right_only
29738042-0CAB-47BC-B294-556561E447B9,,,,,,,ODN0005379922,z,right_only
6507D4A4-D200-4F29-B59B-BD58C380CE6E,,,,,,,ODN0005397665,z,right_only
E006B7B5-27C1-4C38-B05F-DB42470D4BD8,,,,,,,ODN0005181745,z,right_only
6C72989A-2850-4094-947A-ECEB2EB66BDF,,,,,,,ODN0004878671,z,right_only
91BB6ED1-23A3-486B-8FDB-22097FBE69F1,,,,,,,ODN0003447694,z,right_only
4F0BAF33-C83F-4B10-A3D4-87E8AD3D567E,,,,,,,ODN0005379931,z,right_only
41C25948-2A1C-4DC5-BEF8-671F684F40DE,,,,,,,ODN0005423624,z,right_only
725C4C85-BB85-4EF7-B2B6-4637A4B23EC9,,,,,,,ODN0005181761,z,right_only
8AD927B4-F035-4E75-8B09-FF147F01669A,,,,,,,ODN0005181763,z,right_only
78A5B375-102C-4165-93E8-66D114FBFF77,,,,,,,ODN0005261759,z,right_only
6B65CDEE-84E5-4FD7-92E7-AAFEA2DE5701,,,,,,,ODN0004555227,z,right_only
BF5B11D6-0302-4707-BDA8-027FF86EB3A7,,,,,,,ODN0004668412,z,right_only
9183596D-7343-432B-B7F4-053248E5C1B2,,,,,,,ODN0005303398,z,right_only
14F50628-3BA8-41AF-BECF-E1359A1DBA59,,,,,,,ODN0003583542,z,right_only
8E8932B0-AB86-4F00-836D-F0499D61B665,,,,,,,ODN0005303414,z,right_only
8D0FE669-8D22-42B4-8A47-04930E082B8E,,,,,,,ODN0005303420,z,right_only
65DF7A20-F20C-4E9E-871B-D507FCA9342D,,,,,,,ODN0005303421,z,right_only
4DCAEB80-18F2-4DD2-A8D8-D71A3DA3E599,,,,,,,ODN0005048569,z,right_only
5336ED75-179D-44C6-B4FE-CABA02DCA8B9,,,,,,,ODN0004323196,z,right_only
65B345FF-C605-4F63-9E41-BE4605A68EA6,,,,,,,ODN0005423926,z,right_only
56EE7E1B-A66B-4C45-9942-B94534F4FF85,,,,,,,ODN0004579560,z,right_only
BAB86EAB-4E1E-4DA0-8D5F-4460EF6E6AF3,,,,,,,ODN0002761358,z,right_only
B2F2D1CC-838C-4F60-B53D-B8D2F695BB0E,,,,,,,ODN0005280909,z,right_only
F01B4CB7-19CB-4086-80F9-B237E6E4CC38,,,,,,,ODN0005238347,z,right_only
CD7C1174-942A-4E1D-8AAD-E32701D7013C,,,,,,,ODN0005181946,z,right_only
2D401639-0822-407F-A2C2-2766B4A479EA,,,,,,,ODN0005460968,z,right_only
90AB969F-613D-4A8E-A42E-86D3BEF7E470,,,,,,,ODN0002845233,z,right_only
A7E57268-26C3-466F-80F1-7AA4D90EC9B8,,,,,,,ODN0005460970,z,right_only
BCC68586-9698-4967-81AF-F1FBD2137F38,,,,,,,ODN0005355315,z,right_only
A030AEB7-1FED-40AB-A4D1-6DE49C27C056,,,,,,,ODN0005038088,z,right_only
EC15CFF7-7FF6-47DA-BEA2-496333378BB8,,,,,,,ODN0004408822,z,right_only
DBEA411A-EEB0-4101-BBC7-1A8E932577C5,,,,,,,ODN0005460985,z,right_only
F7F926D3-1230-4E67-BDB1-E13B0845EA8A,,,,,,,ODN0004153577,z,right_only
1BB56AB8-DC34-46D8-AC6C-23E72A0A3C4F,,,,,,,ODN0002761584,z,right_only
8B41B54C-75E9-4524-B98C-E234D0E0B322,,,,,,,ODN0005423968,z,right_only
33563E73-60F7-4C73-814E-9CB13F4F9BCC,,,,,,,ODN0002708468,z,right_only
23848E01-548C-41CA-898B-9AF85D701335,,,,,,,ODN0005423972,z,right_only
D67D1FFC-5E8F-4AB5-AEE9-014FEFB2BA52,,,,,,,ODN0004390482,z,right_only
F2464D13-EDC6-4685-B177-DF3B8EE88C33,,,,,,,ODN0005181975,z,right_only
1E5E4972-3D5D-46D0-A30A-6A4CD34EF84F,,,,,,,ODN0004462328,z,right_only
37A861E4-F593-42B4-B9A5-FE53367F418B,,,,,,,ODN0005335493,z,right_only
2835AE93-FA23-4589-85D1-DFF0FD666A9A,,,,,,,ODN0004878684,z,right_only
2B408F58-8BEE-4CA9-B15C-FE057D2DDEE2,,,,,,,ODN0005018563,z,right_only
4ADB02BE-E62E-48F5-8160-4D491A4D7D61,,,,,,,ODN0004462331,z,right_only
D8E3D9CD-4683-435F-9B4E-E31ED4334E75,,,,,,,ODN0005380016,z,right_only
1BF7F8AD-FFF6-4770-9FE2-D3443F3FE02F,,,,,,,ODN0002719790,z,right_only
82830BB5-B557-4D83-AAE1-12693058079A,,,,,,,ODN0002761734,z,right_only
3233CD8D-B793-4C02-92EE-21DA86065A7C,,,,,,,ODN0005181988,z,right_only
CA57B431-2EE4-4772-B676-BD06BD4517D5,,,,,,,ODN0002719841,z,right_only
548FC794-5FBC-40D3-A468-FA18CF5F15CC,,,,,,,ODN0005423994,z,right_only
1E83F689-8A44-44C1-99BC-BD70E768BCB8,,,,,,,ODN0002788268,z,right_only
DB546270-AB0D-4326-9863-84A08D51C8C3,,,,,,,ODN0005409577,z,right_only
38E9B0CB-6A93-4F89-9D38-18E74131F571,,,,,,,ODN0002761843,z,right_only
2998A80A-CBF2-4499-8AFA-6A757FE5FC4D,,,,,,,ODN0005381429,z,right_only
F3A06916-4644-450F-9FB5-0118F16C2076,,,,,,,ODN0005397770,z,right_only
AB56B63A-B633-4475-8603-6AC396F322D0,,,,,,,ODN0002761891,z,right_only
67DDC7A3-50A0-46E5-905A-F5B36293D068,,,,,,,ODN0004934386,z,right_only
6B973171-1718-4C65-A633-BB063323F3BD,,,,,,,ODN0005261791,z,right_only
EB7A313E-61F4-48B9-B9EC-076CA7838976,,,,,,,ODN0005461029,z,right_only
5099496D-DC66-400F-A783-2B0E676B7338,,,,,,,ODN0005140520,z,right_only
E3B4BDDE-0F26-4EA3-8374-F2621E52B126,,,,,,,ODN0005380035,z,right_only
5078778D-85AF-4B8B-AD2B-2B298B5F1B24,,,,,,,ODN0005355370,z,right_only
EB280F26-F087-4E62-B31C-29696A359158,,,,,,,ODN0005380038,z,right_only
F77EED2F-58EA-40D4-B56E-0EE4185CB99B,,,,,,,ODN0005182009,z,right_only
B35AF097-0BFA-4694-B2F0-428026B974D6,,,,,,,ODN0005247782,z,right_only
9DEB43AE-6FAE-4978-85F8-E1D560C5B158,,,,,,,ODN0005303517,z,right_only
E91D44C0-67C4-4C46-AF61-2F011D2BE5DA,,,,,,,ODN0003203051,z,right_only
6F5036E4-057A-48A1-8912-8EAB30E22166,,,,,,,ODN0004589315,z,right_only
889A6F77-D8AF-49C9-9083-5338C03D8965,,,,,,,ODN0004453292,z,right_only
E065698E-C5F5-4ABE-A849-3EE97981D1B7,,,,,,,ODN0005381434,z,right_only
6F488008-2A77-44A0-A78A-5CF9F5BE507C,,,,,,,ODN0003152915,z,right_only
DD710C8D-50F6-4580-AA17-A187A23A1203,,,,,,,ODN0002762158,z,right_only
4DFF7430-E9D9-489C-95C5-692680FB1BAD,,,,,,,ODN0005099462,z,right_only
071DBE78-5FAE-490B-8FF4-77BD1BF95A6C,,,,,,,ODN0005204182,z,right_only
F6935747-8010-4E8E-A8EE-0D1722F689C4,,,,,,,ODN0004854260,z,right_only
8199AE76-0D01-48BB-9F6E-CD60E34F7FD5,,,,,,,ODN0005182046,z,right_only
17F23E15-62EB-4B5D-83B7-882FC207487B,,,,,,,ODN0002762230,z,right_only
75A63A1D-A024-4EBB-A458-C6D74B6CE4D6,,,,,,,ODN0004958038,z,right_only
D19841FC-7B13-4DD4-91D8-6FD84A544F38,,,,,,,ODN0005237999,z,right_only
2C9F94F1-0949-47AF-8AED-4C303F091DA0,,,,,,,ODN0005182047,z,right_only
E0B8672D-E9BC-4612-A0C1-C8C872773639,,,,,,,ODN0005303536,z,right_only
121C4FE6-73B3-404E-83B2-D36B7C67D1F8,,,,,,,ODN0002721247,z,right_only
E32F6D42-1B06-4A26-AB42-71C32ECE2951,,,,,,,ODN0005409588,z,right_only
38C852DD-9E1C-44F8-9200-344068917E85,,,,,,,ODN0002762292,z,right_only
6A74858F-DB43-4C33-BEE5-56E911E54A17,,,,,,,ODN0005072850,z,right_only
FC9C133E-E964-453C-9A9E-81D08DB6D856,,,,,,,ODN0005397816,z,right_only
8E76C921-CF40-46F3-8570-23E6B7058405,,,,,,,ODN0005238008,z,right_only
1C351D03-C654-43D9-B2CB-5FB0E7CF145D,,,,,,,ODN0004764088,z,right_only
C0080BAB-7F18-42F6-BFAE-17691E7DC601,,,,,,,ODN0005213907,z,right_only
DA2900BE-B2DA-4283-990E-E7312CC898DB,,,,,,,ODN0002762366,z,right_only
942269D9-3A70-4A2C-85B3-515965DC7EA3,,,,,,,ODN0005461074,z,right_only
0FD701E3-10D2-4F13-8D48-99C4C6D01EE9,,,,,,,ODN0005261808,z,right_only
E79CBC3D-1B73-447A-9831-F096F49C5DFC,,,,,,,ODN0005247792,z,right_only
666E93F5-181B-4FEB-A78E-F747565E7CF1,,,,,,,ODN0005461077,z,right_only
FD4ADAC9-4E50-4E38-9FE0-17A94D62DC6A,,,,,,,ODN0002762404,z,right_only
D321E70A-78F4-4B00-93DF-FFFEA50D87F9,,,,,,,ODN0004934407,z,right_only
D730569F-CC5E-4117-9BDC-90F3C775EF8C,,,,,,,ODN0005380069,z,right_only
95AD2F84-CCD1-435C-92A9-457F600F82F8,,,,,,,ODN0005461083,z,right_only
42FC1092-C862-4570-977F-71726EDAB898,,,,,,,ODN0005182081,z,right_only
5433F532-0836-45F6-AE5E-E2BA1CFCB116,,,,,,,ODN0005204192,z,right_only
4529CC1E-6987-4195-88A7-7231B6C2E1F8,,,,,,,ODN0003559931,z,right_only
B95372D4-728A-40CE-BD6A-06290AC8B157,,,,,,,ODN0004705265,z,right_only
BDF4AB1B-F205-43C6-840A-ED36CB13B69C,,,,,,,ODN0003527771,z,right_only
FBBA7A4F-1872-45A8-BC9F-A34EE62380C6,,,,,,,ODN0002721415,z,right_only
493B1CD7-5433-4BBA-9271-0FB91E9BA874,,,,,,,ODN0005355400,z,right_only
9CF0B195-A201-4AEA-87DF-4AFE1C1505B9,,,,,,,ODN0002762502,z,right_only
21F6652E-6CD3-4561-9515-E9CFDEFF32B3,,,,,,,ODN0004991563,z,right_only
2F1D395A-FAF1-4DC9-A581-BE4A33AF2514,,,,,,,ODN0005247794,z,right_only
AF12781B-1460-40CE-96E7-1CE18981988E,,,,,,,ODN0005335589,z,right_only
94A72291-4A81-4729-8190-1D26CA2287A0,,,,,,,ODN0005303553,z,right_only
EFF32589-73CB-4A42-A7F4-0D723240C5E8,,,,,,,ODN0002708766,z,right_only
D56D5A10-413F-4C6D-A6FC-122FA8802B31,,,,,,,ODN0005461091,z,right_only
C53192EE-36C6-4027-BE38-0CC7AD93BE89,,,,,,,ODN0003583705,z,right_only
A417DEAE-179D-426B-B389-1C329D800235,,,,,,,ODN0005409594,z,right_only
CE87BFBD-4EEF-47A2-BD69-A47D9ED47F8D,,,,,,,ODN0005380077,z,right_only
B7B95BD3-9A35-4FA4-BFEC-28EA64979CA7,,,,,,,ODN0005461093,z,right_only
8CE7C009-C7CA-4577-9A9C-4627CCB02DAC,,,,,,,ODN0005355411,z,right_only
75964FF6-0E57-4113-ACE6-9BDE578BD328,,,,,,,ODN0005355412,z,right_only
D2AC73BB-81ED-4BA7-9341-20C14A5EE243,,,,,,,ODN0005461095,z,right_only
51309542-F40C-4B02-AA4D-7366255D89CF,,,,,,,ODN0005303557,z,right_only
1F01DD3B-15E3-4794-B1B9-00F083497320,,,,,,,ODN0005303558,z,right_only
4FF2ADE9-8892-4061-9ACD-6B2496023B7A,,,,,,,ODN0005380078,z,right_only
4AF8A159-11BC-4B92-BFF1-6D72F4A9DD02,,,,,,,ODN0005303559,z,right_only
47C0272C-35EE-43CF-96E9-ED60F9CC0744,,,,,,,ODN0005303560,z,right_only
4B3644C5-65E3-4E7F-8B11-049EA0BFC7C7,,,,,,,ODN0005381447,z,right_only
4C42BA5D-155D-4DAD-B876-B31713A228E3,,,,,,,ODN0002721578,z,right_only
9D0EC53F-6502-418A-8292-466EA7E579D4,,,,,,,ODN0003945171,z,right_only
28604460-DB57-4C3F-9E26-9633BC90E520,,,,,,,ODN0005223172,z,right_only
43F1F607-2234-44E2-BB9E-5795B89895DF,,,,,,,ODN0005204200,z,right_only
73D81E39-C706-48CD-9867-8D07787A6BA6,,,,,,,ODN0005380080,z,right_only
34339E75-294D-43A5-BDD7-B7186E7436C1,,,,,,,ODN0005280951,z,right_only
5C416916-A0D9-4858-8A3E-AE90DEF26E11,,,,,,,ODN0005397827,z,right_only
075FD53F-0B5E-499F-981B-075A02D440B7,,,,,,,ODN0005397828,z,right_only
1B0CEA64-EADE-43D5-A8B8-98539119A299,,,,,,,ODN0005397829,z,right_only
D22AAC72-605A-4052-A312-DE99D48550BF,,,,,,,ODN0005247802,z,right_only
F400508E-6CF2-4FC6-BE79-5C03231D4331,,,,,,,ODN0005397831,z,right_only
220AFF18-433F-4080-8962-FA0E3312B326,,,,,,,ODN0005247805,z,right_only
B00F1618-B86B-453C-AF8E-D8EFBA082A98,,,,,,,ODN0004306384,z,right_only
B7322918-B152-412E-B7A2-85551BDD7524,,,,,,,ODN0002762678,z,right_only
520FDCEB-4F0E-40EE-AB39-C855E28C4C75,,,,,,,ODN0005261818,z,right_only
6A03664F-62D3-44B6-999C-2163F499DF69,,,,,,,ODN0003447813,z,right_only
E48BBF7B-DA83-468D-BD41-5064760CD5CD,,,,,,,ODN0005182097,z,right_only
76695BD2-6422-4521-973E-E780CC63B62E,,,,,,,ODN0005461107,z,right_only
A1B711C1-E0B4-4058-99C5-959D33427BF0,,,,,,,ODN0005380099,z,right_only
55CD5F8F-3291-45E6-BED4-75FBDC611D0D,,,,,,,ODN0005303568,z,right_only
2ADC1FF9-7D83-4E35-A609-BF43B80ED354,,,,,,,ODN0005140740,z,right_only
808E6AB3-6639-48F0-BFDE-1915E8087322,,,,,,,ODN0004826255,z,right_only
7B312E68-0456-4011-9BAF-F852DCE6FFF8,,,,,,,ODN0005397837,z,right_only
8EE6AE87-4786-4C53-A454-48497E4A305F,,,,,,,ODN0002762772,z,right_only
3EA0E215-E580-4458-8EF9-5E978C88AA8B,,,,,,,ODN0002762778,z,right_only
90601739-BD73-4AEC-BF5B-B9A7DE0669BD,,,,,,,ODN0002762792,z,right_only
9CE8C91C-800B-4C6E-BA5C-3099A2C25F25,,,,,,,ODN0005018597,z,right_only
6F673C65-D0C9-458C-9F2D-847BEA323230,,,,,,,ODN0005247810,z,right_only
ECF168B1-F47A-4903-AB16-514049DC77B6,,,,,,,ODN0004705285,z,right_only
77FFB5A6-B7E1-4C23-B165-CE7B10F3AD31,,,,,,,ODN0005424073,z,right_only
0395D162-9C82-4797-A6F1-0718923BB524,,,,,,,ODN0004055342,z,right_only
78A2495A-4756-487B-8155-17703AED306C,,,,,,,ODN0002893504,z,right_only
2558E33F-E09D-4875-A875-A7E830FAFD80,,,,,,,ODN0004786804,z,right_only
4B9601ED-0701-4AAA-8D6F-D39D3FC8071D,,,,,,,ODN0005461122,z,right_only
42407475-A942-4304-B9FD-F2CE50DAE407,,,,,,,ODN0005303574,z,right_only
200C4FCD-49D4-49FF-B83E-0BFF88698624,,,,,,,ODN0002762897,z,right_only
0B6E7FCE-8D32-45D8-9081-6B206BC9B00C,,,,,,,ODN0004323430,z,right_only
9D213EF9-13EA-4809-BFEF-E454E30F56C1,,,,,,,ODN0005303576,z,right_only
5FBABFD1-E84E-4152-9562-D8C2877F376B,,,,,,,ODN0005355444,z,right_only
A690A1EA-8294-45C0-89DE-1F5C1FD3645D,,,,,,,ODN0005303579,z,right_only
4A447D68-54AA-407C-A248-E1EADF22632E,,,,,,,ODN0005461142,z,right_only
862A7DA9-5853-4C91-8FFE-13E36EDF69CE,,,,,,,ODN0004991576,z,right_only
C7EE14F2-D873-4A2C-B70D-85BD9823768C,,,,,,,ODN0002801600,z,right_only
21FBB730-8DC5-434B-95CF-0DB18B485525,,,,,,,ODN0005261841,z,right_only
24C02DB6-FD2C-462B-8DAF-D7088EF6EED7,,,,,,,ODN0002763067,z,right_only
6BC4A17D-5140-44F8-9C82-7045DEC22BE4,,,,,,,ODN0005303590,z,right_only
3AF937B0-5A05-45CE-B83D-6D47372F444B,,,,,,,ODN0005261843,z,right_only
43DF03FE-9D92-458C-9D01-6362EAF90B9F,,,,,,,ODN0002763076,z,right_only
FDB5F1A9-BF82-40CD-9DB1-A44BFEDF80B7,,,,,,,ODN0002763083,z,right_only
9678FD15-670B-4BA4-ADC5-A3C03F98C423,,,,,,,ODN0003153042,z,right_only
EFEF5D33-A5D1-4986-B25A-E7FD79CF9CFB,,,,,,,ODN0005397857,z,right_only
66A3D717-B4B8-40CA-B8CD-4305340E2506,,,,,,,ODN0005424098,z,right_only
EDE17646-F50E-45B9-84EF-1EF77E6A2ABE,,,,,,,ODN0002709077,z,right_only
BA05022B-2A9F-4F8E-B1EF-4BCC6121F442,,,,,,,ODN0005410091,z,right_only
8B2F2DE8-D39B-420C-B243-17CF8CC65394,,,,,,,ODN0005461151,z,right_only
85B86068-4F5C-441D-B73C-69B4988717BB,,,,,,,ODN0005497287,z,right_only
794B86B5-70F9-41CA-818D-B3D9ED939D94,,,,,,,ODN0005303594,z,right_only
92760099-8021-42BB-911E-623CF670E15C,,,,,,,ODN0005303595,z,right_only
0DF33A85-D6DB-4DF5-B053-0895702398DA,,,,,,,ODN0005303597,z,right_only
7DB32E1A-BC27-445C-8A7F-DA1E6867AA1F,,,,,,,ODN0005461152,z,right_only
C0D2120B-0837-434E-985B-E4D8DC1118C8,,,,,,,ODN0002709085,z,right_only
15C28357-1EAB-4BBC-97F4-0D723F82703C,,,,,,,ODN0005280967,z,right_only
9034C880-C802-4883-A3D8-511964444A95,,,,,,,ODN0004358467,z,right_only
906B1B21-A1D0-434F-8257-333B5B24CF04,,,,,,,ODN0002763228,z,right_only
5246A08C-7D7D-424E-8931-42FEBB2AC3BC,,,,,,,ODN0004606686,z,right_only
9314A7F0-4073-4990-8152-3A6D1C3224D8,,,,,,,ODN0003840689,z,right_only
5548FB21-1C7C-40EA-812C-138D6CAFCA53,,,,,,,ODN0005261853,z,right_only
42DC6C4A-A350-4B7D-AB4C-8473C4D7F6FD,,,,,,,ODN0005380135,z,right_only
0DD83623-70A2-4D1B-A8C0-5DD5EC2B504C,,,,,,,ODN0005247820,z,right_only
354A97DB-B72F-47E3-B784-7AC4FF34FCDF,,,,,,,ODN0004555324,z,right_only
764DB83A-6D35-4D8D-B30A-142F6226710F,,,,,,,ODN0005355487,z,right_only
1B0393C6-5530-452F-994D-F9991FB207DC,,,,,,,ODN0005355488,z,right_only
065B2BE2-B47E-4432-9A4A-3DCB1E765BA5,,,,,,,ODN0005335666,z,right_only
1AE5DC4E-6E49-48D3-B78A-8B1CA92BAE5A,,,,,,,ODN0002763294,z,right_only
5A26FB95-7360-4D98-BB49-7B11037A8F39,,,,,,,ODN0005182158,z,right_only
90E6B751-03DB-4DC4-9178-AE7B2CEAE470,,,,,,,ODN0005379639,z,right_only
28354E52-E4C8-4664-BE55-4BCD72AFAF81,,,,,,,ODN0002973986,z,right_only
20803194-DC73-4271-AC4B-12E519284850,,,,,,,ODN0002763328,z,right_only
C959028E-4EB2-4FBE-875E-0ABCAB69AB61,,,,,,,ODN0004764171,z,right_only
188DD27B-3CC3-4482-8B04-34652B96145E,,,,,,,ODN0005461164,z,right_only
11BD84AB-BCA6-4304-AE86-A2B8A966B5EA,,,,,,,ODN0002801826,z,right_only
A7746C3F-77FD-4AF4-A3EC-736F88D4C542,,,,,,,ODN0002801827,z,right_only
E687B515-4CBA-4799-9645-1AA4289CE69E,,,,,,,ODN0002801828,z,right_only
131353E3-2260-4981-8FC6-84D605680308,,,,,,,ODN0004934435,z,right_only
1B536F44-A3FB-4C69-B190-D5A142E2410E,,,,,,,ODN0002763404,z,right_only
96B4C042-1491-44E3-89D7-F8B158550DE2,,,,,,,ODN0003560017,z,right_only
684E156D-7C5B-4B2A-9717-6C01D2CD59D4,,,,,,,ODN0005379641,z,right_only
B4586FF6-0453-472C-81AD-A23FAE8C37D3,,,,,,,ODN0003485056,z,right_only
3BFD48CB-2AFF-4577-80C6-9A02AD695E9C,,,,,,,ODN0005461170,z,right_only
41A73C69-1869-4D6C-8C7C-C11961D0BE01,,,,,,,ODN0004892696,z,right_only
3D0E7D03-A752-4804-A318-F094C5D2579E,,,,,,,ODN0003583806,z,right_only
C88E470D-691E-444E-B364-1380B6825402,,,,,,,ODN0005409617,z,right_only
17A072A6-E1E0-4B2E-A6F1-E2B71A345B4F,,,,,,,ODN0005303621,z,right_only
2B46C262-39E3-43F2-8DE8-A14CC6883AE7,,,,,,,ODN0005355518,z,right_only
E06630D2-5C3D-40FE-B71E-652C52F0A55F,,,,,,,ODN0005380148,z,right_only
62AFD5CC-37E9-4D18-B01A-7A9597877BA4,,,,,,,ODN0005379643,z,right_only
F084110E-0FD1-4B0E-92F5-0FDF56E8893F,,,,,,,ODN0005461186,z,right_only
FF9C8F72-E5D6-486E-AA05-18B1E9552C4A,,,,,,,ODN0002763582,z,right_only
FB5AC749-DB80-4B79-AD3F-74F8656BAA8A,,,,,,,ODN0002722246,z,right_only
75442D8E-CED2-490C-82A6-1C9BCED33012,,,,,,,ODN0003324378,z,right_only
26AC316C-9D34-4588-9EF3-EFA4C8DB7A9C,,,,,,,ODN0003276773,z,right_only
D318B7B9-95A8-490D-87C2-435AC9B72B87,,,,,,,ODN0005355568,z,right_only
345C61EA-4A50-47A7-8D6D-F7854D428368,,,,,,,ODN0005038169,z,right_only
806FB165-CD45-4A3D-9459-7E545B5DEA1C,,,,,,,ODN0005048664,z,right_only
17C073D0-263C-4C9C-AE9E-709E249BCA6E,,,,,,,ODN0004835562,z,right_only
F55CA29E-5EAA-40B1-B3D1-C998476175A1,,,,,,,ODN0005461199,z,right_only
CA99C3F5-851B-4E5B-A4B1-EBD52E920AD8,,,,,,,ODN0003447881,z,right_only
0C44AEBD-598A-4134-90AD-30EAF47DA27B,,,,,,,ODN0005397903,z,right_only
350F6128-7053-434A-896E-3ACBB5A84B7D,,,,,,,ODN0004943262,z,right_only
9E44312D-D243-4322-A544-0F495766721F,,,,,,,ODN0005461219,z,right_only
5FB516CB-D9B5-473F-A3CB-E106313778C8,,,,,,,ODN0002788866,z,right_only
D83921F7-93B7-4E96-A3B7-0547F2B6E535,,,,,,,ODN0002763760,z,right_only
200BE83E-7D12-4120-B186-1F74068173FA,,,,,,,ODN0004323551,z,right_only
72CE8768-CD53-4B78-911D-DA51F8A59021,,,,,,,ODN0002763926,z,right_only
E4C41482-9833-4442-89CA-D7FE5D2898D6,,,,,,,ODN0002763930,z,right_only
FDB22C1C-81B3-4E24-8A9F-8B1473C3BDE1,,,,,,,ODN0005261883,z,right_only
69F0EB4B-E6B4-463B-A8E6-846D526D526C,,,,,,,ODN0005355627,z,right_only
FBE4213A-5137-4EBE-A585-8868DF3274B9,,,,,,,ODN0005204250,z,right_only
CB6581D6-52DE-4001-996F-5FF63CB2FF89,,,,,,,ODN0005280999,z,right_only
C72E93D0-08DF-4537-B138-15C0C378EEB9,,,,,,,ODN0005303659,z,right_only
C62C09B0-B154-45D2-8E26-9DE3A62AAC83,,,,,,,ODN0005182223,z,right_only
95A80A9E-4D07-4359-9342-3F7EE60A0FF9,,,,,,,ODN0002760087,z,right_only
41C91F06-008B-4F36-A3EE-EBA5BF9AD19D,,,,,,,ODN0002898905,z,right_only
418F966D-FA0D-4F8C-B23E-C52331115DAC,,,,,,,ODN0002898907,z,right_only
9BEE7D2E-F98B-41A7-B72D-304C6CA08655,,,,,,,ODN0004958098,z,right_only
B28D489A-3DD9-4848-AA59-538AD5215719,,,,,,,ODN0003560091,z,right_only
57D1F995-419C-4081-A922-8A149BF4E6E5,,,,,,,ODN0005397916,z,right_only
9058D56F-DDF1-4558-B3AD-3043B95DB841,,,,,,,ODN0005303668,z,right_only
45621055-E0D7-4C7A-BFB6-2DDCD78A5511,,,,,,,ODN0004826301,z,right_only
90D8E8AB-28C9-4F5E-8319-48066D995F69,,,,,,,ODN0005380179,z,right_only
2B6AF99C-463E-4F7A-921C-3BD832CEEE3F,,,,,,,ODN0005397919,z,right_only
503BF149-A798-4CF8-82EC-A3CFD046C76D,,,,,,,ODN0005303670,z,right_only
DF438048-CE7F-469B-A7B7-58594395F8E7,,,,,,,ODN0003614865,z,right_only
E40B4E81-6366-43CA-9332-FDF309711070,,,,,,,ODN0005223219,z,right_only
99F5D731-90FA-4C1A-9C5A-7394F9F37A3E,,,,,,,ODN0005261891,z,right_only
B667CC03-5DD6-4165-B503-1361522AE25F,,,,,,,ODN0004873016,z,right_only
13C65DDE-079C-4723-8256-1F6F9AE82041,,,,,,,ODN0005281008,z,right_only
1C226817-F6E5-4F43-9D24-0D335A205414,,,,,,,ODN0005223221,z,right_only
3330AB8C-A472-4867-AD04-2F4B459389C5,,,,,,,ODN0005204266,z,right_only
2B9E3A1F-1276-4C3F-874A-84D38FB16742,,,,,,,ODN0005182241,z,right_only
FAB1A8FB-7909-4952-B720-EBBAC62AEEF7,,,,,,,ODN0005397926,z,right_only
91C52B61-298F-4079-99A9-900F93F777A8,,,,,,,ODN0005261897,z,right_only
05B2FF79-B1FE-461C-B082-AB350CBD3CF0,,,,,,,ODN0002764245,z,right_only
367228AE-357D-4D32-98C9-FD4D63ADB7B8,,,,,,,ODN0005238115,z,right_only
AAA60EF8-85D2-455C-9119-F16E79185516,,,,,,,ODN0002977430,z,right_only
4A1D162F-D19E-478D-BCA9-07FEBF928300,,,,,,,ODN0002974547,z,right_only
87AAEFD1-BAF7-4E8E-B4BC-D481FF5631DD,,,,,,,ODN0002764319,z,right_only
4D699CDF-6FE8-4047-ACFC-9375FE4B00AD,,,,,,,ODN0002709432,z,right_only
D38F7B2B-E4F3-43F5-9449-FDE1DB264F76,,,,,,,ODN0005380204,z,right_only
07E601E9-BE05-4BBD-906D-99D62BED1CCC,,,,,,,ODN0005355666,z,right_only
6B77A184-841C-44C3-A815-3CCAF22F70FA,,,,,,,ODN0005204276,z,right_only
15E40145-F20F-458E-AE4D-5431DBCDDC9E,,,,,,,ODN0002722685,z,right_only
F34BD6E7-850B-452B-9C21-DDA0FC12F51D,,,,,,,ODN0004846954,z,right_only
D6100F1D-E2E5-4E0E-A2E3-CA60B8B150D8,,,,,,,ODN0002974616,z,right_only
BDF9DBA9-94F9-4ACA-86C6-844C0950C4EC,,,,,,,ODN0002764393,z,right_only
64D656AB-0D3F-4495-AB4E-2BC5F4904048,,,,,,,ODN0005335770,z,right_only
D9FF7D86-C1CE-4425-B1DE-30DEBF1F11C0,,,,,,,ODN0005355673,z,right_only
DD5D082C-112E-4668-BEDC-7FD15379BD4E,,,,,,,ODN0005261906,z,right_only
0081D7F3-AEC4-4080-BA32-080870B7A420,,,,,,,ODN0005397945,z,right_only
53CB9330-7915-4FAE-9DE9-1A4ADF3CF1B1,,,,,,,ODN0002764514,z,right_only
7DC1D12B-933F-461E-A10A-7DED14B7108D,,,,,,,ODN0005397948,z,right_only
2BC27878-2C02-48B4-8559-C0E5CAFD0400,,,,,,,ODN0005223235,z,right_only
DC81E4C6-81B8-4982-87B3-52631A64315D,,,,,,,ODN0004958120,z,right_only
85C0CCEA-3479-4EA6-8659-09292FE2C8D0,,,,,,,ODN0003448064,z,right_only
864FA37E-9D6C-4F0C-ACF5-C36AC5D20F5F,,,,,,,ODN0005424176,z,right_only
346BC09A-7B63-4C53-B230-1F50F735722B,,,,,,,ODN0004991618,z,right_only
9AA4E551-BBEA-425D-AC25-F7EAEDBD0067,,,,,,,ODN0004323623,z,right_only
F37D8079-65DE-4747-9613-346D2C9B0D03,,,,,,,ODN0005182277,z,right_only
2138D5E5-A572-421B-AB4E-0A5A8FB82E48,,,,,,,ODN0005303711,z,right_only
04F95DFD-1815-4757-8212-9DB36F322090,,,,,,,ODN0005303713,z,right_only
1557238D-793E-4155-B24D-5AA2879CEFBD,,,,,,,ODN0005303714,z,right_only
8ACB7030-C319-48AA-8947-5ECC898C6832,,,,,,,ODN0005303715,z,right_only
A10FE760-2299-4376-8234-A1B3F6BCEBA6,,,,,,,ODN0005303716,z,right_only
1670CB2A-EE84-4DC4-8045-A895698DDB5C,,,,,,,ODN0005380232,z,right_only
9F525D38-4FC0-45D7-AAC9-482B6E0EF5A9,,,,,,,ODN0003153271,z,right_only
824B20D7-6961-4B7E-996E-1EA194726D37,,,,,,,ODN0003560220,z,right_only
1EBB3803-B74A-4C1B-8115-F13A9A14FC5B,,,,,,,ODN0002837408,z,right_only
4654620E-932F-400F-9C05-0476C57F0DD2,,,,,,,ODN0005281034,z,right_only
AC71D870-6A88-45B2-AEEB-B8815D3D568D,,,,,,,ODN0003945240,z,right_only
069725A8-F2D5-4193-ACD8-4AE4AE83AABC,,,,,,,ODN0005281035,z,right_only
32B74FCC-8936-4B35-96E4-B897919B1859,,,,,,,ODN0005303723,z,right_only
BC726362-A4DD-4CDC-AA57-D0EBB78FD181,,,,,,,ODN0004011392,z,right_only
559D0A0D-5B80-41D4-95EB-9AD0D8A95BE7,,,,,,,ODN0005099662,z,right_only
183BF6A0-B3D8-4D8D-BF63-E9C6394AE5E5,,,,,,,ODN0004714104,z,right_only
BEB90BFC-1FEF-4FD3-AC2C-AE1E708E25DA,,,,,,,ODN0004679993,z,right_only
CA585AAC-82CC-411F-BE37-AB3A0F546C50,,,,,,,ODN0004513976,z,right_only
78B60562-F472-4E78-A9E6-2BAE1DB47685,,,,,,,ODN0005238150,z,right_only
80F7B15B-98CA-4085-9AC6-5EA86420FFE1,,,,,,,ODN0002802150,z,right_only
79BF4CC5-7D77-4DA8-B084-5506DB802234,,,,,,,ODN0005261921,z,right_only
2CECA95A-656E-4883-9274-1C68BA739613,,,,,,,ODN0005461309,z,right_only
5BCD0768-D68F-40CB-985D-A33975E5E99A,,,,,,,ODN0003840722,z,right_only
62C25D0B-0D27-42FD-A34C-727A0BD19E50,,,,,,,ODN0002974823,z,right_only
46B0C925-D265-4670-B4E7-8CF8491EB293,,,,,,,ODN0003583903,z,right_only
C4B5778F-163A-4695-AEEF-C081BDA66BC2,,,,,,,ODN0004854292,z,right_only
C637E3FF-591B-467A-80A6-0395DC37DCAB,,,,,,,ODN0004737069,z,right_only
7E2E99AC-8BCB-40A2-BDCC-7B6038FF039E,,,,,,,ODN0004774155,z,right_only
54F29E1C-DB36-48C0-88CC-7657C0AE8C85,,,,,,,ODN0002765034,z,right_only
BAA7C841-61E7-4A52-B8F0-A3FC99DC039E,,,,,,,ODN0005261924,z,right_only
0E9202EA-EAD9-4026-BF7D-B4388E207885,,,,,,,ODN0003730748,z,right_only
EEED1418-159F-4959-85BB-41F9E46A9CAB,,,,,,,ODN0005461322,z,right_only
966E3E3F-F243-48C9-B40E-6DBF8FD12E6A,,,,,,,ODN0002765107,z,right_only
A3DCD277-2E0D-401F-95BE-7E897510B2EA,,,,,,,ODN0002765109,z,right_only
D2FE440B-EEB4-4CBC-B9F0-699A183EC99B,,,,,,,ODN0004638801,z,right_only
E627AE86-009C-4CBD-8715-3F4DE05B0D50,,,,,,,ODN0005281047,z,right_only
8259D68C-DDCA-4A40-A9D3-60E07E159C03,,,,,,,ODN0005247852,z,right_only
93BA413F-971D-4840-AE07-D83C4B651DB3,,,,,,,ODN0004679999,z,right_only
EBBB6093-EAEE-4605-9022-691422B53273,,,,,,,ODN0005497353,z,right_only
B6A1770D-F2D2-4EDC-B62C-3F200D66C0A3,,,,,,,ODN0005261927,z,right_only
C14816E9-C708-42D7-9926-45A12E111FF0,,,,,,,ODN0005223261,z,right_only
030933E9-A12C-4A24-8974-063AAE35BF4B,,,,,,,ODN0004826344,z,right_only
F88CD387-C2F7-42DB-BCCA-D6E1D66A37B4,,,,,,,ODN0005182330,z,right_only
72757F69-8211-4C78-9BB1-E54FCFA3B380,,,,,,,ODN0004579787,z,right_only
A81F61AD-4D1C-44BD-9C02-2D3127F86DC0,,,,,,,ODN0003978131,z,right_only
AA3B424B-9DDF-4E05-A029-4D961479ACD8,,,,,,,ODN0005461344,z,right_only
63CC92C6-1860-4421-8021-64BDF2D725B8,,,,,,,ODN0005398030,z,right_only
4453210E-6A0B-4BA9-8307-B059622BC954,,,,,,,ODN0005461353,z,right_only
08A7DA56-452A-4759-9CEB-37380918F0CB,,,,,,,ODN0005204322,z,right_only
F7A0E152-49EF-4E32-8C27-4C4773DBE6E0,,,,,,,ODN0004714119,z,right_only
0AA00D82-504F-41E2-A2FD-CB3B5F6954BA,,,,,,,ODN0002974995,z,right_only
FB9FE105-F56B-47BF-951A-DCD0E870E581,,,,,,,ODN0004390577,z,right_only
D502EB47-E0A1-42B1-BD0B-D330F433F568,,,,,,,ODN0004826349,z,right_only
006547CF-0310-4584-AB51-5D820C025962,,,,,,,ODN0004863381,z,right_only
7D9BF6DA-F369-4C76-B7FD-7B8EE90FA086,,,,,,,ODN0002765520,z,right_only
B9BADF17-0E0E-4451-8E47-0EABC9B8CEF2,,,,,,,ODN0004323706,z,right_only
AADA2FD5-CDE2-48D3-A15E-363B50031C25,,,,,,,ODN0005261935,z,right_only
52C90928-8CFF-4DCB-A4CD-20071EEBFA9F,,,,,,,ODN0005223268,z,right_only
1214E835-B822-4A9D-8BDD-A84FD6772AC2,,,,,,,ODN0005355742,z,right_only
2E8554F9-401E-4990-BC75-F530DAB8FFB5,,,,,,,ODN0005380268,z,right_only
8E9129BF-7BF8-4B42-93D1-268913FAC469,,,,,,,ODN0004579799,z,right_only
86C6E735-3D49-49B0-A512-1B80180241CC,,,,,,,ODN0005182352,z,right_only
23A9D5AB-8BF2-4D60-A97A-FAE7D9E055F6,,,,,,,ODN0005355745,z,right_only
311B303F-E909-4D37-96A1-6E5EDCF0F19D,,,,,,,ODN0005461374,z,right_only
2E8D1E5E-52CE-4F91-80E8-50E14D763FF2,,,,,,,ODN0002765662,z,right_only
EE319573-85FB-4BE6-98E6-2248D94EBAA5,,,,,,,ODN0005379665,z,right_only
75241087-6666-47A4-9A71-2C1B747EB9AE,,,,,,,ODN0005410103,z,right_only
70163278-6F05-4914-916B-68D5395E7559,,,,,,,ODN0005398044,z,right_only
03615A67-60DA-47FD-A617-38BE347D4148,,,,,,,ODN0005303764,z,right_only
8958BAEF-5827-4D47-BD12-4FF12BAE7772,,,,,,,ODN0005380280,z,right_only
8AB5ED11-287E-4738-8B20-4B3DE59C5B17,,,,,,,ODN0004161881,z,right_only
A1DFA2E7-F413-4F0B-8AA7-7B9F58E43E05,,,,,,,ODN0004462452,z,right_only
D1CBCA6E-010F-4436-85B6-9D62A0722841,,,,,,,ODN0002765749,z,right_only
605801B0-F620-49BA-B536-197E5D4A00E4,,,,,,,ODN0004540053,z,right_only
79333B75-A707-4BF6-A73A-F521F93347C5,,,,,,,ODN0003789513,z,right_only
BE368F98-6A8C-400A-8F1B-77161C24F904,,,,,,,ODN0005204337,z,right_only
8928E518-A699-431D-9B46-39754F066030,,,,,,,ODN0002765771,z,right_only
5CA6E241-161D-44E4-BD1C-830D124A2910,,,,,,,ODN0005355758,z,right_only
F512489F-B4F3-4570-A32D-7F6C1819AE9F,,,,,,,ODN0005532372,z,right_only
68704419-20E2-447C-9E79-9A95AA41D42B,,,,,,,ODN0005204340,z,right_only
39C10359-D16A-454A-BF80-47F178FE57C6,,,,,,,ODN0003165488,z,right_only
A04DABD6-CD78-4826-9083-08D5CF59F088,,,,,,,ODN0005355761,z,right_only
92AC4D54-DE05-4E49-9445-867D606CFE6F,,,,,,,ODN0004705495,z,right_only
184F0A48-230E-4ADA-973D-23BB768F7FAD,,,,,,,ODN0005461387,z,right_only
C5ED05AD-4F89-4B10-9A46-1B9C61CD0851,,,,,,,ODN0002723503,z,right_only
1209CE43-B4C4-4422-A398-7EFDE33F812C,,,,,,,ODN0002765862,z,right_only
4488DF00-5569-4E47-800E-5F98E6ACB219,,,,,,,ODN0004958161,z,right_only
49181031-06EE-48E6-8A90-953AFA4AABE1,,,,,,,ODN0002975154,z,right_only
D79E06D1-A1FC-41F6-A94B-0D611A151534,,,,,,,ODN0004358524,z,right_only
A4BD76F6-9A7B-49E5-ABC9-50A6CF579E95,,,,,,,ODN0003615002,z,right_only
ABCCA5A4-FA5E-4714-8DD3-BDC909D09BFC,,,,,,,ODN0002741466,z,right_only
34079E96-5E07-4514-ADF1-D679FB1CDDCA,,,,,,,ODN0002765937,z,right_only
1C0FF509-4E5A-4BF3-B0EE-183B4691D7C7,,,,,,,ODN0003448211,z,right_only
CD270BE6-3870-4442-A854-FCCCD1C4ACF8,,,,,,,ODN0005141754,z,right_only
1057C10C-3F04-45A6-BE15-50916B3EF443,,,,,,,ODN0005281081,z,right_only
DA9BB38A-EE64-4B54-85CD-2AD552D415D0,,,,,,,ODN0005398066,z,right_only
D4764B92-6842-46EF-8C4C-7BD60EC11537,,,,,,,ODN0005281082,z,right_only
67843332-F538-408A-BD55-F733CF1B8E8A,,,,,,,ODN0002975181,z,right_only
29F0CA7A-550C-41E6-878B-CE6DECCE6BDF,,,,,,,ODN0005303795,z,right_only
FB6FEF34-11B8-4120-9FF7-351235CFF308,,,,,,,ODN0005398078,z,right_only
8A0BDB27-6A23-48D4-B87A-B8D81B5C29F1,,,,,,,ODN0005303797,z,right_only
D2423CD9-0C70-42F4-9832-42F78735E8D8,,,,,,,ODN0004892802,z,right_only
7884DFD2-8C0A-4C51-9F12-606701FD9F09,,,,,,,ODN0002845724,z,right_only
4706F4D2-7EA5-440F-B18D-81F3A9399348,,,,,,,ODN0004589419,z,right_only
05B9FC81-B63A-4248-8C47-93D4EDBB777D,,,,,,,ODN0002975212,z,right_only
B294249A-F758-452E-9022-EF0C71A89578,,,,,,,ODN0002741627,z,right_only
A9E5E839-7B7C-4A74-B5B1-AEEDDFEC45A8,,,,,,,ODN0005398088,z,right_only
BE80B5D3-04CE-4B54-8F2E-83AD0D14D04E,,,,,,,ODN0005355775,z,right_only
311AA891-354A-4F4C-930B-A9B8C96CFA63,,,,,,,ODN0004958171,z,right_only
A9B0DC34-A347-4F88-B86C-032594DD0333,,,,,,,ODN0005303806,z,right_only
D32080A3-EA38-4752-B4AD-8E96A9C88B36,,,,,,,ODN0005409674,z,right_only
7FA102FC-ECB8-4B7E-8858-5146EA0CEEE5,,,,,,,ODN0004606798,z,right_only
BB65FB44-86AD-4124-8A5E-5E7CE04BDA7D,,,,,,,ODN0002766229,z,right_only
F42C72E9-B668-4319-A8D8-A37FD53057CB,,,,,,,ODN0005461434,z,right_only
3BC9FFF7-16CB-4FA9-981A-38F32B7CB7B4,,,,,,,ODN0004892814,z,right_only
8E8976F6-A1BE-4D1C-860C-D3EE98A63E93,,,,,,,ODN0005303817,z,right_only
B7E4FC01-2D36-42E2-A1B7-7E9DF3B67D5C,,,,,,,ODN0005281096,z,right_only
CB624337-BC90-4380-9B57-130363207D34,,,,,,,ODN0005247868,z,right_only
9B780CBA-0345-4368-9BE2-3DB92DD23F12,,,,,,,ODN0005182427,z,right_only
F139C616-4968-4505-954B-6F1C6C425858,,,,,,,ODN0005335952,z,right_only
F747B463-1489-456D-BD13-99BC9BE30C4E,,,,,,,ODN0005182442,z,right_only
3FBCF305-61E4-4D83-A846-D953B8D0D922,,,,,,,ODN0003448264,z,right_only
FB5550B2-3DDE-4525-A4F0-32324D24BEA8,,,,,,,ODN0004668660,z,right_only
7C82084A-42B8-4E2D-AF6B-93DE98560040,,,,,,,ODN0005204364,z,right_only
F5F61E84-10C8-4399-A1CD-A45D00BAAE63,,,,,,,ODN0005379678,z,right_only
3237D8EA-A4DF-47B4-860C-F23A9BEFB8B9,,,,,,,ODN0005379679,z,right_only
B7931009-5353-40F8-99D0-AE1947615C8D,,,,,,,ODN0004764376,z,right_only
23BB099A-56DF-43BD-AD96-8BB2B32217F4,,,,,,,ODN0005303827,z,right_only
E14B2DEA-D970-450B-9047-706B1288D416,,,,,,,ODN0005380327,z,right_only
86EC8538-D730-4753-A2F1-6C52CC7C1EB0,,,,,,,ODN0005303829,z,right_only
2377BF25-23E9-405A-91FB-3B32547CB106,,,,,,,ODN0005303828,z,right_only
BFE1CDCC-97EC-46D4-8C87-117EE9BCDA57,,,,,,,ODN0005261974,z,right_only
37CA4DA9-D9BF-4D56-8795-09B0EF72240A,,,,,,,ODN0005303830,z,right_only
2B3B4ED8-7747-4CC3-BEF2-7672C5ADDA7A,,,,,,,ODN0002766497,z,right_only
4823378F-B249-42B5-9A16-39C641222A26,,,,,,,ODN0002802733,z,right_only
7A072BC1-C88A-47AC-BB83-0496746EC40E,,,,,,,ODN0005141908,z,right_only
370DCD67-DE4D-4564-8F95-B97A81FAD34F,,,,,,,ODN0005398134,z,right_only
9E7BBA23-CB20-4BD9-AC89-C63F4EB91CF1,,,,,,,ODN0004201668,z,right_only
4696036A-2E46-48F5-BE3C-FC9D0F24D5E7,,,,,,,ODN0005355803,z,right_only
3E391978-AF88-4211-AC82-327037705245,,,,,,,ODN0005355806,z,right_only
CB72E45D-54EB-469C-8A73-4686F9A93F19,,,,,,,ODN0005355809,z,right_only
D0D092FA-490F-43EE-81CE-06653101F5BF,,,,,,,ODN0005355814,z,right_only
1B6A4ABE-9715-4505-8218-804E97F67DC1,,,,,,,ODN0005380334,z,right_only
2E660251-FC06-4508-8A0D-2BF60DCCCE85,,,,,,,ODN0002766722,z,right_only
DFB1084C-746F-4C19-9F01-F4D9C74296F4,,,,,,,ODN0005141953,z,right_only
67299716-F5A0-4586-A02E-54A2CF74CB80,,,,,,,ODN0005099805,z,right_only
9970844B-4823-4B3A-B8F9-21FE9E6B6405,,,,,,,ODN0003153546,z,right_only
880D2318-2D57-4978-8F87-48071A3C8EDA,,,,,,,ODN0005303857,z,right_only
FFD3DB0E-B264-40FE-8099-AE34DA478415,,,,,,,ODN0002766852,z,right_only
5D17B24C-D303-4A57-805F-4430F80D7AC5,,,,,,,ODN0002766913,z,right_only
552F6915-498C-4BC9-B77B-376631793760,,,,,,,ODN0005381504,z,right_only
4C42924B-C11D-419A-8772-9BAAFD67593A,,,,,,,ODN0005461483,z,right_only
66890BE9-08BA-4EE4-A79C-E3FE1D382E0A,,,,,,,ODN0005355835,z,right_only
55BEB574-BDE7-4970-9B93-306D5B9AE31D,,,,,,,ODN0002767000,z,right_only
8912066D-75FD-40D7-8EB2-F103F5A381BC,,,,,,,ODN0005336002,z,right_only
9F0A018F-C17C-4055-97D0-FA132DB1836B,,,,,,,ODN0004390645,z,right_only
9914A115-115B-4E65-A10A-8042274C2B05,,,,,,,ODN0005461489,z,right_only
30907B64-6645-44B4-A14E-F4D60BEE9BEC,,,,,,,ODN0005238255,z,right_only
D6BAD049-90D5-4F42-A518-CE22F19ECF19,,,,,,,ODN0005461491,z,right_only
F2398995-59E1-417E-BE34-F4A531A17DE7,,,,,,,ODN0005461492,z,right_only
1BB3C015-3CDA-496D-8517-BEE47C566EBC,,,,,,,ODN0005380355,z,right_only
C6084A2D-B8D7-4C1A-8560-A1A1F68C9E98,,,,,,,ODN0005303771,z,right_only
A85C60C6-7261-42A3-8F28-44C0AC93BCE6,,,,,,,ODN0003528165,z,right_only
88DC640A-A88C-4E16-9C6A-53CD1185E6A2,,,,,,,ODN0005204408,z,right_only
2F43EEA6-3E6A-4A36-9980-51D0D9A8E1D8,,,,,,,ODN0002767113,z,right_only
36B03589-EBB2-416B-A918-6FB4A8635E32,,,,,,,ODN0004814235,z,right_only
C9F6EC7F-438B-4596-A552-696B6F884C44,,,,,,,ODN0004878834,z,right_only
1440757E-D657-4AD1-96DC-4A58399B299A,,,,,,,ODN0005303871,z,right_only
69BCBF4B-52A7-48F5-B12B-856429B4C024,,,,,,,ODN0005182538,z,right_only
489684D8-AE4D-48D3-89E1-F4B18433D180,,,,,,,ODN0002846136,z,right_only
3DD095CF-D30B-43DF-B01E-204C4793F5D3,,,,,,,ODN0005204414,z,right_only
61D6B597-56D0-4BE4-999E-7E9E5DF961A8,,,,,,,ODN0005038314,z,right_only
9990C131-6720-493A-9A06-FAE6604493FA,,,,,,,ODN0005213918,z,right_only
630357FC-64B8-434B-B3DE-E611AE880E40,,,,,,,ODN0005355867,z,right_only
E80815EE-FFA0-452E-8453-2D723F036D19,,,,,,,ODN0005213919,z,right_only
7761567A-AA22-4EAB-AF37-85912F84B248,,,,,,,ODN0005355869,z,right_only
716F8C3F-43DD-4EAC-9371-E61C3FDECE5C,,,,,,,ODN0005247886,z,right_only
75BE9D31-2F7F-4F07-9E4A-A0D6C3A04CC9,,,,,,,ODN0005461508,z,right_only
2CAAA0D9-43A3-42AD-817D-C88DD789C2F4,,,,,,,ODN0005461509,z,right_only
262D9FFF-3E12-4103-94BE-12010FD1F755,,,,,,,ODN0005398242,z,right_only
D3289E07-C534-46A6-B8F7-7E93E3DF4FAA,,,,,,,ODN0004011456,z,right_only
6BD430FC-1CAB-4178-AEE2-79AED3572EB3,,,,,,,ODN0005223322,z,right_only
3B651013-4FE5-414C-9FA7-1B57FFB08EB0,,,,,,,ODN0005336049,z,right_only
2F701595-CDDB-4A40-8D46-BD0FC2D4F148,,,,,,,ODN0002767402,z,right_only
FB1A093C-2619-4183-94DC-4DCB2101AB13,,,,,,,ODN0002767435,z,right_only
B79F4360-A6DB-4B36-AEDB-B8F3146591AC,,,,,,,ODN0005398251,z,right_only
DA889AF7-1F08-4214-AD03-14D08B9EB090,,,,,,,ODN0005398253,z,right_only
C8773870-EE2A-4E7F-B6DE-845AD034EBD5,,,,,,,ODN0005112118,z,right_only
CEEBF2C4-3E3A-40F0-B36B-A2D2E6CE7AC0,,,,,,,ODN0004826417,z,right_only
B14CC6DA-85F4-4AAB-87B9-B849593985AA,,,,,,,ODN0005182605,z,right_only
174B3AA5-69B4-4CAF-A53D-86AC3F3F3176,,,,,,,ODN0005398263,z,right_only
1F2EB807-7A2A-4BB2-9FA6-C18069C145A8,,,,,,,ODN0005355887,z,right_only
38D116A4-59A8-4EE0-A49B-671F66461901,,,,,,,ODN0002767579,z,right_only
11ADC350-62D8-4DD0-96F1-B6C861E49BCA,,,,,,,ODN0005380373,z,right_only
1C06A3AC-D597-41E1-9FAB-991BC0149960,,,,,,,ODN0005381520,z,right_only
AE42A59F-2C9E-4E66-BCAF-AC12BB025C03,,,,,,,ODN0002767603,z,right_only
36B0B0A3-E92E-4E3A-9810-D96C6CB35C10,,,,,,,ODN0002767608,z,right_only
FA53018B-701C-4F25-B46A-ADC2137186F1,,,,,,,ODN0002742847,z,right_only
2E1046E4-7439-4D1F-92CE-A63BC6762FA5,,,,,,,ODN0004902607,z,right_only
80397B01-21E2-4697-9845-DCBA63146332,,,,,,,ODN0005380379,z,right_only
9C9621C4-CBFA-4EE2-86A8-8DD731FDA1F2,,,,,,,ODN0005182615,z,right_only
0FE9A775-4F33-4905-873C-0D5253916170,,,,,,,ODN0005398273,z,right_only
8F156020-6420-4715-9078-EDF64EA31EF6,,,,,,,ODN0002767669,z,right_only
F572FEEC-F218-4B2E-AC64-A458B103968F,,,,,,,ODN0002752805,z,right_only
DDC429C7-3A8A-4436-80AE-857469966398,,,,,,,ODN0003448343,z,right_only
6525F1FC-9827-4808-BD44-CDF02E93B617,,,,,,,ODN0003931107,z,right_only
D0B1AACA-B57F-4835-8A87-D38876007D7D,,,,,,,ODN0002767723,z,right_only
633616F8-AC57-4862-8370-D259B3049148,,,,,,,ODN0005303916,z,right_only
52CEE025-0B0C-49CE-8E0F-B5387832804F,,,,,,,ODN0005398277,z,right_only
8FFB3A73-6A7F-417A-942B-3B254804CBEE,,,,,,,ODN0005142268,z,right_only
BA69D173-6111-4C28-8FCD-4D59731A9D01,,,,,,,ODN0005073034,z,right_only
25915833-98D8-4078-86EF-9CBEA5D573F4,,,,,,,ODN0005238292,z,right_only
7D9F481B-3F26-4BBA-80DE-ECE4234CB39B,,,,,,,ODN0005461534,z,right_only
3FFD49A1-2AF1-4279-A0C6-5A1BF8C1AB96,,,,,,,ODN0002767768,z,right_only
9F7DBA50-CE66-40D8-BDCD-5257A34445D3,,,,,,,ODN0003730855,z,right_only
762B662D-74F5-4159-83C1-B97F0A4F1546,,,,,,,ODN0005461537,z,right_only
7BA5B776-CB19-4A6F-84A7-02A13AB4753A,,,,,,,ODN0005303923,z,right_only
6A150617-D29C-4293-97D1-ECE572839542,,,,,,,ODN0002767853,z,right_only
2DDD0A81-8655-41EB-9757-7D792E10D7D7,,,,,,,ODN0005379692,z,right_only
71DF1720-9809-4F36-A343-67D0DFEE06A5,,,,,,,ODN0003560775,z,right_only
2F48457F-D63D-43C2-AD13-D68BC9156A54,,,,,,,ODN0002789938,z,right_only
8175E74A-A5DB-496B-9F7A-EFFDF03BD986,,,,,,,ODN0003229786,z,right_only
94CE6020-A497-46B1-9367-C70739EB5BB4,,,,,,,ODN0005182683,z,right_only
0A0FC2F6-0C93-46F4-8352-9CC17467970F,,,,,,,ODN0005381527,z,right_only
1B360A16-B294-444A-A99F-8E50B6B5BED7,,,,,,,ODN0005398286,z,right_only
F6503E66-A10F-4A3A-A532-DE57DA22646A,,,,,,,ODN0005247893,z,right_only
3AD4AB17-4435-4A68-B0E0-ED8DED8C1CA4,,,,,,,ODN0005381528,z,right_only
ECF6A18F-5001-4AC8-A5D1-27AD507AC855,,,,,,,ODN0005355911,z,right_only
4F181607-0386-4481-AEE7-DB919F99EC6A,,,,,,,ODN0005461546,z,right_only
990CDB2A-9AE8-4475-9926-1469DA607988,,,,,,,ODN0005099870,z,right_only
C368EB9B-A696-45E6-8EB4-2A4D476BBDBD,,,,,,,ODN0005379695,z,right_only
47CC5908-BE2F-4EC1-8E68-62F8B612188A,,,,,,,ODN0005073037,z,right_only
13F21C7C-DA7C-4D42-8EF3-6D6557AB7FCF,,,,,,,ODN0004934641,z,right_only
88CB2BD6-5F4E-4580-99D9-6D77FBE3BE04,,,,,,,ODN0005355921,z,right_only
1D05236E-8C1B-47BC-A25D-FB6E997F4AA0,,,,,,,ODN0005355922,z,right_only
5B98FCBB-C011-4AF3-8473-8719CA3ED3D6,,,,,,,ODN0005355923,z,right_only
899E8E85-3A71-490E-B7EE-007ADB1F8754,,,,,,,ODN0005355924,z,right_only
024082FC-3BBD-4909-B6C5-10AEADCA41BB,,,,,,,ODN0005238300,z,right_only
72E3BFEC-04ED-4B79-AA06-9AD3980F7A67,,,,,,,ODN0005398299,z,right_only
18641C0A-B4F6-494F-A93F-9A485FA0FED0,,,,,,,ODN0005398303,z,right_only
A3D76237-CE3E-4088-BB03-BEAA8B492B3B,,,,,,,ODN0005380409,z,right_only
0979BE52-EB9D-4F63-A0DA-A7DB57E03BB6,,,,,,,ODN0004892891,z,right_only
A618889D-22A4-4749-A728-AAD988BFCE9C,,,,,,,ODN0004902628,z,right_only
AA4BE034-1DCB-4E64-B2D6-C3C42E734ADB,,,,,,,ODN0005398308,z,right_only
6E61F62E-60D8-4812-A968-8B98F6477613,,,,,,,ODN0005073041,z,right_only
6688BBAD-1D3E-4D0B-ABB1-2B06249DBBFE,,,,,,,ODN0003931128,z,right_only
D370E938-09CF-4615-814D-4BAB52B6F5BF,,,,,,,ODN0005048818,z,right_only
E06E9717-CB4C-4E5A-A505-1647759CB84D,,,,,,,ODN0005018834,z,right_only
636E888C-4309-4C5E-B2C7-29A79701E5F4,,,,,,,ODN0005461580,z,right_only
002603C7-A52E-43B4-8A92-E5A20BE9A109,,,,,,,ODN0002724973,z,right_only
890FD17D-20A5-443B-AB08-D59090F57A0F,,,,,,,ODN0005048819,z,right_only
CDFAAB82-FAD4-4DE1-9A91-3EE81ED2A335,,,,,,,ODN0004323999,z,right_only
B8B696CB-4EA8-42E7-8E42-DB5F7398DA87,,,,,,,ODN0004764484,z,right_only
29979390-E8BF-4E52-9AEC-521A09177838,,,,,,,ODN0003418527,z,right_only
5678852A-7032-442E-BB42-D40F65B7C505,,,,,,,ODN0004496072,z,right_only
65DE9EE3-09B0-40E1-80B1-EC4A9F7DEC5C,,,,,,,ODN0005262033,z,right_only
21CFE50C-81D1-49D0-AE54-B0150EE00C2F,,,,,,,ODN0002768227,z,right_only
FBF41C08-067C-4208-98B1-1CEF9A3C34B2,,,,,,,ODN0005398321,z,right_only
D38BE44A-3785-4624-A74A-6A8B4A113AE8,,,,,,,ODN0002768237,z,right_only
6750EC92-3035-467C-8B93-71A0882C7783,,,,,,,ODN0005303959,z,right_only
39E52B45-1625-45D1-AEF8-2676EDFF9BC9,,,,,,,ODN0004814278,z,right_only
22B39ADB-004F-4ECB-8191-58BEFB539F52,,,,,,,ODN0005424355,z,right_only
BCF33EBF-5CF0-43DC-A449-3B783F2DA0E5,,,,,,,ODN0002768268,z,right_only
3811756E-B58B-42E0-A2C0-BD677F7A872F,,,,,,,ODN0003990315,z,right_only
4072DA2D-F767-46EE-B7EC-81957D6ED772,,,,,,,ODN0004616772,z,right_only
F2422BB1-A48A-4975-9BDC-AFD6907EAE20,,,,,,,ODN0005398324,z,right_only
F60B8453-6231-4397-9AF7-2475927A8702,,,,,,,ODN0005303964,z,right_only
8DDBDCF4-96F1-4245-B328-7358DBFA7AAC,,,,,,,ODN0005204474,z,right_only
5612BA1D-76F2-4E88-9A7B-A6CD3A6B137B,,,,,,,ODN0005461599,z,right_only
18468439-F683-4072-AA5E-ACC6E982CE94,,,,,,,ODN0005380423,z,right_only
A1714D6B-EE23-4E53-B7C6-62A0991BDDFA,,,,,,,ODN0004324013,z,right_only
35A512FC-C6FD-45DC-9942-229B27B13939,,,,,,,ODN0005409722,z,right_only
0A1C3264-119A-422D-91A6-8680F3E0438F,,,,,,,ODN0005355957,z,right_only
C8EF40EA-047E-4DB9-A669-2C966E9BFD75,,,,,,,ODN0005262042,z,right_only
808C589A-6CAB-454E-858D-B348D8214D41,,,,,,,ODN0004555588,z,right_only
BD923291-086E-4EA7-9B96-E775E7C38C20,,,,,,,ODN0005398329,z,right_only
1F9AE9E5-4963-450D-8885-F14B5C5A9ED5,,,,,,,ODN0004569494,z,right_only
DB0649B9-03EC-4E07-8D8D-9B85F41F7FF6,,,,,,,ODN0005398331,z,right_only
7E9E2A6C-E41A-492D-8821-4708BDFA1A27,,,,,,,ODN0002725108,z,right_only
F0FB622E-77F0-4B71-BEAF-A31A8D2E32E9,,,,,,,ODN0004514929,z,right_only
B3F67162-CA59-42ED-B16C-8B678E561930,,,,,,,ODN0005380429,z,right_only
3688995B-3E0F-4673-8BB4-70C834E4314B,,,,,,,ODN0005461617,z,right_only
69D32927-1BEB-44CB-8AAF-0A44E5554DC5,,,,,,,ODN0003919818,z,right_only
8E50D1FF-4AC0-46DC-87D2-2948AA4D554B,,,,,,,ODN0005398334,z,right_only
9AD72039-F702-4D80-A4FC-A21113517A80,,,,,,,ODN0005303981,z,right_only
DB152E07-85A0-4BBD-B68A-75A2E6C04F15,,,,,,,ODN0004958256,z,right_only
C89A7E65-BB1C-43E2-9FE1-B86B8B79C00E,,,,,,,ODN0002800225,z,right_only
E41BA6D6-3696-459B-B098-F7E7C58500CF,,,,,,,ODN0005424374,z,right_only
03BEF4D2-C93F-4D22-BD0F-8B47EBA4151C,,,,,,,ODN0003967233,z,right_only
8675DD7A-3675-448E-B74A-F89807CFAC71,,,,,,,ODN0004706937,z,right_only
96662BB9-B27E-485D-9F16-DB1721951E9C,,,,,,,ODN0005355973,z,right_only
383BAECB-61EA-487C-9B8D-D1C29ADC6410,,,,,,,ODN0005182802,z,right_only
D2C41034-5A3B-4942-BE6E-BBB590E0DDC7,,,,,,,ODN0005142574,z,right_only
B85DF965-B38C-492A-8C6A-082B2ED5A84D,,,,,,,ODN0002846435,z,right_only
AD5B6F80-FFAE-4CC8-9B82-351A00C58A4A,,,,,,,ODN0005398343,z,right_only
82A0F472-9985-4F15-85D0-FE8B9A931794,,,,,,,ODN0005262051,z,right_only
F287D3D9-30AB-4023-BED8-9E529A90327D,,,,,,,ODN0003967236,z,right_only
58B9891A-C0F6-438F-974F-D7F536CF4B0A,,,,,,,ODN0005398348,z,right_only
FD8D3720-A774-43F6-A69A-DD967A0FE6A0,,,,,,,ODN0005355982,z,right_only
1BDCBF86-3334-4A4B-85E5-D2EB24BCD67A,,,,,,,ODN0005461641,z,right_only
A2DD6DBE-2F07-4B3B-92C9-789DCBE49189,,,,,,,ODN0005424384,z,right_only
9DF13DC0-09EC-4AC3-A1B2-5CB60214846A,,,,,,,ODN0003765433,z,right_only
863C082D-94AF-413F-AE5C-8100396A6C32,,,,,,,ODN0002976598,z,right_only
BF385F0F-1A86-47E4-B5B6-06B0DBE7E3E6,,,,,,,ODN0005398351,z,right_only
C05CA439-1FA7-4D45-AB16-3026F067F713,,,,,,,ODN0004369351,z,right_only
F9D8EA5F-D97C-478C-8ED7-FEA2B8CF9212,,,,,,,ODN0005238348,z,right_only
250CDAE3-2593-4C5F-A6C8-BD7EB4D17BF3,,,,,,,ODN0004358615,z,right_only
315BD3FF-CB89-4C26-AAB3-F59F8AAEEACE,,,,,,,ODN0002896055,z,right_only
D3560DBC-D378-4E3E-9AFE-D5461715FF43,,,,,,,ODN0005038371,z,right_only
13720B05-3A7F-4BF7-BE6A-6F0F5E700C44,,,,,,,ODN0005304003,z,right_only
B8849100-AE7D-418E-8A43-6EBED8E8CDC2,,,,,,,ODN0002768771,z,right_only
0C4AFCEC-DD95-4590-8A84-322D1876E5E6,,,,,,,ODN0005304005,z,right_only
458033ED-A414-4099-A606-ECCC2E7E834D,,,,,,,ODN0005048843,z,right_only
A359EF68-9231-4B65-94AB-3DF42243A9E8,,,,,,,ODN0005379702,z,right_only
226E6FF6-D5C1-4D02-BBB2-4A703E108532,,,,,,,ODN0004638919,z,right_only
FC05DF60-A4E9-4205-8AEE-EA33DB89BED2,,,,,,,ODN0005380458,z,right_only
3EF4461B-7D8F-488E-BF96-DC5544765DE0,,,,,,,ODN0005281178,z,right_only
2919A069-BAAA-4634-85F2-9596A62211EF,,,,,,,ODN0004835619,z,right_only
AD9C5770-990A-4A2D-86FB-04EE7A24B24A,,,,,,,ODN0004786955,z,right_only
381A2A39-8034-459E-B411-2D330742710C,,,,,,,ODN0005238358,z,right_only
F2ECEB05-EDB6-4ED7-BB04-A3DD35785EA3,,,,,,,ODN0005238360,z,right_only
D6C7D122-B89C-4E2A-8CEA-FF04C10CD8F2,,,,,,,ODN0005380461,z,right_only
C11AB3D8-D6AA-41D3-AC1A-46F21D379226,,,,,,,ODN0002768921,z,right_only
C63BB03A-D03E-437B-ABBE-173425006ED1,,,,,,,ODN0002725423,z,right_only
E5BA5EC8-1EC5-4ACC-B3B1-350DFF71CCAA,,,,,,,ODN0005381543,z,right_only
258D3590-686B-4E6F-A6D0-0B55AD5E0B58,,,,,,,ODN0002897129,z,right_only
011BF2D6-C646-4DED-9DA8-1923D1775931,,,,,,,ODN0004854471,z,right_only
440C8B18-9789-41E5-B628-AC357D74E9B1,,,,,,,ODN0005461698,z,right_only
FFBD1F28-881D-4EBC-9EBD-F577FA2690EA,,,,,,,ODN0005461699,z,right_only
829AA74E-2DC6-42BA-93F2-67FB5A1BC2C7,,,,,,,ODN0002768982,z,right_only
9CF5104D-0D65-422E-92C3-7EEC706E5A5F,,,,,,,ODN0005336200,z,right_only
557806C4-7CE0-46C9-AFD0-7257F616EA24,,,,,,,ODN0004224646,z,right_only
B6297253-8F2E-499D-89CD-1040FFC650F8,,,,,,,ODN0002897188,z,right_only
47D580F7-A044-4825-A3C2-48553144D215,,,,,,,ODN0005182858,z,right_only
D06077EA-3718-41F3-AC3D-4A93435068C0,,,,,,,ODN0005336204,z,right_only
8FBE4EAC-ADF3-4707-A2E8-E634FE34C37E,,,,,,,ODN0005204502,z,right_only
BDCDBC60-A147-4569-A179-C0999F96D32D,,,,,,,ODN0005304039,z,right_only
7A6CE44D-B626-4582-BC5E-410750E36441,,,,,,,ODN0005304042,z,right_only
AB93F786-3A83-4497-B41A-8D265D3A1BC3,,,,,,,ODN0005142796,z,right_only
22D65310-E6E0-4FA6-87CF-D958F4DC199B,,,,,,,ODN0004409264,z,right_only
0798FE32-5F1E-4B72-A3A1-E8B17AD59292,,,,,,,ODN0005238372,z,right_only
2EE20CE7-7B0E-4B24-8E8E-72A0844BDABF,,,,,,,ODN0002769097,z,right_only
42E22A72-920F-4E6B-A1BD-215C166EB234,,,,,,,ODN0002769098,z,right_only
E756A82E-577E-4E75-9B41-D84DACDB2E1A,,,,,,,ODN0005038389,z,right_only
CF9ADA4B-B288-4DA3-909A-7145FB37ACD4,,,,,,,ODN0005461709,z,right_only
48BC045D-2E8F-4558-88DD-FD86E1DBF1D1,,,,,,,ODN0004774270,z,right_only
A9582919-E4EA-49E9-BDC2-308769DAF5CC,,,,,,,ODN0002846666,z,right_only
92FD33D0-3801-46B6-8ACB-2C7284C312E1,,,,,,,ODN0004854485,z,right_only
EAC2A6B6-C274-4FEB-9E5E-5C6E34427538,,,,,,,ODN0005304048,z,right_only
09154390-9D09-4D17-BCF5-5CB8BB4427C6,,,,,,,ODN0004324155,z,right_only
7A8FF278-1CB2-43B1-AD05-3A39017DA194,,,,,,,ODN0004331772,z,right_only
ECCF4A8C-E1EE-4E80-996B-B60A22EBB22A,,,,,,,ODN0005461718,z,right_only
78583068-F9BE-4553-9BE3-9846DA2A5DD0,,,,,,,ODN0003945416,z,right_only
FFBC87A4-FD20-489B-A2FA-E85287C3E9A6,,,,,,,ODN0002744164,z,right_only
8E955307-AFC5-4148-AC13-EAC0A967FBFD,,,,,,,ODN0002725811,z,right_only
155D4B96-8B77-4AAA-A6A6-B48B1DE949FB,,,,,,,ODN0005356030,z,right_only
165509CF-A0EE-4CE4-89CE-7CC1F32FCFA5,,,,,,,ODN0004390710,z,right_only
13653245-5580-42ED-91A7-CF2BB6C6BA85,,,,,,,ODN0004390711,z,right_only
AE10641D-A354-4720-96E5-B191BEE56167,,,,,,,ODN0002976928,z,right_only
CFBAB122-E2B2-45A5-A2B0-AE01F6845675,,,,,,,ODN0002976934,z,right_only
94E28AE0-B15A-4870-97A6-803B93D12074,,,,,,,ODN0004934700,z,right_only
9DDD9116-E83F-44F0-B36E-FAFF77BECFCB,,,,,,,ODN0002769330,z,right_only
769B66DB-1136-4094-9AE9-5600C36D634A,,,,,,,ODN0002769331,z,right_only
63A2E636-8CCC-48C5-8B43-88AB1BE07953,,,,,,,ODN0002897498,z,right_only
C840A062-6D11-46C1-99E8-1C3CAAD6C4BA,,,,,,,ODN0002976956,z,right_only
77E2676E-03CA-4EEF-A143-9BC8D950A39B,,,,,,,ODN0005398387,z,right_only
6CCC3255-4DB1-4F01-A6AC-4DFEA561B041,,,,,,,ODN0002769392,z,right_only
D964D361-4BF7-4ABC-89D5-CC1FE504E284,,,,,,,ODN0002976970,z,right_only
FC8EDD47-D634-45DC-855D-6496A0C64B40,,,,,,,ODN0005424427,z,right_only
BA85936E-B51B-43A4-B4E7-1E29CD8027C3,,,,,,,ODN0002976982,z,right_only
DA81686C-5E74-4E8F-B2D2-155B17495D1A,,,,,,,ODN0002769472,z,right_only
51B15E62-25F5-4801-B0B6-6C6E74E560B1,,,,,,,ODN0002769477,z,right_only
0FCE607C-82F7-4F4F-99D7-BB3CDFE9455D,,,,,,,ODN0002976992,z,right_only
90A60562-8BD7-494B-AA2A-8C6A020A06EE,,,,,,,ODN0005424431,z,right_only
4230B5CF-FAA4-4C4E-9171-D883DF92E5A5,,,,,,,ODN0005410115,z,right_only
263E2D8A-A07E-4FC7-A00C-B492955A1F2F,,,,,,,ODN0005356047,z,right_only
BB819E9A-CFA0-49E7-B679-F80C9A0E8975,,,,,,,ODN0005336240,z,right_only
FB41C6D5-414D-43D6-BF23-BDC13F1A1B29,,,,,,,ODN0005398395,z,right_only
4BBC6095-5D0A-4BD8-A7DC-3D3053C070A8,,,,,,,ODN0002806474,z,right_only
C028272D-99C0-4C96-A895-EC83CCEC83AC,,,,,,,ODN0005142934,z,right_only
EB30C75F-5C54-448C-8BE8-C9CD2E0D9E7A,,,,,,,ODN0002977007,z,right_only
ABADECA6-3DCD-49DD-9FB0-2B3B64FB9698,,,,,,,ODN0005238393,z,right_only
62991390-1563-469A-B652-BB3EAAE29C83,,,,,,,ODN0005223405,z,right_only
45392CB0-EB05-47CC-81DE-ACC42FFBAEE0,,,,,,,ODN0005183283,z,right_only
52968B30-9B0C-4730-B337-2F77BD82ECA5,,,,,,,ODN0005100035,z,right_only
30F2B123-0506-4603-B676-49391B944F2F,,,,,,,ODN0005304074,z,right_only
7316D128-BAE2-45CC-9B61-B3A027C55F9A,,,,,,,ODN0004589528,z,right_only
107915EE-EE5E-4F09-9F26-70F8811D33F0,,,,,,,ODN0004589529,z,right_only
92F9560E-94EB-45D3-A669-484F91058DC4,,,,,,,ODN0005381549,z,right_only
A6A6242D-39F0-4F9D-B800-7F25821EF8F7,,,,,,,ODN0005461748,z,right_only
9B1663D8-605E-406D-A9C4-E3ED9502343A,,,,,,,ODN0002977028,z,right_only
3444855D-8C18-4886-BF65-9ECFCC76CDCA,,,,,,,ODN0002769748,z,right_only
86F04373-CCC9-4B3B-A12B-5C8D67C92D3C,,,,,,,ODN0005100044,z,right_only
9C77B430-DCF5-4972-8C6B-1528F3684DE2,,,,,,,ODN0002977031,z,right_only
0F8DF2EC-1006-48A8-88EB-A54187FE4D51,,,,,,,ODN0004638939,z,right_only
BA72D023-3939-4E54-A9BE-29358A4253F6,,,,,,,ODN0005204547,z,right_only
1EDAC79B-021C-4AAF-BAEE-78307274D77C,,,,,,,ODN0005018901,z,right_only
C5CE36A3-AA1D-4B1A-91D4-2A55142988E8,,,,,,,ODN0005204549,z,right_only
68B9FAE7-B7D4-4CC3-8F90-332F261A9D38,,,,,,,ODN0003153861,z,right_only
9C8A23B3-40DA-41A0-936F-6EA8307D0ED0,,,,,,,ODN0004934726,z,right_only
F5FC28DE-3347-4B1D-86CB-EC68AE811869,,,,,,,ODN0002977051,z,right_only
6A5355E3-5AC9-4B73-A5DB-ACBAEEAB00ED,,,,,,,ODN0005281211,z,right_only
9DC3EF81-C306-4F08-A8EB-8D4BE6F25248,,,,,,,ODN0004453823,z,right_only
D110B170-C632-4200-B23F-C47BDCB84DDF,,,,,,,ODN0002977055,z,right_only
D39135AA-6324-4613-B0F4-1F298B1AD559,,,,,,,ODN0004453824,z,right_only
3DA473F1-11C5-439C-8CCC-B2E26F924795,,,,,,,ODN0004668767,z,right_only
2757EF1F-63EB-4596-BDBD-143710FF1412,,,,,,,ODN0004324216,z,right_only
31619C3E-3E79-4E1F-90C8-6E856500DC71,,,,,,,ODN0005461763,z,right_only
4D22163A-3BCA-47AC-8799-9EB1B6376026,,,,,,,ODN0002710860,z,right_only
98D76FBD-381E-4B2F-BDAF-01140D90D7DF,,,,,,,ODN0002977084,z,right_only
F9F5CF92-A14A-4F1F-953C-6C8D91123E72,,,,,,,ODN0005380527,z,right_only
B8FEAAED-4E61-44E7-B701-6B68C41D28DA,,,,,,,ODN0005038439,z,right_only
599EA862-9106-4BBF-91FF-CAE9E515FC02,,,,,,,ODN0005183312,z,right_only
419BB1FC-E994-4690-A9D7-3E6714BFE85F,,,,,,,ODN0002770001,z,right_only
762BAFD7-C91D-464A-A187-F9A18977E20C,,,,,,,ODN0002977101,z,right_only
1C9E67DE-F3FB-447F-996B-B98FE1796CCF,,,,,,,ODN0005461768,z,right_only
0A399C4B-6DFC-4B36-9184-ED37D05DA2E4,,,,,,,ODN0005461772,z,right_only
73EE31D3-1191-4286-A491-9ECCF521180B,,,,,,,ODN0002977132,z,right_only
2544A63F-834A-4958-B60E-CF27560CC10F,,,,,,,ODN0005356074,z,right_only
04861C1F-B899-4183-9963-416B362E5E7C,,,,,,,ODN0005398413,z,right_only
12684981-9A64-4C53-AD1F-23B8AF248978,,,,,,,ODN0002977149,z,right_only
0ED41F26-B9EB-460A-B331-B8B5184A6E9A,,,,,,,ODN0005238417,z,right_only
DECB22BB-4130-4321-B9A6-8BBD9680164C,,,,,,,ODN0005048881,z,right_only
E867E922-6C67-427D-B15B-0E0916BEB530,,,,,,,ODN0005356079,z,right_only
79C3B005-3880-44AF-8937-EFC530184C74,,,,,,,ODN0002977190,z,right_only
702942F6-29A4-4C4F-BE66-20416FE4399C,,,,,,,ODN0002977208,z,right_only
4B82F42B-00BA-4226-8900-22931570B8BB,,,,,,,ODN0002977213,z,right_only
B47774BE-1EE4-4267-A0DE-8B515836EFD9,,,,,,,ODN0004786999,z,right_only
9AECA958-8B5A-4068-9804-4B686517D301,,,,,,,ODN0005183349,z,right_only
A22C1BF5-D586-46D6-AE71-E664AE3BA7EC,,,,,,,ODN0002977229,z,right_only
33264381-F71A-49C9-8A67-E134E2230B48,,,,,,,ODN0002977233,z,right_only
5945D589-A5E3-4D87-90BA-EA5FFBB1D651,,,,,,,ODN0005336288,z,right_only
B8B9E913-E28C-48E7-9054-3B836EDDB00E,,,,,,,ODN0002770334,z,right_only
DAC1AAB1-09DE-48A6-B045-7436076C522F,,,,,,,ODN0002710944,z,right_only
21EC734C-940D-4687-B7B3-6364509A71CC,,,,,,,ODN0005238444,z,right_only
E3E090D3-7C6F-4353-97A2-29843A7B324A,,,,,,,ODN0002977244,z,right_only
EF4063D1-6276-4806-A11B-F257FA157F80,,,,,,,ODN0002977255,z,right_only
730C5A8D-D5B8-4445-A792-6276CEC6CEAC,,,,,,,ODN0002977263,z,right_only
FCEA5A11-967B-4DAF-8A55-53E81BEE0B48,,,,,,,ODN0002977265,z,right_only
993A9860-C5F0-42ED-8E40-303DE94ABBE2,,,,,,,ODN0005048887,z,right_only
62BD4ED1-3496-41C4-B5F5-3DAC90E628AA,,,,,,,ODN0005461798,z,right_only
B96FF5B1-FAE6-4293-ADFF-F8B38D1E7DD2,,,,,,,ODN0002770525,z,right_only
479BCF95-08EA-410E-9141-1EDE587C9834,,,,,,,ODN0002770526,z,right_only
780DF1D1-5620-4A3D-B8FA-AB6E96290044,,,,,,,ODN0002770527,z,right_only
4D5B4CD7-BAFE-4118-8C11-68BF784B38EE,,,,,,,ODN0005048891,z,right_only
50624BC7-212D-49A7-8907-EC6AF549ABA3,,,,,,,ODN0005336295,z,right_only
1E2B250F-F430-431D-B12A-9C97459D5CB7,,,,,,,ODN0002977283,z,right_only
0FE29A45-0855-4C7C-B584-CDF6A6937F0C,,,,,,,ODN0005356104,z,right_only
10C0A374-3E40-4585-8480-13720B13D222,,,,,,,ODN0002977300,z,right_only
8501924E-DA6C-4BC0-AFB3-0289502A1526,,,,,,,ODN0002977305,z,right_only
21439A2A-A57D-4103-A9B5-59285D691FFB,,,,,,,ODN0002977306,z,right_only
D4D9CFCD-6B4D-4759-A67B-13CF7FA9CF73,,,,,,,ODN0005398432,z,right_only
8955F4CB-52CB-4720-9EAE-51F31A45A221,,,,,,,ODN0005183375,z,right_only
E9ABDEC9-F49C-4087-A8B4-774F12D3C9F2,,,,,,,ODN0004764628,z,right_only
9B580CB7-F54F-4D6B-BECB-1F1A6C387882,,,,,,,ODN0004540134,z,right_only
2840A0B6-F3F0-4811-91EA-A4EAB9AB6D76,,,,,,,ODN0005356108,z,right_only
762FF89A-8916-4848-9A82-EDF1D02F3049,,,,,,,ODN0005183376,z,right_only
CF789C8D-4A03-4001-B2A6-7AF8022B64FF,,,,,,,ODN0003872912,z,right_only
873E491A-37DC-46A6-AD7A-C4C1EB910E7E,,,,,,,ODN0002977323,z,right_only
BEEBFAF7-A598-4984-BA0F-0095721C6C0A,,,,,,,ODN0003956647,z,right_only
7618909C-B290-4B1B-9E74-D484EF23992B,,,,,,,ODN0002770979,z,right_only
C8D1E588-D69D-4672-8BF7-DB6435D3A60F,,,,,,,ODN0002771039,z,right_only
F657FEE3-E779-49E3-A6F9-76047297144D,,,,,,,ODN0005424491,z,right_only
AB1FC020-380E-41A0-B710-D2FD51D39F47,,,,,,,ODN0003945470,z,right_only
7F2738B7-6088-49F1-9036-1F1BDC2FA907,,,,,,,ODN0004668787,z,right_only
7589F6B4-A2FF-4468-86B9-C2392F624216,,,,,,,ODN0005356115,z,right_only
6B18CFDB-01AA-409F-8FDD-FDC28ED7FB99,,,,,,,ODN0002771230,z,right_only
8F38A965-7A92-4F2C-950A-1A98E9219C84,,,,,,,ODN0004358666,z,right_only
834AC0F0-2642-41D6-AF76-95C10666B3AA,,,,,,,ODN0002771243,z,right_only
A9F7415B-648E-4DB7-BD5F-1463E86B7E40,,,,,,,ODN0002790582,z,right_only
39D2AC03-21CE-48AC-9D04-286E2F7AF79E,,,,,,,ODN0002771290,z,right_only
472FF9CD-7080-44D7-9C17-74733C288189,,,,,,,ODN0005461834,z,right_only
3DEBD44C-3196-4F31-AB60-DAD69DCA9057,,,,,,,ODN0003872921,z,right_only
1D15946D-577E-457A-B9CB-55F9C55306B9,,,,,,,ODN0002977414,z,right_only
4FAF054A-E417-473F-B033-3F5B959DF19F,,,,,,,ODN0005213926,z,right_only
72EDD6E3-435F-41AA-909A-6B33940F9CB5,,,,,,,ODN0002806897,z,right_only
69F13E6A-2ADC-4F6E-B6DD-40253FED06D8,,,,,,,ODN0002726719,z,right_only
709181FD-DAFE-42AD-88A7-407113349CDF,,,,,,,ODN0002977431,z,right_only
9999D6B2-E6B2-49C2-B075-F60E792CC08E,,,,,,,ODN0004515346,z,right_only
31519978-28E1-46D3-B298-DADE4036B685,,,,,,,ODN0002711141,z,right_only
384E51A1-15BE-407B-AAD8-3E0F4792FF27,,,,,,,ODN0005461840,z,right_only
2C5A3090-82FA-49A5-9C85-92201177CB48,,,,,,,ODN0005204579,z,right_only
EDE34635-5E33-450C-B7A5-CEB76EC5EAB8,,,,,,,ODN0002977458,z,right_only
F0A8CFBF-1AFA-4A1F-90A4-D353B460A741,,,,,,,ODN0002977465,z,right_only
81AC83A2-1D3D-4A6A-A1A9-7029AE71BFD2,,,,,,,ODN0003213424,z,right_only
6112B029-2B25-4241-840D-7D54709D00B9,,,,,,,ODN0005380470,z,right_only
EEC7CF3F-B13E-482C-9C9A-FF8EA7CE23F3,,,,,,,ODN0005336342,z,right_only
768B8E47-8031-4CBD-9F86-3CF7545E0EBB,,,,,,,ODN0004814374,z,right_only
438B4F1C-D7DD-4FDB-B3A1-52CCEA835C5C,,,,,,,ODN0004580133,z,right_only
4C603FEA-3B14-4624-AB5B-7DB4CF8C4ACB,,,,,,,ODN0002977488,z,right_only
D9F8C08A-FB90-4388-9127-8B315912F486,,,,,,,ODN0002771639,z,right_only
51BF8557-EE5A-4325-BE0C-DAB5B14EA7EE,,,,,,,ODN0002771643,z,right_only
8FFB8AA8-F1A9-434E-81EC-911B9AE6D37D,,,,,,,ODN0004638972,z,right_only
0216B760-FDB5-44DF-AE68-FCBB34BED6AE,,,,,,,ODN0005356152,z,right_only
0031E854-3673-4FBD-A788-E936F29F2A24,,,,,,,ODN0004306889,z,right_only
AF53EA4B-6766-4CC7-AF95-E7C710334366,,,,,,,ODN0005379724,z,right_only
432467EF-63A9-4F3C-86E6-D75CAF8850E1,,,,,,,ODN0004515375,z,right_only
49701336-EF24-401A-B17B-1BF83AFC7512,,,,,,,ODN0002977514,z,right_only
F3C31265-9DBA-4265-B051-263D78627E4B,,,,,,,ODN0005204586,z,right_only
35FCF5CE-93BF-43DD-9708-131C64EAD723,,,,,,,ODN0002771745,z,right_only
8B596233-ECC9-42BC-A622-DFD5264F6DA3,,,,,,,ODN0003688439,z,right_only
BE85CD21-7038-4F00-AD1F-B5CF808DA4C4,,,,,,,ODN0004011591,z,right_only
BAAD1236-F191-4F91-A325-3C649B42DB8B,,,,,,,ODN0005262153,z,right_only
2DE0CC06-370B-4268-AB4E-6262CC9DFA0F,,,,,,,ODN0005262155,z,right_only
556949AB-A3FC-4D0D-A428-43C77534CDB9,,,,,,,ODN0003561508,z,right_only
57E610AC-EAC4-4919-A1DD-988189DD93E7,,,,,,,ODN0002977571,z,right_only
6E4F6343-B466-4704-9B11-C3969D8928B1,,,,,,,ODN0002806989,z,right_only
2771719D-7BC4-4853-8DEB-5CA3CF05FCB4,,,,,,,ODN0005461877,z,right_only
A4D799DC-7270-44F6-A835-17B9BD01BE9E,,,,,,,ODN0004580144,z,right_only
B8CD302C-1F70-42A8-A58A-08E1C066F7FC,,,,,,,ODN0005461878,z,right_only
46225AA7-38F2-4A77-A39D-7D900E1F11BB,,,,,,,ODN0005380598,z,right_only
7D9C3DCE-E949-41A8-8AC9-DF16E2672B85,,,,,,,ODN0002771910,z,right_only
71F0615D-DEAE-4956-BC15-F0BDFB56B81A,,,,,,,ODN0005379729,z,right_only
ECCB3030-B82B-4998-8C5E-865AC8D29C38,,,,,,,ODN0005399429,z,right_only
D3FF0DC9-CA33-462D-B097-A1220AABE247,,,,,,,ODN0005461889,z,right_only
D81ECB19-3EC7-4753-BDBE-AE0EC6BEAB40,,,,,,,ODN0003154025,z,right_only
5A3CAAA1-9E79-4E5F-B57C-96B7E58C1ECA,,,,,,,ODN0002977640,z,right_only
ABBA6F12-60F6-464F-9D26-E694DF99D37E,,,,,,,ODN0005247955,z,right_only
292DACFB-995A-425B-8EB5-7AE0D7C73AF6,,,,,,,ODN0002977657,z,right_only
CDD1FC1B-AB65-4C24-9319-AC0B45A11C2C,,,,,,,ODN0002977658,z,right_only
2A041F94-3A44-456B-893E-9FC2D89EABC0,,,,,,,ODN0005356174,z,right_only
93CB78CE-1A54-40AC-90D3-511875D7B289,,,,,,,ODN0005183452,z,right_only
B7A6FC90-9ACF-41CF-B2CD-B43665A04FCA,,,,,,,ODN0005143681,z,right_only
4E0D298A-0B75-498C-B45C-28875BAEA69C,,,,,,,ODN0002772058,z,right_only
9B4462C3-2AF3-4960-97FB-69BDA506D815,,,,,,,ODN0003486821,z,right_only
71A716E5-24FB-42FF-89B0-7AB2B7EDDA6C,,,,,,,ODN0005204591,z,right_only
F8B6DB43-1ED5-4A93-AF57-C1CD2BD5AE66,,,,,,,ODN0005336381,z,right_only
2731461E-8804-4BBE-B1CC-CC352BFAD0BE,,,,,,,ODN0002772099,z,right_only
5AAE839D-235A-42CD-BA22-E1ADE714252B,,,,,,,ODN0005048924,z,right_only
D0740A36-FE0A-4730-AFC1-EAE67738801F,,,,,,,ODN0002977715,z,right_only
7CA2E2B0-7B07-4048-8A45-15BCD704DF2C,,,,,,,ODN0002790878,z,right_only
074FF152-28B7-4F4D-91B4-2B96C2840987,,,,,,,ODN0005424546,z,right_only
C772DE2D-AB81-4A2C-B1F5-72694C05DD08,,,,,,,ODN0002772120,z,right_only
C6D4477B-28EE-4143-AFDD-102E7F9F4B1A,,,,,,,ODN0003978264,z,right_only
B582A182-3DB4-41BA-A50B-6D96DB31C7D0,,,,,,,ODN0004358687,z,right_only
32C49552-060C-409C-A28C-52D11BF9B325,,,,,,,ODN0004462634,z,right_only
1F5753EF-324A-4DF3-A666-DC71B583BCEC,,,,,,,ODN0002977733,z,right_only
AD75F455-4F54-4871-85E6-A9FFC65F77DA,,,,,,,ODN0002977737,z,right_only
29B0D0CD-A94E-4CA3-AA13-B67C4B1684C1,,,,,,,ODN0005183468,z,right_only
DC0F3E98-5CB5-4803-8EEB-147832611117,,,,,,,ODN0002772162,z,right_only
992F6D34-3901-4F40-B280-45C857B806CD,,,,,,,ODN0005424552,z,right_only
6E041AEE-71F2-4127-B858-6A468B15027E,,,,,,,ODN0005380608,z,right_only
0D0B9FCC-74A1-4F87-85F2-4D1D9E7AEEA5,,,,,,,ODN0005380620,z,right_only
B64556F2-B4DD-4A36-99A5-4626D093C8B0,,,,,,,ODN0003448562,z,right_only
863DAF29-762D-48D3-9778-1869A65CEF00,,,,,,,ODN0003334790,z,right_only
920B6C28-24AE-45F9-99FD-228166B5A80C,,,,,,,ODN0005356194,z,right_only
66C996C8-2F70-44DB-BE3A-B5E812A6E492,,,,,,,ODN0005304182,z,right_only
75A9E9CD-0FED-4222-B1B6-C5DCD4F7429C,,,,,,,ODN0005424564,z,right_only
708BC2F4-8FBC-416E-A6EC-ABAD51B808D8,,,,,,,ODN0005356195,z,right_only
C76A3071-0944-49D1-A422-CCF98189B109,,,,,,,ODN0005304185,z,right_only
5EB6AC3A-9FD7-49F9-A0EE-336A3E162501,,,,,,,ODN0004224956,z,right_only
5EC284EC-B888-4B15-82E7-9FDFA410D8DC,,,,,,,ODN0005461926,z,right_only
C79F2198-9757-483E-9876-EDED67A2FE39,,,,,,,ODN0005533196,z,right_only
9CC836FB-FE20-439B-BE1B-EAB99E51B19A,,,,,,,ODN0002977897,z,right_only
11A70F50-F707-48CE-AF9F-513CB5E2FC0B,,,,,,,ODN0005379739,z,right_only
5A676007-1067-4FD9-B1F8-632A95C54516,,,,,,,ODN0004234486,z,right_only
0880F9A9-F4ED-403B-8D99-0EDC0BFAB91B,,,,,,,ODN0005238543,z,right_only
AF5992C6-CB85-45C8-AFD3-3EA102B04803,,,,,,,ODN0005304198,z,right_only
92087ED0-3773-479B-8276-68DBEEB86D37,,,,,,,ODN0003956699,z,right_only
245738BF-2C54-4F57-989D-265D8B0573D9,,,,,,,ODN0005183503,z,right_only
67920448-C52B-4ACF-BD95-3DFEDEC134A4,,,,,,,ODN0005247966,z,right_only
160FF483-28AD-429A-B3B9-CA44AE05F1D2,,,,,,,ODN0005356214,z,right_only
3CB3121E-BED7-4001-8085-375504908358,,,,,,,ODN0005398529,z,right_only
685EABA2-ADB2-4ACB-93DE-220DC4F669D4,,,,,,,ODN0005223510,z,right_only
AFE26239-5A76-4CC2-98CD-E07854B678DC,,,,,,,ODN0005262180,z,right_only
C3BAE32B-E320-4CA6-B493-AF21725019CB,,,,,,,ODN0004902760,z,right_only
207535EB-30E7-45F8-B5CD-12D12763ED5F,,,,,,,ODN0002727448,z,right_only
77E21735-5BD5-4920-84D7-0492A649FB0E,,,,,,,ODN0005461945,z,right_only
D68D3D21-C7EF-4820-8065-B9D5BBC9DB47,,,,,,,ODN0002977964,z,right_only
FD7DDEE7-BFEE-4201-AC01-8F1F753168C3,,,,,,,ODN0002772533,z,right_only
CE739D22-2DE4-4F62-B5AE-3252CE976B14,,,,,,,ODN0005304208,z,right_only
BEA416A4-A474-4042-9CA7-96DE28D35870,,,,,,,ODN0005223515,z,right_only
BA5ADBC9-F3E1-45C9-BF1F-71D244928D8A,,,,,,,ODN0004706026,z,right_only
A7A62824-6D17-42E7-820D-B19D7EFD32AB,,,,,,,ODN0005238556,z,right_only
E28CD10F-A523-4B52-A18F-EF82D32B7B34,,,,,,,ODN0002772593,z,right_only
FABCCB3E-7A64-48CF-9AFD-C6B0B1B7EEB4,,,,,,,ODN0005304210,z,right_only
07794182-A9B3-4DFB-BA2B-6126A63CF9A8,,,,,,,ODN0004943360,z,right_only
4949B0A0-8BA4-4866-9DA0-F7A0BCA4759E,,,,,,,ODN0003615752,z,right_only
65E6B711-C16E-447A-B7F6-1401D48B4F89,,,,,,,ODN0005461953,z,right_only
DBDA0B63-FA3A-42C1-BC61-F2630C3AE062,,,,,,,ODN0004764724,z,right_only
825B1873-04AC-4A69-B063-83ED7293F30C,,,,,,,ODN0002772648,z,right_only
5008E955-6EAD-4441-80C4-22F55185BFE7,,,,,,,ODN0002978010,z,right_only
156AB451-8767-4A79-9B73-C821F9FAB878,,,,,,,ODN0005262188,z,right_only
BDA53819-EB13-44BB-A26D-56F5E592EC28,,,,,,,ODN0004774338,z,right_only
82F7D445-00C8-433F-B4B1-45DC75AD99E6,,,,,,,ODN0005380646,z,right_only
5120DD64-DD93-493F-890F-4DACCEA4907C,,,,,,,ODN0002772671,z,right_only
A38721A0-718A-4F55-8EAE-BBEDC1BE855A,,,,,,,ODN0005262189,z,right_only
0F891050-7A40-451F-A1D0-DA7273103198,,,,,,,ODN0005304220,z,right_only
7F9C9D7F-1EC4-4F2D-A4CA-091E777B9A33,,,,,,,ODN0005304221,z,right_only
705697ED-D27B-4C6D-B60E-8B25BB16397E,,,,,,,ODN0005304223,z,right_only
C6E9AAB5-470F-43EB-875E-CB0843DEE126,,,,,,,ODN0005304224,z,right_only
F5650659-3710-4EF2-ACAF-B4491D477553,,,,,,,ODN0005304225,z,right_only
39106C04-47B2-4D02-BD72-0015390F8E3F,,,,,,,ODN0005304226,z,right_only
C2F0CA9A-060D-4D4E-9A28-3E33E728C76F,,,,,,,ODN0005304227,z,right_only
3ACD7D7C-4949-4CB5-ACD1-FCE36BB8639C,,,,,,,ODN0002978022,z,right_only
0AFE66A6-0C48-4138-9C83-4257F01910B3,,,,,,,ODN0002772728,z,right_only
84AFEC06-98F2-4DA5-9B97-5CF62B664709,,,,,,,ODN0004555764,z,right_only
D311F0F7-A01D-484C-9C72-46C2BE9A14C6,,,,,,,ODN0002772762,z,right_only
984E2D51-7C45-46AA-9414-A3DD793AD520,,,,,,,ODN0004863568,z,right_only
58285510-813D-4446-AE07-730AF878DBE5,,,,,,,ODN0005398540,z,right_only
4702C4F5-3846-4C70-AED1-AB58ECCC7AFB,,,,,,,ODN0005461965,z,right_only
59EFB25A-639D-4C64-8108-EBAB7123AE8A,,,,,,,ODN0005238566,z,right_only
AB9A0BF5-7492-4C4C-B8B6-A0C4FF9F7FA2,,,,,,,ODN0004668848,z,right_only
2A1DE240-1CBA-49B5-8452-A714010B2B01,,,,,,,ODN0005381599,z,right_only
DA04568B-DB40-4455-A873-6FF007BF9FEB,,,,,,,ODN0002978061,z,right_only
605F6FB7-0C3F-4675-B273-252D4912E98B,,,,,,,ODN0002978064,z,right_only
9F16A48C-0566-4B79-A542-641C0628D743,,,,,,,ODN0005048951,z,right_only
92F331CB-91F3-4487-BDBB-35DED5FCD00B,,,,,,,ODN0002978066,z,right_only
E2B15924-B561-4FD3-89B6-851DD7DB9FD8,,,,,,,ODN0004382862,z,right_only
2B8B1A73-9738-4938-80D5-D5CCD95705A5,,,,,,,ODN0002978073,z,right_only
37D354E5-E057-4D53-B377-F1CBFA796573,,,,,,,ODN0003154130,z,right_only
2D32B8EE-799D-4A56-A60E-E9B8F7C094F3,,,,,,,ODN0004325080,z,right_only
634E4972-7A55-41CF-A165-9ADD2D69EF53,,,,,,,ODN0005336462,z,right_only
8211B160-7FD6-4426-B909-D749F2921AF2,,,,,,,ODN0005204643,z,right_only
0F22BA12-CE95-41FC-BA77-B37F80FC3A56,,,,,,,ODN0005204645,z,right_only
37418593-4FFA-4F05-A929-167692F88FD3,,,,,,,ODN0005204646,z,right_only
87BC9629-9C4E-42BE-B26B-9C8A7D229D5C,,,,,,,ODN0005204647,z,right_only
9EF8A30D-C46A-4E94-8F59-18C922D4C685,,,,,,,ODN0003575554,z,right_only
63412EEA-D364-419C-A12E-897D76AED2DD,,,,,,,ODN0004580185,z,right_only
CE2DD45E-01C0-42FD-AC1A-1214B31B6AF2,,,,,,,ODN0005262201,z,right_only
7959A7EF-CFBB-4E8A-8713-B38B335E187E,,,,,,,ODN0004555775,z,right_only
4C846DCC-79F5-4A2C-BDDF-C1F4A032F7C6,,,,,,,ODN0002978120,z,right_only
B7281223-4B91-493C-8ADD-F86228CCB47C,,,,,,,ODN0002978121,z,right_only
00A597C7-7540-4447-B85B-B92B9D16AFDC,,,,,,,ODN0002978122,z,right_only
185824EB-D7D9-4E61-83C4-5277B6AD3659,,,,,,,ODN0003826050,z,right_only
9E13C1C5-5656-4AB4-A1B9-B7ED66908B63,,,,,,,ODN0002978123,z,right_only
AF9EE1EE-806E-42FC-BF0A-E3DA13C4E732,,,,,,,ODN0004331893,z,right_only
FE5BB904-B52F-4164-AF90-7833BB636015,,,,,,,ODN0005238584,z,right_only
5F2AE411-4782-4517-9DC7-A2F07C06AEDF,,,,,,,ODN0002978128,z,right_only
1D69B235-E59A-43E5-98E3-326883B04789,,,,,,,ODN0002978137,z,right_only
E7A0F6D4-40A6-48FA-A40A-1D3F6850B55D,,,,,,,ODN0005304251,z,right_only
28738074-B7A6-4A74-8F32-B0D8E4BF08FA,,,,,,,ODN0004668856,z,right_only
654FA4B9-2C6D-48F0-9CC4-4810910DB038,,,,,,,ODN0005336478,z,right_only
DDDD36CF-144B-4416-9371-E4E18C31D40C,,,,,,,ODN0005461994,z,right_only
E6F7411E-1751-47B1-9BD7-BD07684CA289,,,,,,,ODN0004879125,z,right_only
0524E076-E8CF-4120-928B-380953A32BEF,,,,,,,ODN0005304257,z,right_only
C9370C82-F560-47C5-9B83-C71D1107E332,,,,,,,ODN0004290286,z,right_only
CCD0BB66-8722-4905-9E28-DFB7276A1BCC,,,,,,,ODN0005336483,z,right_only
48B9C6B1-0BA4-4037-A973-09F285242E35,,,,,,,ODN0005183594,z,right_only
7BB41C92-B27C-4782-BBFA-F909D5F42495,,,,,,,ODN0005304263,z,right_only
D9C956CA-BB03-45DE-96C2-D1650D171F47,,,,,,,ODN0004991880,z,right_only
D216B6CB-F7CC-40CB-9146-49F1DA9D94AD,,,,,,,ODN0005281316,z,right_only
D2D1F85D-D4E1-4986-9C5C-01DB8A727557,,,,,,,ODN0004863584,z,right_only
AAAF879E-F7CC-4C20-B53F-54C7FFA2FBDB,,,,,,,ODN0005356279,z,right_only
1B8FF450-6247-45B2-ABFC-13036685FE77,,,,,,,ODN0005462008,z,right_only
65888671-5858-47C4-BD9D-09400ECD2EC2,,,,,,,ODN0003324528,z,right_only
387C873B-8A5B-4514-9BD8-2624CBE669E7,,,,,,,ODN0005336494,z,right_only
D0194747-DC7B-4C1B-A00F-029A60E7C9C5,,,,,,,ODN0004119063,z,right_only
90A8C0E6-5CA7-4BEE-9DD1-135190DDB249,,,,,,,ODN0005356285,z,right_only
829F6BAB-FDB9-4091-B056-FF71411D6D3C,,,,,,,ODN0004879148,z,right_only
994BFD82-ECE5-4A77-B3A7-83F494222640,,,,,,,ODN0004958435,z,right_only
65E24BD3-7B5C-40AF-AFB6-CB5CBD2BFE63,,,,,,,ODN0005100311,z,right_only
8B3957BE-6E82-49FF-8F27-074E50E6EF20,,,,,,,ODN0005281320,z,right_only
9BF3EF79-E769-4253-9D78-05CA78CD0429,,,,,,,ODN0005204671,z,right_only
15413F61-B381-488D-92F1-00570DEAF504,,,,,,,ODN0005462022,z,right_only
423D0E8B-C952-40C0-BF9A-049E7E9C5721,,,,,,,ODN0003790236,z,right_only
EC0A54BD-14C6-412B-BD53-2A432A4226B7,,,,,,,ODN0005304276,z,right_only
F26AD879-D046-4AE0-A76F-67DC4D563595,,,,,,,ODN0005398573,z,right_only
A9236D97-8F83-4301-8A62-462C7029AEF9,,,,,,,ODN0005398574,z,right_only
842E285D-609E-4079-A822-727E658AF3B4,,,,,,,ODN0005262221,z,right_only
57B3DBB9-7FFC-4016-B447-636713A7C59F,,,,,,,ODN0005144109,z,right_only
7DC241B1-14D7-4FB3-9C06-1D8654D71636,,,,,,,ODN0002984583,z,right_only
B2AC4640-8F07-41D8-8AA0-2D9C77DBF4DD,,,,,,,ODN0005304280,z,right_only
66F9D03E-0AE3-4BBE-A221-AEE655CF6B5F,,,,,,,ODN0002978301,z,right_only
72425C32-FB21-4DA1-85C7-4832E5943DD9,,,,,,,ODN0002977067,z,right_only
A632DEAC-A583-4A7A-9E78-7094E1FCD2E4,,,,,,,ODN0002978317,z,right_only
825728B2-186E-4713-B8A3-C2C3E42869AD,,,,,,,ODN0005204685,z,right_only
5A3E02EF-9B39-4D93-9364-7F7EFEE367DB,,,,,,,ODN0002978343,z,right_only
F759C200-28EB-4840-86E9-9F74740086B2,,,,,,,ODN0002773605,z,right_only
3249A810-7138-41FA-9C9B-51709CE1236E,,,,,,,ODN0004202049,z,right_only
BE99FACC-0FDA-4C1D-AD91-CCAFAB2944B6,,,,,,,ODN0005462048,z,right_only
F9EC6317-E49C-4C69-AA3F-AA78FC358D47,,,,,,,ODN0005262232,z,right_only
4F6E9043-4AAA-4478-AA21-0E18E4131F68,,,,,,,ODN0005262233,z,right_only
F8238D43-F306-45DB-8830-DE33D5AAE8AA,,,,,,,ODN0005238630,z,right_only
9BF4CE8E-4A05-482C-84C1-6A1B0D61FB1B,,,,,,,ODN0002728161,z,right_only
1899BC1B-C786-4904-9DAC-4243B385D02B,,,,,,,ODN0005144188,z,right_only
ED4507F3-7F4B-4942-BE19-F65457E66622,,,,,,,ODN0005304296,z,right_only
6D54A78F-E208-4139-84E6-51DD9B6B638C,,,,,,,ODN0005398587,z,right_only
1F6838B4-EE9C-4DA5-B5A9-3E08D4A3E46C,,,,,,,ODN0005204692,z,right_only
8DE043E8-E1B0-4F84-8834-5797E608D702,,,,,,,ODN0002978393,z,right_only
9A2AFC2B-9F2B-4859-8C88-8008339FF331,,,,,,,ODN0004462685,z,right_only
1271CDAD-273C-4A03-9F42-17D8BD75FEDC,,,,,,,ODN0003575695,z,right_only
19F72FF3-FF80-4F01-9B4B-E67A2C881B4F,,,,,,,ODN0002978439,z,right_only
79AD9B56-5998-43B7-8F39-4727987F69EB,,,,,,,ODN0002773849,z,right_only
E44DAF0A-B70F-4B42-89F5-D736AD6BF75B,,,,,,,ODN0004873271,z,right_only
4D489CDE-3C4F-4589-A52C-DAB1F0F74B68,,,,,,,ODN0004331914,z,right_only
78B51C33-C233-4D47-9218-4E7628CAC778,,,,,,,ODN0002978466,z,right_only
CCA3CD4C-FC9E-4498-9DA0-0ADAD8AE87D8,,,,,,,ODN0002978468,z,right_only
E306A570-FDD2-497C-A506-FA16C732B87A,,,,,,,ODN0005204701,z,right_only
18DB59B5-BD84-4597-9176-585017237F27,,,,,,,ODN0004764800,z,right_only
C46CF5F2-8F31-46B1-B325-3A086B61EBBD,,,,,,,ODN0002773905,z,right_only
16AED132-0F2B-4073-BA48-2686D86AE331,,,,,,,ODN0002773922,z,right_only
73CEFBDF-83C6-4ADF-B194-EE55823E7837,,,,,,,ODN0002773938,z,right_only
248E54B9-4B12-491F-B143-B4C61EF4D91A,,,,,,,ODN0005038550,z,right_only
0EBB53F3-81E6-47F6-B960-C4E6119343B9,,,,,,,ODN0005356330,z,right_only
78E77BF4-5E0A-4F33-926D-4D6C2421A761,,,,,,,ODN0002774150,z,right_only
47E0309F-9331-43B7-AB98-BC983664C413,,,,,,,ODN0003575702,z,right_only
89E4A7FA-5CF5-4A00-9863-23FC9C5D517A,,,,,,,ODN0005462077,z,right_only
CE6D87AE-8C71-4227-AF97-D34D20AC7DA7,,,,,,,ODN0005336571,z,right_only
7232AA5D-7E49-4A8B-A2ED-595D114D6767,,,,,,,ODN0005356334,z,right_only
529090F4-F481-4633-914A-5A95B7E42E5D,,,,,,,ODN0004325204,z,right_only
FDD87588-ED84-4C44-BBC6-0EB1D890C31A,,,,,,,ODN0005304321,z,right_only
1F3C10B8-19DD-43FE-AC0F-F52CE5260DF9,,,,,,,ODN0005238653,z,right_only
C87E27FE-AFB6-4CE8-99A9-0FE8FFFC08D2,,,,,,,ODN0005398611,z,right_only
2EA8D4F7-C4AF-43FA-B9F8-E8F13CDE69FB,,,,,,,ODN0005380721,z,right_only
C8D1E0EA-D375-414D-B1DA-5272E528B51E,,,,,,,ODN0002808859,z,right_only
8D7E810E-2EC1-4D78-A524-A8CFB5F61180,,,,,,,ODN0005183684,z,right_only
EE6FFFB5-6F10-45AC-B42E-0F34DDF2FD18,,,,,,,ODN0005379754,z,right_only
48FEBA76-88F5-4215-A937-5E6D70E7338D,,,,,,,ODN0005379755,z,right_only
59A03E7D-852D-4E62-9E5F-83AADDB69DF5,,,,,,,ODN0002978558,z,right_only
506E60D8-9B69-4550-9041-2E0F4E9BE524,,,,,,,ODN0005356345,z,right_only
9F59007B-5941-4F76-BFF2-BA9A5D1B7FF8,,,,,,,ODN0004879188,z,right_only
6DD2D36E-97E7-43CD-B13B-7B37A82B6F4D,,,,,,,ODN0004409401,z,right_only
102294AD-2A05-464B-A85A-90E63071F028,,,,,,,ODN0002774869,z,right_only
9FDCE8FF-EF93-46E4-B855-E168F9BC5CA0,,,,,,,ODN0002978622,z,right_only
1B5B2222-C8D1-4843-99D6-1D9914402B3F,,,,,,,ODN0002774887,z,right_only
E0500712-9FBE-4D96-9BFC-5C2D0259ECE5,,,,,,,ODN0005019024,z,right_only
FE08CA63-E801-4CBC-A178-D942BC30FB02,,,,,,,ODN0002978633,z,right_only
45367C14-B834-421C-9AF7-D5CCCBCD47E3,,,,,,,ODN0005304339,z,right_only
4FC8A2E5-65AD-4AC1-89A5-2B1BE1CB9694,,,,,,,ODN0002978638,z,right_only
C45E47EC-D6E4-4F2C-8710-6E9CC3627914,,,,,,,ODN0002978639,z,right_only
2BC04403-409E-4630-ACE3-E12E919E75E5,,,,,,,ODN0004854658,z,right_only
985EAE4D-4DD6-400B-8550-D7D91183B277,,,,,,,ODN0004854659,z,right_only
AD960920-FB12-410C-B6AB-5507174E7D33,,,,,,,ODN0003701802,z,right_only
A4ADC7A3-CCDA-4619-B44B-B5E707CCDFC1,,,,,,,ODN0002978657,z,right_only
C0C1F9A4-3EA6-41A6-87D1-8488F43FC098,,,,,,,ODN0005398622,z,right_only
53EB5029-E9FD-49A5-BE0E-9505251B54D8,,,,,,,ODN0005304344,z,right_only
828F2D31-E92C-479B-8A42-413AD817857E,,,,,,,ODN0005204719,z,right_only
3FDCF3AA-71F1-41DD-B5BB-CD5836163529,,,,,,,ODN0004680298,z,right_only
9B7AD629-6F88-4B37-9B28-A9503F002CC7,,,,,,,ODN0002978674,z,right_only
299BCB8A-FAE4-408B-BCA9-B27606B637A0,,,,,,,ODN0005262266,z,right_only
710901D0-7750-43CB-8735-2C4AEA8EB5D9,,,,,,,ODN0005336628,z,right_only
09E6364D-D61E-43AA-952D-0947CA830958,,,,,,,ODN0002978679,z,right_only
C7B6158F-612D-4EAD-84BB-9B127FAB955D,,,,,,,ODN0002978681,z,right_only
E09AC892-3F9E-48B2-BCB5-C0B6ED86304D,,,,,,,ODN0002978706,z,right_only
05957816-7AF1-40B8-A383-91F21687787A,,,,,,,ODN0005247992,z,right_only
F9201045-B028-49B0-A0C3-8E2E76F763A8,,,,,,,ODN0003284166,z,right_only
5B8F3AA6-2952-4773-9C9C-63CDA650B598,,,,,,,ODN0005048996,z,right_only
A70D3ABB-B23C-42A9-8531-AF3051C03C05,,,,,,,ODN0005380750,z,right_only
E9BE774B-9071-4402-B74D-62E24AD0A26C,,,,,,,ODN0004496199,z,right_only
D4C2C5C5-2CBC-4710-A799-221279BEA3EB,,,,,,,ODN0005238679,z,right_only
7498E87B-12E9-4404-A478-160F62339298,,,,,,,ODN0005356365,z,right_only
AAEB8DCC-5CF3-4034-9EFA-BD41367D1AE2,,,,,,,ODN0005304357,z,right_only
E0FD606B-80F3-4ED5-A5D9-6120E590DEBC,,,,,,,ODN0004202093,z,right_only
744453A4-DF22-4810-9F4B-8DC3E02B2DDA,,,,,,,ODN0002775113,z,right_only
F6FEAB9A-C0E8-41E0-833B-78309739F077,,,,,,,ODN0003561901,z,right_only
A3144506-8A87-4604-9F0E-4326FCCF756A,,,,,,,ODN0005304360,z,right_only
D7371DF1-A085-4AF8-A411-D277165E498C,,,,,,,ODN0005462126,z,right_only
4E9586C5-515E-4556-840C-A02FF7C9B113,,,,,,,ODN0004290302,z,right_only
C06049C6-E74A-4D5B-B589-D2AAE8746A52,,,,,,,ODN0005380758,z,right_only
8E81BAD9-2A38-4A80-BF50-22E256712A45,,,,,,,ODN0005336644,z,right_only
673638D6-9ECE-407B-82C9-12E3FD8B54AD,,,,,,,ODN0002775229,z,right_only
E8AB3A64-F87E-42C5-9A0A-EB3DB13DD7F0,,,,,,,ODN0005356372,z,right_only
3A997458-18B2-4DFF-A7C6-1B8C559FE10F,,,,,,,ODN0004589687,z,right_only
9AEE00BF-FE37-4B6A-8656-342EFA216248,,,,,,,ODN0003858446,z,right_only
3902EF12-391E-4EBB-9BBB-04803D4AB87D,,,,,,,ODN0002775266,z,right_only
6EE95DAA-FAFC-4CB4-B84C-E809719BD0A5,,,,,,,ODN0005238686,z,right_only
90CB055B-C73B-4C47-BB22-1B49DFD85003,,,,,,,ODN0004307038,z,right_only
54B48344-90ED-430E-B5AC-9A115372796A,,,,,,,ODN0005073323,z,right_only
9A6E5BB6-BA00-47DC-8E73-F8685EC4DB10,,,,,,,ODN0005462148,z,right_only
AA7BB07D-F4C3-46EF-862E-330250042CE4,,,,,,,ODN0005380768,z,right_only
29C7731E-04D4-43E0-8412-8F3C650110E8,,,,,,,ODN0005183786,z,right_only
6B27C265-50CB-4732-94F0-F1AF936EF047,,,,,,,ODN0003561921,z,right_only
40AC571B-4FA0-4DE4-B149-41782ECE0E1D,,,,,,,ODN0002978920,z,right_only
F31E59B1-4358-4571-AB51-CC210DED7AB8,,,,,,,ODN0002775373,z,right_only
DA4F7BB2-23FD-48CF-B626-418D8AFAA217,,,,,,,ODN0005049006,z,right_only
D34BFE61-2939-4884-AAD1-2CA9DF865A0C,,,,,,,ODN0005100432,z,right_only
4D63BF47-6333-4FB2-81F6-BB36C64EBADC,,,,,,,ODN0002978944,z,right_only
7A4B585D-8B9D-4FE5-9D46-569ED92387FD,,,,,,,ODN0005304384,z,right_only
B25F1C1E-A27E-4096-BE64-6B6EE3B8AD62,,,,,,,ODN0002775467,z,right_only
1B82BC5F-62E8-4F24-8598-0211BBC05809,,,,,,,ODN0005356381,z,right_only
B5B75461-B72B-48D1-9A49-E9C7E40DCF95,,,,,,,ODN0005304390,z,right_only
E87AA4A1-5E56-4CF7-8CBF-C5D1A0168B7A,,,,,,,ODN0005304392,z,right_only
F0E2C6B6-0BCE-4CBE-90E9-1F93BBBF2CED,,,,,,,ODN0004826761,z,right_only
8D9325E1-DCD5-42AE-954F-8A373C7F18DF,,,,,,,ODN0005204744,z,right_only
DA05B8D7-8C4F-44FA-8E5C-8A68913816F0,,,,,,,ODN0005462161,z,right_only
A5BFB239-F814-421D-AB90-69BBEDA2C8C9,,,,,,,ODN0002747676,z,right_only
9F35BECE-30CC-4C9D-940E-7BEEE61DC573,,,,,,,ODN0005304395,z,right_only
B1E09FB3-F146-44AD-9CDC-B8FD2535CE13,,,,,,,ODN0002775576,z,right_only
437D0A4A-5A88-4429-96EC-25AEDE97472D,,,,,,,ODN0005356388,z,right_only
3AB3D68E-D637-4639-853B-866F3B5659CD,,,,,,,ODN0004826765,z,right_only
37707B90-C543-4E86-8C1A-5EC033EA389F,,,,,,,ODN0005281383,z,right_only
7F913622-FFA0-469A-9587-736E5C2ED37E,,,,,,,ODN0004616962,z,right_only
D5DCE378-CF4D-441A-AA7E-8FA6625BB8A4,,,,,,,ODN0002979007,z,right_only
CD66A879-6582-433A-8608-1F9A210FAF3D,,,,,,,ODN0005380778,z,right_only
63789D7E-4F3B-4E4D-8746-5C5F833E5F0A,,,,,,,ODN0004668918,z,right_only
E8A5E9B8-A981-4C59-89FF-E74D216E2F88,,,,,,,ODN0002775660,z,right_only
C568D6AF-E688-4AC5-A4FB-ABF0826251ED,,,,,,,ODN0002979021,z,right_only
88974BCB-2633-43BD-8EC1-E8C98AECB9D2,,,,,,,ODN0002809178,z,right_only
7FD4CE74-175F-4A06-AD1B-90083D0803C3,,,,,,,ODN0002775707,z,right_only
11D8EEE9-6FE8-4F0B-A577-D4014F6AD539,,,,,,,ODN0005038595,z,right_only
BAE15DA2-49D9-47DC-9686-7A082ECA5B20,,,,,,,ODN0002979038,z,right_only
FA247A3E-DAAA-42E0-8522-7144B786C6F6,,,,,,,ODN0005248004,z,right_only
9D6DE516-EB53-44B2-82AA-85246F320ADE,,,,,,,ODN0004668922,z,right_only
3D376A3F-6031-4E13-A66C-DF84288635FE,,,,,,,ODN0005424723,z,right_only
A067A8BF-66AF-498B-815A-EDDE619F6212,,,,,,,ODN0005462173,z,right_only
F2315AE0-7C21-47C1-9110-B979B60FCECC,,,,,,,ODN0004307060,z,right_only
B7790E96-DF7B-461F-98DF-892405A01558,,,,,,,ODN0005248006,z,right_only
113FF0FD-E481-40D0-8308-DB0BEF7955D2,,,,,,,ODN0005356403,z,right_only
962B900C-D7C6-40AD-916C-69DE040548DA,,,,,,,ODN0005462175,z,right_only
542C1A25-6821-48DC-8DC2-9E94764EA277,,,,,,,ODN0005336702,z,right_only
0A9F79C2-65F4-44B2-BA7E-8E01924B4140,,,,,,,ODN0005462180,z,right_only
57E24BC8-B8DF-4D55-8A74-C6FF6240D6F7,,,,,,,ODN0002979076,z,right_only
7FCF816D-6128-4D60-A8C2-21EEB8CB4A67,,,,,,,ODN0002979077,z,right_only
B97CD62E-5A70-44EB-AF4C-C2AFC21340DB,,,,,,,ODN0005380789,z,right_only
4FF948EA-A751-44E5-8728-5F9DA92D6C4F,,,,,,,ODN0005144583,z,right_only
10E439DE-E3F4-4866-A4BC-101139DD9614,,,,,,,ODN0002979093,z,right_only
80BC7D4B-7F8D-4A3B-ACD6-BDE1C5FD321A,,,,,,,ODN0005462189,z,right_only
3CF717EB-D0AE-4FF6-8A6F-3130C6B97618,,,,,,,ODN0005062075,z,right_only
F2B82B4C-0E5B-4FE2-9D89-F64BEDF6B7F0,,,,,,,ODN0003956806,z,right_only
E03F1DE1-C8D4-4036-8D8F-D5AFEF766E0A,,,,,,,ODN0005144625,z,right_only
FAC96E22-6712-4FEF-9A6E-C64489C90037,,,,,,,ODN0004409427,z,right_only
67D1E062-CD4F-4A2F-B75A-71D44E6B0AB9,,,,,,,ODN0005380795,z,right_only
B51089DE-BF2D-476D-A889-6C694E6751AD,,,,,,,ODN0005356418,z,right_only
967DB7CE-4B59-47CD-BF7F-190766E72503,,,,,,,ODN0003931452,z,right_only
93C0CEE2-141F-4D87-8749-16592E7473D2,,,,,,,ODN0005183845,z,right_only
54F4C612-EB54-4582-8775-1C8ABFBA7BD3,,,,,,,ODN0002775996,z,right_only
DDD7A97F-59B3-402B-BCBA-6ACFC06950E9,,,,,,,ODN0002847688,z,right_only
7055503E-C46E-4463-9476-D98F1A983477,,,,,,,ODN0004714302,z,right_only
CEF91B32-154D-44D2-9D4D-D1B3A807B6B1,,,,,,,ODN0004540220,z,right_only
53652188-7150-4C63-8E41-7B0CD7F93592,,,,,,,ODN0004555876,z,right_only
2A91A47B-102C-4B14-B2E7-E2FD1438780A,,,,,,,ODN0004540219,z,right_only
5EF09056-DD90-4AA2-9EC9-95C6F6C6F643,,,,,,,ODN0004658592,z,right_only
00F46C65-595E-4F65-8828-3EC686AE57CB,,,,,,,ODN0004462739,z,right_only
8226258A-FD53-4621-842B-A6BBD1DDAA04,,,,,,,ODN0005183847,z,right_only
112D9EAB-7B32-4149-BF66-56803E66EDD5,,,,,,,ODN0002809241,z,right_only
06B77005-32BF-48E8-94EA-045AEBCC23A8,,,,,,,ODN0002776019,z,right_only
FB1066D5-B989-4076-9A8B-DEBA5B2B5B98,,,,,,,ODN0003487093,z,right_only
45D58936-A832-4014-9064-394098CD44BF,,,,,,,ODN0004409428,z,right_only
E8B8BB15-6373-462E-BE29-FB1F81A9FDAB,,,,,,,ODN0002979150,z,right_only
A643F5E5-E73B-4508-91CB-2F9BB2598393,,,,,,,ODN0002776040,z,right_only
D4838873-81F7-4321-A7A0-FB4EB6802A58,,,,,,,ODN0002776066,z,right_only
289F4BB5-EAD0-4E84-B733-DB7A0E0ED1D0,,,,,,,ODN0003873047,z,right_only
BB281EA2-8068-4927-A2CF-F86C179C64D8,,,,,,,ODN0002776079,z,right_only
CF4B7B62-7B46-4CA4-BD2E-7713A0AFD7C5,,,,,,,ODN0002898234,z,right_only
A04D64F1-0232-4367-A1D7-A6BACB8BB75F,,,,,,,ODN0002712168,z,right_only
2B365455-5E2B-40F2-AB7D-43621DE7EB9E,,,,,,,ODN0002748073,z,right_only
3D7F5F5C-D32C-402D-BE84-7622360E6706,,,,,,,ODN0005410127,z,right_only
6B71AA29-C43E-4E80-B63B-817D8CCC123E,,,,,,,ODN0002776196,z,right_only
43B0FBCC-A212-448C-9590-A50542F427A9,,,,,,,ODN0002809279,z,right_only
D76B7D4A-F208-441D-9D62-D656D54163A0,,,,,,,ODN0005398683,z,right_only
C7E4766D-E365-4C21-B296-EE798BA97AC4,,,,,,,ODN0005398685,z,right_only
21ECB60B-FBD7-4AF6-9B1F-C528067BF923,,,,,,,ODN0005183866,z,right_only
3E069255-6D3B-45E5-BB1D-A846D209F30A,,,,,,,ODN0005144705,z,right_only
254451F7-1A07-4A47-970E-943E80569327,,,,,,,ODN0005380806,z,right_only
FDA66E7C-0FCE-405F-9E36-5FE325113E05,,,,,,,ODN0005304442,z,right_only
500281D0-EB09-4971-A8AF-DBCEE77A4252,,,,,,,ODN0005204767,z,right_only
DA7515AB-7201-4812-A1B8-7937AE5181F2,,,,,,,ODN0004764890,z,right_only
1A894D2E-D3C3-4C92-8DB6-7B285704DD46,,,,,,,ODN0002979247,z,right_only
0CFDDE71-DA92-4239-886A-D9F3A9BADB9F,,,,,,,ODN0003154433,z,right_only
E3C3A3C2-E486-40AB-90CA-F8578D6D6627,,,,,,,ODN0002979250,z,right_only
EA040A18-349A-427B-B3EB-78DA96404011,,,,,,,ODN0004714307,z,right_only
1680EF5E-0607-4897-A91E-5A01F3ABF50F,,,,,,,ODN0002979260,z,right_only
EF83D017-C55E-43B3-A059-C2BE1BA0B9EF,,,,,,,ODN0002979262,z,right_only
5A7FAF18-E071-48D9-99BD-D6906932AE54,,,,,,,ODN0004680342,z,right_only
F6D574BA-8C3E-4EA4-9084-3FC67E4836C3,,,,,,,ODN0005462223,z,right_only
AEC028F5-12DB-42EA-B763-A779B5D0598B,,,,,,,ODN0005462224,z,right_only
1FED8AA4-C5F7-41A0-BCB2-E4F4A0257C6D,,,,,,,ODN0005304453,z,right_only
93C37CAF-DD08-4972-AE2D-E8D606B8B634,,,,,,,ODN0005462226,z,right_only
F271DBB3-E2F0-4462-80EB-2B81929F4647,,,,,,,ODN0005183880,z,right_only
0DCE1F30-A41F-4B4A-B62E-EFF9853896BE,,,,,,,ODN0005356439,z,right_only
041E1C7F-1ED2-4E26-8831-536994AF5A21,,,,,,,ODN0005379770,z,right_only
6A9A0C62-E2DB-408E-AF4C-323BA142C4FC,,,,,,,ODN0004863646,z,right_only
B8C12393-5ACD-42F2-AEEB-AEE18472CA66,,,,,,,ODN0002776457,z,right_only
22A07015-559D-4C24-AF33-93CAD3238249,,,,,,,ODN0002979299,z,right_only
E6FE1E73-5018-4AAB-AD2D-0E22B3FA0A12,,,,,,,ODN0002809343,z,right_only
A98CBAC7-954E-4BDE-A20D-4ABFF1BD9025,,,,,,,ODN0003990513,z,right_only
B877A62E-1517-4B39-AB93-8A2269DD7ED4,,,,,,,ODN0005304456,z,right_only
BC9A4A8C-8FC3-4CE2-8D69-3680E793763F,,,,,,,ODN0002979312,z,right_only
40AAD337-2348-46D5-9FEC-6EAF8DD5E76A,,,,,,,ODN0004835714,z,right_only
45F751A5-E198-4229-8F32-7999ED76EB95,,,,,,,ODN0003990516,z,right_only
D6A340E8-B263-46C7-829C-23A4C5279AAF,,,,,,,ODN0002729580,z,right_only
9D640259-29D6-4CCB-954D-1761CBC75F9B,,,,,,,ODN0005379772,z,right_only
B22CF772-49A9-4116-9758-41BCFA3E2E72,,,,,,,ODN0005410129,z,right_only
BCF77505-B423-4852-88E7-E453B3020931,,,,,,,ODN0005462239,z,right_only
C4AAF031-4743-44DE-95FB-53B5D8999636,,,,,,,ODN0005304465,z,right_only
0EA429CF-A6B4-4297-8D19-14E39873E5A4,,,,,,,ODN0005462240,z,right_only
39A1F8BA-135D-41B6-A32C-452DA47BC997,,,,,,,ODN0005262327,z,right_only
04C06E52-8688-4A7E-954B-C4EB0143866A,,,,,,,ODN0005356463,z,right_only
7B1C2ED3-0E41-4C46-B21B-A589237FA29C,,,,,,,ODN0005462241,z,right_only
0ADB0BC2-267D-4867-9AB2-46034E85CCE3,,,,,,,ODN0002776613,z,right_only
1779E122-693B-427D-86E0-501805A03D80,,,,,,,ODN0002791986,z,right_only
BC262189-58A3-4F92-87F3-01A804D42757,,,,,,,ODN0002791988,z,right_only
78269FC5-29FB-4DA4-84C4-05CF127E3691,,,,,,,ODN0002791989,z,right_only
C9A41A7B-4B9E-4CDA-B882-37A911953A28,,,,,,,ODN0002791991,z,right_only
849A7E84-446E-420E-A95C-A5E4C3D75486,,,,,,,ODN0002791992,z,right_only
FFA3D634-1551-48B0-AC1B-527AF94EC8B9,,,,,,,ODN0002791995,z,right_only
E30A13E7-C4FC-4052-B34D-8C7C14CC4990,,,,,,,ODN0002792000,z,right_only
6F437104-7EDA-4FBA-A825-79D36A88B103,,,,,,,ODN0002792001,z,right_only
0463BFBB-572F-4142-92A0-7F38B8E36484,,,,,,,ODN0002979384,z,right_only
BEA0B1EF-CF01-42FA-B057-A08B714F262F,,,,,,,ODN0002979385,z,right_only
5FC2AC4A-99CA-4330-AAE6-B008E3D8A90F,,,,,,,ODN0002979386,z,right_only
BEB46776-973A-47E9-A11D-E341D5D2C658,,,,,,,ODN0004847236,z,right_only
C57AD26D-200F-4EC5-A160-470F544A67B0,,,,,,,ODN0004814478,z,right_only
AD0745C0-A272-43FD-BE49-6AEF36D4FB7D,,,,,,,ODN0002979401,z,right_only
EB8A061C-5488-4284-8D58-BC8978D75B6E,,,,,,,ODN0005183889,z,right_only
1E99A1BA-7CFC-41CA-97C3-9D4428FE656D,,,,,,,ODN0002979410,z,right_only
D48E7704-A0D9-4BDD-BB1D-1A20BF36C5B9,,,,,,,ODN0005380827,z,right_only
EEB15EF9-AA61-4035-968A-07464C205E67,,,,,,,ODN0002809378,z,right_only
0051D4A6-4795-4E0C-B877-DDEC54CAAA93,,,,,,,ODN0005462252,z,right_only
0DA2ED4C-EB71-4DD4-8153-EE40E0AC8D42,,,,,,,ODN0005462251,z,right_only
2003CE71-7801-49DD-B515-A22770653D26,,,,,,,ODN0002979433,z,right_only
2BDC0BE6-7E80-4754-8C81-9F93F31677E3,,,,,,,ODN0004326130,z,right_only
E3F88AF2-4AEE-404A-8A9D-4E1186851D9E,,,,,,,ODN0005398704,z,right_only
92D00468-CDA7-4908-82F7-64B26E767B1E,,,,,,,ODN0004847241,z,right_only
A927FF96-FC59-4887-8153-302797292A40,,,,,,,ODN0004607106,z,right_only
AEFE9874-91DF-4DDA-B0AE-AC6AB9FEA970,,,,,,,ODN0005356497,z,right_only
8DD0CBA9-3FE8-4AA1-878C-2110276C8DDE,,,,,,,ODN0002979457,z,right_only
A994BA92-8E3C-463E-991D-BB7A8D82FCF4,,,,,,,ODN0002979458,z,right_only
30A3CCD7-30F0-4A83-ACD2-036B4015B324,,,,,,,ODN0005356499,z,right_only
A889C223-07A5-4ADF-AB31-EF9B9CCA75EE,,,,,,,ODN0005038641,z,right_only
46C2D8B2-1ACD-4EEF-9F57-FB279A448F1E,,,,,,,ODN0002979464,z,right_only
139F1020-3F5C-4E68-AD4C-20809CC8BEC4,,,,,,,ODN0002979474,z,right_only
A53E7357-A0DA-41EC-80BB-0217E23B1F25,,,,,,,ODN0005462256,z,right_only
C3DFDE67-E94F-438B-887A-B3C296E97ED2,,,,,,,ODN0005399467,z,right_only
DDCF89A7-0162-47A3-9541-68DE148481E6,,,,,,,ODN0004580339,z,right_only
4DEE7041-85CF-4875-AABC-9C92CB7BD075,,,,,,,ODN0002979504,z,right_only
E29B865D-6C45-4471-B3F1-67912B4EA06A,,,,,,,ODN0002776850,z,right_only
4F7DA617-CC16-44EB-887B-3FE72CC739A3,,,,,,,ODN0005356507,z,right_only
1C6928BF-0C12-430A-8F1D-6D1BC5F07966,,,,,,,ODN0002979518,z,right_only
66E97E44-789F-401D-8776-E8AF0F5D48FE,,,,,,,ODN0002979519,z,right_only
12972620-6F30-4EF7-84BF-40EDDB73D4CB,,,,,,,ODN0002979520,z,right_only
B9953C31-FFF2-4ADC-AD45-6494B15599EF,,,,,,,ODN0005462264,z,right_only
FE3AE075-A98B-4B2E-A639-DF87A4A06491,,,,,,,ODN0005356508,z,right_only
6F2FBAAB-A7B8-494D-87F0-48A2B2DA3504,,,,,,,ODN0005304499,z,right_only
EE9F3227-06FC-4EAF-94AF-69ED91DCBE5C,,,,,,,ODN0002729849,z,right_only
081D3FD9-FF92-4148-90F5-7491E138528B,,,,,,,ODN0005379779,z,right_only
08B5AA94-E34A-44FC-B0B8-0EE791FF220C,,,,,,,ODN0004814495,z,right_only
6EB9FB9C-8245-41B5-9B11-1D0BDD717E77,,,,,,,ODN0002776919,z,right_only
EE5D8A18-1F64-435D-B399-346E256D24EC,,,,,,,ODN0004487713,z,right_only
2B3E4B61-62F8-440B-911A-33230EE5565F,,,,,,,ODN0002777037,z,right_only
D112660A-03CF-4882-BC36-01762BEFD3C6,,,,,,,ODN0005100557,z,right_only
B4DD403B-CC12-445B-9764-EB0ED2BA5F6A,,,,,,,ODN0005100558,z,right_only
5C6584C8-0844-438E-AB85-2D3E8A61FFE2,,,,,,,ODN0002898369,z,right_only
5F0C1F2B-0499-4D27-8AE3-B30F057E9999,,,,,,,ODN0004409455,z,right_only
46DD6F2E-375B-40E5-92D6-0C6A92B2760B,,,,,,,ODN0002979595,z,right_only
51B70B9D-C61D-4276-9757-1B65249E3F43,,,,,,,ODN0005380855,z,right_only
B6C1C69D-A08A-403C-A74F-BA7337838FA0,,,,,,,ODN0005398727,z,right_only
4334E119-3093-432C-997E-C8BB559CEE0D,,,,,,,ODN0005238794,z,right_only
E7FB032F-99B5-4415-80B8-E8829FD5BB8B,,,,,,,ODN0005238795,z,right_only
BFC0A8AF-82EB-4ECA-B1E4-6011D5F31809,,,,,,,ODN0002979632,z,right_only
2D6E04E7-DB7A-4AC1-BFCE-6B0E3061A612,,,,,,,ODN0002979636,z,right_only
0EF458B9-CEF7-411C-AB66-0756F3368B4B,,,,,,,ODN0002777162,z,right_only
3DD6CC38-3E69-4762-8E63-9C8506C5FD3E,,,,,,,ODN0004879306,z,right_only
44733D30-ADEB-40D7-9C93-B48FCA21175E,,,,,,,ODN0005462293,z,right_only
351E82F8-6679-40B7-BF61-603BDC2D5AAD,,,,,,,ODN0005462294,z,right_only
53D7AB5B-BE6D-43E8-A8DD-D8060A4CC3C6,,,,,,,ODN0004879316,z,right_only
D35609F7-BEDA-4963-B4E6-21FD34E5B808,,,,,,,ODN0005398733,z,right_only
B5B30869-1C2A-4B55-A8CB-1860A9FF863B,,,,,,,ODN0004854748,z,right_only
A1CC224E-388B-4406-BDAF-6268953DA080,,,,,,,ODN0002777278,z,right_only
BE038945-BF44-4D6E-B879-41C9A9D2CF97,,,,,,,ODN0002979692,z,right_only
28B7C502-F2CF-4279-9FCB-F071076F7A4D,,,,,,,ODN0002712425,z,right_only
08F69EBD-C345-489E-BAFC-B0BCE04A913C,,,,,,,ODN0005062091,z,right_only
EBA76F5B-18C0-4E90-8F94-27D8BB964956,,,,,,,ODN0004607122,z,right_only
7DD2BC76-075A-4E70-A4BA-1C5C3B85ABA0,,,,,,,ODN0002979708,z,right_only
BB62532C-9706-4A9C-AB0B-E922585113E4,,,,,,,ODN0002978877,z,right_only
52683348-531C-4390-9AD4-3AD151337CD7,,,,,,,ODN0002979715,z,right_only
1B958D3C-7B3B-4104-83BE-E54A00C720DE,,,,,,,ODN0005398743,z,right_only
B95A7856-3109-4E69-B559-DE6F7DB7B8A4,,,,,,,ODN0002979717,z,right_only
CAD59348-DDC9-43AE-8B16-5A45313DEEF4,,,,,,,ODN0005462307,z,right_only
A5D46374-4E4E-4055-89A5-EFE86B8FEAC7,,,,,,,ODN0002777353,z,right_only
C4268ABD-E862-400C-A56B-B2FBF102F807,,,,,,,ODN0005409872,z,right_only
EAE40844-98F8-480E-9780-4E9FE92D2B99,,,,,,,ODN0002979734,z,right_only
6C85AEEC-EF26-4338-8B67-C66D5028147D,,,,,,,ODN0005145048,z,right_only
5648F507-E2E2-4FC4-A668-34DECD70B38C,,,,,,,ODN0005062093,z,right_only
8264D670-5ECA-4557-88C9-4E9EA619D315,,,,,,,ODN0005145052,z,right_only
A5563B5A-B698-49FA-90F2-552C674BB2E4,,,,,,,ODN0002979745,z,right_only
CE85135E-CEBE-4E81-8011-4A3C2780F252,,,,,,,ODN0005038664,z,right_only
74A23662-5393-43DC-856E-EAD0183014A6,,,,,,,ODN0003615899,z,right_only
B01FCD51-9845-4474-97C8-4FEC1E26EAF9,,,,,,,ODN0005073407,z,right_only
E6CE241A-1935-4520-BEC9-BF3E95F8EB68,,,,,,,ODN0004854756,z,right_only
5A6B81FA-2A58-4B99-8664-FF548923F3CA,,,,,,,ODN0005304538,z,right_only
B40D6E9C-C35D-49A7-9C98-1847CA60D2F6,,,,,,,ODN0003931526,z,right_only
1A24072F-53AC-4632-A93D-BAFE3924F86E,,,,,,,ODN0004737465,z,right_only
D6120799-2992-46B6-8EBB-91D7F80B1DD5,,,,,,,ODN0002979769,z,right_only
A2F05DED-9242-4720-99CE-07AFCCE7C491,,,,,,,ODN0002979771,z,right_only
9371A14B-D0DC-49D5-A2FA-26C66D9DB313,,,,,,,ODN0002979777,z,right_only
9B82B61B-E4DD-4489-80A7-63C041636B91,,,,,,,ODN0005398758,z,right_only
16BE62E7-024F-4938-A357-63676F174C0E,,,,,,,ODN0002777476,z,right_only
7A312EC4-3349-4910-9810-543FA9BE4C5B,,,,,,,ODN0002979795,z,right_only
9ED7D90C-707E-480C-B5F9-20DA9B43A18C,,,,,,,ODN0002979796,z,right_only
B2F4663A-B636-473D-A171-B0EA9173B1F1,,,,,,,ODN0005204830,z,right_only
0B65E1D8-C524-4B96-9B57-AB2EE689BD4A,,,,,,,ODN0005356553,z,right_only
3C88D42B-4149-4A11-8412-3B630D56DC6B,,,,,,,ODN0002979840,z,right_only
77699D6C-0979-4749-A384-6737F79A81CE,,,,,,,ODN0002979857,z,right_only
C6F1FBB0-4F67-429A-B4B1-B1F940DD04E6,,,,,,,ODN0004826853,z,right_only
C04DCAF4-EEF0-4F71-987A-B892F33CEA21,,,,,,,ODN0002777587,z,right_only
0CE0EB91-2503-4C66-A7F7-2E3CA490512B,,,,,,,ODN0002979877,z,right_only
6E9F5A8D-3E36-467E-89D5-610765A3429C,,,,,,,ODN0005019120,z,right_only
8F4807D7-54EE-472A-962D-F12109B2717B,,,,,,,ODN0005238816,z,right_only
E34CB6EB-D9A2-432D-A4B3-BDC91BC76F20,,,,,,,ODN0003931538,z,right_only
DED7D5FA-DCE0-414A-8C85-D971A6C1F697,,,,,,,ODN0002979901,z,right_only
259CA54F-FC7C-4E6F-B5A5-C87FDE6FD4D5,,,,,,,ODN0002777645,z,right_only
8B136FC9-2DC9-4B31-A26D-5CBBB5A64CF6,,,,,,,ODN0005183992,z,right_only
1BF80308-9AF1-4762-89C6-6FB3BE455707,,,,,,,ODN0004879347,z,right_only
BFEB4A1A-7B00-4FF7-A3C7-3A2A3438CEB2,,,,,,,ODN0005183996,z,right_only
8A36113D-F948-45E4-A42C-2B888B8F3777,,,,,,,ODN0004879352,z,right_only
F6926326-A7BF-4BFF-A050-19D890478E30,,,,,,,ODN0002749186,z,right_only
BCE164F5-4615-4C2C-9E04-B820914DA7D7,,,,,,,ODN0002979962,z,right_only
6336DB64-C223-4D3B-BCDC-C3589F6561B5,,,,,,,ODN0002979963,z,right_only
9FA3D437-1BB5-4E3B-9FC8-B0AAB70C5D2C,,,,,,,ODN0002979991,z,right_only
0294AB2C-DF73-4596-BB16-EB6DB14D57B1,,,,,,,ODN0005304567,z,right_only
78DBAD5C-9857-4DAC-8FB5-47CA1170EB15,,,,,,,ODN0005379792,z,right_only
E7E802AA-FA50-4A18-BE93-154B8734D978,,,,,,,ODN0003990561,z,right_only
D4748D22-16FC-40A5-A207-26829228F660,,,,,,,ODN0004706482,z,right_only
79882A91-EF2D-4EA1-824C-87F38E1C7AA0,,,,,,,ODN0005223679,z,right_only
88315604-5507-4BEB-91E6-F9FB85BB7064,,,,,,,ODN0002980003,z,right_only
354FB8FF-541F-4CB3-93A8-05EAA8E7ADC2,,,,,,,ODN0005356598,z,right_only
27B1823C-422C-42F0-B77B-873CC5F6E4A3,,,,,,,ODN0002980006,z,right_only
DC05299F-F2E3-4F37-A97A-A40E82828497,,,,,,,ODN0005145215,z,right_only
98942FA7-B0FD-4852-985D-E25690C20FF7,,,,,,,ODN0005398784,z,right_only
83DCEAA6-3C48-4B51-95A5-877AF9AAD8D6,,,,,,,ODN0005398790,z,right_only
556377EE-E080-4AD5-83FF-3D6FB58F010B,,,,,,,ODN0002980036,z,right_only
02100C44-132C-41BD-AB18-A39D8442CB2A,,,,,,,ODN0005248038,z,right_only
65C10AAD-F883-4B47-A014-7EAEB9A29300,,,,,,,ODN0005304579,z,right_only
1B26CCDC-D20D-418E-B6CF-9D2749641B64,,,,,,,ODN0002778307,z,right_only
DC4A8DC1-DE19-47D0-98D5-E9F8A0AF8933,,,,,,,ODN0002792375,z,right_only
E6A4354C-4C75-4AF2-8FE7-8F450679586B,,,,,,,ODN0003230179,z,right_only
585C045A-2318-407B-88FF-BA496C0FBA29,,,,,,,ODN0004935015,z,right_only
5E1B232F-833D-4289-8CA7-4461C1E758F7,,,,,,,ODN0005336951,z,right_only
C93F4095-EB35-4450-A2A0-FB9E39EFBE77,,,,,,,ODN0002980068,z,right_only
9001B94E-675A-4927-8046-C46EA9FAA7E6,,,,,,,ODN0004344941,z,right_only
D2CBBBB8-1FBD-45A6-A8AD-1733006B1A1E,,,,,,,ODN0004714341,z,right_only
383BC70F-60C1-4BAE-938C-BA89ABE565A4,,,,,,,ODN0005398806,z,right_only
37AE8663-B0BC-4DDF-9D60-07C385EAA8F7,,,,,,,ODN0005379797,z,right_only
ED0B9DDE-D206-4DBE-BC0C-2A4D194C8EA6,,,,,,,ODN0005379800,z,right_only
AF2E19CC-264C-4D84-BE51-561759F1FAAE,,,,,,,ODN0005398808,z,right_only
D416F4E0-6CA3-4576-AD2D-5CD1C1ADEED8,,,,,,,ODN0003254042,z,right_only
D03C104B-F309-4CAE-B4A5-5B7C774A4812,,,,,,,ODN0005145291,z,right_only
04BA3F84-9DD8-4E0C-9723-0FC1E21C6FDD,,,,,,,ODN0005184044,z,right_only
BA10CE6A-E753-4F5C-9E24-B60F8C6F8A38,,,,,,,ODN0005073455,z,right_only
F5F6B841-08C8-43DC-9CA6-C648C551C8A8,,,,,,,ODN0005462384,z,right_only
379897AC-898E-484A-922F-5D0B6D0BD646,,,,,,,ODN0005281465,z,right_only
06DE27D2-F7AA-4BEA-A386-2A22F04F2806,,,,,,,ODN0005238858,z,right_only
F571AD0D-B7C5-4A53-943C-261ECFC3C3C6,,,,,,,ODN0005381682,z,right_only
6C0EFE25-2F02-4AB8-A256-378DF1559F72,,,,,,,ODN0005304594,z,right_only
FF26CF90-0005-485A-8BC6-9D4DC4D54038,,,,,,,ODN0005223693,z,right_only
561B6620-0FB8-4468-9323-CF84B8AD12B3,,,,,,,ODN0002980144,z,right_only
79EB55C1-11D3-4C9E-BC32-805640991B2B,,,,,,,ODN0002980155,z,right_only
83017D0D-90A5-4A1F-981F-31B84ECCD9AB,,,,,,,ODN0004540256,z,right_only
73D87493-EFC6-40E8-94FE-A8E0DC012DE1,,,,,,,ODN0004992008,z,right_only
B5D614E8-BA67-48FD-85F5-229296111B9B,,,,,,,ODN0005184062,z,right_only
AE556C04-B1DB-4D75-B07C-B5A56109124C,,,,,,,ODN0005281472,z,right_only
6C405FDB-BDF1-44B6-ABCE-4E31CEFF9F73,,,,,,,ODN0005019156,z,right_only
586859F6-CD47-4EFD-A5F6-043464D70C5A,,,,,,,ODN0005184077,z,right_only
231780F5-E5EB-42EF-BD28-75527E289C29,,,,,,,ODN0005462399,z,right_only
2A25C341-8B28-4536-9C54-8804871BC189,,,,,,,ODN0005204863,z,right_only
E559CF8D-1B7E-46A4-B121-E08889335134,,,,,,,ODN0005409906,z,right_only
D9CD694C-84EE-42BA-B6B0-58D7B3DF5581,,,,,,,ODN0004729624,z,right_only
F5D8144A-0428-451D-802D-2ED00DA11CD7,,,,,,,ODN0005019158,z,right_only
C5772626-DF13-49DE-9B24-3FD236F3DF45,,,,,,,ODN0005204867,z,right_only
8FAB9A3D-B0CA-4804-9014-EF7C752194AC,,,,,,,ODN0005204868,z,right_only
66A7FA00-E205-4FAC-B3F4-B72C63CE612D,,,,,,,ODN0004765242,z,right_only
A2C74261-F052-4DDB-8780-32ADCBDE6B36,,,,,,,ODN0005038710,z,right_only
349DA4C3-A727-4DDF-8F94-36374882946B,,,,,,,ODN0004290347,z,right_only
D17A0D66-3942-45BA-B5F8-2831A0062025,,,,,,,ODN0004765244,z,right_only
C3CC9AA8-39DC-40B0-9DE9-AE9B0E9A4E51,,,,,,,ODN0004290349,z,right_only
18D22220-DB81-4640-A726-A6046C0C04DD,,,,,,,ODN0005381690,z,right_only
64C4B8B0-6555-46C9-8DD8-CCCFBF6588C7,,,,,,,ODN0002980260,z,right_only
A96D0A3F-CA71-4682-B7A0-DE6C3C1DD98B,,,,,,,ODN0005398828,z,right_only
AFF1D273-83A8-45EE-A7C4-DA5B5BD0BAB5,,,,,,,ODN0005281479,z,right_only
732E808C-D196-44E6-B2DB-DDA7EEB3B4C8,,,,,,,ODN0002980267,z,right_only
6616EF5B-F5E0-49C4-B615-FD67DCC27C5E,,,,,,,ODN0005462422,z,right_only
5DF30B6B-DA9D-483B-8679-5CAFC9BDBB47,,,,,,,ODN0005304613,z,right_only
202F6E49-83C1-4375-B6CD-E1E5078F7D81,,,,,,,ODN0005356724,z,right_only
821C2255-055D-4407-8333-59267791D940,,,,,,,ODN0005424868,z,right_only
F24BD05B-877E-4319-9D57-6CE8C4EF310B,,,,,,,ODN0002980286,z,right_only
8CED8109-4B90-4F35-8507-CC45E3C04DC1,,,,,,,ODN0005304617,z,right_only
E7EA99B6-F239-4B19-B337-0523A518BD9D,,,,,,,ODN0005398839,z,right_only
C468AF14-2163-429F-96AC-4BD66C7A1376,,,,,,,ODN0005062109,z,right_only
C7879F4E-C03D-422B-BB29-30FEBC8DAC74,,,,,,,ODN0002980325,z,right_only
E206D00D-F7FA-4C57-AFC0-865AFE066EFD,,,,,,,ODN0004628833,z,right_only
4675DF59-4289-4B50-8A28-F7CDC50D8C28,,,,,,,ODN0005379807,z,right_only
AC153144-5FE5-4EB2-82A8-0CE35613EAFC,,,,,,,ODN0005145427,z,right_only
5735D71F-29E9-4107-91C4-A56E2961CD60,,,,,,,ODN0002825472,z,right_only
CFC09B05-070E-4673-953C-292DEE962BB8,,,,,,,ODN0005281486,z,right_only
66E92648-6B5E-42CD-B605-9E6103A0B060,,,,,,,ODN0002898609,z,right_only
B5296E29-6999-42B8-85D2-A0246C864724,,,,,,,ODN0005462456,z,right_only
A0942DF1-3574-49A6-B385-EB5FF773F468,,,,,,,ODN0003154722,z,right_only
99D650D2-D5BA-40D6-818A-D585BB161F0A,,,,,,,ODN0005281487,z,right_only
B1273213-6EAF-44B3-A9A5-E68F6CFB93CA,,,,,,,ODN0005281488,z,right_only
6E673079-1ABA-4388-9D5B-5D2DDF067C8E,,,,,,,ODN0005281489,z,right_only
F001AEE0-2102-4063-98DA-58BF9BF3A436,,,,,,,ODN0004943436,z,right_only
A722586A-A24B-429B-9FA4-A26A3D920564,,,,,,,ODN0005462472,z,right_only
9AC5DB19-CD72-4B16-B3AB-2106260E32CB,,,,,,,ODN0003487378,z,right_only
DE1796EB-0FA0-40C3-89EA-402BA354D571,,,,,,,ODN0004863819,z,right_only
F23EABF2-95E1-4076-96EC-642137197B75,,,,,,,ODN0004589787,z,right_only
31F018AE-3610-4997-920A-BB0E7F0F5929,,,,,,,ODN0002980407,z,right_only
43E25D26-456E-41CE-A372-0224AA090375,,,,,,,ODN0004607176,z,right_only
2FD9E8B2-D16E-4E5B-B939-710A5F6FA221,,,,,,,ODN0002980410,z,right_only
1134C724-1186-42AB-A933-28C6B302CC1F,,,,,,,ODN0002731890,z,right_only
DD2A5E7E-3D30-4416-AC50-C398B73F5982,,,,,,,ODN0002980433,z,right_only
DFD1F690-7144-4BF4-B29B-617177DCA8C8,,,,,,,ODN0005248057,z,right_only
5D89E786-CED2-4400-9143-F33F2F4EE4D6,,,,,,,ODN0002712946,z,right_only
6DB2D942-1ECF-49D0-85A7-22D801055E21,,,,,,,ODN0005462500,z,right_only
402AF7B6-C327-4C7A-A9DB-E389CE0DA199,,,,,,,ODN0003826500,z,right_only
452AA650-05B2-4636-89CA-97A6C0FBF388,,,,,,,ODN0002980442,z,right_only
F5576C14-992A-45CD-BCD0-EEDECFA2A32C,,,,,,,ODN0005100733,z,right_only
0023B821-D5AB-4D90-A29D-D49214FBCDAB,,,,,,,ODN0005019178,z,right_only
E3B638D3-CEA5-49DB-B195-70099D6B1930,,,,,,,ODN0004863827,z,right_only
245B844A-0C62-47D4-BED6-B72C6BCA6DB2,,,,,,,ODN0005184151,z,right_only
9765DB85-C0DD-4BB8-BF3A-060E8CAF65BD,,,,,,,ODN0005379820,z,right_only
4E43FAC2-49DE-4CDC-BCAD-BACBB1546A19,,,,,,,ODN0005462503,z,right_only
2259451A-0DD0-4F12-B6AE-8CAFB1936C19,,,,,,,ODN0005304653,z,right_only
45BC7D3A-C664-4458-B7D2-B3B5FFE62787,,,,,,,ODN0005356778,z,right_only
587C53B1-FAF7-414A-BC55-089E285ABB28,,,,,,,ODN0005100739,z,right_only
7D46DADE-B38A-48BC-B75B-6B8D008CAB44,,,,,,,ODN0005398858,z,right_only
715B4C91-E2B9-4032-AB32-83F542E53798,,,,,,,ODN0005223723,z,right_only
71400091-A6BC-4E2B-8D1F-E657CED1E71D,,,,,,,ODN0005424918,z,right_only
7D693861-AC6A-4BD5-8DB2-5E46F46E136C,,,,,,,ODN0005019187,z,right_only
64E27E29-F482-4FFD-8D1F-24BAB05EF937,,,,,,,ODN0005184170,z,right_only
017B48E6-9FF0-4287-A041-A2A10F1320D9,,,,,,,ODN0002980556,z,right_only
44065568-83DD-4C93-81EA-C202A70E66AC,,,,,,,ODN0005356890,z,right_only
124F91D3-30D6-4645-BDA7-1519C63816EF,,,,,,,ODN0002980563,z,right_only
6ACBE411-5738-4E5F-9306-6F3AB2EA77F1,,,,,,,ODN0005073488,z,right_only
575A0ACB-DF7F-4AB3-93BF-60741AC37B61,,,,,,,ODN0005145602,z,right_only
0F947F7B-1569-464A-BC30-7FEF551F0FBE,,,,,,,ODN0005462600,z,right_only
0B9DEC28-D7F7-469C-A52E-289E2872BCF8,,,,,,,ODN0005145642,z,right_only
72FA7DCC-A7D2-49F6-92E7-442C744BE4C6,,,,,,,ODN0002980625,z,right_only
2B38FA0D-BD06-4996-AD58-5300C319B72B,,,,,,,ODN0005380987,z,right_only
A6A1262B-87AA-4DFF-85F5-0C70B75D19A7,,,,,,,ODN0002980637,z,right_only
CB367585-CE64-4364-9B10-DD64272BBD03,,,,,,,ODN0002810365,z,right_only
E76CB82D-39DE-4AFB-9144-FC0226DC6F8C,,,,,,,ODN0005073495,z,right_only
00495DCA-A724-4737-90A4-3FA333D3C7DD,,,,,,,ODN0002980645,z,right_only
B8F259DE-8E48-4552-A32B-5DF3E62FBB4C,,,,,,,ODN0004958650,z,right_only
C6E093C3-4BB3-413F-8E4F-0DAC3694640F,,,,,,,ODN0005204915,z,right_only
FEFE190B-CE01-4EF4-B04C-46342191DBB4,,,,,,,ODN0002980652,z,right_only
5E372D5B-655E-414F-9BA5-543A159F4F22,,,,,,,ODN0005424933,z,right_only
E2BE54D0-D647-4EF4-9DAF-130033473CA6,,,,,,,ODN0005238928,z,right_only
3D9FD8AF-A7C2-41FF-BF93-6469F9ED871C,,,,,,,ODN0005248070,z,right_only
53D76024-55A0-4C3C-9C35-F4606B8A6122,,,,,,,ODN0005337119,z,right_only
FD993D54-579A-4E05-8068-172D50828842,,,,,,,ODN0005100780,z,right_only
63CEB799-D832-4823-BDBB-2D0E9EA7069F,,,,,,,ODN0005100781,z,right_only
DD332900-B83E-4DB8-9EB6-A187DF6387A9,,,,,,,ODN0002980680,z,right_only
43E14B39-0495-4455-ACA0-A2D9D3018368,,,,,,,ODN0002980683,z,right_only
98A1DD9A-C97D-4A5B-A2C1-419703457796,,,,,,,ODN0005534191,z,right_only
9C4DB229-FE9C-40CA-9FFA-1BCD78408158,,,,,,,ODN0004902987,z,right_only
712FA407-4EE1-4327-9A7B-27E0A1A8B961,,,,,,,ODN0002800224,z,right_only
C382C656-B1E8-4B24-AE5C-CA9370E44FB5,,,,,,,ODN0002980713,z,right_only
A2A19D1A-80C7-4DBB-9A36-7B545192E7BE,,,,,,,ODN0005262429,z,right_only
4C035693-F67D-4A94-826C-244BC3D2C8A2,,,,,,,ODN0004729674,z,right_only
2805C855-2E09-40B1-A95A-4699B95E1EA7,,,,,,,ODN0005462643,z,right_only
BC8C1ADD-4C85-4BCC-92AA-CD5B4A430D39,,,,,,,ODN0005462644,z,right_only
AD34C926-D52E-4F2C-86A5-E6B562FD2F5E,,,,,,,ODN0005238947,z,right_only
64EAF9DC-6DEE-4ED4-89FD-14142973BDE8,,,,,,,ODN0005462651,z,right_only
DA0D1D7F-CB6D-4299-8C37-BE5E690CA8F4,,,,,,,ODN0002980776,z,right_only
00562EBD-7CD8-4561-8A8D-DD06BA123238,,,,,,,ODN0005381024,z,right_only
8BF73C3A-C5B4-4F4A-99C3-C7B8EFE66374,,,,,,,ODN0002980780,z,right_only
706678E0-A06D-4BD1-BEA9-B8EDD0D3900C,,,,,,,ODN0005462653,z,right_only
9B368B21-E2A6-4FFE-B1A9-F66CBC3B87CF,,,,,,,ODN0005304712,z,right_only
52A11DBF-B33B-4AA1-88EB-574BDC3C4399,,,,,,,ODN0005204946,z,right_only
C428DE4A-7FCC-4D30-9C29-366DBC0BD04C,,,,,,,ODN0004409538,z,right_only
A0369F56-83F9-4332-AB7A-1191C0091C25,,,,,,,ODN0005062122,z,right_only
B4069EC2-2A60-4AE2-9941-BA34E7162D0E,,,,,,,ODN0004879497,z,right_only
6AE221C3-9CA7-4261-B769-18E4F8B01230,,,,,,,ODN0002980815,z,right_only
2301B6FE-0CEC-4A38-B628-4E269DBAACAB,,,,,,,ODN0002980816,z,right_only
C13CBB01-B373-49A5-A6DF-4C77D9B93382,,,,,,,ODN0005204959,z,right_only
8C10C61E-644A-4ECD-987D-BBD01DDD849C,,,,,,,ODN0004454390,z,right_only
C8B3F862-7E53-493A-A103-97751DDE7E92,,,,,,,ODN0004863851,z,right_only
295BD167-2EB8-4899-A4E6-E70768AD1E2B,,,,,,,ODN0004607237,z,right_only
DCAB260B-4B17-412E-926D-7957A2AE9A05,,,,,,,ODN0002980823,z,right_only
3FB481C2-F2D6-4FB6-84FB-71A2EF3CDA11,,,,,,,ODN0002810490,z,right_only
99CA3A3E-494F-4B78-952A-EC054B923F3F,,,,,,,ODN0002792873,z,right_only
06546BAC-3BDC-43C5-B7FA-69C0E7C69A44,,,,,,,ODN0002980840,z,right_only
0C37EAC7-79E2-4618-8B20-8DF285FE2987,,,,,,,ODN0005262443,z,right_only
383D3874-2C5C-46E0-B522-AD39F514C815,,,,,,,ODN0004992052,z,right_only
64C7A93C-9EE3-4935-8A5B-AAE741314D01,,,,,,,ODN0005398952,z,right_only
83A3B93F-67A8-4FD7-96B3-6E290357C813,,,,,,,ODN0005304727,z,right_only
C8200F13-728E-4C23-9B3B-2282A70911B5,,,,,,,ODN0005204969,z,right_only
D9F2283A-EB2D-4B39-B8F6-1CAF32FA0537,,,,,,,ODN0005381044,z,right_only
37E6A046-B6C1-4BD7-B3FD-D94995633AD2,,,,,,,ODN0005223764,z,right_only
D9DE8344-8C78-41B6-9784-CDC0306FBF78,,,,,,,ODN0005381720,z,right_only
A53D70B4-47D9-4933-B63E-3B7EC8EEF49F,,,,,,,ODN0002980856,z,right_only
E1634F7A-6140-431F-BDD2-261CF2F66F72,,,,,,,ODN0002980860,z,right_only
BA66B695-2E19-4465-A1D2-041E3E078E0A,,,,,,,ODN0005204983,z,right_only
2B4B0C3E-6C45-4452-945D-A8215E258166,,,,,,,ODN0005337218,z,right_only
F270C29B-CE5D-4713-A63F-4266DE1DBF0C,,,,,,,ODN0005204989,z,right_only
45AA2987-4E9C-4958-AD18-4B0806DABF0F,,,,,,,ODN0002980884,z,right_only
9601FCAB-81D7-41F4-920B-9E6B9CA9E62C,,,,,,,ODN0004569972,z,right_only
259CF826-6FAF-4664-AA82-122D18EEE88E,,,,,,,ODN0005424971,z,right_only
6F8556DA-CF54-4989-A5E3-8896C63579A6,,,,,,,ODN0002980932,z,right_only
6F3CF9C2-B43B-4426-9B65-26B49658D445,,,,,,,ODN0002980935,z,right_only
C17A1298-59CB-44BB-AD20-FBD98471AB61,,,,,,,ODN0004607246,z,right_only
EEA9181A-FB9F-473D-BF22-7C00F2239605,,,,,,,ODN0002980944,z,right_only
17C80379-1A77-4273-9EE2-67B0B832B1F8,,,,,,,ODN0002750889,z,right_only
E68345D2-19E7-4D42-ACAA-D6625E2CDBB2,,,,,,,ODN0002750890,z,right_only
4249A557-51F0-48D8-A966-3ED0A9E58E00,,,,,,,ODN0005238973,z,right_only
07884BA3-EF77-4529-A0C7-84A0E5CA7422,,,,,,,ODN0005381055,z,right_only
D5412616-0DBC-4FB7-81AB-1E775CE07DDE,,,,,,,ODN0002750898,z,right_only
05D1E306-FEFB-4C16-A95B-12EF9E05FA35,,,,,,,ODN0005398969,z,right_only
E73DE7B7-F6B5-4E10-9CD3-303A1C16B075,,,,,,,ODN0002750922,z,right_only
82DDEAEF-B58C-456B-A032-150B78574D7D,,,,,,,ODN0002750924,z,right_only
3C15E2AB-BF09-46DC-BC1C-2A343301C83A,,,,,,,ODN0004607251,z,right_only
FCBA8258-F6D5-4FAC-BBEE-EEED68C056B7,,,,,,,ODN0002750938,z,right_only
4CEBE1C5-A1F1-46D2-9DAE-27E0BE1056E1,,,,,,,ODN0002792962,z,right_only
7953CE11-2AB2-403F-9247-E986E66EA06E,,,,,,,ODN0005462713,z,right_only
1AD96360-3C0B-425F-8580-66D0BBAEF826,,,,,,,ODN0002750983,z,right_only
875CBABD-94AE-44B6-B768-CC1165FF8E60,,,,,,,ODN0002750992,z,right_only
D73655C7-1F50-4AE0-96F7-73BF4DD83787,,,,,,,ODN0002750994,z,right_only
4D78A8BA-7900-4B8D-A9A4-A704276B8240,,,,,,,ODN0002750995,z,right_only
AC10C91E-DA4F-4F22-9749-207C1750673A,,,,,,,ODN0002750996,z,right_only
2AACC76F-0134-4EB6-93E9-33A308A57D1B,,,,,,,ODN0002750997,z,right_only
6546E30C-62BC-41C6-BEEA-96CFC519D81E,,,,,,,ODN0002750998,z,right_only
2CFAF5B0-905B-4ED4-9BC6-9D796DF7B230,,,,,,,ODN0002751000,z,right_only
2795731A-B921-451E-83C1-04351DB2263C,,,,,,,ODN0002781961,z,right_only
33F596AA-912B-4D00-AD7F-C5DAB6C1BE3A,,,,,,,ODN0002981064,z,right_only
B2ACB715-694B-4D86-80E7-7D5FC4605AFD,,,,,,,ODN0004706677,z,right_only
FA8D81CF-D738-4A89-94AE-9652C0A9BDAA,,,,,,,ODN0002751001,z,right_only
08B83F6F-567C-41F0-8B8C-FF360E640607,,,,,,,ODN0002751010,z,right_only
5ECBAC6D-2501-47AF-A462-B13A0C499B11,,,,,,,ODN0005145989,z,right_only
B492A54E-BA85-4895-BBBC-A23986AE37A5,,,,,,,ODN0002751028,z,right_only
6EECBF8B-82A3-45E7-B4AE-B0CED7779ADE,,,,,,,ODN0004992064,z,right_only
70CB70DB-87B6-4E6B-88F1-531487E36221,,,,,,,ODN0002751058,z,right_only
1C73869B-736A-480F-AB63-AE3B02741761,,,,,,,ODN0005337252,z,right_only
409CA6AC-CC22-4948-A70A-9168636F8C38,,,,,,,ODN0005304764,z,right_only
CC1CBD5E-2A23-4863-988F-8DF3FFCFB953,,,,,,,ODN0005337253,z,right_only
7951EEDB-EEFF-4E39-9B49-2B2028146FC2,,,,,,,ODN0004729693,z,right_only
9ACDAE54-AE3A-4C62-A8EC-33181D7113B9,,,,,,,ODN0004714394,z,right_only
0AB94B1C-FEEE-4743-A74A-EB7C9EDD7171,,,,,,,ODN0002782181,z,right_only
1D617F29-7297-4AF3-AF42-627971955055,,,,,,,ODN0005398993,z,right_only
D964297A-AD7B-4282-B68F-1B59617FE620,,,,,,,ODN0005462723,z,right_only
DDC24012-E265-4AA1-96C1-2E278365514E,,,,,,,ODN0005462724,z,right_only
6E00B7EB-F545-45F2-A532-DE191B393F1A,,,,,,,ODN0002751084,z,right_only
77C34DF0-5E93-4C02-B071-7B56DBD23DFA,,,,,,,ODN0002751085,z,right_only
195002ED-6B51-4948-A1F9-25BEF2C8FD42,,,,,,,ODN0005462727,z,right_only
4F8D357C-DA3C-4C00-9127-CD34F1A439E5,,,,,,,ODN0004409558,z,right_only
0BE39594-1809-46F7-961B-6D6233265FCD,,,,,,,ODN0002751096,z,right_only
61902085-1AF7-4AFF-A7F6-10927DFC4AB5,,,,,,,ODN0002782267,z,right_only
25F5F44C-74DE-4C4B-8F72-62DD4738F4C2,,,,,,,ODN0002751100,z,right_only
DDF4D002-39F2-4068-8AB4-6751D3AA3D44,,,,,,,ODN0002981167,z,right_only
8A8E3C8E-932F-4F1F-9CC4-47DC0DFDDFDA,,,,,,,ODN0005146152,z,right_only
852E130E-E505-40FB-9FBA-E12D61838C22,,,,,,,ODN0003584513,z,right_only
3A04DD04-9548-4D9B-B154-E3236C097553,,,,,,,ODN0002751177,z,right_only
7580EA40-108C-4E43-B210-8DE782FBCA7D,,,,,,,ODN0002751178,z,right_only
5B5511ED-E40E-4673-B62F-6C72BDD950FB,,,,,,,ODN0002751179,z,right_only
1F7324D1-C049-4F40-BA2D-DAAC04F876A6,,,,,,,ODN0002751180,z,right_only
22996837-9168-4F06-8A8E-F7240EE9A8F7,,,,,,,ODN0002751183,z,right_only
C1A03B15-6B64-4900-A34E-DF24D2791025,,,,,,,ODN0002751184,z,right_only
EDBD5E15-4FC1-411C-8F3C-36B877E85506,,,,,,,ODN0005205769,z,right_only
8B5B3869-FE49-46D7-A7DD-49EEB10F9BFC,,,,,,,ODN0005205770,z,right_only
5DE52A59-870B-4BFA-AC0C-73B6434742AC,,,,,,,ODN0002981267,z,right_only
9D9F9E5C-8D29-4CEB-95E1-C57CB2F0A8C8,,,,,,,ODN0005356990,z,right_only
667A4FC3-7B6D-429E-AE2C-C9B76068EA65,,,,,,,ODN0005381740,z,right_only
20BC58BC-7600-4F7D-816F-E49E5DFFB381,,,,,,,ODN0004992075,z,right_only
7683054C-9FCA-4A02-8FD6-B2B9B00B8611,,,,,,,ODN0004729699,z,right_only
4054E381-5115-4081-B32B-438CA3DE7A90,,,,,,,ODN0005381741,z,right_only
EED51BD0-0857-472A-9DB0-5E6E33E6E602,,,,,,,ODN0005146191,z,right_only
F5C553B6-E871-45F8-A12B-D3F2AB470D69,,,,,,,ODN0004607274,z,right_only
971BE302-8DC4-4A19-8F85-628A91B949C4,,,,,,,ODN0002751208,z,right_only
9194586E-D43C-424A-ABF6-3F74FC6FA21F,,,,,,,ODN0002751210,z,right_only
3624CF96-B3EF-44D0-99E3-0EAA8CD92094,,,,,,,ODN0002810945,z,right_only
18BE0B9A-1220-4B18-8762-EB44125255FE,,,,,,,ODN0003873199,z,right_only
530A560F-B279-4854-862F-AAFD45C818DE,,,,,,,ODN0005146197,z,right_only
EB5BDBA4-71DA-404C-8736-2275D0766C6D,,,,,,,ODN0002981298,z,right_only
E2D711E0-E30E-4F19-A25A-AFD04A36C84A,,,,,,,ODN0002981299,z,right_only
134BC225-15AA-4F4D-8111-03D1D5CAD60A,,,,,,,ODN0004992076,z,right_only
C58F684E-D0C4-4A76-8D68-3C4901E80635,,,,,,,ODN0002751249,z,right_only
EABB2B67-26CD-4F2F-9350-D8C74051041E,,,,,,,ODN0005399015,z,right_only
BDD11C08-0EF5-402C-894B-7860E42A0C70,,,,,,,ODN0005337297,z,right_only
1D171148-CEF7-40C3-9933-7F63196E6EAA,,,,,,,ODN0004879529,z,right_only
CD027072-BB68-48C1-AF27-3CEAB75DF4F7,,,,,,,ODN0002751305,z,right_only
90110325-B71F-46CF-A1C3-D48AC5A75B47,,,,,,,ODN0005304802,z,right_only
7BFC1600-2F30-4D48-B59B-D1ABD2709CF6,,,,,,,ODN0002981403,z,right_only
34160852-130E-46DF-85A6-7222BC11AEC3,,,,,,,ODN0002981405,z,right_only
C66498B4-A5EE-438E-AB0C-7FDB8782E261,,,,,,,ODN0005462764,z,right_only
88A5EDC2-BA1C-44C0-8542-E0FF0BC91604,,,,,,,ODN0005462765,z,right_only
1CCFEBF1-6C6E-48D3-9E05-3017AA6014C1,,,,,,,ODN0002713775,z,right_only
BA0A2FEA-04C5-4C86-BDBC-CB1021ABD7F9,,,,,,,ODN0002981436,z,right_only
840365F8-0F56-4E05-B04E-BAA424727A10,,,,,,,ODN0002751348,z,right_only
6E65EB97-CFF2-45E9-A599-BA9C3BAEF1C3,,,,,,,ODN0005049175,z,right_only
F41CB5DB-99E6-4B43-A3AB-7A86E7066507,,,,,,,ODN0003723840,z,right_only
7D6DF4D2-DC4B-484D-8D87-C5F33E3D39CC,,,,,,,ODN0005381130,z,right_only
94B01534-0BAD-4BF4-B73C-7A14CEF1F7C7,,,,,,,ODN0005146274,z,right_only
6CDC833D-0E3E-403E-96EB-1B3DE8FDEDBA,,,,,,,ODN0005205805,z,right_only
F86EF0C2-EA5E-4D93-A4BA-B4D73DCEFD0B,,,,,,,ODN0002751388,z,right_only
C707BF63-36EB-45C4-A0B5-50E7E4A08BFC,,,,,,,ODN0004903046,z,right_only
84E81930-32A6-43AE-8F23-F8336AC8559E,,,,,,,ODN0002733428,z,right_only
C6658405-46C5-482E-B580-8980E736C9D5,,,,,,,ODN0004847362,z,right_only
7528E39F-D7CF-4D1B-9DE7-99D408DC4516,,,,,,,ODN0005399022,z,right_only
D080DCB7-B4D5-418C-809D-588EA9EC588D,,,,,,,ODN0002751408,z,right_only
F1E9D024-B044-4B89-A8C7-AF70D837FEB0,,,,,,,ODN0002751413,z,right_only
09D6323A-62D7-4606-9B40-C7F81DC42ED7,,,,,,,ODN0004706730,z,right_only
5D6D2C00-8C8C-4DBF-B27D-9C50FCCFFA58,,,,,,,ODN0005357012,z,right_only
0A35F5BC-D90F-46F3-8669-6FD36995D1FE,,,,,,,ODN0005205812,z,right_only
0C28ECA7-12AA-4275-A110-DC46F31323CF,,,,,,,ODN0002793157,z,right_only
87A57CCB-2CB3-4F82-9C68-FE928843EE86,,,,,,,ODN0005262493,z,right_only
21F99C9B-4084-49EB-BE27-131455513EBD,,,,,,,ODN0005073560,z,right_only
B582F718-AB43-4BE5-9593-6257A15F27DF,,,,,,,ODN0002751452,z,right_only
2DCD0034-1C26-43CD-8FBA-8FFEE1881B8E,,,,,,,ODN0002751453,z,right_only
8CC2F062-9003-49B8-A305-1B861DA69A69,,,,,,,ODN0002751454,z,right_only
B1D88337-8EF5-40FC-B4C4-698216C9A5A2,,,,,,,ODN0005462774,z,right_only
EC4A67FA-1EE1-4A8E-80C8-8D834C68DAD0,,,,,,,ODN0002751461,z,right_only
A3C611F8-D149-42A3-9E07-EE8F3759AB7A,,,,,,,ODN0004326982,z,right_only
26446A7E-131D-4C1F-9216-4B0DD9CB72BA,,,,,,,ODN0005304822,z,right_only
CE10D848-1C71-43E4-8D47-688EF2D1CAA9,,,,,,,ODN0002751475,z,right_only
E2371DD5-749E-4E6A-B335-62772E88E548,,,,,,,ODN0004765495,z,right_only
08862C99-8F46-411B-93EA-DE59D1E16078,,,,,,,ODN0004326992,z,right_only
A93B9B2B-E8DB-48EC-92FF-E0FE6CEA81EA,,,,,,,ODN0005223846,z,right_only
717FCB7D-B23C-40D8-B56B-FEE3A6BBA401,,,,,,,ODN0005281585,z,right_only
3B26C7DE-B84E-4388-8B4F-B9E9CDD1E6B7,,,,,,,ODN0005381140,z,right_only
25381560-2EA4-4115-9A71-15EB6F88F15C,,,,,,,ODN0002751509,z,right_only
47A80A98-E61D-46EC-8F22-864CB20B4123,,,,,,,ODN0002751510,z,right_only
5D316A0A-4653-44EF-9195-08395F8F32B0,,,,,,,ODN0002751511,z,right_only
75729C7F-001C-46E6-9ECA-2A64754EBC2B,,,,,,,ODN0002981585,z,right_only
5B344E0B-6A7C-47DC-BAD7-DD9537AACC61,,,,,,,ODN0005205822,z,right_only
DE4F89A9-6A3F-4FC9-ADEB-81F85B2EEBB3,,,,,,,ODN0005357021,z,right_only
DE3056F9-DFDB-4B7A-BF44-95909198885D,,,,,,,ODN0002751530,z,right_only
FD7FE6E2-6BFE-48C9-880C-433729C7F57E,,,,,,,ODN0002751536,z,right_only
D4816999-2CF1-4745-BD69-8C24055FDBDA,,,,,,,ODN0002751559,z,right_only
3BB0A5F6-33F3-49D0-A472-80B45CE7EE37,,,,,,,ODN0002751560,z,right_only
FABBE24B-91E5-4387-B046-E2912FD214E7,,,,,,,ODN0005399038,z,right_only
79175A7D-64BD-44F3-BCCD-F3ACA5840F07,,,,,,,ODN0005019341,z,right_only
EC194A51-8DDD-48DA-80F6-742D462D97F0,,,,,,,ODN0002751575,z,right_only
5CCB0666-D212-45BF-93BC-8842778F6EFC,,,,,,,ODN0005357025,z,right_only
29138128-1CE6-4952-A72A-A421727E2D90,,,,,,,ODN0002751584,z,right_only
4CB67C34-39F7-47E5-AB91-F41604425340,,,,,,,ODN0002751588,z,right_only
8ABAF3A4-9A99-451C-8B3E-E41C85FDF962,,,,,,,ODN0002751591,z,right_only
5BD081B4-8C91-42AC-83C3-FD46E716C013,,,,,,,ODN0002981623,z,right_only
281E91A5-5028-4CAE-ADF5-BEA2989E5773,,,,,,,ODN0002981628,z,right_only
4569CE04-7146-4CF8-98AF-D8CA05D4385D,,,,,,,ODN0002751595,z,right_only
6F34A009-2520-4394-BFD8-296F23CF4799,,,,,,,ODN0002751599,z,right_only
995F734A-B48E-4937-9F33-4562A6ADC0DE,,,,,,,ODN0002751618,z,right_only
3C343B25-9893-453D-9DF2-FB82B49EBDC6,,,,,,,ODN0002751619,z,right_only
C1405BA7-597D-4AEC-94C5-4925A5FCBF17,,,,,,,ODN0002751628,z,right_only
2DA2B83A-659A-44B2-A1D2-EC88FD014488,,,,,,,ODN0002751629,z,right_only
8E666DD0-16D4-437B-898A-70C14F5F513D,,,,,,,ODN0005337360,z,right_only
C4B250FF-BC14-4988-A80C-BB6577F1BCDA,,,,,,,ODN0005205850,z,right_only
BF201506-3E49-45E1-805D-048F583B6998,,,,,,,ODN0005337362,z,right_only
07B79B68-D92C-4E4D-B4C4-F48B7EADE80C,,,,,,,ODN0002751651,z,right_only
73337668-C516-430E-B973-F4ED827C753D,,,,,,,ODN0004153935,z,right_only
95C937EF-A5A4-4228-9611-631AAEDE0F00,,,,,,,ODN0002751660,z,right_only
58D68DD1-F3F9-4533-A0F1-97AF9925C283,,,,,,,ODN0002751662,z,right_only
BD608A4A-3648-42C2-9BA2-9B43F191A909,,,,,,,ODN0002751668,z,right_only
8817F6A5-4B21-41F2-8575-482CC836C55C,,,,,,,ODN0002825915,z,right_only
A0374F07-7417-4BDF-8CE1-8480E245BF1A,,,,,,,ODN0002751680,z,right_only
3EAC8F8D-39F5-455B-8A0E-8DFEEEBED0A3,,,,,,,ODN0002793251,z,right_only
D78DAED6-8CD9-445C-A483-CDC4D82A5A81,,,,,,,ODN0002981702,z,right_only
71C131C8-4A92-4A51-9324-6F33EFCCB1D3,,,,,,,ODN0002751685,z,right_only
AE317BCB-93E7-4ADD-B8FE-55A4ED7C77F1,,,,,,,ODN0002981759,z,right_only
FB6E49D4-90AC-4715-AC3E-240D46A280D1,,,,,,,ODN0002981770,z,right_only
BA6D0D2D-419C-461C-993D-5B9710A74192,,,,,,,ODN0002751721,z,right_only
4F3A3DC1-9674-4E09-B5AE-29C79C4A8509,,,,,,,ODN0005281596,z,right_only
2AF7A9BF-F801-481C-86EC-D4B2BC883D5A,,,,,,,ODN0002751737,z,right_only
0F1B2597-7EE7-4A0D-9AE7-CF2957A140C6,,,,,,,ODN0002751741,z,right_only
BCDB91C8-5A44-4421-AB0A-6740323F287A,,,,,,,ODN0005379850,z,right_only
CF8E774F-A241-4931-A08E-ED52B0639051,,,,,,,ODN0005379851,z,right_only
CDD83F68-AF98-4ABD-B18A-CE01E80D818A,,,,,,,ODN0005381759,z,right_only
9383BCAE-9B88-434E-B606-8F82FAA6250E,,,,,,,ODN0005399059,z,right_only
4C2D0C04-3A04-4573-8CFE-F052A5801E98,,,,,,,ODN0005379853,z,right_only
7AB7FBA6-EB2B-4F45-B614-570E994F68F6,,,,,,,ODN0005304852,z,right_only
FF83BCBF-1FFA-4160-83CF-277D9437C79C,,,,,,,ODN0002751764,z,right_only
926C59A4-A566-4C59-8DC8-04F6D78FAB63,,,,,,,ODN0002981842,z,right_only
0417C2AA-8752-468E-A712-1B7F5D471BBD,,,,,,,ODN0004847386,z,right_only
D01825E0-2E9A-49ED-B054-E41EF400A631,,,,,,,ODN0002981844,z,right_only
DC59072F-2338-4981-BD8D-D11D735FB735,,,,,,,ODN0005409971,z,right_only
AE116DC9-2C9F-4539-8FDC-EC1BA2FD2CB2,,,,,,,ODN0002981857,z,right_only
0D5D943F-3E97-4F17-9569-5CF61233100B,,,,,,,ODN0004706795,z,right_only
C2850619-2B75-4278-B0B2-172C9C1C0F9B,,,,,,,ODN0002751840,z,right_only
375B2F64-126F-4D38-BC2A-BA5E77147240,,,,,,,ODN0002751850,z,right_only
5C0BA41A-F705-4029-B17E-F4D6B9095DEA,,,,,,,ODN0002751855,z,right_only
BE25DE55-C217-41E4-8353-AB7836A92C2C,,,,,,,ODN0002751854,z,right_only
896E61F2-1F5D-4C7F-8E8A-FD721C848D83,,,,,,,ODN0004496382,z,right_only
21628E19-F24C-4CC6-960F-A1B5DE37A95A,,,,,,,ODN0002783430,z,right_only
81880688-CC1E-496F-960F-4ED0088EA5F9,,,,,,,ODN0004729730,z,right_only
0CAA52EE-27CE-4BD3-BE97-DF04AFB5C63C,,,,,,,ODN0002751904,z,right_only
27226E4C-48DE-4C9F-BC2A-8D643A91CC47,,,,,,,ODN0002981935,z,right_only
8D840611-C7F6-4F71-A363-282630E8EBF8,,,,,,,ODN0003660921,z,right_only
75821488-5CAF-42E8-B6F8-F505F3D6F4F2,,,,,,,ODN0002751912,z,right_only
2C61C1FA-820F-4A06-A8CE-377FDEB1304A,,,,,,,ODN0002981940,z,right_only
E1E345D4-7E01-417B-A800-4128068973C0,,,,,,,ODN0002981947,z,right_only
B1619138-6E4B-4747-9FA5-A4A1ED43A6CB,,,,,,,ODN0005462828,z,right_only
092BDA94-017B-48D3-A3FF-9CFC64287594,,,,,,,ODN0005462829,z,right_only
CC3ACFDD-550C-49AA-8B83-8B4F65539D6D,,,,,,,ODN0005262518,z,right_only
51E8A16A-DE8C-42D9-8A4E-477E9CBEF986,,,,,,,ODN0002981961,z,right_only
AE76D5F1-8A38-4A2E-AAC5-8CF9679E88A5,,,,,,,ODN0004992108,z,right_only
F750A1A0-F34A-4611-B956-2ADDC7949782,,,,,,,ODN0002751971,z,right_only
2A91E636-C330-4F11-BF12-17A478FDC215,,,,,,,ODN0002811394,z,right_only
3FBB6CF7-5AC9-4A29-8E97-1F60E18E56F0,,,,,,,ODN0002981983,z,right_only
53BA6FEC-542E-4790-97DE-425AD28283BE,,,,,,,ODN0005239058,z,right_only
7398EF73-CCBF-4E2A-8F41-589EEC04C7BF,,,,,,,ODN0002981990,z,right_only
258B5249-8878-4F58-9ADC-54967FBB3340,,,,,,,ODN0002981991,z,right_only
24D832E2-EEE2-48F8-9B08-71DAE69B67D8,,,,,,,ODN0005205930,z,right_only
F6AF407C-5EC0-4199-AB5A-A17A25AAF959,,,,,,,ODN0002752014,z,right_only
32002DA7-2019-421A-BE22-6271E591369F,,,,,,,ODN0005205931,z,right_only
88A3873C-2B5D-4DAE-B567-EABE46358C85,,,,,,,ODN0005357075,z,right_only
7B58B2D2-3FBF-4D6D-BAF5-6362C6D22AEB,,,,,,,ODN0005304880,z,right_only
C9A5E8D9-D589-43B0-9158-9FB0D447E42C,,,,,,,ODN0005399084,z,right_only
34224E0F-2F10-4FD3-8CB7-A02AF471AA2A,,,,,,,ODN0004873456,z,right_only
7218067A-31E5-42B5-97DE-9250455766E2,,,,,,,ODN0002752049,z,right_only
98302256-CEE6-4000-8971-D01147E3DD7D,,,,,,,ODN0005205936,z,right_only
136562CD-BD44-4463-B1AD-5E34066DCB0E,,,,,,,ODN0005205937,z,right_only
AB4F7EC2-7902-4C1D-9A74-003E6E23265C,,,,,,,ODN0004487972,z,right_only
25A7C591-053F-4074-9F8C-C375F35F6B2E,,,,,,,ODN0005462855,z,right_only
2912E844-1C1A-43BD-95E2-AADA861EAD25,,,,,,,ODN0002752076,z,right_only
A3747E96-EDA8-4A07-9C95-504002476599,,,,,,,ODN0002982039,z,right_only
19AF3A84-1984-4306-B615-4DBB3B9B3E2F,,,,,,,ODN0002752097,z,right_only
9DEE65CD-9858-4F09-81A6-9EC0CBA06013,,,,,,,ODN0005304885,z,right_only
74C2DC28-7FE5-432C-89B4-E35A4F686F3E,,,,,,,ODN0005205941,z,right_only
EA81E85C-AAB6-4F3B-B63F-C5611D72586B,,,,,,,ODN0004462907,z,right_only
851F8CC1-6912-463B-8744-759D04CC15A3,,,,,,,ODN0005462858,z,right_only
1A6D6953-7D2A-42A1-8C6A-C46E679F1AA5,,,,,,,ODN0002752122,z,right_only
1C310759-5296-442E-B418-7B70E279CB45,,,,,,,ODN0002752124,z,right_only
73BF78F0-98E6-4C5B-9C19-257F5D0B318F,,,,,,,ODN0002752133,z,right_only
66826F4B-CA4A-4820-9746-0A251401388C,,,,,,,ODN0005239071,z,right_only
7593997F-5B79-4811-AC79-91445459F30C,,,,,,,ODN0002752165,z,right_only
01A13CB4-8BFF-4771-8092-9E5AB702560A,,,,,,,ODN0002752177,z,right_only
F9EDBA91-D232-462E-9DE9-D3B4D44EFD98,,,,,,,ODN0002982098,z,right_only
A0FC6884-CCB5-473D-B5D3-74D1AF329E57,,,,,,,ODN0002752189,z,right_only
6DC9E6F8-414D-4B1E-A06C-969A878788CD,,,,,,,ODN0005381189,z,right_only
951787DA-864F-4BEB-A647-40453B8272A3,,,,,,,ODN0004589927,z,right_only
8B5C8025-6D12-4C33-8061-79BA4DB1287F,,,,,,,ODN0004706844,z,right_only
C268B61E-DA6D-4118-875E-99996E8206DD,,,,,,,ODN0005062148,z,right_only
09DD0770-A042-491F-BE52-DE7E459FB5E3,,,,,,,ODN0002982161,z,right_only
BEB310E4-6BA6-433C-B04B-CB6175B33DBA,,,,,,,ODN0002752272,z,right_only
BC9FA5D6-CEA2-4EC9-B11F-BB5E874EFC55,,,,,,,ODN0002784126,z,right_only
9D632394-17FA-4742-9489-E2B327EA1758,,,,,,,ODN0005381195,z,right_only
F64E89FB-5F64-4278-9038-CB97E9E64616,,,,,,,ODN0005357110,z,right_only
BA39147C-9A68-4801-BA6F-1CB759C8B6AD,,,,,,,ODN0005379862,z,right_only
138309E6-2542-4F26-96AD-1336F02A23D1,,,,,,,ODN0005379864,z,right_only
602348C8-20E8-42DC-971D-5C13E4E51ACE,,,,,,,ODN0005379865,z,right_only
2CF9973C-458A-4D3D-8218-A6A61C57CC0C,,,,,,,ODN0005379866,z,right_only
97A5A5F5-A9DB-436B-88FE-5768FA6EF5E7,,,,,,,ODN0005379867,z,right_only
DD9818F4-19D5-4704-B930-D45F43A7EE83,,,,,,,ODN0002982189,z,right_only
005E8128-D3B5-4BA7-B30B-B16252FCE726,,,,,,,ODN0005381199,z,right_only
BE189CCC-737F-4E11-99D8-50EB015D7811,,,,,,,ODN0002752317,z,right_only
FE4A8CA3-CFAD-4AFF-B79B-157145EA222E,,,,,,,ODN0002982190,z,right_only
DBBB018F-75FF-4496-8A21-BA88099EFDD2,,,,,,,ODN0003155182,z,right_only
A5A01C86-F517-4EA8-ABAE-2457CCE309D2,,,,,,,ODN0004345030,z,right_only
095BAB48-0CB1-4CD3-8E3F-DD8154E36AF2,,,,,,,ODN0004327127,z,right_only
3D0FCFD4-F264-498A-B246-F28CD3BAFF7E,,,,,,,ODN0002752325,z,right_only
9F29C6F6-6BD2-4BE6-9B9D-40D883872898,,,,,,,ODN0005462891,z,right_only
159530D4-3AED-4196-BE51-03383728F637,,,,,,,ODN0005223947,z,right_only
2D4AE048-0C6A-45D2-ABA7-E1401150DECE,,,,,,,ODN0002734342,z,right_only
DBCB20EC-038E-4DEA-A818-C8EAE5050224,,,,,,,ODN0002752330,z,right_only
0C8531E3-7775-4AB7-BA05-561B475A2573,,,,,,,ODN0005101027,z,right_only
F04AB38D-E0D5-43B8-B3D3-84181E4879CD,,,,,,,ODN0002982212,z,right_only
E7A06835-AF40-45E3-93BA-5663969265B1,,,,,,,ODN0005205992,z,right_only
B2A822A3-1AD6-42A0-920B-A0B774B52B84,,,,,,,ODN0004570073,z,right_only
525D784F-8837-4FE6-BCB1-5BCB1B4D381F,,,,,,,ODN0004847414,z,right_only
D656DBF3-6F7F-4B5B-8440-2093F9AA3651,,,,,,,ODN0004854961,z,right_only
774BA282-8EDA-4A23-8270-903B8AD31A86,,,,,,,ODN0004847416,z,right_only
AD95EC8F-0534-4AA7-81A1-81DAC2E690FF,,,,,,,ODN0002752358,z,right_only
ACFA2800-B203-4E98-9E6B-A8D94D15CA3A,,,,,,,ODN0005205993,z,right_only
8B94B835-1F4A-4F84-92A2-56E281A83369,,,,,,,ODN0002752365,z,right_only
3315E37A-F41B-4A43-B6C5-50C811149DCB,,,,,,,ODN0005073621,z,right_only
14287B8A-463D-4644-8F3C-00F9F69FA90C,,,,,,,ODN0005381206,z,right_only
576B6FBC-4981-417B-A453-24E981FD5163,,,,,,,ODN0002784305,z,right_only
EB297AFD-D831-4B5C-BEB2-EE6557638656,,,,,,,ODN0003858720,z,right_only
1950DF99-E58A-4F0C-AFF1-BFE42B01968D,,,,,,,ODN0005379869,z,right_only
1EB80520-0143-46EC-9B65-7FFB2E80DE2C,,,,,,,ODN0002982258,z,right_only
5951B62C-5028-4770-A7D2-1D45EBF62279,,,,,,,ODN0002982259,z,right_only
1F4E7ED3-A1BD-4414-921C-61BF9B25421A,,,,,,,ODN0002752409,z,right_only
2CCE8610-AA91-4BD8-AB00-4C8416575550,,,,,,,ODN0002982276,z,right_only
C6ED7962-45DA-43EA-A980-E60984A658AD,,,,,,,ODN0005462908,z,right_only
BAC05F04-C3AF-438E-BC07-DAD544BA3C65,,,,,,,ODN0005462909,z,right_only
A072EB02-E526-40FA-B11A-38033C94138A,,,,,,,ODN0002752430,z,right_only
92980D07-CDAA-4C24-B583-C9EF21C5C1B3,,,,,,,ODN0004680664,z,right_only
E8F72149-06AF-46AF-9BF4-885593C682C4,,,,,,,ODN0005206005,z,right_only
00930145-6081-4142-9163-EC640E684A76,,,,,,,ODN0002752437,z,right_only
F71196DC-2F60-4352-89A2-6C7240596A8A,,,,,,,ODN0002982297,z,right_only
5A3E3CB0-BD69-4F68-9570-5E86E08B3B67,,,,,,,ODN0002752439,z,right_only
65D6D81C-E43D-4BE7-97EF-B8B8028C9273,,,,,,,ODN0002752447,z,right_only
EE918339-FC9A-42F9-83CC-911625E02E70,,,,,,,ODN0002752448,z,right_only
5609DA9D-77BA-4542-A42C-0B4BA6CC8376,,,,,,,ODN0002752451,z,right_only
7DA91896-CC8B-4BDA-8A53-CC3779006FF4,,,,,,,ODN0005379870,z,right_only
BF009CA5-E3FC-48AB-A3C2-F5DF82DCBC1F,,,,,,,ODN0005399109,z,right_only
EE39F8BC-B7B2-4E90-BBA6-4B36BB4ABB29,,,,,,,ODN0005206010,z,right_only
07B12739-B79F-4BE4-9DD2-87DCB384E768,,,,,,,ODN0005304920,z,right_only
AD6A10DB-64E1-4AA7-902A-FB8AB2C6E837,,,,,,,ODN0005399112,z,right_only
62941ED0-A97C-40E6-97C0-9FF7C4C1289B,,,,,,,ODN0002752489,z,right_only
5391B1A5-60CC-4D72-9D22-D0EEE5959D70,,,,,,,ODN0005206015,z,right_only
171CB5CC-EB84-4077-A929-E132A081F0EA,,,,,,,ODN0005262544,z,right_only
79B15B35-062C-446F-9B08-BFC68463FD5F,,,,,,,ODN0005381213,z,right_only
DF378893-9009-4FF3-AFEC-7974907A97A7,,,,,,,ODN0005262545,z,right_only
2809BF6B-30F1-4B82-8E18-70F9BD344728,,,,,,,ODN0005239104,z,right_only
A315A1EF-A633-4628-9EB9-0F8D809A17BF,,,,,,,ODN0002982364,z,right_only
F1675E93-15D2-4B10-9B5C-6DE9517684A3,,,,,,,ODN0002982367,z,right_only
5C9F1902-3BC6-45EC-93AC-4B7846686BB9,,,,,,,ODN0002752520,z,right_only
3A284EEC-1EA0-4384-8B10-C0E215556BAF,,,,,,,ODN0005462930,z,right_only
7238C130-839A-48E5-B773-79816EF23C55,,,,,,,ODN0002752528,z,right_only
1386FE41-4130-4D6A-9E30-6433EB84CFC2,,,,,,,ODN0002982372,z,right_only
DD0C7820-CFCE-4C3E-818F-8DAD74F72216,,,,,,,ODN0002752539,z,right_only
A7BAB97F-D028-4045-8301-102F8CD40B93,,,,,,,ODN0002982374,z,right_only
FCBF3F73-B34E-4626-BD12-05396E66ECC6,,,,,,,ODN0005379872,z,right_only
AB292B86-1C89-4B91-99C4-6122B9698FA6,,,,,,,ODN0005379873,z,right_only
BB8F8224-1F23-49B2-B59A-F6B9D55C8153,,,,,,,ODN0002752549,z,right_only
B8378351-05D8-4B7C-ABC2-45DFB4CA93D1,,,,,,,ODN0004787269,z,right_only
512BA7EA-F9FB-45E1-AAEE-EE84EF0FE64F,,,,,,,ODN0005357153,z,right_only
BD5E31E9-4E63-418F-BF36-831075F904C7,,,,,,,ODN0002982410,z,right_only
F344594B-CDE3-4C52-8165-9B34E244D395,,,,,,,ODN0004607344,z,right_only
08880924-9835-4813-BEF3-FB17FB004DCD,,,,,,,ODN0004589942,z,right_only
C35E226B-4F0F-415D-9C83-8A5F26C4CE6F,,,,,,,ODN0004589943,z,right_only
54382632-BD94-45E7-82C4-18FF86EEAF03,,,,,,,ODN0002982414,z,right_only
67123566-F863-4AD1-A6B3-711E940FCFB6,,,,,,,ODN0002982415,z,right_only
483AF13A-1DA8-4A3A-A089-B95FBA9F8F4B,,,,,,,ODN0002752606,z,right_only
2A13593D-6FDB-4A9B-991E-29906529C6CF,,,,,,,ODN0002982416,z,right_only
DA36C916-9224-4BC5-874D-649EED985BC6,,,,,,,ODN0005262551,z,right_only
E5C82BA0-DA51-4F0A-B5C0-24DEEEA3C379,,,,,,,ODN0005062154,z,right_only
14EFC50B-7C22-4E37-A45C-E3C9CC7E252C,,,,,,,ODN0005357160,z,right_only
F8DE2FDB-A916-4AD1-B1EC-3E555EF5F762,,,,,,,ODN0005206039,z,right_only
42DFB270-534A-4F1A-8A35-34C3F93E8E03,,,,,,,ODN0005206041,z,right_only
D844E980-47C5-4481-86BB-E38BBD90FDDB,,,,,,,ODN0002714347,z,right_only
083D52C3-D08B-48AE-94AF-6B551EC19B11,,,,,,,ODN0005462945,z,right_only
AED0E89E-A7CC-4552-9981-39E957FAF0A8,,,,,,,ODN0002982438,z,right_only
0A92A62E-6756-47C0-9AA5-E27ABA984B47,,,,,,,ODN0005399118,z,right_only
D49AF9AE-C8E1-47E7-9E21-BFCFBBE32D79,,,,,,,ODN0005206049,z,right_only
43346E40-38B3-4982-A4A5-5C33FDFE6D29,,,,,,,ODN0002982452,z,right_only
6E276533-DBEA-4D2D-AABB-C261BB3D88BC,,,,,,,ODN0002752673,z,right_only
0C255A9F-9329-4EE4-A9D7-B416989A50A0,,,,,,,ODN0002982456,z,right_only
389063EB-5143-484C-9127-C66D86F5B2AD,,,,,,,ODN0002752674,z,right_only
D5FF5299-F6D6-4C16-B3AF-55BA19457751,,,,,,,ODN0002752677,z,right_only
22C41D26-F536-4D1D-A8E5-F062D9F43B8E,,,,,,,ODN0002752678,z,right_only
FF1A88F6-247C-43FE-9D4E-5D15DABCC61A,,,,,,,ODN0002752680,z,right_only
E6336792-EC19-44DA-B937-D7D03FFBCFD7,,,,,,,ODN0002752681,z,right_only
EC3B718B-6919-48A7-8589-248B89ED4622,,,,,,,ODN0002982457,z,right_only
A20CB58C-6A3C-4A4D-A60C-BACBED1760B8,,,,,,,ODN0002752682,z,right_only
D433B171-CE7C-4E26-B64F-378F26C2EC55,,,,,,,ODN0002752683,z,right_only
71151F8A-84DB-4F0D-A4F9-7A4342F215D7,,,,,,,ODN0002752687,z,right_only
C5C4692E-CC8F-4E06-A24F-9F27E20C427C,,,,,,,ODN0002752690,z,right_only
680CCD72-79C1-42E5-92E2-4FDC8AB66371,,,,,,,ODN0003597254,z,right_only
2A1D725A-C49C-41FE-83D4-E8B22568AB9E,,,,,,,ODN0004359006,z,right_only
930D3D85-B291-4502-AEE8-AF52CFB4A892,,,,,,,ODN0005379877,z,right_only
0B165D7C-F54F-466E-9F88-EB6A3C502A0C,,,,,,,ODN0004607349,z,right_only
EEF77A3D-2A51-4D12-A6DE-99B767385A99,,,,,,,ODN0002982484,z,right_only
4D1E7C14-C839-45B7-9B0F-28464DD94153,,,,,,,ODN0005399127,z,right_only
EE403AA9-429D-4FB1-9DD5-EED9423B8D30,,,,,,,ODN0005206062,z,right_only
588B375E-B7F0-44F3-83B2-A0F3703C9384,,,,,,,ODN0005206065,z,right_only
65E2EC9C-AF7F-4E4B-B41F-AAC45CF417EF,,,,,,,ODN0002982491,z,right_only
9BB1C5A3-B40B-4F89-BE8A-A4D675FFAC3D,,,,,,,ODN0002793734,z,right_only
4A44C986-2165-4EBD-A08B-5779C979ED40,,,,,,,ODN0005357178,z,right_only
9F0E5E17-82BA-450E-8418-3B5C36A6E0EC,,,,,,,ODN0002698925,z,right_only
69611603-ED39-4EC3-A81C-BC1DDEDDD7BA,,,,,,,ODN0004658982,z,right_only
3282B546-D336-4AB8-96DC-C27F13F32492,,,,,,,ODN0002752797,z,right_only
C9953DF4-121C-4376-A256-73855BD46FDB,,,,,,,ODN0002784868,z,right_only
2E71248E-40FE-4175-A5B7-6F881D3A395B,,,,,,,ODN0002784870,z,right_only
79C1E8A1-C1DA-4063-AAC8-2791CED41E53,,,,,,,ODN0004055859,z,right_only
53B776A0-2413-4201-AE0D-71601930DEDF,,,,,,,ODN0002752813,z,right_only
5DA9DCC2-FD97-45FD-855C-ACD9E5DB5F46,,,,,,,ODN0002734756,z,right_only
0A2854AF-D4B7-494A-97B1-B193F1621829,,,,,,,ODN0005357184,z,right_only
BE0B613A-9508-4619-ACC5-67235B7843D0,,,,,,,ODN0005073650,z,right_only
C4E83D2F-BA35-4F12-A4C0-5258AADE6D35,,,,,,,ODN0005357186,z,right_only
4609FBA1-4ADA-4610-807D-E14A48B2B523,,,,,,,ODN0005304955,z,right_only
EDC10A54-15B8-4BC3-BB11-3374A7DBE8D9,,,,,,,ODN0003563183,z,right_only
302463B5-3D0A-4A7B-9221-AFE1FD7C6009,,,,,,,ODN0002752839,z,right_only
CFDA179F-04A7-43CA-A2EE-EDC3A44DE523,,,,,,,ODN0005146800,z,right_only
D36FC93C-5E56-4D1F-BF3F-5089F01B3064,,,,,,,ODN0002982539,z,right_only
B5B6D1C5-9BBF-426C-B95D-D1775746A7D2,,,,,,,ODN0005206078,z,right_only
7E4C4E14-E368-44C3-8CA7-CA1DD3D3FA88,,,,,,,ODN0002752862,z,right_only
2120C85F-2E6F-42CE-A6B7-0BED9897D0D5,,,,,,,ODN0002752863,z,right_only
3C9BEE48-3BE4-457F-BA1C-A0369A90495A,,,,,,,ODN0002752876,z,right_only
C21EF2A8-D07E-448E-8102-0B57A6081C55,,,,,,,ODN0002982550,z,right_only
D231F7C5-49B2-41D5-897A-CE81D72852CF,,,,,,,ODN0002982555,z,right_only
6CD4A7BD-AC77-41EA-BEBC-DA0F040000B7,,,,,,,ODN0002752882,z,right_only
3BC103B6-3C98-4D62-A9AA-B038E0CCFF66,,,,,,,ODN0002752895,z,right_only
8EEE559E-4EBC-4803-88D5-BA74A24A5AD2,,,,,,,ODN0005462982,z,right_only
B2B00C01-1126-4A70-B83E-A497E3C955CB,,,,,,,ODN0004765623,z,right_only
3998377F-A8B5-4B63-B691-20C805F1818F,,,,,,,ODN0002752908,z,right_only
92649E21-3785-408A-AFF1-2052DC0CF4BB,,,,,,,ODN0003254191,z,right_only
9D908A6A-18BF-45B2-896F-5955AEBA811F,,,,,,,ODN0002752912,z,right_only
E5CD608A-1881-4A2D-B6FC-6ABBA00CA6DE,,,,,,,ODN0002752928,z,right_only
2533F4D1-9673-464D-ACEB-F413FE2872CB,,,,,,,ODN0005206087,z,right_only
FDCA62E7-C9F3-4540-85FC-F4DAD9528523,,,,,,,ODN0005206088,z,right_only
761F1402-DE3D-4C0C-8FAA-6FA0E5B4B406,,,,,,,ODN0005206089,z,right_only
862CDE7E-A266-4918-B634-E76B40A0B0F9,,,,,,,ODN0005206090,z,right_only
F03D472C-6DFF-410C-8FB8-BD487DAB67E4,,,,,,,ODN0005206091,z,right_only
A70B349B-10FF-49DE-8A2B-7873886617C2,,,,,,,ODN0005146830,z,right_only
36D78123-F2C8-431C-A247-B8508A0156F6,,,,,,,ODN0005146831,z,right_only
1BB35940-E397-4D72-ABBD-A410BEBD8534,,,,,,,ODN0005146832,z,right_only
6901428F-9BEF-4A5A-AA13-C0E0D738B909,,,,,,,ODN0002982581,z,right_only
8D885ECA-E05F-4AA4-A6E1-076BE08A1594,,,,,,,ODN0002982582,z,right_only
294B3A34-4858-4548-8C14-4AE0B476B663,,,,,,,ODN0002982584,z,right_only
4805BD44-B9A8-4456-9423-051C40DA6BB4,,,,,,,ODN0002982585,z,right_only
07A76204-79C1-411B-80A6-7C56CAFE7794,,,,,,,ODN0005038914,z,right_only
4CF516A5-6E3F-4137-8093-09D324FAF429,,,,,,,ODN0005357204,z,right_only
CD378755-280A-4AEE-A5AE-45F1FD93FF89,,,,,,,ODN0002982590,z,right_only
770D452B-CB06-4F22-97B7-7FE6D2C74170,,,,,,,ODN0005357208,z,right_only
38A234EA-8855-4EDD-84DD-7EB01CA34ED8,,,,,,,ODN0005357211,z,right_only
5D435477-F380-435F-B530-E77239EF59CA,,,,,,,ODN0005410026,z,right_only
CA538214-8F6D-47F0-8D39-B0FAC9994852,,,,,,,ODN0002752986,z,right_only
62BF3B66-C792-4D9F-A7A9-7241A6FB30B6,,,,,,,ODN0005357218,z,right_only
2F1F1E01-F24D-4EC4-9869-EE71DB0F6101,,,,,,,ODN0005357214,z,right_only
1BCA8202-555E-4689-A3A8-DBA233613CF8,,,,,,,ODN0005379885,z,right_only
EAA8A870-C039-4C9A-86B9-5EE56EFC7F45,,,,,,,ODN0002752992,z,right_only
2AD6E9DA-10DD-4346-A454-011373B89160,,,,,,,ODN0002982604,z,right_only
CE093EC8-BD92-4281-BAD3-3B74AD8D3DAB,,,,,,,ODN0005304975,z,right_only
6613F640-F3B4-4FCC-AF6B-37CB8D938A39,,,,,,,ODN0002734922,z,right_only
FC730E5E-4609-4B2E-9FAA-CB39F6112DC5,,,,,,,ODN0005248125,z,right_only
0D9DDBB2-FCBC-45F3-AC8F-126F1794A5EC,,,,,,,ODN0005357216,z,right_only
01FDCDB2-7E43-4C56-AE2E-B89B226ACB23,,,,,,,ODN0003487724,z,right_only
5BB3C3A0-AE9B-409A-93F1-B3BEB6E6D4E4,,,,,,,ODN0003193707,z,right_only
B3DEEBA5-A032-4090-A0BA-945FD075F2F4,,,,,,,ODN0002899216,z,right_only
1A0F7151-676E-4039-9816-10313FAFEFAA,,,,,,,ODN0005304977,z,right_only
759570D3-0152-416A-81CE-5BE60F4A59DC,,,,,,,ODN0005049228,z,right_only
EAFAE277-FAD4-40C1-A201-D7C78907B73B,,,,,,,ODN0002753006,z,right_only
5074383E-E314-40F9-B257-FF2CE91B9B5F,,,,,,,ODN0005337554,z,right_only
0CB36B30-5394-4E35-AB75-5A40FDB20066,,,,,,,ODN0005304983,z,right_only
2521F2BD-5C5F-41E2-BF71-D72ED482B1E6,,,,,,,ODN0004516593,z,right_only
5F78997A-ED24-448E-A147-1DA9CC012C1B,,,,,,,ODN0002753039,z,right_only
42E69FCD-FF2B-4328-B72E-C2D06C7811D6,,,,,,,ODN0002753044,z,right_only
D058E5E0-0713-4D89-A8A2-529D0B69E18A,,,,,,,ODN0003315779,z,right_only
D6FE4F5D-355A-4161-83DA-356BBD78CF39,,,,,,,ODN0004659004,z,right_only
63F235CF-8247-452A-A77A-509627E09B24,,,,,,,ODN0004903160,z,right_only
8E7C7BD1-D6A6-4079-A3AE-D0AE663DD29C,,,,,,,ODN0005381266,z,right_only
8A686A7F-B123-4268-B588-CBC99C99BA0F,,,,,,,ODN0005381794,z,right_only
72CA5F1C-1964-4933-ABF7-12D001F97878,,,,,,,ODN0002753094,z,right_only
AD312980-A76F-40A3-80EC-960867206DAC,,,,,,,ODN0005019459,z,right_only
8EA3FD13-9AA4-4F64-B2B1-8B20DED2F37F,,,,,,,ODN0002753096,z,right_only
8A335F60-7677-494C-8787-16BB44E0EC5A,,,,,,,ODN0005357225,z,right_only
50745B15-144F-4941-BB3D-99488C6252A4,,,,,,,ODN0005381268,z,right_only
60CE2180-6EB7-477D-9F47-99015D3B2944,,,,,,,ODN0002753098,z,right_only
540693AA-4716-4474-ACE8-BD64D305B889,,,,,,,ODN0005206132,z,right_only
B2B37D51-9EAC-4BCA-BE1B-FA36AC446DF4,,,,,,,ODN0002753107,z,right_only
0D5046DB-0B0A-4A08-91D5-056BF18CA850,,,,,,,ODN0002753112,z,right_only
47BBD852-0EEB-4FC4-8226-347BA7178952,,,,,,,ODN0002753114,z,right_only
4E7DEA95-E4E2-4141-AF7D-BAD15441321D,,,,,,,ODN0003584601,z,right_only
350A9DA1-68BF-4087-B60D-36388D03D6F1,,,,,,,ODN0004580694,z,right_only
0A2165F1-3CD7-4C1F-9E52-001377CB9AB8,,,,,,,ODN0005146925,z,right_only
EAF6F64C-C0D7-4E62-85F6-9D82C2C3D387,,,,,,,ODN0005304995,z,right_only
71C50BC1-B39C-4DE4-A6B1-6C0C66B9DAC5,,,,,,,ODN0002753130,z,right_only
3C4E6E66-1AAF-4DB0-8B6A-4010FA8A4279,,,,,,,ODN0002899256,z,right_only
AA7DE7E5-8036-4F34-BC9C-B3408CAFE1E9,,,,,,,ODN0002785331,z,right_only
01DF8D5B-816C-47BF-B353-5BB24FC46F48,,,,,,,ODN0002735061,z,right_only
ED11E4E6-75F7-427D-9BEE-D8EA17D3C12E,,,,,,,ODN0002982692,z,right_only
D9649D2B-F267-41AC-AB71-563806753991,,,,,,,ODN0005357234,z,right_only
8ED844E9-6C61-4CFE-AB75-5A1153433C81,,,,,,,ODN0002982697,z,right_only
C4D3E0E6-BA9F-4505-8FB5-80FF38C10494,,,,,,,ODN0005381274,z,right_only
DEE771DB-F274-457E-A28F-7E9578DC1788,,,,,,,ODN0005463015,z,right_only
25E62C27-C6FB-4C48-BC16-FC715F06D5CB,,,,,,,ODN0002982701,z,right_only
F0A7CCFA-3B28-4568-9F0C-6F0319C54647,,,,,,,ODN0004359022,z,right_only
3A715278-E490-4F89-9F9D-2F4478434500,,,,,,,ODN0003452619,z,right_only
E1C5BB82-6B33-4A80-ADDA-6E36E72B4BA3,,,,,,,ODN0005399153,z,right_only
A8693F3C-13D6-41C2-9F07-2225FA384307,,,,,,,ODN0002753173,z,right_only
DC3A00BF-F105-4ADA-B128-FE280BEC4667,,,,,,,ODN0002982710,z,right_only
C8767103-3628-4613-99CD-25E2AC088F49,,,,,,,ODN0002982714,z,right_only
F394D630-29FE-47D5-AF0E-C20A1C6643A4,,,,,,,ODN0005381275,z,right_only
2F87065A-5218-4A0C-AC90-CF4414A1D355,,,,,,,ODN0002753209,z,right_only
8E6BBF7A-20C2-44E4-9770-7E1DF3A2D365,,,,,,,ODN0005410037,z,right_only
0405AB4F-4C57-4838-BEE3-53279C5B8A3B,,,,,,,ODN0002753224,z,right_only
04C8B2D2-B815-4CB2-91FA-CB7428ADE072,,,,,,,ODN0002753246,z,right_only
7D9EA6A5-CE25-4E38-A343-334F4677CEE9,,,,,,,ODN0005381802,z,right_only
2251B91A-B9BB-4E01-988F-FD62A0E4490B,,,,,,,ODN0005281678,z,right_only
AB4CC255-4011-45E7-B7B2-C4616E299D00,,,,,,,ODN0002982789,z,right_only
904288DF-1778-4455-A4F4-D8089C99A8A4,,,,,,,ODN0002982795,z,right_only
15A93256-4B2E-47E2-ACA7-0E12380E90AE,,,,,,,ODN0004290386,z,right_only
91D3F843-C5BF-4235-8EE6-465E8CDF736B,,,,,,,ODN0002753256,z,right_only
4385D78B-A4EE-460C-B79C-28D1574166F3,,,,,,,ODN0002753263,z,right_only
A1D282D2-9D33-48F8-99C8-71A10553589A,,,,,,,ODN0002753272,z,right_only
4221440A-DEE9-451B-B3B2-4A6C949D7C90,,,,,,,ODN0003584614,z,right_only
3A440E38-8452-4121-8664-CFBFB27A7255,,,,,,,ODN0002753274,z,right_only
873E2598-0C64-4FC7-904E-3F265A5D62FF,,,,,,,ODN0005073699,z,right_only
3BAFC880-A7E6-4A37-8774-E49493A59EFD,,,,,,,ODN0003754661,z,right_only
D96DACED-9E27-4306-A2D0-FF0A6D9AB049,,,,,,,ODN0005463036,z,right_only
4F731E99-28D6-41C6-A066-529E7120EEC6,,,,,,,ODN0002714655,z,right_only
2BA060B5-0C6D-4795-AC36-15FE59F86FD5,,,,,,,ODN0002753326,z,right_only
B6369C16-CF54-4CC2-9EA2-E579485E150A,,,,,,,ODN0002982886,z,right_only
7FF98456-7A6D-4DAE-ADB0-34931EADDD09,,,,,,,ODN0005337594,z,right_only
C1D909AA-024A-4ADD-87C9-4E28CDA0203A,,,,,,,ODN0005262592,z,right_only
F79FE520-2F8B-4CFD-8DDD-5D3D4A4E1C31,,,,,,,ODN0002982895,z,right_only
D6E127F2-500D-475E-AC26-4EEB6F8F9C6C,,,,,,,ODN0002753346,z,right_only
70DFBA3B-E46D-40B4-A2CF-D69F45AB2862,,,,,,,ODN0004680736,z,right_only
F17D92AB-6F34-40CD-9A3A-F6C3EF60E854,,,,,,,ODN0002753384,z,right_only
70F0072F-8976-4284-98EA-0A8DE83148F1,,,,,,,ODN0002753385,z,right_only
62F851C8-0350-4F41-BD1F-E8479CE4B0BE,,,,,,,ODN0002753386,z,right_only
98CBC38E-941C-4EEA-AF46-1AE287F14FBA,,,,,,,ODN0005399175,z,right_only
F18CC4CD-49D8-4348-A1A1-C676202A8B93,,,,,,,ODN0002982923,z,right_only
7FC876BD-F9B7-4244-BC7C-48D6E24A8B62,,,,,,,ODN0005147033,z,right_only
6B21D7E5-DE42-4EE3-AC87-8216EEB03EF5,,,,,,,ODN0002982925,z,right_only
E7D3AE9F-B039-4996-9CF8-8BF3BC736171,,,,,,,ODN0002753408,z,right_only
675CF8D5-873D-4E54-9316-7CAB65AFDFBA,,,,,,,ODN0002982944,z,right_only
56669712-A07B-4849-9351-6F0285199CFF,,,,,,,ODN0005213958,z,right_only
0F009691-31EC-479D-B654-661C9CCA20F2,,,,,,,ODN0002735339,z,right_only
98B518D0-D202-49B6-9B3E-E03F75F526E0,,,,,,,ODN0005410040,z,right_only
030B9988-1A24-445B-8F8A-CE56C931939B,,,,,,,ODN0005381300,z,right_only
3A17920F-1109-46BF-A73B-09B34A1F97CB,,,,,,,ODN0005381807,z,right_only
2F073684-C54E-4673-85F6-80689507DC0D,,,,,,,ODN0005463054,z,right_only
1F6EB9E5-6175-4297-963A-95AA0A9396D3,,,,,,,ODN0005101169,z,right_only
C45ACF2F-9B8D-4B71-AA8F-DFAE396C370F,,,,,,,ODN0002983000,z,right_only
A4863F4D-57E1-47C4-B2FE-F4B47C627925,,,,,,,ODN0002753494,z,right_only
0F73559F-7C1C-43A9-8209-8D8846E5E0F1,,,,,,,ODN0005262600,z,right_only
2C79F329-EC82-4D00-9005-1FF8CAD9A69D,,,,,,,ODN0004153992,z,right_only
BB53C5F7-3B6A-4237-A644-7F31B33F76D4,,,,,,,ODN0002753506,z,right_only
55E68539-1905-4C8A-9F56-F483FAB9D73C,,,,,,,ODN0005239182,z,right_only
9C1A5601-F68B-4361-8BA7-ADF9FD312C06,,,,,,,ODN0002753527,z,right_only
F5F4888C-122E-470D-9BBC-A3BAA30E1508,,,,,,,ODN0002735432,z,right_only
BF418182-9E2A-46F3-AB32-141040FADF18,,,,,,,ODN0002753543,z,right_only
A557C8CA-0553-4D62-AD3A-C37C3FE08C70,,,,,,,ODN0005147089,z,right_only
D15A3EA9-5577-41BF-AADF-FA59AB265B0B,,,,,,,ODN0004729795,z,right_only
014715F9-7590-4B94-8F39-DC8ED851CC5B,,,,,,,ODN0005262603,z,right_only
4C9A831E-7EAF-4518-A026-263BA6111AC0,,,,,,,ODN0002753566,z,right_only
F0F23779-26F8-405C-91CD-D6C9994E5C7B,,,,,,,ODN0002753571,z,right_only
B651636B-6AD7-4C12-9E89-7FCC1F27D819,,,,,,,ODN0002983034,z,right_only
6BB66503-8C0B-46F0-9749-7F87F8364C87,,,,,,,ODN0005262605,z,right_only
05244CCB-A1CE-4B21-988F-4EA7585984B8,,,,,,,ODN0005357286,z,right_only
12ABD2C7-5095-444B-944C-91E1EDAA094B,,,,,,,ODN0002753585,z,right_only
B5021262-C260-4447-8CDC-A7C57BB025C9,,,,,,,ODN0002753586,z,right_only
89F80C41-6DFB-4DD2-8762-B6424F5FB106,,,,,,,ODN0002983039,z,right_only
B8C52741-C790-4421-AD8F-3946F2E482D3,,,,,,,ODN0004680750,z,right_only
F838D871-E2A3-40C1-96FF-0C9B95ED6160,,,,,,,ODN0004737715,z,right_only
A70EBAB5-6773-4AAE-ADE6-DD9E49E0C5CA,,,,,,,ODN0002728109,z,right_only
E6A293BB-98F7-43D2-8C3A-9B30BA18ECB8,,,,,,,ODN0002768487,z,right_only
E893FAF9-F6D9-442E-9A3F-1423001E729A,,,,,,,ODN0002761371,z,right_only
78F0E786-17F6-40E6-BA1F-ABC19518C0B9,,,,,,,ODN0002751317,z,right_only
2C80C9B9-1573-4716-8FBD-B3A68013BB77,,,,,,,ODN0002789801,z,right_only
A5ADAC88-0B9C-4D80-878A-C8AD996A58F6,,,,,,,ODN0002790461,z,right_only
588F8660-C91A-4549-8CAF-35142788FB10,,,,,,,ODN0002837099,z,right_only
6E8DFD96-F273-4AFA-AB3B-58D0C579AB62,,,,,,,ODN0002765737,z,right_only
390EC728-9028-46CE-BF73-E5007B679051,,,,,,,ODN0002770150,z,right_only
672DE9E5-CF44-42DC-BA56-7F417D7CBD4B,,,,,,,ODN0002772642,z,right_only
7BED539B-338B-4BB3-9426-38D5FAC37D55,,,,,,,ODN0004847003,z,right_only
293FEE88-06E2-42D2-91B8-377EB676B038,,,,,,,ODN0002981620,z,right_only
63E7D97A-1250-4693-95D8-9D22290AAB61,,,,,,,ODN0004144205,z,right_only
667BEF73-A70D-4CCD-A1FA-89597A2E8D1A,,,,,,,ODN0002739919,z,right_only
3E6BFF2D-E0B4-43D7-93B0-DA980FC41BF0,,,,,,,ODN0003397224,z,right_only
DB0A8508-9EFB-4291-BA7D-D6CD869AF8E0,,,,,,,ODN0002769898,z,right_only
5CFEC7B2-147F-4CB5-B529-BBA7D0F87148,,,,,,,ODN0002772417,z,right_only
6A7F0B3D-A984-434D-ACBF-5D9A0F719962,,,,,,,ODN0003448138,z,right_only
0ECE4874-CEE1-4112-9AB1-54D655236529,,,,,,,ODN0004714010,z,right_only
65C82DA2-0731-4F87-A45F-B2C4BED87B15,,,,,,,ODN0003638999,z,right_only
F9477B10-6F0B-4EA3-8F4F-E14FE54C0D72,,,,,,,ODN0003688150,z,right_only
F0CE2FA2-7BC4-4AD5-84A3-7F0AEEE4ABE7,,,,,,,ODN0003253618,z,right_only
D262689E-E699-4390-9CDF-A9D633D55291,,,,,,,ODN0004958239,z,right_only
31C44A0A-619F-4957-BB50-65A0607A6CF2,,,,,,,ODN0005182773,z,right_only
29AF1C36-48E5-4E18-B998-4D90FCBE99AD,,,,,,,ODN0004589508,z,right_only
0FA7C87F-1173-4ABA-9460-FB044E51CB7A,,,,,,,ODN0003711919,z,right_only
E3CD4AAA-6F78-4370-947E-23BF83FA1CB4,,,,,,,ODN0003674946,z,right_only
935CCE2A-E283-4590-A3AE-8F7EE8A8B882,,,,,,,ODN0003723678,z,right_only
36810B61-7B1B-4688-B174-B222D6126E8E,,,,,,,ODN0003639323,z,right_only
7E59938F-55FE-478A-A0B9-EC1D73CD27C4,,,,,,,ODN0002978624,z,right_only
9B719BA6-B2CF-4173-B520-2781E653BC31,,,,,,,ODN0004487661,z,right_only
4E0C6600-3478-4E2A-8248-BB1864D36D45,,,,,,,ODN0003213545,z,right_only
F3A1ACAA-0292-40E9-A622-4ECF315B4276,,,,,,,ODN0002979956,z,right_only
3B4B43B2-3718-4256-8E7F-C49C99AEAD05,,,,,,,ODN0003562319,z,right_only
F860437F-2E7D-45A4-968E-0ED06CF3B41B,,,,,,,ODN0002980527,z,right_only
08A4A89F-00ED-452D-BC25-DC1D8E7E98DD,,,,,,,ODN0004162515,z,right_only
C477B09C-559A-40B1-BAC9-636AB7F202E1,,,,,,,ODN0002980833,z,right_only
F0E8B977-C3C4-4EC8-8142-552CC262CF66,,,,,,,ODN0002981075,z,right_only
1796CB3E-46CA-44CE-9FE6-035D3F069EB9,,,,,,,ODN0003660929,z,right_only
3C612EE6-F8E2-4830-8F11-489D70320AE0,,,,,,,ODN0002982439,z,right_only
E9151250-357E-427A-A3ED-D14EA59D6C8C,,,,,,,ODN0002982699,z,right_only
4AA2DA12-73D1-479E-B7D4-3BB642EF3BCE,,,,,,,ODN0003660963,z,right_only
7D37C567-BDFA-4FFE-905B-B74E328E42EA,,,,,,,ODN0002726767,z,right_only
7628B0A0-F0EA-402C-805F-097F8B76F8FD,,,,,,,ODN0002726819,z,right_only
B4AFBBF0-496C-4B17-9142-176055BECCB9,,,,,,,ODN0002772440,z,right_only
BAF5400A-052A-4C06-8191-953AEE8E08DE,,,,,,,ODN0002762293,z,right_only
B9E20BBC-17B9-47FE-A244-3656F0607D5D,,,,,,,ODN0002764538,z,right_only
EFB4EAA7-3897-4BD8-A237-48AEBF46B450,,,,,,,ODN0002768677,z,right_only
32C076D1-6122-4A32-8129-754E7A2BCAEF,,,,,,,ODN0002719690,z,right_only
A865E1DB-9036-4A97-8284-F96A0CFB875E,,,,,,,ODN0002708841,z,right_only
42B921D3-4861-4B49-917C-77095BE3811A,,,,,,,ODN0004161824,z,right_only
D5028492-01CD-4FAE-8730-AAF39538CA73,,,,,,,ODN0005099708,z,right_only
9FF33CDC-F08C-4967-9E3B-6E56B70B02AA,,,,,,,ODN0003723497,z,right_only
09185E21-AF10-4327-8DBE-1A1C3DA23E79,,,,,,,ODN0005355948,z,right_only
C664ED9F-E34D-4B94-8BA4-894F6BE13134,,,,,,,ODN0002984234,z,right_only
ABBDFCBA-FE81-4B2F-B842-5F3BE3A3A020,,,,,,,ODN0002977246,z,right_only
F9D15AA6-EC14-4250-9180-9757D3343191,,,,,,,ODN0005356322,z,right_only
CCAA4E07-4AD9-4EFC-B6E4-9A9A33CAF24D,,,,,,,ODN0002712459,z,right_only
60E7DCF1-26E5-4A5C-9548-5DB9C61E8860,,,,,,,ODN0002980081,z,right_only
035DB9F7-C6FD-485C-B255-F12240816D0D,,,,,,,ODN0003203819,z,right_only
F2159F7A-7FB3-4E13-8317-EDF8C3851740,,,,,,,ODN0002712927,z,right_only
4C356059-074F-46F7-BFA9-65550A4E9408,,,,,,,ODN0004943467,z,right_only
1B6A15AE-F894-465E-AF59-356F6EE88682,,,,,,,ODN0002981458,z,right_only
99EDB393-D19B-4663-A8A6-5521EEFF8943,,,,,,,ODN0003858701,z,right_only
1125C158-75FD-467C-8231-B75291B872BE,,,,,,,ODN0005462933,z,right_only
AAB8AC5F-8351-4F6F-A4F3-894D728266FF,,,,,,,ODN0002714354,z,right_only
A41DEE83-3A0D-4842-AFD7-A44DA2226DCE,,,,,,,ODN0003204008,z,right_only
E19622F8-30E9-4497-98CE-7C7D123089AB,,,,,,,ODN0004290224,z,right_only
DBF52FFF-FB83-4A42-B49D-72F7C9A46074,,,,,,,ODN0004306535,z,right_only
6E8003F2-E607-47D3-86F5-5692BFB987D6,,,,,,,ODN0003397267,z,right_only
67B47C1F-DED7-43E4-8BBE-2A324F638DB0,,,,,,,ODN0002771652,z,right_only
CF2FF94D-84B0-497A-8106-9F90F1864115,,,,,,,ODN0002711586,z,right_only
41178FDB-450D-4A64-B66C-1EC16CEEDCF9,,,,,,,ODN0002698612,z,right_only
B5DF663D-142E-4AAF-812F-1620D7044737,,,,,,,ODN0002712268,z,right_only
6706ED5A-1ABC-4D90-B450-6D7D69A828E5,,,,,,,ODN0002714040,z,right_only
CA9166BE-D36A-4FA7-BEFD-A02C892D93B5,,,,,,,ODN0003203976,z,right_only
61283B20-3AF9-4E73-864F-D9D0B6C6B22E,,,,,,,ODN0003214109,z,right_only
54551F30-A798-4D2A-AEEC-FC35E5D81000,,,,,,,ODN0005261861,z,right_only
0719B408-8966-463C-BEB9-7CF9BAC5EB4C,,,,,,,ODN0002977047,z,right_only
F1A4FC31-EA94-432E-95C2-6EA9073CFB5D,,,,,,,ODN0005424391,z,right_only
6563BCFA-7EE9-4C55-9393-6025CF6D4F21,,,,,,,ODN0003214118,z,right_only
C359E632-EDF5-47E6-9E24-A96F21236F55,,,,,,,ODN0005038142,z,right_only
B371687F-E60A-4DDD-89C6-88AE20DC3358,,,,,,,ODN0005262152,z,right_only
78BFDEE1-06EC-4106-AC64-4A697880AFB3,,,,,,,ODN0002773020,z,right_only
44EF8396-BC2A-4687-B604-1536349D0105,,,,,,,ODN0002980557,z,right_only
B20A1E29-00CE-4793-82BD-D7B4E5468845,,,,,,,ODN0002710523,z,right_only
DAE9F950-D7F4-42FF-A86B-DD9538604FB9,,,,,,,ODN0003203141,z,right_only
E3C60724-00FA-47DF-AD95-6C7ED191117A,,,,,,,ODN0002977133,z,right_only
E35E9ED8-A9EB-477C-B819-26EF2F40E983,,,,,,,ODN0002976960,z,right_only
005E175F-A7FC-4A92-9248-CF2A1F5D9422,,,,,,,ODN0002762200,z,right_only
E540E6E4-4960-4174-A564-6FB190620877,,,,,,,ODN0002980622,z,right_only
430342F7-38FF-49BC-A549-B062493981AC,,,,,,,ODN0002981885,z,right_only
2E02F580-AB85-4C4B-BDED-8EE8F8984C5A,,,,,,,ODN0002981980,z,right_only
3CBD54D0-376B-4B0C-86D5-0D23738C12AC,,,,,,,ODN0002771922,z,right_only
9F5C45DF-2832-495A-9FF7-A204B51AE5F7,,,,,,,ODN0005355358,z,right_only
CA696D8C-4373-4615-AC9F-DE9697746E13,,,,,,,ODN0005380706,z,right_only
830B87EF-12FE-4C65-86A0-E0C228FE73CE,,,,,,,ODN0002977719,z,right_only
657DD0AE-7DCE-4894-93B3-84A85BCC5735,,,,,,,ODN0003920003,z,right_only
FF2BB654-D2CD-4279-BCC3-FA2305A93B50,,,,,,,ODN0002748320,z,right_only
2CC95AB0-84BC-4370-960A-7A1A681EA4DE,,,,,,,ODN0002979635,z,right_only
1D3E1950-318B-488F-81F3-84D8254D39D2,,,,,,,ODN0002979711,z,right_only
D2EC938B-6DEC-43D4-9A7F-BAEA05F3A0AF,,,,,,,ODN0002980295,z,right_only
F1900FA7-9DE8-4B6E-8ECD-A0AD1703B7DE,,,,,,,ODN0002982067,z,right_only
EAEE7800-9690-481A-8F23-5FC587722E61,,,,,,,ODN0002734381,z,right_only
B43894B0-9601-4C61-91B1-1D19666F196D,,,,,,,ODN0002977312,z,right_only
212D632A-BE47-4427-AF41-9380EE99B7B4,,,,,,,ODN0005247780,z,right_only
7D093D24-D73B-452C-9049-6F303C66820E,,,,,,,ODN0003754125,z,right_only
C4B21953-FBF4-4A86-AA99-AE6FF24990DE,,,,,,,ODN0003628095,z,right_only
CF173020-DE60-4037-961B-FEEE78349F65,,,,,,,ODN0002765886,z,right_only
DEF2E2E6-A0E5-4FAE-A45E-71A56548483C,,,,,,,ODN0002765887,z,right_only
5FE02561-FB99-4F36-A7FD-1958B7A015E7,,,,,,,ODN0002765888,z,right_only
D04FB20E-AB71-4F8E-A0E0-72F04B41B736,,,,,,,ODN0002765889,z,right_only
89D4AD47-6803-4564-B550-DE9C158D38B6,,,,,,,ODN0002776347,z,right_only
44F787B9-34A7-49B2-801F-E8D8D48707FB,,,,,,,ODN0002984982,z,right_only
E5FEE4C3-F779-455D-81D1-DA9D87C38F40,,,,,,,ODN0002767102,z,right_only
616632A9-3495-4771-A1FA-A978D9F1D299,,,,,,,ODN0002784453,z,right_only
0CB47540-DBA8-48DA-907A-3997E435383C,,,,,,,ODN0002772384,z,right_only
7B817FD9-A3F1-4ADC-861E-63294EA29E7F,,,,,,,ODN0002765880,z,right_only
D1C2DF7E-31E5-4659-8E36-99EF92C1D323,,,,,,,ODN0002777402,z,right_only
8A5DFE2E-D9E4-47C1-8648-8F710702D291,,,,,,,ODN0002765037,z,right_only
7436497C-F5D0-4C3A-A8A2-A40342796895,,,,,,,ODN0005409445,z,right_only
7B2CDC45-0302-4FDB-9F4D-3E01DBEBA3A3,,,,,,,ODN0005335381,z,right_only
0DEAD268-0A76-4974-BF5C-F7CFF500188B,,,,,,,ODN0005181736,z,right_only
8AEBB5CA-0D42-40B8-99C1-1A3675CB221C,,,,,,,ODN0005460854,z,right_only
BC127A9B-044F-4581-B602-FC705B21CC9A,,,,,,,ODN0005379942,z,right_only
15EF1998-CE29-4F3A-B03F-B8681BBE2223,,,,,,,ODN0005140324,z,right_only
4B16A041-7EDC-4148-A7B7-2D29EBCA30BD,,,,,,,ODN0005280901,z,right_only
C77872F3-8829-4498-9D65-BC82284F8284,,,,,,,ODN0005397727,z,right_only
79C540FD-2680-4812-B7C3-B5FB03192833,,,,,,,ODN0005140358,z,right_only
5CF49D33-FDB7-4D1D-BA17-A0C2EE56A6F3,,,,,,,ODN0005018552,z,right_only
64EFDF87-88B7-4013-AC4E-808E9A79D84F,,,,,,,ODN0004846870,z,right_only
347D76C3-AC19-4B4E-A654-4F78EEBB4DFD,,,,,,,ODN0004846869,z,right_only
71304460-6A16-4235-9A31-4F57CECF9601,,,,,,,ODN0005380010,z,right_only
79C2E0E3-F2E1-4F0B-B831-2C906F3C2807,,,,,,,ODN0004863285,z,right_only
4BAE91D7-5635-4E80-BEA6-3721F739E588,,,,,,,ODN0005461006,z,right_only
610F2931-76EA-4133-B69E-AD52320F62AB,,,,,,,ODN0005140476,z,right_only
0B9330DA-6365-4D05-854A-C3F9B2CDF2F9,,,,,,,ODN0005303497,z,right_only
34FF3343-DD04-421A-A0BF-A237B588037F,,,,,,,ODN0005461017,z,right_only
CD9FED4C-582A-4E52-8B98-6EF83B859A4A,,,,,,,ODN0005380031,z,right_only
2CEE8313-CC94-4C7E-B41C-3DD2361D6D5A,,,,,,,ODN0005237979,z,right_only
2451375C-B77B-4FA9-A707-43DA7776752A,,,,,,,ODN0005303502,z,right_only
09F3739A-FECD-472E-BD8F-E7B56F536BED,,,,,,,ODN0005140496,z,right_only
2BCDF9FF-7881-44EE-AA6B-85AF02C4004F,,,,,,,ODN0005335531,z,right_only
FC5C2EFE-710D-455D-8A88-103E2BD1E5DE,,,,,,,ODN0005247783,z,right_only
15726435-A052-4F5A-8DDD-B37939353BB3,,,,,,,ODN0005424032,z,right_only
28010F4A-53DA-4219-A495-6F9C7DCB9385,,,,,,,ODN0005247784,z,right_only
3FC78B01-7486-4AEB-B821-0B0B21E7BEAD,,,,,,,ODN0005140571,z,right_only
AA602D84-08AA-454D-872F-C661A1B07DA1,,,,,,,ODN0005335550,z,right_only
3E92A7A6-F90E-4E1C-8D35-F9D8C39E1606,,,,,,,ODN0005182028,z,right_only
FE454E49-538B-4372-A459-0008D4CA3200,,,,,,,ODN0005355385,z,right_only
E7E74D45-A8CB-4F75-8254-4EB390589125,,,,,,,ODN0005140633,z,right_only
CED724DB-C305-41BD-AEF0-19B8008ECB6A,,,,,,,ODN0005140645,z,right_only
FAF1A53B-EDC2-4FCF-8E7D-CE018C38C271,,,,,,,ODN0005204187,z,right_only
331BC8FA-F458-4743-9892-F6306408D988,,,,,,,ODN0004934406,z,right_only
4C6A47FA-5835-49B2-A38C-C5AEA44F9522,,,,,,,ODN0005335582,z,right_only
8041DA43-0AC8-4C96-AFB8-5190E11B56DF,,,,,,,ODN0005409589,z,right_only
002548FC-DAF8-42CB-9DCA-BEEC1F1E568B,,,,,,,ODN0003893915,z,right_only
7DC9DC27-411D-4AA7-9EA9-8A4C5D22BFC6,,,,,,,ODN0005140706,z,right_only
D60BDFE1-2AAD-4B90-A9EF-E95DB8C213B3,,,,,,,ODN0005303566,z,right_only
3D6C1668-029F-4F34-81A3-58E704E0B30E,,,,,,,ODN0005140727,z,right_only
B93AAC90-623C-424F-BE7B-A0B600360CAC,,,,,,,ODN0005397838,z,right_only
900D5191-E67D-4DB3-96F0-922B2233C79E,,,,,,,ODN0004878715,z,right_only
7E16DD34-C846-4F0A-A380-45BDD2BD5D6E,,,,,,,ODN0005380117,z,right_only
63082D0E-C2EB-47C7-B843-E770A2741036,,,,,,,ODN0005182139,z,right_only
C97DFB4F-B3C1-4790-B926-161264B10E22,,,,,,,ODN0005140880,z,right_only
FEA646C0-A8A7-4154-866A-28FF7EF15403,,,,,,,ODN0005223194,z,right_only
C011B95C-4305-4378-BA74-4C88D4286E4F,,,,,,,ODN0004892676,z,right_only
86AA5A62-3F8E-4A76-962C-091215BD7025,,,,,,,ODN0005303599,z,right_only
392F204E-DC61-4226-9B32-82C10F4DDA5B,,,,,,,ODN0005140895,z,right_only
EDBDA34A-746D-487F-98DA-8098D22F54A2,,,,,,,ODN0005303603,z,right_only
D53412B9-CBC6-42C0-9AE1-9A8536BD05D7,,,,,,,ODN0005461157,z,right_only
6E2BA76A-EFD3-4604-B777-73E4B5CF00FF,,,,,,,ODN0005140922,z,right_only
707BA322-9D91-4F31-A1C0-19950DC8D35B,,,,,,,ODN0005303607,z,right_only
26EEAA1D-081D-4D94-B0C3-A5F93B7A6B55,,,,,,,ODN0005140969,z,right_only
43C46991-B191-4C3B-97BD-C7A3971D4BA8,,,,,,,ODN0005140978,z,right_only
09F94BFD-B6A9-4846-B23E-E50AE8C490D9,,,,,,,ODN0005461171,z,right_only
D7E51CD8-E51D-4ED2-A1E9-3ABD52BC3362,,,,,,,ODN0005380145,z,right_only
16E33134-76CE-46B9-A3A7-717DC9A3827B,,,,,,,ODN0005397890,z,right_only
51A3A8B5-BA8C-4BD4-933A-F961B473510C,,,,,,,ODN0005355548,z,right_only
AA9AAE0C-7D46-47E3-B421-F9BC7EA75DE0,,,,,,,ODN0005141034,z,right_only
964C12DB-9221-4587-90F9-99B4D5D35F43,,,,,,,ODN0005141057,z,right_only
F4FE147B-82B3-419D-BD11-D174229C95C1,,,,,,,ODN0005182212,z,right_only
F858B4E2-EFBB-4080-91DA-7AB888519821,,,,,,,ODN0005141113,z,right_only
3E74F684-BFC7-4E67-9F37-738DBCAB2CFD,,,,,,,ODN0005141121,z,right_only
B1E6C1C7-C2CD-4D2C-848B-E33B2953D563,,,,,,,ODN0005303675,z,right_only
40E709A1-E2DF-4886-B806-DDD8BD3D4620,,,,,,,ODN0005409631,z,right_only
2DC4197D-D1BC-4D83-A90A-670B2D2628A5,,,,,,,ODN0005380193,z,right_only
CC600980-DDB3-476D-BEA0-5905E37C0F4E,,,,,,,ODN0005335746,z,right_only
12052292-1F35-4698-8A4E-762C88EACDB9,,,,,,,ODN0005335772,z,right_only
5EA0E070-B4E1-4660-A7C7-92B558176746,,,,,,,ODN0005141278,z,right_only
C6875EA6-E539-4DA3-A12C-89F9A3AA4B11,,,,,,,ODN0005141279,z,right_only
26CDAA9B-9819-45CC-858B-5988F6E37481,,,,,,,ODN0005355677,z,right_only
7048D6C6-42B5-4426-95C6-304AA8405711,,,,,,,ODN0005247845,z,right_only
F86AEE02-6365-4DAC-B6B1-8590472A3DBF,,,,,,,ODN0005141301,z,right_only
F99B619C-237B-483D-BB5B-81D3385C4F0A,,,,,,,ODN0005141306,z,right_only
5C692C10-D99A-4638-927C-CE2800963404,,,,,,,ODN0005141307,z,right_only
05DA8E3B-F5BF-46B4-A7A4-8E62E332A0DA,,,,,,,ODN0005141313,z,right_only
61603107-D8B2-4ACD-8898-28B2E77A55E0,,,,,,,ODN0005204290,z,right_only
57FB2BEB-E1EF-4D08-8B37-A7D4DA4B78CD,,,,,,,ODN0005141336,z,right_only
55F058F5-F37E-4D51-888B-DFD50078F70A,,,,,,,ODN0005380240,z,right_only
B5F6020B-76EF-4559-814D-53633EA45987,,,,,,,ODN0005303726,z,right_only
A92C1D44-7D8C-43A4-BB67-6F456D604B79,,,,,,,ODN0005141466,z,right_only
ACA17941-4089-4197-9387-E20D9E93BFC1,,,,,,,ODN0005397972,z,right_only
515A10F5-DBD6-438D-A96D-33B1EFBF7A0A,,,,,,,ODN0004943279,z,right_only
6D067DA6-0318-4520-8B31-36A40DB09A41,,,,,,,ODN0005398002,z,right_only
9AD5AFA7-3018-4ADA-80F0-5DAC6D1ABFFF,,,,,,,ODN0005141529,z,right_only
B66C06CC-9CB4-4CD9-A380-7119FABA982C,,,,,,,ODN0005141530,z,right_only
7872468C-0A45-4C15-88C7-8F17011BB3E6,,,,,,,ODN0005141531,z,right_only
B6147754-2B24-4D1C-840B-693A4EB90DEB,,,,,,,ODN0005335841,z,right_only
B12CE4C0-42EE-415E-9BDC-EBA8D3CA6A24,,,,,,,ODN0005141569,z,right_only
BEA87A5D-39D7-4E70-9096-51884F312389,,,,,,,ODN0005409652,z,right_only
C19CF795-2D05-4EC3-8D42-20F9DF315674,,,,,,,ODN0005409653,z,right_only
9B214954-C71D-4687-9629-0649E4237789,,,,,,,ODN0005461355,z,right_only
0DD0C984-6931-4CAE-BB1B-5E58F84C4E03,,,,,,,ODN0005409654,z,right_only
48A54A6D-D0C3-40A0-B4BC-3197EB1C54C4,,,,,,,ODN0005398037,z,right_only
D3B14B84-59EE-40E5-8F5A-213CC1C82990,,,,,,,ODN0005261939,z,right_only
0940EE08-9393-4E72-9D60-4E52B364E9A4,,,,,,,ODN0005380281,z,right_only
AA01ED88-F438-4A87-AD33-246A61FDC880,,,,,,,ODN0005141663,z,right_only
48344257-522B-4863-8C89-8542FD21007E,,,,,,,ODN0005141713,z,right_only
001C3F50-CBD0-43D3-9CF9-2B6F45B62C80,,,,,,,ODN0005141736,z,right_only
BF5D01B2-43AA-4221-8F76-E336D72674AC,,,,,,,ODN0003754165,z,right_only
3D392533-8B9D-4D01-9604-9F69226F22AE,,,,,,,ODN0005380291,z,right_only
42DD4770-6146-47B4-B113-930B5F9550CA,,,,,,,ODN0005335906,z,right_only
048A769A-6740-4E2E-866E-77C69B6DA836,,,,,,,ODN0005303794,z,right_only
6B1483AD-4800-4AFA-B3D8-3B7B17669BF8,,,,,,,ODN0005141762,z,right_only
043BBC81-DD30-4D02-ADAF-598139286C93,,,,,,,ODN0005182408,z,right_only
F22773F0-0BA0-4579-A9BF-E08E3DA59F29,,,,,,,ODN0005303803,z,right_only
E7C40FB0-8EB6-426C-9F45-FB61ECB88FE5,,,,,,,ODN0005380309,z,right_only
66933EE0-2D65-46F0-B8C3-309391CB5A06,,,,,,,ODN0005409676,z,right_only
BA4EACAE-27C7-4351-8191-F24D27ADD141,,,,,,,ODN0005141842,z,right_only
A89F12C7-8914-4E2C-9467-889C8BF91C02,,,,,,,ODN0005461440,z,right_only
572AD38A-FDDE-4227-BF31-54286FEE175E,,,,,,,ODN0005409679,z,right_only
B1465E8D-F4DB-46B9-AA96-25B13F79F69A,,,,,,,ODN0005141881,z,right_only
A31C7A43-7372-49D0-8841-4B0D89F8DD76,,,,,,,ODN0005303831,z,right_only
BD9E55AE-E224-431D-BE39-5C0A051C31BE,,,,,,,ODN0005141918,z,right_only
0C10C88B-1934-42FA-BA5D-CB4300281DC9,,,,,,,ODN0005281108,z,right_only
837FF37A-1EB3-4960-A018-A3B78968E733,,,,,,,ODN0005141921,z,right_only
1F25B178-9659-4D0F-AF1A-97053E4DF9CA,,,,,,,ODN0005281111,z,right_only
3032586F-9D18-4D0B-8E47-722C5D78189B,,,,,,,ODN0005141956,z,right_only
42D3EB98-A357-4816-887F-802CD705BBA9,,,,,,,ODN0004290237,z,right_only
06826DA0-04F0-4AA7-AFCC-CC57D730CF52,,,,,,,ODN0005141976,z,right_only
D7AF3F8F-7A57-4416-A05A-A6555686D632,,,,,,,ODN0005335984,z,right_only
66521E55-6869-44BC-B82D-D029AC627E89,,,,,,,ODN0005335986,z,right_only
6F4C6A7D-02ED-4839-A68B-72C4B96C8C71,,,,,,,ODN0005182506,z,right_only
6D8DD810-A61E-47DF-97CB-FB98A6168ACF,,,,,,,ODN0005532537,z,right_only
85EB2553-2886-47BC-9639-CFC2E864CAEC,,,,,,,ODN0005238249,z,right_only
F2F8AB9C-04AC-4E52-A94C-1F5C08DDDCAD,,,,,,,ODN0005380350,z,right_only
564FC3EE-2DE6-4CC3-9553-B47C8EBF74E6,,,,,,,ODN0005461488,z,right_only
3C2DA5C6-74D8-4BE5-B915-CA81D03E5E94,,,,,,,ODN0005409705,z,right_only
FCDE8099-E749-476A-91B9-28592C78EA4E,,,,,,,ODN0005398217,z,right_only
44002C04-5F36-4805-A9D0-CFAE9493145D,,,,,,,ODN0005182539,z,right_only
5FB8A854-7B00-4270-B43F-BD3684921F2F,,,,,,,ODN0005281132,z,right_only
7244B878-4FB5-4373-9215-79781B8D8832,,,,,,,ODN0005142104,z,right_only
1030D6E7-C5B0-4245-95EE-8D1B5A745B44,,,,,,,ODN0005182588,z,right_only
CA5FC87E-2661-425F-A733-E5DD7B700D85,,,,,,,ODN0005182590,z,right_only
F3443B08-C43F-4DDB-8488-31A9EAFCBC26,,,,,,,ODN0005142149,z,right_only
69812DAB-271D-4F72-A036-79CEB9C4942F,,,,,,,ODN0005303904,z,right_only
4A500DF3-287B-4A5E-8D5C-92E0792C3ACF,,,,,,,ODN0005142183,z,right_only
D04A23FD-73F3-4F08-BBB1-B72171408893,,,,,,,ODN0004453671,z,right_only
F80FB94E-8D0C-4E47-93E3-D35A8CCEF834,,,,,,,ODN0005142252,z,right_only
95BBDAC1-393B-40C6-9F54-ED7565BAE902,,,,,,,ODN0005142260,z,right_only
B8ADA4BC-7D11-4149-86C9-05C7A9FAED05,,,,,,,ODN0005142299,z,right_only
600920A9-39F3-4E13-9F08-0DA4823FEBEC,,,,,,,ODN0005142302,z,right_only
1768051C-7C19-4C7B-A614-EC690EE3560D,,,,,,,ODN0005303929,z,right_only
29CEB1F9-25C4-4FE8-BECB-CF4B6A61DB54,,,,,,,ODN0005223338,z,right_only
E075B2AB-F6E9-47F9-A9DC-8D7DB0C7FB7C,,,,,,,ODN0005142309,z,right_only
E087BD92-7AFD-42AD-A9DE-63AF51811AF1,,,,,,,ODN0005112122,z,right_only
004E9490-2ABD-40E6-8A6D-908C3B9C7632,,,,,,,ODN0005142321,z,right_only
70CF4F10-30C1-4609-B99F-656927905851,,,,,,,ODN0005142335,z,right_only
73E222AC-5867-4F18-8962-8249169B433B,,,,,,,ODN0005182730,z,right_only
2018DD9C-DA7E-4512-927C-C3A7195300D4,,,,,,,ODN0005380403,z,right_only
CACE4798-4C0E-4C53-9C0F-910D111FA9C1,,,,,,,ODN0005142348,z,right_only
C9356CA3-6A88-4B12-97BB-CC714D5C520A,,,,,,,ODN0005142349,z,right_only
208FDA6F-066E-4A7C-AB20-0EC276E0146A,,,,,,,ODN0005142392,z,right_only
2C4747E5-1C72-4A83-A9EC-897FB0F51471,,,,,,,ODN0004863442,z,right_only
4058737E-AA47-48A3-A6EF-DAEBD1E94874,,,,,,,ODN0005336133,z,right_only
FF9B6E0B-D114-4417-9302-9BED0803289D,,,,,,,ODN0005424353,z,right_only
53EB7E21-D5E4-43D5-B5C9-1FF335D6612B,,,,,,,ODN0004854449,z,right_only
8FD87631-B39E-47D3-99F6-E28A2E311808,,,,,,,ODN0005073060,z,right_only
505B28B3-CD15-49D7-BDC6-554CBEE82216,,,,,,,ODN0005182789,z,right_only
C5990BD3-9BA0-4523-8B55-8E47032C7B07,,,,,,,ODN0005182806,z,right_only
2DDA1A65-E035-4E55-9A4B-47100B2218DC,,,,,,,ODN0005336170,z,right_only
BF0A21A1-BD1D-4A41-8A2D-EDFDEA75A66B,,,,,,,ODN0005204495,z,right_only
CA3D7C8E-3512-4455-A9A4-821E20148580,,,,,,,ODN0005380457,z,right_only
ECFF2029-1B25-4F52-B4AE-80FF9AB6245D,,,,,,,ODN0005262062,z,right_only
FFCD8F02-54FC-420B-8E61-26A5971C34DE,,,,,,,ODN0005262063,z,right_only
4CEA1CA3-4064-43C2-9F89-DAD40AD6E84E,,,,,,,ODN0005142707,z,right_only
6432E1F4-77FE-4162-8A49-A5838861FC6E,,,,,,,ODN0004958284,z,right_only
F06629D4-DC39-467F-A99C-088068FB90B6,,,,,,,ODN0005204499,z,right_only
CC4BDDD9-1107-41C5-9849-7922A5BC4AC7,,,,,,,ODN0005142782,z,right_only
CB0A3F7B-1C90-4A12-A23E-24B45CB3E9E5,,,,,,,ODN0005038387,z,right_only
689C7B25-2886-4BB7-8909-0E31EFF53DA5,,,,,,,ODN0005142794,z,right_only
A5712680-54F1-40AD-A5C5-88702011AAE4,,,,,,,ODN0005204504,z,right_only
DA9A558C-9FAB-4E28-B952-35081A328C31,,,,,,,ODN0005142815,z,right_only
AEC7F71B-841C-4BD6-8DAC-CF3E2110FC5B,,,,,,,ODN0005204510,z,right_only
BE084BFE-C434-48F6-94E5-CD52E6D46466,,,,,,,ODN0005410114,z,right_only
BD3F32F8-81BA-41E6-A462-C4DBBEA7017D,,,,,,,ODN0005336222,z,right_only
934A002B-962A-4B4A-A05C-1FAA314E18D8,,,,,,,ODN0005304385,z,right_only
D6D6AC32-F805-47FE-81C4-CCB4CBF892BA,,,,,,,ODN0005142844,z,right_only
DE7F584D-281D-4CF8-B97E-760F436D8FB5,,,,,,,ODN0004902684,z,right_only
004F0E59-0670-433B-979A-A293F303B378,,,,,,,ODN0005238381,z,right_only
1B450F9D-8EBE-4C06-A0B3-19744FA77895,,,,,,,ODN0005304064,z,right_only
3FC2A60B-49E9-4EC0-86DE-A556E387AEB5,,,,,,,ODN0005461729,z,right_only
A19C1B11-6D18-4C3A-A33E-B5DBE02DD2D7,,,,,,,ODN0005336236,z,right_only
9AB0C57A-F436-4C58-8D01-53C86095E371,,,,,,,ODN0005398393,z,right_only
4F9D7723-2E31-4446-A1BA-86EABB389DCE,,,,,,,ODN0005461743,z,right_only
F322A6A4-8533-4473-A15B-B2DE28BF02A3,,,,,,,ODN0005142952,z,right_only
D1881935-9655-4E39-A3EE-75AA22E77DED,,,,,,,ODN0005336249,z,right_only
7641E298-B44E-446F-A120-13D85A1E4300,,,,,,,ODN0005238406,z,right_only
53107FCA-AB4B-4724-9F19-883F698C62BE,,,,,,,ODN0005410116,z,right_only
1D0DA312-980B-47E6-998E-3BA8D3C1C114,,,,,,,ODN0004764581,z,right_only
CAC8ED3B-4F50-423B-9220-B07D74A5C63B,,,,,,,ODN0004487483,z,right_only
2CE56573-FF7C-4978-8572-C58FB1E81FEA,,,,,,,ODN0004638942,z,right_only
CAB7D642-691B-4FE3-A165-32B150218F6A,,,,,,,ODN0005143053,z,right_only
3CBDDBA9-A8E2-4077-A525-B8F8FDDC2745,,,,,,,ODN0005238422,z,right_only
246B4804-AF09-49D9-9EF9-470222273D74,,,,,,,ODN0005143068,z,right_only
23536B35-55D1-44B4-AC18-011EABE68AE8,,,,,,,ODN0005183374,z,right_only
3D26FEAD-58E0-4B0A-8422-86DB22770A9B,,,,,,,ODN0005143474,z,right_only
2E32000C-916A-41CC-8326-F4AFC6E06FB6,,,,,,,ODN0005336313,z,right_only
C573E0DD-AFAE-49C7-8575-059EF77DE5F9,,,,,,,ODN0005238466,z,right_only
3066D8BA-E1DF-4602-84DD-E9D6E034C64C,,,,,,,ODN0005409770,z,right_only
0BE6A58B-812F-4C9D-BF8B-00C3BCA6CD7C,,,,,,,ODN0005380569,z,right_only
740CFB66-E267-41ED-80B5-A25DCDE6F34C,,,,,,,ODN0005018945,z,right_only
37F337C7-E677-4B88-8CB2-EC1963E65E6E,,,,,,,ODN0005143601,z,right_only
C43E936B-525A-44D7-81E2-3EC38805BA32,,,,,,,ODN0005380581,z,right_only
907E1CE1-67BD-4AD1-A167-F99DD9A9CB28,,,,,,,ODN0004991840,z,right_only
98566BE2-134B-487E-A266-E4004601B0F9,,,,,,,ODN0005238513,z,right_only
022D70CF-84C3-4F5B-8503-86CDB3C90F63,,,,,,,ODN0005336362,z,right_only
2C97BCA1-2CFD-411D-8F6C-30421F1D7DDE,,,,,,,ODN0005461875,z,right_only
8F02C038-4015-40F7-9117-4175FB12D47F,,,,,,,ODN0004369409,z,right_only
C2D9F592-B8E4-4B09-A919-1F808D601499,,,,,,,ODN0005356171,z,right_only
AAC29D17-A726-4849-8FF8-A5EE7AE5292C,,,,,,,ODN0005143673,z,right_only
24B37E63-444A-447B-97B3-56347C4DE2D3,,,,,,,ODN0005409784,z,right_only
1AFFD4CB-0646-4404-82A4-2298A83FCAC2,,,,,,,ODN0005143728,z,right_only
E6DA17FA-8F52-465D-B85E-21621ACE2018,,,,,,,ODN0005398495,z,right_only
05687A10-3C94-4F30-8AA7-6513B864B4A8,,,,,,,ODN0005424576,z,right_only
4C62BC16-106C-4BFA-812A-BBB442557E5A,,,,,,,ODN0005356211,z,right_only
1E224BF7-AB98-486D-8A79-0E1CC43A864E,,,,,,,ODN0005143785,z,right_only
7ED9897B-AC7C-4207-BD06-D232A498F24D,,,,,,,ODN0005461940,z,right_only
90FB6F28-3FB0-4D19-8B9F-4DBB32C4BD80,,,,,,,ODN0005182766,z,right_only
9E699D90-423B-4CC6-878C-BAA2F2AF92CC,,,,,,,ODN0005143850,z,right_only
044A0A58-20BD-426E-8073-43F52F183867,,,,,,,ODN0005143853,z,right_only
197C41DD-E248-46E8-BBC8-1679D659CD15,,,,,,,ODN0005143858,z,right_only
B15AC6CA-5884-4721-BEF7-4C6FC13A69BE,,,,,,,ODN0005281287,z,right_only
488C1415-21BB-4F7F-B216-F9C4E9112FB8,,,,,,,ODN0005336436,z,right_only
7BDC7C42-708B-4DC2-9FA8-08AF896418F0,,,,,,,ODN0005336437,z,right_only
CF2343FD-E40E-41B8-A8C9-D41CFE656039,,,,,,,ODN0005356242,z,right_only
F1060829-2F4D-446D-A307-8B12281D3416,,,,,,,ODN0005143918,z,right_only
AD5E0BC8-85A1-444A-947C-8C6308C0B106,,,,,,,ODN0005143924,z,right_only
53C9ADFC-6BED-4414-9D21-E35D4FC2A65E,,,,,,,ODN0005143932,z,right_only
0900AF6F-F78E-492F-A7B9-C3F17195904B,,,,,,,ODN0005336475,z,right_only
F9DA67BC-05A6-4FDB-B8C5-C81A5A4234FE,,,,,,,ODN0005281317,z,right_only
502B38C8-1ADA-4EFE-85E5-07E09B4CD2C7,,,,,,,ODN0005038524,z,right_only
BF875858-10A9-41E9-9AA3-F646D721F423,,,,,,,ODN0005281318,z,right_only
AA367517-0D3F-44ED-8317-65C7B8795464,,,,,,,ODN0005144102,z,right_only
DB44044D-A396-4A29-BC15-2FAFEBB4DC70,,,,,,,ODN0005144113,z,right_only
AABB3877-6B5E-4697-A467-FE2D21621E41,,,,,,,ODN0005281327,z,right_only
B452A4D5-66A6-42D4-90D6-D35B4F0893DF,,,,,,,ODN0005183621,z,right_only
F115B10F-8D61-4E2D-89B2-5F0675F2EE28,,,,,,,ODN0005462031,z,right_only
B51B13EB-14E1-4F1D-A2AE-36BCAE153220,,,,,,,ODN0005183625,z,right_only
B3B4086F-1B32-4279-AA04-8FF1B899E41D,,,,,,,ODN0005144128,z,right_only
EA3B259D-C87F-42DF-ACDC-37CCFA0B1688,,,,,,,ODN0005462042,z,right_only
1AA6EE3E-B452-4BFD-A5C8-E179BF7CCD82,,,,,,,ODN0005183639,z,right_only
E25150AD-2A25-4988-BE42-763E1564A763,,,,,,,ODN0005100348,z,right_only
66D73F46-9749-45A9-A07D-D38EB9C6A9D4,,,,,,,ODN0005398597,z,right_only
179E70CE-B7CF-4027-8A55-07E56C430B60,,,,,,,ODN0005281348,z,right_only
926BE6DB-C55D-45EE-A6EB-235E31540BB2,,,,,,,ODN0005380717,z,right_only
A5D54020-CC99-42EE-885C-6DC4969ED49D,,,,,,,ODN0005144236,z,right_only
11B8E4B4-89D2-4B6E-8F4F-E7BDDFACEC88,,,,,,,ODN0005144267,z,right_only
9CD0B8D4-ADEE-4D99-B4C5-F6C09870CB5B,,,,,,,ODN0005144279,z,right_only
7BC0FF71-AF95-4E04-967C-98D7666CD8C8,,,,,,,ODN0005304330,z,right_only
C48898FB-B680-4269-88F5-562733954A41,,,,,,,ODN0005398616,z,right_only
B1625880-5C03-4763-99F6-79923CC02099,,,,,,,ODN0005380739,z,right_only
FCD92A01-0DC5-4391-9075-EFFBD37C2719,,,,,,,ODN0005144323,z,right_only
A54D6582-B7FE-45D6-9520-C97C4D2039B4,,,,,,,ODN0005144329,z,right_only
DEE1FB71-15FB-4FBE-B1A6-A490DF8B1FA5,,,,,,,ODN0005144340,z,right_only
81C68BFF-A13E-4490-BF61-B9E1093CEB02,,,,,,,ODN0005304348,z,right_only
6C6FCAB0-0E33-4DDE-8014-426ABDDA83F3,,,,,,,ODN0005144410,z,right_only
D4D7A810-7E29-4AE2-ADDD-0F4DB3F3ED93,,,,,,,ODN0005144429,z,right_only
762A8CDA-5DF6-4C4C-982E-3C2476B4CF64,,,,,,,ODN0005073322,z,right_only
9B4B95A9-C52C-4A36-A285-E17E604F796D,,,,,,,ODN0005336658,z,right_only
C89E1183-ECCE-48DC-8B88-099BBDB2AF88,,,,,,,ODN0005204739,z,right_only
C4FAAA56-6350-4E58-8707-E347D2055A18,,,,,,,ODN0005304378,z,right_only
33B2FDA6-3D1A-4C41-B5A0-9968522F98E1,,,,,,,ODN0005144457,z,right_only
978CF536-4BBF-4A27-81D3-E0F20884D319,,,,,,,ODN0005281379,z,right_only
7569DCC2-B755-4C82-AEEF-6CE519094576,,,,,,,ODN0005144502,z,right_only
A99F5B14-DBF3-49CE-B6A2-0C2C9AA65266,,,,,,,ODN0005336680,z,right_only
EF259843-13FF-43DF-8EEE-858A8A3A02BB,,,,,,,ODN0005497782,z,right_only
08915998-C703-4739-A1D7-D97FF24A0876,,,,,,,ODN0005204750,z,right_only
F909F83E-1211-4B54-A0AD-03873E133D8B,,,,,,,ODN0005204752,z,right_only
C33C8EC4-1432-4EA5-86C6-ACB232CF73FE,,,,,,,ODN0005144575,z,right_only
09E84D6F-11BE-4309-8807-1E8C6E7AC5AA,,,,,,,ODN0005336716,z,right_only
DC9D6E9F-85BE-46CA-A331-5985C716EFF4,,,,,,,ODN0005336719,z,right_only
8BF3FE6A-90FC-468A-9DD7-35AC0D8E12F7,,,,,,,ODN0005183844,z,right_only
97020950-23C9-4728-BB64-3D7C710C4287,,,,,,,ODN0005262300,z,right_only
1464ACE9-6CD0-4988-BD2C-263CF6B76DE6,,,,,,,ODN0005281398,z,right_only
C853BBC9-C360-4AEC-A88E-54A930180A0F,,,,,,,ODN0005144635,z,right_only
CC59E842-4857-448D-8B57-357EEDF07188,,,,,,,ODN0005183862,z,right_only
C51AA502-5234-4DC4-AC92-1B1EAA497C3C,,,,,,,ODN0005144697,z,right_only
87DF001E-99B4-433D-80F3-515F46478C8A,,,,,,,ODN0005144703,z,right_only
2F36F8E3-FEB3-423A-96F4-C5D00B280FD5,,,,,,,ODN0005144717,z,right_only
FE9BCC8F-0AE9-43A8-8EDA-C65B51A6F42A,,,,,,,ODN0005336754,z,right_only
77A24807-5FA5-49FB-A135-A317C82336B1,,,,,,,ODN0005144728,z,right_only
543C2AA7-E4AB-4F50-927F-A3C3428BB34B,,,,,,,ODN0005304447,z,right_only
F44838DB-90C1-4940-8858-97C5CD99A65F,,,,,,,ODN0005409831,z,right_only
815A6C67-6E63-43EF-8993-D9B83735903C,,,,,,,ODN0005144754,z,right_only
AA567541-2BC0-438F-9C14-133C67A876C2,,,,,,,ODN0005409840,z,right_only
5CC27E60-70DF-4407-ACC8-1BB5D443D290,,,,,,,ODN0005304467,z,right_only
A628F65D-0B2E-4863-B137-EB64BF1D9A8D,,,,,,,ODN0004879270,z,right_only
E51147CE-6894-42DE-B178-06883E074AC6,,,,,,,ODN0005304475,z,right_only
C4E32610-5FB8-4283-B402-B66D5AD11A57,,,,,,,ODN0005336798,z,right_only
B67FB42B-7611-4AC2-A23D-D31C90456E41,,,,,,,ODN0005460759,z,right_only
5C425FC9-2DBD-48D8-A46D-25A1B449C2C3,,,,,,,ODN0005462255,z,right_only
EF51333A-D9B6-442E-8F7E-3AA4BE98A054,,,,,,,ODN0004902885,z,right_only
8577A29B-0631-49B0-B638-D26BAC1F438F,,,,,,,ODN0005336833,z,right_only
20F9B1D8-2DB4-411A-B50F-2C176A6B7F5F,,,,,,,ODN0005462272,z,right_only
8615261E-A125-49E4-B0E0-8EF0AA3B68CE,,,,,,,ODN0005462284,z,right_only
1C253335-ED66-4C70-B054-E2F6CCAF2823,,,,,,,ODN0005144967,z,right_only
610FC346-1775-4143-AE2A-264A3DE92CA9,,,,,,,ODN0005398728,z,right_only
400DF608-3467-4DE8-88D4-D414991F4E05,,,,,,,ODN0005144976,z,right_only
FD1C6A4E-E715-4362-8046-B0889BCA3F9A,,,,,,,ODN0005248024,z,right_only
B24F04BE-D247-42F6-BF3F-8B3EFDABC1F5,,,,,,,ODN0005145008,z,right_only
7D75AD3D-1157-42EE-84D7-70310306DBE6,,,,,,,ODN0005145036,z,right_only
FEA108A8-A85C-4A66-950E-F47526C1B749,,,,,,,ODN0005062095,z,right_only
A24D0607-9814-4635-8650-814862AF6C95,,,,,,,ODN0005238808,z,right_only
9E73FFCC-FDE5-4696-B310-F92319BAE6B9,,,,,,,ODN0005462317,z,right_only
F0CD65EB-9830-4D2C-BAA3-36974F6176B5,,,,,,,ODN0005145090,z,right_only
BDB5847B-0585-447D-BE07-4C90EE833FE0,,,,,,,ODN0005145098,z,right_only
44C6ACDE-AFEB-4552-90E4-218AD0C57AAC,,,,,,,ODN0004000320,z,right_only
94A1DCFD-CDE8-493C-89B1-C634EF1E0B67,,,,,,,ODN0004144042,z,right_only
2A3F4837-132D-4CE8-8B8C-0D8BE2AA7669,,,,,,,ODN0005145099,z,right_only
D5831F9F-276D-486F-8E63-17414D39B290,,,,,,,ODN0004893321,z,right_only
991FF0AC-44CC-410B-82C0-4D1FCCCC2042,,,,,,,ODN0005145133,z,right_only
05540FE1-C35F-4E49-919C-62CB3A700BE2,,,,,,,ODN0005336920,z,right_only
0B110EE1-EAE0-42EF-A4CA-7044C59F6228,,,,,,,ODN0005145195,z,right_only
534FE2BF-5064-4167-B97B-5B7D11184E8E,,,,,,,ODN0005304571,z,right_only
5C312040-A1E8-402D-A9C0-007D35BAE4B4,,,,,,,ODN0005145216,z,right_only
142B0857-7E9E-4D0C-9E7C-08281F3C41AD,,,,,,,ODN0005356625,z,right_only
CE29BA4A-BE25-4EE6-A290-FF33545181BF,,,,,,,ODN0004496256,z,right_only
4F3C7E96-3C50-4571-B9A3-C41B831F35D7,,,,,,,ODN0005145234,z,right_only
09EF858D-9886-4F08-A135-A79C8A275204,,,,,,,ODN0005145236,z,right_only
C08FE402-1FA4-49B0-8E9A-923B9D6EDFAA,,,,,,,ODN0005184041,z,right_only
FB85FD24-B296-41D9-8805-9255F669182F,,,,,,,ODN0005184046,z,right_only
097FE735-9EC1-413A-92D5-E9D5A555E2CA,,,,,,,ODN0005462379,z,right_only
2A01960F-5535-4F74-A396-2584EE343030,,,,,,,ODN0005204855,z,right_only
B16A8AC4-7881-424C-A14B-4E017FAF2BD0,,,,,,,ODN0005184050,z,right_only
EBD1C81B-6B4A-4B95-88EC-91C8DF4C5AE2,,,,,,,ODN0005204857,z,right_only
F0133B28-F581-43EE-958E-D42D2DD4A597,,,,,,,ODN0005223702,z,right_only
06D482EE-09D8-4EA6-8B89-D3F490831AED,,,,,,,ODN0005462416,z,right_only
1CD82B0B-E11F-4D22-B8CC-613B230B061F,,,,,,,ODN0005112191,z,right_only
1EB21B0D-A780-4BBF-B296-75CA8643F36D,,,,,,,ODN0005073466,z,right_only
9CB7DEE9-E544-458F-B276-DAE5DFEF2059,,,,,,,ODN0005073467,z,right_only
00C4B4D4-79DD-4EB9-AA27-E6676368A5D1,,,,,,,ODN0005424874,z,right_only
02AF4DBC-ADE1-4949-BFB0-4EB3E5E22B60,,,,,,,ODN0005356730,z,right_only
8F8875F2-2C29-4847-8105-E26FD6DDE187,,,,,,,ODN0005145428,z,right_only
1EDAAED0-01D1-4C1A-B6E1-A515115D7AF0,,,,,,,ODN0005145430,z,right_only
8A5C2A4F-16ED-4115-9B75-9EEDCB4B8617,,,,,,,ODN0005145431,z,right_only
91BF9BED-A8AF-47A7-9649-9EC1BF48FD41,,,,,,,ODN0005184114,z,right_only
5FA7BF57-F4C4-41B7-BB3D-74B5A390BD9F,,,,,,,ODN0005184115,z,right_only
608CB7E5-2558-4E32-A726-5C5CDB611859,,,,,,,ODN0005462468,z,right_only
6F58708B-9470-4657-95A6-6A70CE495640,,,,,,,ODN0005462471,z,right_only
ED89B153-D44C-4064-BC30-EE69E871E031,,,,,,,ODN0005262397,z,right_only
AFCB361E-D5ED-4F28-A38F-65FE317B7DF4,,,,,,,ODN0004958622,z,right_only
2C3F280F-03C1-4764-90E5-23A05FA85622,,,,,,,ODN0004369549,z,right_only
15F58723-A07E-4EA7-B664-5A70851A4D8A,,,,,,,ODN0004765268,z,right_only
3D85E9F5-1AEE-41AA-B67C-104F535217CA,,,,,,,ODN0005184147,z,right_only
0BD300B4-011B-4D60-BBC4-99977B102501,,,,,,,ODN0005337051,z,right_only
E11DCA23-6451-4E74-9BA7-60D7CD6504FA,,,,,,,ODN0005238896,z,right_only
2D104D7D-7957-4FC7-96CF-1AC6620AC9F0,,,,,,,ODN0005462508,z,right_only
E5AE895D-ED79-4E9F-975B-EFF4E6B62850,,,,,,,ODN0005145514,z,right_only
7D36115E-8993-4AC0-9D85-990DA92ADFFB,,,,,,,ODN0005145524,z,right_only
0099DDD8-9AA8-4BF7-8FC3-7C088EF64BF3,,,,,,,ODN0005304665,z,right_only
EF5E7576-89BA-405C-BD1A-402D93CCF5E4,,,,,,,ODN0005380985,z,right_only
8C99180D-E43F-4081-ABB1-996725700034,,,,,,,ODN0005248063,z,right_only
29179BFB-FD20-4914-A4C1-0353B658A9F8,,,,,,,ODN0005462608,z,right_only
488F4FE1-D0D5-4C88-8498-D7B038F05445,,,,,,,ODN0005337115,z,right_only
A84D035E-77A7-4FD5-989F-C12E92F2A227,,,,,,,ODN0004902984,z,right_only
F63FC214-3362-4E19-8465-47446904CB57,,,,,,,ODN0005184200,z,right_only
0A463322-9F92-41C7-9C1E-76C1D764245C,,,,,,,ODN0004326797,z,right_only
F6B4D623-2F81-4287-98FC-670E90878B6E,,,,,,,ODN0005399491,z,right_only
E52C0C00-2F57-4F12-90AA-0580C5AF9787,,,,,,,ODN0005145708,z,right_only
2EF82E5D-AFF5-4849-805C-DEBB1A820354,,,,,,,ODN0005145780,z,right_only
4657A9F3-1E92-4B48-9740-1D87D603E08C,,,,,,,ODN0004847325,z,right_only
C0AE07FE-B297-48B7-AE23-D3310CA4E0C2,,,,,,,ODN0005204939,z,right_only
FBB6A421-9840-4877-A58B-E345102DCCB1,,,,,,,ODN0005424954,z,right_only
210E312A-CBBA-4D2C-A8F3-CAEA8786FC28,,,,,,,ODN0005100806,z,right_only
C01D8050-B6F8-44C8-B39B-CC130A42CC0E,,,,,,,ODN0005145839,z,right_only
03F4019A-6EE6-492C-95D4-03C34B90AB01,,,,,,,ODN0005145845,z,right_only
9611ABD5-80A1-43A7-97FA-B0F34F3E7B64,,,,,,,ODN0005145862,z,right_only
BDEF6224-0179-4DBC-B4A3-B0BDC29C75B7,,,,,,,ODN0005145891,z,right_only
23928964-7CB8-4979-9CF7-047B2C28198C,,,,,,,ODN0005145895,z,right_only
064A96A9-4F6B-47C1-94B1-9BED438681DC,,,,,,,ODN0005304730,z,right_only
833640BD-4B05-4D92-B21C-AC011D456AD9,,,,,,,ODN0005145904,z,right_only
0DAB698A-F497-436A-A822-9939AA6A4958,,,,,,,ODN0005145909,z,right_only
AE6411D1-F81F-40C4-90BD-313967D843B1,,,,,,,ODN0005145925,z,right_only
EF5134AC-B215-4E97-AA1C-327BA5793C70,,,,,,,ODN0005145926,z,right_only
E908464B-DEA8-412A-8C7F-61F5BD239541,,,,,,,ODN0005145927,z,right_only
EDAAAB24-D4D9-440F-A734-2CCD95F2BE71,,,,,,,ODN0005281543,z,right_only
9106D0EC-2369-4B12-9743-15E27ADF6DB1,,,,,,,ODN0005381725,z,right_only
B7AB710E-5830-4AB3-AE0B-CAA69E666330,,,,,,,ODN0004903016,z,right_only
6B46B28B-E5B8-45D0-9109-94909A7C04BC,,,,,,,ODN0005145954,z,right_only
7E0FF744-C093-40B4-AA34-A747119AF69D,,,,,,,ODN0005145978,z,right_only
D64CEAEC-013E-4546-9124-614B400505B4,,,,,,,ODN0005337240,z,right_only
11D143EC-DCB1-4069-B636-0C738507B751,,,,,,,ODN0005281557,z,right_only
DCF73394-A058-4DB8-9DF6-D4F80684589E,,,,,,,ODN0005146156,z,right_only
78BB02C1-C406-4D7C-8940-C2CC57D27FB5,,,,,,,ODN0005146175,z,right_only
BBFEB685-CD18-49F4-BDB9-347B199AF573,,,,,,,ODN0005146161,z,right_only
44DAE46C-A144-4673-9354-D3993C45D4A8,,,,,,,ODN0004879518,z,right_only
F49ACA4C-88BC-43D6-820B-00CCDE59C43D,,,,,,,ODN0004943477,z,right_only
86E4AB72-5970-4A33-B44B-842810B1D6A7,,,,,,,ODN0005462737,z,right_only
4D128432-5AC0-474B-AD8D-47636F272019,,,,,,,ODN0005146205,z,right_only
DBFD5CE2-00B7-4B39-A49D-EA22B99CAAA6,,,,,,,ODN0005304795,z,right_only
F683C8AA-A539-4597-BE45-0A9EDA282754,,,,,,,ODN0005146236,z,right_only
9807E7E9-3F9F-47E4-A602-98E90592C4CA,,,,,,,ODN0005146242,z,right_only
1BF1CDFF-4CDC-4268-AD6E-D67BDE534713,,,,,,,ODN0005146244,z,right_only
A26AF630-886B-4564-9400-DE5EFCA5C56B,,,,,,,ODN0005146245,z,right_only
6EA11B22-3A3F-4D29-A789-8A434A692A7D,,,,,,,ODN0005281575,z,right_only
98AA8691-314E-4E19-8751-C7E312915BCB,,,,,,,ODN0005303487,z,right_only
9BECD374-2B07-4755-81AE-3432888DA1DE,,,,,,,ODN0004958702,z,right_only
F014F5E5-1DD2-4B44-AC8E-3B7A9680FD59,,,,,,,ODN0005146307,z,right_only
D6FBE7A0-0901-44F5-8394-2366095732E2,,,,,,,ODN0005337345,z,right_only
16433713-372B-404C-9582-A93429A2396C,,,,,,,ODN0005146310,z,right_only
57C7EEDD-3F53-46F0-9137-04D5EC33E6C3,,,,,,,ODN0005146309,z,right_only
55ABFFB1-0288-41E0-9792-63160B8C89CC,,,,,,,ODN0005146316,z,right_only
32464BB3-14D1-43F7-956A-7D6F43519C55,,,,,,,ODN0005462781,z,right_only
765BB0F4-C9B2-43C2-A1C1-C4E88463BBAD,,,,,,,ODN0005409966,z,right_only
649B2E73-6BDE-4CFB-B20E-FB92F8660610,,,,,,,ODN0005262505,z,right_only
E0885685-08BC-4894-908C-F45FABEFD8D6,,,,,,,ODN0005357036,z,right_only
5C4CD8BF-2AD8-48D4-A600-CF5F141B4246,,,,,,,ODN0005146400,z,right_only
E98B28E5-7844-465E-B4E3-472182F26AC3,,,,,,,ODN0005379854,z,right_only
F2734420-5BA3-456D-89D9-2783CD2C4CC6,,,,,,,ODN0005146436,z,right_only
E349CF2C-FADF-4718-83E3-AB7FF9EC30B3,,,,,,,ODN0005146451,z,right_only
0A2419AC-459E-442B-8E0B-8BEE1851A40F,,,,,,,ODN0005462808,z,right_only
0040C204-4947-4561-B14A-6A2FDCAA9F11,,,,,,,ODN0004570039,z,right_only
825CA3DE-C2CB-45C5-9792-E8FC3840FEF9,,,,,,,ODN0005146472,z,right_only
E2661E2F-12C8-4A88-8085-FF6245862B29,,,,,,,ODN0005146482,z,right_only
C4F9C968-48C9-4C67-A816-4937F459032A,,,,,,,ODN0005205915,z,right_only
950CD93F-211C-4F98-B381-E4EE48F7FB76,,,,,,,ODN0005146531,z,right_only
2A992BEB-99F4-4272-BE0C-CF3AF8275442,,,,,,,ODN0005337426,z,right_only
035DD44B-2EAC-4FB5-B40E-E72748519629,,,,,,,ODN0005146544,z,right_only
31E57C73-CB4E-440B-80BF-15722C337CD7,,,,,,,ODN0005143461,z,right_only
3807CDEF-E31B-4FA1-89AA-299D778F19D4,,,,,,,ODN0005146551,z,right_only
C636667F-C245-472C-AE62-9B2274068442,,,,,,,ODN0005462857,z,right_only
2EB4A38B-FED3-4B71-A1C4-EFFADD7A2A7C,,,,,,,ODN0005462860,z,right_only
4FF3B3E7-F710-46D6-ACEB-D701C0BEBECB,,,,,,,ODN0005239070,z,right_only
57171A25-2919-4593-AC99-D1F78AB97A44,,,,,,,ODN0005205949,z,right_only
955AF31A-A8AD-4F79-8DAF-63C11E80B90D,,,,,,,ODN0005146578,z,right_only
573F771B-8CEC-4D04-9713-A9791954A1C7,,,,,,,ODN0004943492,z,right_only
A83A88BB-AEDB-4540-8CBE-55A4686E3499,,,,,,,ODN0005262536,z,right_only
D9EB6C3B-EB30-4799-8CC2-CE3A8CD8E66D,,,,,,,ODN0005262537,z,right_only
18812FAE-92D9-447D-B7ED-BF334D4A43C3,,,,,,,ODN0005262538,z,right_only
39D0DB9C-2503-40B1-BD17-17F8B37214C9,,,,,,,ODN0005281628,z,right_only
5B5278E8-42F0-477C-83EE-D5AEE923324A,,,,,,,ODN0005281629,z,right_only
1A85F844-B370-4F9F-B35A-A26EFE79B0D5,,,,,,,ODN0005409999,z,right_only
FA5A07CC-FC18-4CEC-AA0A-C06D1972CB03,,,,,,,ODN0005462906,z,right_only
69C64BBA-59E0-4066-9CF3-1AFE86F261C5,,,,,,,ODN0005146649,z,right_only
7267B665-FA3B-4377-9CF2-DBFB6C3152E3,,,,,,,ODN0005262543,z,right_only
0B0286A9-CB29-4C71-8069-52443B890B8B,,,,,,,ODN0005146664,z,right_only
A78AADD6-2E2D-445D-891B-0BC3274C8C21,,,,,,,ODN0005146667,z,right_only
3CD5D6C6-9AE9-4C76-B779-B9986C609151,,,,,,,ODN0005206022,z,right_only
51620827-811C-435F-97DC-AA13B2087E79,,,,,,,ODN0005146690,z,right_only
D42A6872-A85F-497B-AC86-54A2517626D0,,,,,,,ODN0005206028,z,right_only
4BB41322-11BE-4117-9B10-763210F6369B,,,,,,,ODN0004765592,z,right_only
65FCFAE5-3960-4DE1-BDBF-03288D77A887,,,,,,,ODN0005337488,z,right_only
AE5E6D29-BBA2-474E-9080-19B373265CA2,,,,,,,ODN0005425160,z,right_only
DAC7D930-6702-4A26-A9DF-37C636174560,,,,,,,ODN0005206044,z,right_only
A5CCCA30-43D3-4863-93F3-54120BA49434,,,,,,,ODN0005337500,z,right_only
6927E57E-1A6D-43B0-94B4-5195D7CF58C9,,,,,,,ODN0005337501,z,right_only
22FFE962-5E70-4A82-89F3-96B4EB8C724C,,,,,,,ODN0005399119,z,right_only
0E549972-C4FD-4409-A9C4-1CEDF7E24D68,,,,,,,ODN0004903139,z,right_only
20BA7D62-5B01-4462-AD2A-E2A4EAA0E71E,,,,,,,ODN0005337511,z,right_only
D7BB3010-2DEE-44D5-8EF1-D964C1A343B0,,,,,,,ODN0005462961,z,right_only
1B22C11A-DF66-4729-A48E-52F54CC754B5,,,,,,,ODN0005206073,z,right_only
A8D09958-29E7-4153-BE6E-923262C5AC07,,,,,,,ODN0005534646,z,right_only
FAB45EA5-5424-4117-9811-9A97D990465E,,,,,,,ODN0005019440,z,right_only
760C5973-0858-4009-8F80-276A1D91534D,,,,,,,ODN0004854995,z,right_only
786479FF-55C6-4167-8382-1BEB884C9E7A,,,,,,,ODN0005337532,z,right_only
91E87280-C4C1-4849-B0F3-AB38692DB6AC,,,,,,,ODN0005379882,z,right_only
4F898648-62AE-48DC-9263-93B3A313C6A8,,,,,,,ODN0005146825,z,right_only
FA5CD7B5-0C38-495D-B3CF-2FC6A8D0057D,,,,,,,ODN0005262573,z,right_only
22557449-3A71-4327-8EE5-165360C29C98,,,,,,,ODN0005281660,z,right_only
638BE24F-A585-4B6C-8CE5-90F04971617A,,,,,,,ODN0005381253,z,right_only
2FD768B0-4D7E-498A-9629-685584328DC4,,,,,,,ODN0005534669,z,right_only
2AA63F38-A66F-461B-AD5C-10E7BAE4E091,,,,,,,ODN0004327309,z,right_only
56792A54-DDD5-4C47-92B0-5861A493C27B,,,,,,,ODN0004873490,z,right_only
7DED79F4-5208-4816-8224-D3A2A3FDB1E5,,,,,,,ODN0005337573,z,right_only
8F89165D-4957-41DA-96B7-23C1ABC36279,,,,,,,ODN0004879601,z,right_only
954AD723-A843-460D-B7ED-23BDB5958615,,,,,,,ODN0005146960,z,right_only
99A28330-0524-4B91-AF06-13AE135B8247,,,,,,,ODN0005049241,z,right_only
AA62B2EA-E79A-4259-8FD4-10112EBF90E1,,,,,,,ODN0005101136,z,right_only
0FD435F9-2091-474D-A0F7-6EE3839AD0E8,,,,,,,ODN0005146973,z,right_only
5B252B90-F371-49A2-A51B-142CD412E6AC,,,,,,,ODN0005206150,z,right_only
70C5FA1B-0B81-4BB3-886C-FAC539703402,,,,,,,ODN0005337584,z,right_only
B30837A7-2D09-4BA0-81C2-8523D9EB652C,,,,,,,ODN0005337598,z,right_only
827B2381-106C-40D9-8CBE-FCD4EBD147D0,,,,,,,ODN0005147028,z,right_only
D106C925-6F59-4546-B6EB-C2A6098AD22B,,,,,,,ODN0005337600,z,right_only
13AAECE2-A793-4A4B-87AF-17B885D9F6C7,,,,,,,ODN0005337601,z,right_only
7E805A12-4081-4D90-AF1A-508DBF10159D,,,,,,,ODN0005337602,z,right_only
066763AE-55D9-4318-8742-24C631D71393,,,,,,,ODN0005357258,z,right_only
228F73AE-6423-4006-BABB-E1E0F0433392,,,,,,,ODN0005399177,z,right_only
41ED58C3-9FB9-475A-84A2-493E2772C6F4,,,,,,,ODN0003858784,z,right_only
E071D559-E4C1-4BFB-B466-54469C69B267,,,,,,,ODN0005305030,z,right_only
A1D4C17D-FE1E-43AD-8BC8-E62DED235E68,,,,,,,ODN0005206335,z,right_only
105BDA3C-8E25-4682-B345-015F36A9F040,,,,,,,ODN0005206337,z,right_only
EEA05382-16AE-4FA8-9CFF-9EE4D303C9EC,,,,,,,ODN0005239180,z,right_only
548299B4-7BCD-41C9-AE5B-476FA32E4B71,,,,,,,ODN0004935205,z,right_only
3A6ADA7C-D917-4AA3-BA8C-145DE8B7DBA7,,,,,,,ODN0005206366,z,right_only
A9606F72-0FAF-4025-8731-D2920C9F356D,,,,,,,ODN0005262606,z,right_only
2DB294AA-9F7F-4BCF-991E-D40052498B64,,,,,,,ODN0002977316,z,right_only
E867AD10-7AB0-466B-87E0-9382D5F5E73E,,,,,,,ODN0003990245,z,right_only
F5ED6273-BE07-43E2-BDF8-FB025C60BACC,,,,,,,ODN0004854371,z,right_only
574552DA-348F-4743-B58A-67B82615816E,,,,,,,ODN0004854503,z,right_only
6B38DFB8-00AE-49E9-813D-C18A6CEF9395,,,,,,,ODN0004854633,z,right_only
EA7D7A20-E6DE-4175-8396-5249662421FC,,,,,,,ODN0004902827,z,right_only
08B1DB32-A5DA-4FB7-A135-95181D31FD5A,,,,,,,ODN0004854919,z,right_only
B3054350-D20D-4962-B037-03B6E3784C56,,,,,,,ODN0004691242,z,right_only
25B27027-7E7F-405D-9B42-7C544B6A418F,,,,,,,ODN0002767294,z,right_only
B806BF54-65BC-410F-910C-7EB5C3898ED3,,,,,,,ODN0002768098,z,right_only
475F9685-B866-4004-B016-939BF7A54815,,,,,,,ODN0002977422,z,right_only
9BC42B5E-074E-4483-A4AF-AFFB31C898C4,,,,,,,ODN0002981543,z,right_only
C41E84D8-17C1-44FE-8146-0C9D53005F9A,,,,,,,ODN0002980231,z,right_only
BF92DA39-8FCC-4C6F-BDF4-C30E18059B18,,,,,,,ODN0002766139,z,right_only
4EAE1581-E3B7-452E-9796-9C2EB0930E36,,,,,,,ODN0002767004,z,right_only
5AF63AFA-4A70-4449-B632-746649437680,,,,,,,ODN0002771473,z,right_only
3F955DD8-348C-4A6A-9AFF-19487F658744,,,,,,,ODN0002771926,z,right_only
1040E6B9-22C9-424C-8C6F-41B15E0DFD85,,,,,,,ODN0002977705,z,right_only
FDDBAAE7-FA45-46E7-BBA9-B4C3CA4FE78C,,,,,,,ODN0002772557,z,right_only
8F6B0274-2744-401E-BD42-FB1E8B11B47F,,,,,,,ODN0002772592,z,right_only
3D32BFBC-3DAC-4D6E-99A2-00ECB93A63BC,,,,,,,ODN0002978376,z,right_only
48DA0B86-4A38-4F25-B0BE-BE55DE0BE0A9,,,,,,,ODN0002773726,z,right_only
DAEF0EC2-688B-4C1C-BA5C-28868C63CC19,,,,,,,ODN0002978452,z,right_only
0DADD5FE-667C-4F15-8151-E3739BEB31E4,,,,,,,ODN0002774670,z,right_only
C15EF6B1-4BCF-43B4-8259-7869C3816CC4,,,,,,,ODN0002978645,z,right_only
01FA894E-374E-49E9-96C6-C92EB68E01B8,,,,,,,ODN0002775873,z,right_only
0C58A394-0F2B-495D-93E9-92994C89EB8A,,,,,,,ODN0002776625,z,right_only
82BBB9C6-72F8-4D59-AC1A-39AE836F3494,,,,,,,ODN0002979402,z,right_only
BDA69C8B-11F9-4622-99D3-6E67B89ED0C3,,,,,,,ODN0002777403,z,right_only
95B903A3-460C-4E32-A616-8146926E0077,,,,,,,ODN0004639154,z,right_only
1219A8B3-E633-402B-9CD9-4688556C0CFD,,,,,,,ODN0005100825,z,right_only
B3D7F596-3555-4A62-A0F0-53EC2F558A00,,,,,,,ODN0002981943,z,right_only
C93CA745-F737-4095-871C-48E9E9A9F418,,,,,,,ODN0002752798,z,right_only
3EA3BB60-2447-48F6-8283-931FC61A8AFA,,,,,,,ODN0004234807,z,right_only
136697D8-E872-4EE2-954F-84FE231286FF,,,,,,,ODN0002753357,z,right_only
CA733153-24FC-43AF-A9D1-4D096BFF9C00,,,,,,,ODN0005355628,z,right_only
5162CD38-C32F-49C4-97E4-64AA807CEB88,,,,,,,ODN0002723929,z,right_only
1E3D42DD-9665-4F06-B45F-5CD0494FF616,,,,,,,ODN0002984016,z,right_only
A8D8FEBE-A6EF-4AA2-AD2D-F641F694EADF,,,,,,,ODN0005379747,z,right_only
7E299107-6549-4807-9569-4E2AE7451A99,,,,,,,ODN0002751127,z,right_only
C2BF4FF5-71EF-4CEE-83DC-7038EA9303FD,,,,,,,ODN0002812089,z,right_only
05DD4A13-F4E6-467D-B5A0-64A80E1DB017,,,,,,,ODN0002761111,z,right_only
38E93A61-A527-4E38-888D-A0A6AD4B8893,,,,,,,ODN0002761341,z,right_only
112BBECA-F19D-4E35-99D3-78CBADEAA34E,,,,,,,ODN0002761961,z,right_only
5DBF90F3-0636-4D51-A46E-D99E66552933,,,,,,,ODN0002762255,z,right_only
C69CC069-7B1B-44EA-9544-B1CA1A54D423,,,,,,,ODN0002762472,z,right_only
541E6C07-BD3F-4E82-A8C6-DB17F62DB8F0,,,,,,,ODN0002762586,z,right_only
EDF0958F-DFDE-4683-9141-BE071A2C0E21,,,,,,,ODN0002762918,z,right_only
80C7AEC0-4C15-4BC8-A9B3-8EF73FB9B7CC,,,,,,,ODN0002763288,z,right_only
A62B007C-EEFC-4DEF-8CB8-3859CFD3AD1C,,,,,,,ODN0002765684,z,right_only
046989ED-466F-47A2-900D-2C0F916D2090,,,,,,,ODN0002767027,z,right_only
DFC46E57-D61D-40BE-B7D8-173625B9A001,,,,,,,ODN0002768072,z,right_only
3B8DD90C-1A2C-40FA-BF2F-270C8E336998,,,,,,,ODN0002768363,z,right_only
92054C56-BE33-4400-B29D-4D579DA85AB5,,,,,,,ODN0002769041,z,right_only
ED67C951-E86E-4090-9E72-C47133B6113D,,,,,,,ODN0002769283,z,right_only
22A21B17-34BF-4345-99E2-C806C6CAD6FF,,,,,,,ODN0002770534,z,right_only
90FCD558-1122-4510-877C-ADA340E4334D,,,,,,,ODN0002770960,z,right_only
81CDEA1B-20AF-4221-BB5F-BB6BCA73CA47,,,,,,,ODN0005461873,z,right_only
C51762D8-3732-45BE-BC2F-9AB0E9D817A4,,,,,,,ODN0002772618,z,right_only
939AB944-E6F9-4F4C-A798-8E8F5178822C,,,,,,,ODN0002775372,z,right_only
137D3E3C-8117-45C8-BC67-DD73A0636FFC,,,,,,,ODN0002776486,z,right_only
7C3F241D-1BC0-49D3-8C8F-9A04BD6BFFAA,,,,,,,ODN0002776698,z,right_only
6BCBEACA-5EE5-4E76-96DE-1340134C6C87,,,,,,,ODN0002980629,z,right_only
2E0E2611-B429-484B-BF4E-92A4369E8380,,,,,,,ODN0002781329,z,right_only
1FAE3B80-9006-4478-8882-19C20EA4D327,,,,,,,ODN0002751397,z,right_only
CF335A7F-ABD2-4D4E-95BE-9474A1753968,,,,,,,ODN0002753508,z,right_only
C9BE729B-C3E9-44A2-8A79-A8B289D14CC3,,,,,,,ODN0002762258,z,right_only
F3CFD335-114A-4855-805F-665D0DE2B5DE,,,,,,,ODN0004991744,z,right_only
7726B47A-AD0D-40BB-A6DA-6EFC6418359E,,,,,,,ODN0005304749,z,right_only
58CB8160-10CC-437E-AD3D-494B2A715F30,,,,,,,ODN0005425036,z,right_only
54498E7A-B310-4697-AA61-722E45A5F0F7,,,,,,,ODN0002983887,z,right_only
05985AE5-7644-4A86-B771-174507F073E5,,,,,,,ODN0002984651,z,right_only
FB88E5C6-D3FA-4152-AA6C-B3C5918D0F8E,,,,,,,ODN0004331748,z,right_only
E4CBCBA5-8266-4D6A-8AEC-7E1F56AFBF7B,,,,,,,ODN0004826854,z,right_only
FCFB5053-DBF9-4258-8D44-7F9C118A02AE,,,,,,,ODN0003562317,z,right_only
7E1C1745-C4AD-44AA-8C9B-E9965AC6155D,,,,,,,ODN0003562870,z,right_only
DEB68290-5A1F-44BB-965E-C9685571B145,,,,,,,ODN0003562895,z,right_only
77BF79CA-FC6C-4164-AE2D-BBE4993E8E20,,,,,,,ODN0003562230,z,right_only
2AC4F69A-FC84-4A07-A7DB-8EC60BE21C9A,,,,,,,ODN0004873448,z,right_only
601D39DA-82E1-46C4-BE48-3611BC3909CC,,,,,,,ODN0003561902,z,right_only
8B0741E5-2AE3-4A50-A2BA-9F2F7ECE3A4A,,,,,,,ODN0003559812,z,right_only
CFB7DE00-1757-4565-90C6-88B9F997734F,,,,,,,ODN0003559879,z,right_only
FBB82770-3702-4D54-B0BB-F857A6443D52,,,,,,,ODN0005303522,z,right_only
03724BD5-712C-4879-BADE-D6B9C37621D6,,,,,,,ODN0003559890,z,right_only
329F0F03-BE4E-4F96-8B45-8903310B78E8,,,,,,,ODN0004616586,z,right_only
78DF3FFD-03ED-4D4A-9815-9D63314469D9,,,,,,,ODN0003559899,z,right_only
53DB9965-7906-4AD2-B8C1-5B23D5BE703C,,,,,,,ODN0003559928,z,right_only
4143527D-1FE8-4BA3-9823-39F0351C0D98,,,,,,,ODN0003559932,z,right_only
5E61F37D-EF23-460D-9EF7-539C23DE4324,,,,,,,ODN0003559933,z,right_only
2843ABBB-ABF8-4893-82B7-3EFBE8769B05,,,,,,,ODN0004814128,z,right_only
1E92DC67-F728-437C-9D00-18B6FA593E31,,,,,,,ODN0003560021,z,right_only
9D4AA3CD-8D9C-46FD-8C49-F036FC7736E3,,,,,,,ODN0004390559,z,right_only
1688652C-58CC-4D04-9807-FA4E16D3CCC5,,,,,,,ODN0004691161,z,right_only
D8B1D28D-FFE4-4E3E-83AF-AD13DE3FE491,,,,,,,ODN0005141450,z,right_only
9EB488FB-D94C-42FB-8562-8036F6F7F2E6,,,,,,,ODN0003560260,z,right_only
EE99E501-7F68-45FB-8E5F-3D8429DE47C3,,,,,,,ODN0004323681,z,right_only
CE0D2219-99E8-43FB-9027-F8C678C32276,,,,,,,ODN0003560395,z,right_only
46CEB845-BC90-43CE-9D10-55C2C1789C74,,,,,,,ODN0004409149,z,right_only
A84C41D9-CC34-4464-89A6-DFA32113746D,,,,,,,ODN0003560427,z,right_only
0A7A089C-1C1B-4AB6-B0B8-F5F21DDBD4B2,,,,,,,ODN0003560445,z,right_only
01F2E874-753C-4933-B106-8458F5A3AF43,,,,,,,ODN0003560490,z,right_only
3F3F05C4-C72A-490A-8386-094C17F4056C,,,,,,,ODN0003560552,z,right_only
BB749037-09B8-468C-85D4-D41E8B88913C,,,,,,,ODN0004143032,z,right_only
96694BE7-0701-4946-807F-028BBD4D4E58,,,,,,,ODN0003560598,z,right_only
7FD15CA1-8509-4527-83F6-1581A10B3D41,,,,,,,ODN0004680069,z,right_only
FC999959-CB6D-4C76-83BF-83BCBADB9AEE,,,,,,,ODN0004323919,z,right_only
277BC856-6CEC-4474-A69D-9C7569B1CA9C,,,,,,,ODN0003560718,z,right_only
277A8318-D981-4E8F-9BE1-249C74330A29,,,,,,,ODN0003560807,z,right_only
9BE42FB6-352B-4B81-A1A2-E6724FA91E9D,,,,,,,ODN0003560811,z,right_only
BC9D7E62-79C7-48F2-B1AF-FFFCD13679F8,,,,,,,ODN0003560813,z,right_only
4C08059D-6D9A-419D-8E87-544A319719D7,,,,,,,ODN0003560828,z,right_only
91B73589-D3DE-4D02-BB3B-F7756B0AA488,,,,,,,ODN0003596626,z,right_only
6977D9ED-516D-4F74-AD9C-64695E548CFC,,,,,,,ODN0004496079,z,right_only
F0A27A75-5A91-477C-BF3F-05313A2C4D60,,,,,,,ODN0003596632,z,right_only
2C1DC9A5-254D-4039-9F27-4B282135724D,,,,,,,ODN0002976925,z,right_only
794FC6DA-34F6-4C55-B030-B74D68CAD7D1,,,,,,,ODN0003561109,z,right_only
B8688E0E-1DC9-4410-991D-5041631F90D2,,,,,,,ODN0004453809,z,right_only
07DD6221-4F8D-4A7A-87B2-EF0A47E8177E,,,,,,,ODN0005380501,z,right_only
BB8D504A-506A-40C8-AA9E-2741BAA8DB92,,,,,,,ODN0003561221,z,right_only
D82B134A-6875-4755-ABEE-4D8D25972638,,,,,,,ODN0003561311,z,right_only
95F0384F-4DB5-4539-9BF8-5715C3191813,,,,,,,ODN0003561315,z,right_only
D980ABD5-D7AA-42A2-894B-6D28DA854D71,,,,,,,ODN0003561339,z,right_only
C85A04AA-97DF-470B-996F-A53FE497F559,,,,,,,ODN0003561341,z,right_only
7F1F1D84-A165-418D-915C-69A1EEDA0448,,,,,,,ODN0003789979,z,right_only
350F166D-0C90-43AA-BE4F-B88D72E7C84A,,,,,,,ODN0005381577,z,right_only
4EC665B7-ED42-4124-9185-17E64DA4C6CE,,,,,,,ODN0004580141,z,right_only
02BC0940-B837-4E96-A421-41156BCAA267,,,,,,,ODN0003561501,z,right_only
5FE5F977-9A14-425A-AC27-FE745E532D6D,,,,,,,ODN0003561654,z,right_only
748C8E53-FADD-4D91-9BE1-92F98305BE20,,,,,,,ODN0003561678,z,right_only
F6EEC5BC-1AC0-4F69-AEEB-27A4944AEB73,,,,,,,ODN0003561684,z,right_only
63D29EA6-EA3A-42F9-9B3C-4143072CBB9C,,,,,,,ODN0003561702,z,right_only
93643564-A5EF-413D-BE8F-EA96BABD547E,,,,,,,ODN0003561714,z,right_only
77E98FDC-316F-4FE2-B504-64E49ECA513E,,,,,,,ODN0003561752,z,right_only
61FEF4A2-C7E4-46BF-8B7A-7918D8AF7D70,,,,,,,ODN0003561811,z,right_only
58D0DCE5-A34A-4E77-AC2C-7EAC131C61C9,,,,,,,ODN0003561828,z,right_only
627436C6-B58F-469F-9F0E-61135A45C0B1,,,,,,,ODN0003561831,z,right_only
B0A07591-08CB-42FE-936A-6137F6058074,,,,,,,ODN0004934872,z,right_only
6292B8CF-7FD0-4C92-AF4B-A59A7E7C1C50,,,,,,,ODN0003561954,z,right_only
9E2A9205-4B61-4631-907B-F19E816822A2,,,,,,,ODN0003561967,z,right_only
57942FB6-DA9C-4A16-84E0-D717E5654FFB,,,,,,,ODN0003561990,z,right_only
20EAA08F-878E-46E6-AEE4-08DD8A79B984,,,,,,,ODN0005380811,z,right_only
A860F641-BB4A-4BEA-B3AE-710593A511A1,,,,,,,ODN0003575813,z,right_only
84C8EC25-7608-4035-8CE9-FA15AFC15FA6,,,,,,,ODN0003562054,z,right_only
9BC90FA5-273D-4B75-BE2E-8BF68EF717E9,,,,,,,ODN0003754455,z,right_only
D1DBB6CD-53F3-4ED7-B4C1-B01B7E7851E8,,,,,,,ODN0003562134,z,right_only
DCE31076-3160-4ADB-8EAF-601EA3807993,,,,,,,ODN0003562142,z,right_only
BDF70412-DE92-446C-BE61-813C0883AB35,,,,,,,ODN0003562214,z,right_only
B67A9485-88DD-4841-88E9-0E138BC14CE5,,,,,,,ODN0003562221,z,right_only
4ACA1507-E148-401A-9D66-D6C226F484A2,,,,,,,ODN0003562249,z,right_only
14401126-20C9-4A14-B8AE-6DDD1CEAE87F,,,,,,,ODN0004153880,z,right_only
539F84CA-B62B-401D-A517-B71B94F8A234,,,,,,,ODN0003562365,z,right_only
EF782D69-C686-4DD3-BBAD-47CE55400576,,,,,,,ODN0003562372,z,right_only
2B8CD62B-D3E0-4411-BA1D-DC71BB4E7FF1,,,,,,,ODN0003562380,z,right_only
E66EF371-DB9A-478E-85A7-EC66886AF0A8,,,,,,,ODN0003562433,z,right_only
B79495B1-1ED5-4FD1-AD58-8F36E5FD216A,,,,,,,ODN0003562458,z,right_only
06AF5E52-FAEB-45DA-99B2-EA04FF7F670A,,,,,,,ODN0003562459,z,right_only
B578D3D3-50EE-4424-AB72-C8E3FEC258BA,,,,,,,ODN0003754560,z,right_only
C9A3201F-F8AF-4AC1-A6F1-9BC13E5CF6A5,,,,,,,ODN0003562504,z,right_only
5900F092-ED63-4522-8BC4-B3F73E919D7D,,,,,,,ODN0004569988,z,right_only
E9594089-224C-4546-AE25-FE435D78D01F,,,,,,,ODN0003616223,z,right_only
9BD330F3-CF4B-45EB-9350-3F01267F4B6E,,,,,,,ODN0003562852,z,right_only
7C774616-FDF8-4D75-8501-6C797C2D6CFA,,,,,,,ODN0005146492,z,right_only
6909138C-1327-455C-8DF6-370BAAA0C487,,,,,,,ODN0003562894,z,right_only
D2107746-2612-4735-B158-FA25472793B0,,,,,,,ODN0003562910,z,right_only
6671F53D-8279-4E54-A733-DF0484EAED06,,,,,,,ODN0003562929,z,right_only
0D9B2DAE-2A7F-4B6C-B6BE-BCC2F697A0CC,,,,,,,ODN0005381183,z,right_only
331B3061-4121-4D91-855C-7E8889857FF5,,,,,,,ODN0003562956,z,right_only
0EC66DCD-A9A8-4049-9F26-C68A92DF14E0,,,,,,,ODN0005146642,z,right_only
56DE1EC8-3543-4FD5-9717-8F1EEA82D512,,,,,,,ODN0003563047,z,right_only
D62A0999-9E1A-4659-BC25-2677293A87F3,,,,,,,ODN0003563083,z,right_only
B5DDF66C-CFF7-467F-AD9E-4B45DE041275,,,,,,,ODN0003563096,z,right_only
3561F685-6F1D-4E86-8736-B54B7571FDB7,,,,,,,ODN0003563188,z,right_only
194DC96C-2E14-4905-9632-855CCD016956,,,,,,,ODN0005463019,z,right_only
8FFF93A6-ACB0-4DA9-B61F-011A4245D06B,,,,,,,ODN0005425165,z,right_only
EEB215A6-D277-4976-AE38-CE509B1298A0,,,,,,,ODN0004496440,z,right_only
B2AE3501-1159-4905-A0BF-B90BB76EB48A,,,,,,,ODN0003563347,z,right_only
46F3842A-F665-4E41-8E50-FC0148D6FD85,,,,,,,ODN0003560232,z,right_only
A45F852B-392F-45C1-BB8A-F995EFD26812,,,,,,,ODN0005205953,z,right_only
732486A1-5E0D-4675-BC8E-C01D1A49E8B6,,,,,,,ODN0003675359,z,right_only
2D2AEAA1-F9CB-441C-81CD-C40C02B8E597,,,,,,,ODN0004055410,z,right_only
BEF4667B-27E9-4411-B898-861FA9933592,,,,,,,ODN0004055419,z,right_only
3FDB3757-B14A-40E0-AA01-70A750B8AF8F,,,,,,,ODN0003575092,z,right_only
5018CBD1-3876-4EF9-98D1-6676C383EE87,,,,,,,ODN0003560585,z,right_only
66072402-ECD4-4A20-8460-9B7DD4563360,,,,,,,ODN0003560691,z,right_only
2D686850-302B-4E40-8EDC-786BC2AFE56B,,,,,,,ODN0004409248,z,right_only
728058A4-15CC-41E6-BCEA-35F73B72102F,,,,,,,ODN0003723626,z,right_only
5E66D790-478E-4C68-B443-352788347B86,,,,,,,ODN0005304107,z,right_only
187AA8D7-BE83-44EF-A080-2AFC98002062,,,,,,,ODN0003561747,z,right_only
6DCD033C-C080-472A-B3A2-E9F9CFED2D3E,,,,,,,ODN0003723749,z,right_only
6F7F43DF-B29E-4301-BCA7-8A38E8EA6517,,,,,,,ODN0004814593,z,right_only
9E67A866-AE22-45C1-900E-2B1973BAC7A7,,,,,,,ODN0003909315,z,right_only
07C46113-848D-4840-83C8-780E80FE13F0,,,,,,,ODN0003561314,z,right_only
3A14936F-5B61-4BC1-B85B-EE6862684185,,,,,,,ODN0003745694,z,right_only
5E8F33F1-C76D-4C8F-93E2-38B371F858AB,,,,,,,ODN0003560849,z,right_only
78AF89ED-DCE9-4399-9C7C-D57DB29687A6,,,,,,,ODN0004765491,z,right_only
45E8EEC7-B3D9-44A4-845E-F0FBD62EF88F,,,,,,,ODN0003563234,z,right_only
39121139-98F4-43D7-890B-3CE65758240D,,,,,,,ODN0002747321,z,right_only
076CE773-DFDB-4330-81F6-9CDB1736BF23,,,,,,,ODN0005461456,z,right_only
96273F7E-4C3C-4249-B0C6-57A251594024,,,,,,,ODN0005461690,z,right_only
D33322C5-16F5-4037-98D7-9EA14D0D0004,,,,,,,ODN0002761401,z,right_only
562EC6BC-6254-47FB-A64D-59A647D23621,,,,,,,ODN0002761557,z,right_only
FA434437-02D2-49F6-B829-72440FD68BB9,,,,,,,ODN0002761684,z,right_only
1C11279A-D137-49C3-8C22-A08059F50858,,,,,,,ODN0002761720,z,right_only
B03A0B35-4CC3-472B-B2CE-31F4F2CBABCB,,,,,,,ODN0002761818,z,right_only
24E4D1EE-22C8-4994-B436-E79217CD455B,,,,,,,ODN0002739080,z,right_only
59E76A31-A379-4D57-948F-13F24B0FEDAE,,,,,,,ODN0002762328,z,right_only
37A5C4D9-F448-4E9D-A2F7-3063481584F3,,,,,,,ODN0003267992,z,right_only
CADAD4CC-6B71-43D3-BDD4-68E4136F539C,,,,,,,ODN0004224195,z,right_only
AD854CF6-52FD-44E4-896D-8C69BF483C1A,,,,,,,ODN0003674761,z,right_only
F306495C-D02B-4672-B54E-DBE8D6DE1E56,,,,,,,ODN0002763390,z,right_only
5E0E9EF1-073D-47CE-91F1-2D1616E16C28,,,,,,,ODN0002771813,z,right_only
AF3D4C82-EC9E-413B-B85E-CF648122C19C,,,,,,,ODN0002983738,z,right_only
1D3865A8-3A93-4DF3-B28E-F5134FBCF15E,,,,,,,ODN0002740118,z,right_only
7683E5C4-3710-4C5D-8310-B15D48B64B82,,,,,,,ODN0002763480,z,right_only
54F77204-DDCE-47F9-BCF3-5DEEE0DFE242,,,,,,,ODN0004495971,z,right_only
CECC5392-D725-4BD8-88DE-37C101151682,,,,,,,ODN0002764347,z,right_only
586F1CDA-3001-498F-87A5-9691511A323C,,,,,,,ODN0002764372,z,right_only
9D999309-2CFF-4D2A-BA61-A543BA3AEB0E,,,,,,,ODN0002764907,z,right_only
D6C607E9-8641-4004-B7E8-F1C0FEBD41C1,,,,,,,ODN0002764911,z,right_only
E448EDEF-E81D-4EB9-B921-4E7ABAF6392D,,,,,,,ODN0005461317,z,right_only
8DCF3029-D1DE-4447-8480-8B0B62F67468,,,,,,,ODN0002765726,z,right_only
C7E91620-2A03-46F5-9ADB-C7D201813869,,,,,,,ODN0002765995,z,right_only
92BDFCB7-FBE9-4FF8-A42D-9A8C54DC90ED,,,,,,,ODN0004153681,z,right_only
8982E3A6-010B-415C-B43C-F6DCD7DBAD3B,,,,,,,ODN0002766738,z,right_only
79FAD722-7098-4A96-A2E6-FA8E5B33EFDD,,,,,,,ODN0003884276,z,right_only
7B6303DF-A5D5-48F7-89E6-C71B799158F6,,,,,,,ODN0004555552,z,right_only
E5F8BD16-5209-450C-97F8-2109E087BEA5,,,,,,,ODN0002768021,z,right_only
A0D85E04-263F-492D-94D3-5E762E755274,,,,,,,ODN0002768087,z,right_only
EAEFB56D-BF7B-492B-9BA1-3186DF801B9C,,,,,,,ODN0002768300,z,right_only
7969CD09-07FC-4B46-AEA3-2ACFE9AB7E16,,,,,,,ODN0002768457,z,right_only
75ADDA4D-D879-4B1C-BA7F-79D19D7AD148,,,,,,,ODN0002976589,z,right_only
12F8B8E0-42CF-40F8-AF79-561096A32BDB,,,,,,,ODN0005461665,z,right_only
A021266D-ED2B-46A5-8487-AB29B98A77B5,,,,,,,ODN0003304991,z,right_only
F75A1AF7-1152-4BCC-8502-7AFDCDB4FED2,,,,,,,ODN0002768983,z,right_only
E86E9AF6-8A56-4146-BFFF-4CAC4581A1AF,,,,,,,ODN0002769146,z,right_only
D28892F2-13BC-4575-993D-148B8B04EED6,,,,,,,ODN0002977191,z,right_only
B76D565F-36C6-44A7-8D37-523B51ECEA95,,,,,,,ODN0002770312,z,right_only
7E201559-8EAF-473D-91F8-CD5F0D5486CA,,,,,,,ODN0002977277,z,right_only
8874D36A-83CE-4B90-8230-5C1291A26D43,,,,,,,ODN0002977462,z,right_only
32AB9246-170E-493E-A5EC-3D728A1D48E7,,,,,,,ODN0002772364,z,right_only
26BD924B-637A-4F5B-8916-105CA86E315A,,,,,,,ODN0002772450,z,right_only
755AD9CF-4E87-489A-A026-24F12D75F4C0,,,,,,,ODN0004011622,z,right_only
284D811B-7D01-4E7F-8CB7-A23AEEB61EE0,,,,,,,ODN0002745743,z,right_only
EC9578D3-335C-41A0-8339-853776A03FDA,,,,,,,ODN0002772670,z,right_only
A332C7A0-C105-4C41-B6F0-C9F25318B3F3,,,,,,,ODN0002772676,z,right_only
2E2387DB-D24F-465C-93BB-502EA956FD79,,,,,,,ODN0002772794,z,right_only
E8BD6665-BC98-4492-B7BD-160175B8DD32,,,,,,,ODN0004000255,z,right_only
50242B06-8321-45DA-A61D-13B0DA6FA988,,,,,,,ODN0005183554,z,right_only
61A2A82B-C92E-4E75-9C93-51520CC93A08,,,,,,,ODN0003688543,z,right_only
B74007F8-4F16-4E23-8BA9-DD9DF6D51BE3,,,,,,,ODN0002773787,z,right_only
FC8C37FD-C829-449C-88B1-90AAB7691191,,,,,,,ODN0002978621,z,right_only
F8D08E30-C8F8-48B2-8852-6ED76413E325,,,,,,,ODN0002775015,z,right_only
944723D8-6FFC-4C97-AB21-1576CA03C5C6,,,,,,,ODN0002775058,z,right_only
C00550EE-D333-4413-B0DC-BCC4E46C9874,,,,,,,ODN0002775591,z,right_only
9E7E4F71-CEC8-41B3-B0BC-8FF51F4E2FF3,,,,,,,ODN0002775719,z,right_only
5A312512-F423-4A2B-B743-949FA0E675C6,,,,,,,ODN0002776054,z,right_only
63AC23A5-D067-4F69-B6C6-94A1CDCAA509,,,,,,,ODN0002776398,z,right_only
A23B7860-AF03-44B1-BB0E-CA9594B0A58E,,,,,,,ODN0004537675,z,right_only
129CB42D-3F13-4BA0-9EA3-94F9C92CE520,,,,,,,ODN0005204878,z,right_only
5826C298-21F1-4DBC-BF46-F6C7E66F5A98,,,,,,,ODN0002985071,z,right_only
9D808D87-8D48-441A-8BC4-BE78ABF1115E,,,,,,,ODN0002780201,z,right_only
943628F4-4D52-4819-83C2-74AA21EBEF84,,,,,,,ODN0004369551,z,right_only
39F055B2-9006-41BC-AF02-A4FD755513DF,,,,,,,ODN0002781023,z,right_only
99241697-ACBB-4C5E-9877-896F8C77A0CF,,,,,,,ODN0002750899,z,right_only
351B028B-9C18-4092-A8E1-309E239F584B,,,,,,,ODN0004462862,z,right_only
D8C6430F-28C5-42F6-A7C2-753C857A656C,,,,,,,ODN0002751126,z,right_only
6D8884C1-31AF-4ED1-873B-F343F58236C9,,,,,,,ODN0002782888,z,right_only
18756109-304F-4A3E-84FF-1BA756D64288,,,,,,,ODN0002751681,z,right_only
1481A496-CF4E-4FCE-8E8D-0420A44A5EAC,,,,,,,ODN0002751897,z,right_only
C787B853-0156-4636-AB7B-EF3715C2872A,,,,,,,ODN0002752143,z,right_only
E6A6E49B-83B3-4180-AE69-90E9F3FB4E99,,,,,,,ODN0002752504,z,right_only
9B87AF26-A822-4613-8908-4CC017FDE939,,,,,,,ODN0002752838,z,right_only
15488594-63C2-4545-B6F2-EC7979578727,,,,,,,ODN0002753077,z,right_only
AE524C28-E442-4E53-8EA3-15A27D154070,,,,,,,ODN0002982664,z,right_only
07855269-C967-47E9-9C92-BF3F992A9B5D,,,,,,,ODN0002982728,z,right_only
78BC82CF-549E-4559-B786-DF809585E327,,,,,,,ODN0002753213,z,right_only
AE6C078E-F2EE-4C20-A7C3-9B115E6C7C59,,,,,,,ODN0002753276,z,right_only
AC733FC7-6627-4195-9E33-5CD67D3EBFF1,,,,,,,ODN0005534748,z,right_only
58E8EB70-FB8D-461B-B41F-0C3E5F2BB183,,,,,,,ODN0002753441,z,right_only
9A14B861-22C6-4855-A436-CFD0A9F68455,,,,,,,ODN0002753476,z,right_only
F99CDCFC-5120-43D8-AECC-CD59DC4CBF16,,,,,,,ODN0002771939,z,right_only
8B813859-A085-410F-81FB-6A487A3AF1F5,,,,,,,ODN0002751600,z,right_only
93C0E978-BB10-4238-B212-FCD2BC0CCF2B,,,,,,,ODN0005463032,z,right_only
A1593F02-964A-4071-BECD-6810D659FE04,,,,,,,ODN0005099668,z,right_only
680C82AD-E46A-4CD7-925F-8CCF59B9434C,,,,,,,ODN0005100424,z,right_only
1E28B663-D7E9-488F-B117-517B2C9F352E,,,,,,,ODN0002785844,z,right_only
653DC38E-DD59-4968-9DE6-75070B50FCEB,,,,,,,ODN0002774776,z,right_only
3DB71261-5A80-4DDF-80B4-E744510E2DCA,,,,,,,ODN0002760510,z,right_only
61352681-C140-416A-8AE2-3A984F31B100,,,,,,,ODN0002761761,z,right_only
6F2B267C-D21F-45E3-89F9-43879A93A399,,,,,,,ODN0002762779,z,right_only
E0D53085-834C-4060-9605-737DB5C33B54,,,,,,,ODN0002983785,z,right_only
6467416B-CCDA-4235-9E4E-06A2C5137771,,,,,,,ODN0002802435,z,right_only
778117A5-AEA3-4771-BD1C-1F914122BE99,,,,,,,ODN0002983993,z,right_only
1E9BC7AA-3A4F-4A39-8E0F-B511A2ECBE83,,,,,,,ODN0004705530,z,right_only
02359A55-6493-453E-8A79-530037336CF5,,,,,,,ODN0002984039,z,right_only
2EEA12AA-5DBE-415C-939C-A125602BAB3B,,,,,,,ODN0002984099,z,right_only
955AEEA1-C6BE-4F38-BF8A-E399AFC6A11A,,,,,,,ODN0002984113,z,right_only
0BCDFECB-1C64-4AE0-8AF4-5DE548B0D3D2,,,,,,,ODN0002768685,z,right_only
0A6B9424-E3EE-401D-97B4-F7CB6B035128,,,,,,,ODN0002768845,z,right_only
886DE0FF-1488-48BC-82C2-EBDE179D7E76,,,,,,,ODN0002984229,z,right_only
D9CADB9A-411D-4A6B-8AFA-2A595E3684A3,,,,,,,ODN0002710650,z,right_only
5834900C-4E6E-49C7-83C1-1D66BD085739,,,,,,,ODN0002770204,z,right_only
FD985149-ED9D-481C-A32B-50A23C5470D0,,,,,,,ODN0002771438,z,right_only
3F34ED16-E2C2-4E2E-A1D5-E5B386D2EFAE,,,,,,,ODN0003561688,z,right_only
B11FBAD9-9C8C-466E-A04F-7698899EBE3A,,,,,,,ODN0002698575,z,right_only
46DB637D-73E0-47FB-8825-21CE998EA32E,,,,,,,ODN0002984623,z,right_only
3D1E5D5E-299E-4336-B0C1-7E4FA0134B5F,,,,,,,ODN0002776516,z,right_only
F6B4869B-AEA0-4630-B8EA-5D053C1B724B,,,,,,,ODN0002809426,z,right_only
D6079184-9D44-44FF-B585-BCA67DFDD64D,,,,,,,ODN0002984929,z,right_only
0B942866-807C-45F3-8A0F-3A3B606B95FB,,,,,,,ODN0002698724,z,right_only
087B97DC-7327-4EB4-80B1-BED245D2D5B6,,,,,,,ODN0002985001,z,right_only
49EA530E-34A5-4D82-8C36-6975D7AFA7BC,,,,,,,ODN0002838773,z,right_only
913ADDFE-EABE-4C42-A6C6-78C8DEE4D962,,,,,,,ODN0002985056,z,right_only
BFE21D69-3531-4EF4-9346-77F73FC2FCA1,,,,,,,ODN0002980299,z,right_only
A7ADB184-384D-45D8-8839-9787DD6D79F0,,,,,,,ODN0002985211,z,right_only
F9DE593A-969A-48F3-83FE-D395D65FC7D7,,,,,,,ODN0002985212,z,right_only
04DD755F-8CC2-4647-AD87-CAA7B9530623,,,,,,,ODN0002985245,z,right_only
3DAB77F8-9174-49BF-9342-928F198013DA,,,,,,,ODN0002750941,z,right_only
F4E52076-4B57-4CB5-AE96-4A80DEEBA2A6,,,,,,,ODN0002985266,z,right_only
A6390700-4C09-4C2E-9A23-BE5DF9A9BEE6,,,,,,,ODN0002751503,z,right_only
A6F2B119-448E-4902-BF25-4497F49E0D0B,,,,,,,ODN0002985391,z,right_only
2B65E6F5-6C94-4042-8B61-FF6DE9687004,,,,,,,ODN0002985465,z,right_only
55670EC0-D34D-4968-A813-9E560EA8264E,,,,,,,ODN0002752880,z,right_only
122F6F04-C47E-456A-8FE9-D3942B71CDAB,,,,,,,ODN0002985582,z,right_only
B02D0D87-9748-46E3-AC05-0BF0B356F5DA,,,,,,,ODN0002753106,z,right_only
FC3B4221-F877-4396-B92B-C9A681914BE1,,,,,,,ODN0004878712,z,right_only
1ACCF86C-DF80-4112-99CC-4F9671050C0C,,,,,,,ODN0005072948,z,right_only
1FEB5629-2862-4500-9CB1-351820A53EF1,,,,,,,ODN0005072995,z,right_only
BB46028B-33CF-4112-BEB7-DFC586D5D43E,,,,,,,ODN0004765256,z,right_only
3EF51A2D-7359-40CE-B2D3-393A30E8F0E2,,,,,,,ODN0004765384,z,right_only
B398155C-64F9-4CAC-83B9-ECAFB7D39AAE,,,,,,,ODN0003203381,z,right_only
5B81D5CA-4449-4CF6-88D2-25317B778BD5,,,,,,,ODN0004369319,z,right_only
931427BC-9805-4DA4-A922-0FC7CCD8E2F1,,,,,,,ODN0005337104,z,right_only
80A7BEF9-6D55-48CE-9EFC-A33B36792889,,,,,,,ODN0004607306,z,right_only
4634B61B-35F1-4B67-A11D-6F4643C7088D,,,,,,,ODN0005304872,z,right_only
C352FB51-3358-4B1E-BC1F-B4FC343FF179,,,,,,,ODN0005248112,z,right_only
43DE4A8E-7CEC-43F1-976F-AC1A1B3ED484,,,,,,,ODN0002772020,z,right_only
AC330E93-E35D-409E-9A9B-AA72E0B7606A,,,,,,,ODN0002808629,z,right_only
DD7358B7-CEC7-43D4-B8C5-11067CBF5DED,,,,,,,ODN0002800806,z,right_only
F7FAF2B4-B822-49AB-89A5-B6DA98606504,,,,,,,ODN0003840562,z,right_only
19759BDD-49EA-41F2-A1AA-D7E3CDC5755F,,,,,,,ODN0002698017,z,right_only
291D71B2-4ED4-4BCB-B530-BE0FEC0F4706,,,,,,,ODN0003356013,z,right_only
31CE6FAF-9FE8-4B50-9230-A57967EDE49E,,,,,,,ODN0002719150,z,right_only
6B32C9AE-086B-4FA9-AA83-6BC7865E53C2,,,,,,,ODN0003152689,z,right_only
6AF840AD-F7F2-4097-AB10-5D2691CE8AF4,,,,,,,ODN0003152690,z,right_only
509CD7AC-67EB-4DF1-A4B7-E553AEDAB9C2,,,,,,,ODN0003627940,z,right_only
FB180814-08BB-496F-A910-13C08BBA1119,,,,,,,ODN0004539936,z,right_only
A1F93ACA-AC51-4D87-A5E2-917A3562A335,,,,,,,ODN0005181742,z,right_only
3593F948-04B4-4A9F-8BF2-B94A3B4D5794,,,,,,,ODN0004616532,z,right_only
CF9ABC98-9126-4243-A853-E6B642E1D2E4,,,,,,,ODN0004729220,z,right_only
F57578BD-8158-426A-BF3A-CE3B76452058,,,,,,,ODN0002698025,z,right_only
001722EE-548F-441C-AD95-EEB69E739BE3,,,,,,,ODN0002698026,z,right_only
483EF2E7-F57F-4FAB-89CB-92A7EC16D967,,,,,,,ODN0004453204,z,right_only
F3B1CF2D-71EF-4A8B-BD14-FF376470B341,,,,,,,ODN0004118524,z,right_only
488C614E-E288-4560-B1C6-9BE8F4E1DB26,,,,,,,ODN0003418034,z,right_only
16D9D21B-0A38-48EE-BF55-C04690B73469,,,,,,,ODN0005355264,z,right_only
E230715D-E062-43AC-9792-28D369E1E07A,,,,,,,ODN0002719431,z,right_only
73D66A79-A82D-47AD-9790-F97849B5DD39,,,,,,,ODN0004323210,z,right_only
A4A87670-8A71-4E9B-BB98-9C41E8D679C3,,,,,,,ODN0002708370,z,right_only
493EAA54-259F-4331-A98F-B76C4F902AE1,,,,,,,ODN0002708375,z,right_only
565E6B22-0804-422F-B7AB-F0D223EDC0FE,,,,,,,ODN0005261782,z,right_only
C70861F6-7F5E-4839-97C1-8816356425BB,,,,,,,ODN0002708396,z,right_only
73D3DD08-899D-4375-83B2-070C810E32EC,,,,,,,ODN0003884086,z,right_only
B9141C47-EA15-49E4-8824-41F5ED9ADD18,,,,,,,ODN0002708419,z,right_only
B344DC21-50B7-4EE4-B2F9-4214E06FBF42,,,,,,,ODN0002708420,z,right_only
AAB947CF-8972-4DC3-A150-37D16BC61DC0,,,,,,,ODN0003688020,z,right_only
1034E793-9C7E-4DA7-85F8-37345EF28624,,,,,,,ODN0003858009,z,right_only
49AC50D3-0540-4982-9976-548B07A7C4B2,,,,,,,ODN0003908535,z,right_only
C6376449-231F-4C59-B652-D3397EA3F8E4,,,,,,,ODN0003222102,z,right_only
DCF1B96E-37E4-422F-8715-DC25EFFF21FB,,,,,,,ODN0005380008,z,right_only
62EBD942-DEB4-485B-9043-7E81DCD5CF0E,,,,,,,ODN0005181968,z,right_only
8DCE7142-2105-4666-884F-6AD81EE7B225,,,,,,,ODN0002698036,z,right_only
6A59B0AA-50B1-4A27-BC3B-94F5F60F76BC,,,,,,,ODN0005099412,z,right_only
20F55C75-88BD-42E5-A58B-02E4723CF9DD,,,,,,,ODN0003730580,z,right_only
D88DB45C-7DFA-4CE6-B09F-3A4F72ECDCD9,,,,,,,ODN0004705217,z,right_only
2F1886E5-4096-4119-AFAE-9DE510CB49C1,,,,,,,ODN0005335508,z,right_only
85FEE5ED-2A88-4B15-BFE6-FF5CA286081C,,,,,,,ODN0002708613,z,right_only
35477EAD-792E-4761-8B74-E7E7A8A580E2,,,,,,,ODN0002708627,z,right_only
14B2979A-A61F-4109-8489-2075C2557AB4,,,,,,,ODN0004902364,z,right_only
89F30286-ECBD-4EF9-8CB1-66E1CC5A5E31,,,,,,,ODN0003212995,z,right_only
86A3A33D-6121-4B87-A2C5-59FAF249A4F1,,,,,,,ODN0005355375,z,right_only
4C424E82-C848-4750-A871-37893C5057DE,,,,,,,ODN0004323319,z,right_only
09D0E132-23C9-4413-85BA-A797BDCD47A1,,,,,,,ODN0004826244,z,right_only
73FA003A-4A2C-4733-B0BC-987119A1F725,,,,,,,ODN0002708663,z,right_only
315A886C-DB18-42E5-82A3-39129556D3B0,,,,,,,ODN0002973469,z,right_only
3E97107C-807F-4A2A-9AE0-0D3F92D77F13,,,,,,,ODN0003213001,z,right_only
C3A599BE-6FC1-4282-B546-3EF71ABA117B,,,,,,,ODN0002708676,z,right_only
93958F3A-4A5A-4377-AE93-A01FD04F9FB6,,,,,,,ODN0002762130,z,right_only
20D94609-0718-432C-BC6D-21E278F0AC43,,,,,,,ODN0002708684,z,right_only
01B12186-CE78-4B69-8E76-A78BB1901F58,,,,,,,ODN0003945152,z,right_only
6E935A3B-A42C-42F7-B285-E7BA0F096AA1,,,,,,,ODN0005461062,z,right_only
B4F4C9AC-5FC3-4DBA-B799-17160CE56B03,,,,,,,ODN0004537289,z,right_only
80F60DFA-B102-47DB-8364-BA91303EF026,,,,,,,ODN0005355389,z,right_only
FCE1776B-524D-4095-8306-1F7E41315AAF,,,,,,,ODN0005303540,z,right_only
DF1D7AE3-47AD-405B-AFF8-5CE5E6375E55,,,,,,,ODN0002708747,z,right_only
F614DC56-164A-43E3-9D9D-A4D6EA14554B,,,,,,,ODN0002708746,z,right_only
906390DB-53CC-4792-A55E-A628F03B657C,,,,,,,ODN0002698064,z,right_only
9766F9F0-F8E8-4CFB-8719-73B14D8AC90E,,,,,,,ODN0002708896,z,right_only
36CD9B88-508A-4AB7-8171-509488883BBD,,,,,,,ODN0002699090,z,right_only
41A71094-F2DD-448F-AB8A-B3AD95F0901E,,,,,,,ODN0004087243,z,right_only
4C3908B7-E83E-48CE-8068-8492F004F9BA,,,,,,,ODN0003606600,z,right_only
9A1E8D12-23D2-4B35-96C2-DD514E030775,,,,,,,ODN0002708899,z,right_only
10760816-AB88-45E1-90E8-A36E80146E3C,,,,,,,ODN0003152978,z,right_only
33B65867-BC95-4350-B344-B892168FADA9,,,,,,,ODN0002698079,z,right_only
8EFBEC28-B3BF-4208-840E-FCC2B0391808,,,,,,,ODN0003688092,z,right_only
449BA1F9-9F2A-4B7B-9BCF-42E15D052A20,,,,,,,ODN0002708918,z,right_only
B2F45D9C-733C-4C75-960E-75C4888D5217,,,,,,,ODN0005409601,z,right_only
93F96548-4828-49A9-83E2-78D15EEE2A1E,,,,,,,ODN0003292858,z,right_only
0B6FF8C4-8D13-48A0-A96B-D34918FF2954,,,,,,,ODN0004000075,z,right_only
A4B2D120-7C0E-474A-BEBB-24713F5D1C7A,,,,,,,ODN0005099516,z,right_only
861F651F-0B40-4D1F-B6D1-AB1DE4F5C200,,,,,,,ODN0005018599,z,right_only
A7CF0CE0-11BE-4873-A4DE-2054E4C634F0,,,,,,,ODN0004555305,z,right_only
81E7996C-9BDB-412C-99E2-9C43B0EFB6EC,,,,,,,ODN0004714057,z,right_only
91AE37CC-D383-4D0E-BE26-3284981707DE,,,,,,,ODN0005355445,z,right_only
0A09FB51-DEAA-4110-B32F-F0BD066399D4,,,,,,,ODN0004537308,z,right_only
BE7396F3-4934-413B-9E1E-AC129E94E0C9,,,,,,,ODN0005355446,z,right_only
154DC81A-0E92-4C0A-95AE-6B29B7E80FE7,,,,,,,ODN0003596430,z,right_only
FFACD120-24B4-4A01-AEFD-F9C6FDE699F4,,,,,,,ODN0005280961,z,right_only
B2DF97C0-3460-4ED7-850F-517FF8021093,,,,,,,ODN0003723435,z,right_only
153E4136-DC0C-4F5F-B492-53BB1E4926C3,,,,,,,ODN0005461143,z,right_only
00DE8F95-9FA4-46EE-B55E-0F865BEFA3F9,,,,,,,ODN0002709032,z,right_only
5503A025-0440-4533-A799-4F5A8A29C826,,,,,,,ODN0005381456,z,right_only
20073A5F-EB6D-4D77-B527-F9569CA90583,,,,,,,ODN0002837297,z,right_only
34EB05C6-6466-419C-B1B2-DB90901BC997,,,,,,,ODN0005261848,z,right_only
8AAF3167-4078-49BE-BEF7-F8078C18BF2D,,,,,,,ODN0003872630,z,right_only
29535BEB-E220-49D9-BF5E-B00A12DB3D32,,,,,,,ODN0004943252,z,right_only
422C0806-50B4-4557-9EB9-2DC4D0E620B9,,,,,,,ODN0005072886,z,right_only
42E6EC59-5DCC-43E1-B20A-0C0EBC03431A,,,,,,,ODN0002698098,z,right_only
74046607-DA68-4655-9AC3-646EEF93EEB6,,,,,,,ODN0004729271,z,right_only
1BC0A691-4F06-4841-BDE7-909D94AE6FC4,,,,,,,ODN0002709118,z,right_only
7E8B63E1-3AF7-4E09-A848-2FE8A4B38BC2,,,,,,,ODN0002709126,z,right_only
622901D7-F856-4F25-B645-B9FB2BBC9B6F,,,,,,,ODN0005018612,z,right_only
0344E9E8-4C6F-490B-9264-BF300DE6FBEF,,,,,,,ODN0002763302,z,right_only
1B6C585B-A86B-42CF-815B-88C68EA68EB7,,,,,,,ODN0002698107,z,right_only
992380D5-DB22-442D-A6BB-47CC9F1FDE0C,,,,,,,ODN0005238073,z,right_only
4CD73FBA-C2A7-4CF2-87CC-2E31CE90F425,,,,,,,ODN0002763409,z,right_only
59DC9F24-5DB7-4800-947E-A0B071E67C41,,,,,,,ODN0002763434,z,right_only
C8CBF8A5-7941-44ED-B0EA-EFB4B383EBA6,,,,,,,ODN0005238078,z,right_only
7F938D82-FF1C-4E37-812F-04B097FBED72,,,,,,,ODN0002709162,z,right_only
65220C25-E09E-4FDD-8F93-F614CF435397,,,,,,,ODN0003153131,z,right_only
6F1EA1DC-BF2D-418E-ADCE-260787880AF4,,,,,,,ODN0003304680,z,right_only
D3130242-6194-4DF6-B424-2BA2C13EEBCA,,,,,,,ODN0002698128,z,right_only
BCA5EE2C-172E-42F6-8D25-285775F5F204,,,,,,,ODN0005261876,z,right_only
7085068B-D945-4DD1-9287-EFC6EA3FA952,,,,,,,ODN0005397895,z,right_only
D0478C6F-19F5-4B17-BBE8-A23F48174C62,,,,,,,ODN0003153156,z,right_only
233DCECE-B263-4D0D-B97A-E6A9FE30FBDA,,,,,,,ODN0005223205,z,right_only
CC41757E-CA1D-4890-87F4-106DA9D06F6E,,,,,,,ODN0004846937,z,right_only
3EB04413-13A3-4862-AD28-594A08F6E86B,,,,,,,ODN0002722389,z,right_only
1788A712-169C-4C44-BAAF-C984916E379A,,,,,,,ODN0003356739,z,right_only
FED2590D-9B2E-4369-9E8C-D480017D2B08,,,,,,,ODN0005238097,z,right_only
E0CBCD9F-B5E0-417B-8B16-B66ABF806477,,,,,,,ODN0002722395,z,right_only
67A92D80-FDC4-41F7-A780-D1E51510BA0C,,,,,,,ODN0003447891,z,right_only
8B301ECD-5FE1-43EC-993D-CB325D47761E,,,,,,,ODN0003447892,z,right_only
351CA6FF-2301-4A65-9086-1188C3FA7B44,,,,,,,ODN0005355630,z,right_only
C1DD3419-3A82-4A7A-A0CC-69F277A12F21,,,,,,,ODN0004153640,z,right_only
731F984C-2112-478E-AA74-1F0CC0DA0C9B,,,,,,,ODN0005397912,z,right_only
396C1D58-D256-400F-8754-C9CB1306B22F,,,,,,,ODN0005204255,z,right_only
BD9E9A0A-0207-47C0-8A09-EF5574CE3831,,,,,,,ODN0005380175,z,right_only
B550F494-5603-4B61-8B32-9D2DD2ED7FBA,,,,,,,ODN0005182228,z,right_only
8C5F4AF0-E3B0-4B04-AC8A-5BF4DE49328E,,,,,,,ODN0005355632,z,right_only
46827DBA-539C-4B1E-81F9-AF45CE4EDCE7,,,,,,,ODN0004495983,z,right_only
F2FA1034-F61E-4760-AC5C-165D1DDEDB1F,,,,,,,ODN0004331632,z,right_only
C40814A7-21B2-407B-AA3B-06EE9BA56128,,,,,,,ODN0003711798,z,right_only
33BDD10D-62C4-4037-BE47-AE058B1A6796,,,,,,,ODN0005461249,z,right_only
B11DFD8D-9163-4E0D-9073-E16BB9B74E41,,,,,,,ODN0004638774,z,right_only
736DAA6E-A4A9-45AD-AD1F-BCAB82521827,,,,,,,ODN0002722562,z,right_only
9801ECD4-E21C-4C6E-9688-6CE930E4421A,,,,,,,ODN0004835568,z,right_only
311199AE-2FDB-4BC8-8E42-FCC72C3DCFE2,,,,,,,ODN0004142931,z,right_only
C423B228-8BF7-411D-AA2E-E0DA50FEDCF5,,,,,,,ODN0003418270,z,right_only
9C6CCF47-9B76-4261-95BA-A31F4139C320,,,,,,,ODN0002722600,z,right_only
5FB2D283-CE6C-4F2A-8767-CA8C663339B1,,,,,,,ODN0004382550,z,right_only
69487205-1F6B-4611-A4E0-785D026B0733,,,,,,,ODN0002698162,z,right_only
4E5A14F4-51E5-4F4F-81E6-939EA9D3176F,,,,,,,ODN0005379652,z,right_only
66857158-E710-4461-BEF2-4506EF13EC38,,,,,,,ODN0005461289,z,right_only
20A8D48B-9681-4592-86D5-BD6A10F2B3CA,,,,,,,ODN0005380219,z,right_only
C4C5C4FC-3AAD-4FEF-AF0F-9AC8B446560D,,,,,,,ODN0004323622,z,right_only
04CC7204-FBF7-4DF5-92D2-FA08F1D00FD0,,,,,,,ODN0005261913,z,right_only
A721B248-2D82-45A8-B7E8-96144472000F,,,,,,,ODN0005182281,z,right_only
A763444F-6CA9-49F3-B552-5061E13F6F3B,,,,,,,ODN0003754136,z,right_only
FF3850D2-632E-4F75-9452-EF7E4C604997,,,,,,,ODN0002698175,z,right_only
0F9600A8-BC28-4E7D-80F7-8CE7F443981A,,,,,,,ODN0005038210,z,right_only
40B78F95-72E9-47CA-8784-4A2B3385566F,,,,,,,ODN0004616669,z,right_only
F638E3F1-6E6F-4F29-BF3C-96481AAEE60B,,,,,,,ODN0004000114,z,right_only
B1AC73A6-F6CA-469D-955C-39C14CA63182,,,,,,,ODN0002764986,z,right_only
86144154-F7BC-4223-A6AC-FF9F99C25122,,,,,,,ODN0002709588,z,right_only
198CE29F-1928-48B3-9EE8-8C0C029C6F40,,,,,,,ODN0005355706,z,right_only
FDE42FEC-5465-4D15-8CF6-2EEC69B633D3,,,,,,,ODN0002709601,z,right_only
3CC1860E-0151-4E64-BBCF-DD93E35D528D,,,,,,,ODN0002789255,z,right_only
024D2D65-B295-4352-B5F6-9B91FF88D419,,,,,,,ODN0003324395,z,right_only
F2C3D21D-10C8-47AF-8861-B07F9AABC220,,,,,,,ODN0004991650,z,right_only
24C248D8-A132-4E18-BE17-F5F6D988ADEC,,,,,,,ODN0003314981,z,right_only
630DE758-C4BA-4980-A4FA-F248DFB19012,,,,,,,ODN0004323680,z,right_only
DAEBAFB0-F8AC-4FEB-B54C-85FDA13D3C7D,,,,,,,ODN0002974925,z,right_only
8F960009-6304-42D9-B49C-8D40CDAF078C,,,,,,,ODN0005223262,z,right_only
46A9FE1B-5119-402F-ACDA-48D38496F9FF,,,,,,,ODN0005182331,z,right_only
2B32DF77-E67F-4E0A-A079-DC09F8108D4C,,,,,,,ODN0003596506,z,right_only
66A44B13-38AC-40C9-8B77-7B82F89369B2,,,,,,,ODN0005182338,z,right_only
B43ACA47-A7C0-4521-BA59-416CC4548E7C,,,,,,,ODN0003858130,z,right_only
15206227-9469-44EC-A1C4-FDBBFE4617B5,,,,,,,ODN0003978135,z,right_only
589D11F1-F6E1-4D85-9DA7-0B47B6F87201,,,,,,,ODN0004527850,z,right_only
3826145F-838D-44A8-98AD-4D48B6D2BA4A,,,,,,,ODN0002723323,z,right_only
F61E367B-1790-4C45-8BD6-A7E73324B0AB,,,,,,,ODN0005303750,z,right_only
63CA4C71-8BD5-4427-8A5E-B98F9048994F,,,,,,,ODN0005424228,z,right_only
BA6B416D-2335-4025-9123-6856A6BC406A,,,,,,,ODN0002709695,z,right_only
4F04DAC1-744F-47CC-A782-3842E1870F63,,,,,,,ODN0004118721,z,right_only
7EB1DC7D-E351-460D-9ED2-3CE8E5ACBD48,,,,,,,ODN0005223275,z,right_only
09577116-CF1B-4BFB-ACC2-2268F2FC2E54,,,,,,,ODN0003153395,z,right_only
6D331E03-0FE0-462A-A725-0A9E42446E06,,,,,,,ODN0004854353,z,right_only
ED0E7196-E9A4-4784-AEB9-2F2A9D2DE88D,,,,,,,ODN0005018722,z,right_only
598BAA1E-5919-4D9D-B658-D91DB196D549,,,,,,,ODN0003967171,z,right_only
64D10D6F-21F6-4970-AD75-618057B7EBE1,,,,,,,ODN0004764330,z,right_only
9A2C50D6-060A-4A28-9F73-B49592F3080E,,,,,,,ODN0003160617,z,right_only
34654622-926E-4456-8CB7-2421B2B4634B,,,,,,,ODN0004323726,z,right_only
B45F8449-2CF6-45EC-9402-ECBC3650CB96,,,,,,,ODN0003160620,z,right_only
4B8157C2-7C3D-428F-A431-7E23C15D7123,,,,,,,ODN0003660512,z,right_only
048479DC-BA50-4DEE-9361-75E177E0A54A,,,,,,,ODN0004616692,z,right_only
6DA96762-8485-435A-86BE-E235E6E44E6F,,,,,,,ODN0005182376,z,right_only
9EE706E7-6292-4071-B6CD-745A896BBE04,,,,,,,ODN0004011417,z,right_only
FC05286C-0649-41AA-B156-C1F39A8B1AA3,,,,,,,ODN0003153406,z,right_only
1E5D2D3A-667A-4121-8509-7DC05D52590F,,,,,,,ODN0005409666,z,right_only
04AC6074-E16A-4DAD-95C6-F2C65E3ED8CB,,,,,,,ODN0003237789,z,right_only
E3DA95D0-EC57-4766-901D-AF6C99EE9903,,,,,,,ODN0002709780,z,right_only
6D66CFD7-311F-4680-89E5-1A9E60344EFE,,,,,,,ODN0003765184,z,right_only
4D58F34B-D2B3-4F25-8D2A-E45972D006FE,,,,,,,ODN0004628560,z,right_only
9A288D7F-3DE4-4DF7-9C45-741B32DA39AC,,,,,,,ODN0002709817,z,right_only
4F5D7AE4-3075-428C-859B-4D3F73FE6279,,,,,,,ODN0003978144,z,right_only
8523A548-5509-455D-B22E-C3607156F328,,,,,,,ODN0004892796,z,right_only
D9089DA0-6C4F-44F7-9329-F1390339D9B3,,,,,,,ODN0004323753,z,right_only
83D13A81-1129-43D4-B162-672F807AF150,,,,,,,ODN0003304802,z,right_only
8DF49B2F-C73F-40B5-BDA8-493E5BBFD7EB,,,,,,,ODN0004537399,z,right_only
2373E750-B7AF-47C3-A19A-3E1249949675,,,,,,,ODN0002735635,z,right_only
0EC4A1B8-FC40-4A91-AB92-75FDF3387F7F,,,,,,,ODN0004453529,z,right_only
E8381EA9-6F60-4453-AC5A-CAEC91D1FCA1,,,,,,,ODN0004463091,z,right_only
A62CEE99-9E65-4A00-A84A-BD3B1402E0E2,,,,,,,ODN0004854366,z,right_only
1713C043-AFAA-4D9B-95E0-1939B89011C1,,,,,,,ODN0005335935,z,right_only
32F5859E-9407-4801-8BCE-DA438B646983,,,,,,,ODN0003884197,z,right_only
1F5BCE0D-FDD7-4480-9B0C-B787DC4CF606,,,,,,,ODN0004943293,z,right_only
83C7C4AC-B73B-49CF-AE13-EAE5B34A5A8A,,,,,,,ODN0005112109,z,right_only
A7574588-DA97-44FA-A3E2-F80B82010C93,,,,,,,ODN0002709898,z,right_only
1D3E25AD-D2A4-4CEE-9A41-BD197FAA2947,,,,,,,ODN0003418420,z,right_only
EF153B1C-55A8-4901-A502-06F164055420,,,,,,,ODN0005261972,z,right_only
5040E843-7249-43A6-89E4-8A5B939E4D90,,,,,,,ODN0002723865,z,right_only
BC785491-D23F-4630-A099-D46E7ABFEC22,,,,,,,ODN0004323806,z,right_only
842030F1-B363-42E9-BB95-1BC88B0FAF2F,,,,,,,ODN0002709941,z,right_only
C87F8B0A-CE3A-45CB-8350-F1363AC46712,,,,,,,ODN0004680047,z,right_only
49C198C0-9776-4E16-AF32-A573596E90E7,,,,,,,ODN0005380329,z,right_only
8657ECDD-8D01-41F6-A417-45C8BD55C076,,,,,,,ODN0004705536,z,right_only
77E9ED67-334D-448D-AE0C-6FD794D2CB4F,,,,,,,ODN0004606811,z,right_only
135A24E4-4F30-49D0-9AA0-FFD114000686,,,,,,,ODN0005461467,z,right_only
D5B07502-D8BB-43C1-BE55-02804D9A97A6,,,,,,,ODN0002709976,z,right_only
563F33FA-B37E-43E9-9119-DFA997FB04B4,,,,,,,ODN0002709982,z,right_only
F46FA4F6-5FF7-4BD4-80ED-47A123CF3795,,,,,,,ODN0004835599,z,right_only
E2D514D3-AE06-416A-9385-908CC4433047,,,,,,,ODN0005355853,z,right_only
93DEC7A0-B34B-4F58-B282-021351DB31C2,,,,,,,ODN0002735651,z,right_only
E74C8016-CE1F-4732-AB08-0B2053DC2A74,,,,,,,ODN0003840765,z,right_only
15272749-8CE7-4702-B591-1E1DF92F56B6,,,,,,,ODN0004382654,z,right_only
245B1D67-4295-4BBA-8711-342AA6480D75,,,,,,,ODN0005099832,z,right_only
86A8E4FC-C5AE-4892-9B07-7FD0833B207C,,,,,,,ODN0003171189,z,right_only
78E05ACE-1A42-402A-A208-2F098B38E246,,,,,,,ODN0003396807,z,right_only
2444CE06-32C8-44E8-86A2-890CD86317CD,,,,,,,ODN0002710097,z,right_only
B584927A-A3D9-4D7D-8B49-969E1B3DCF6D,,,,,,,ODN0002975928,z,right_only
349B31C6-C2FF-4C78-BA51-4D7ED216C2CC,,,,,,,ODN0004786912,z,right_only
A08EB840-C42D-4592-A147-42B2EF99A890,,,,,,,ODN0002698325,z,right_only
A248F5C1-8F74-45A3-B16E-6B9867D7BE83,,,,,,,ODN0004537432,z,right_only
AB1715AA-D2E6-4EB1-85B9-088B0132BDC3,,,,,,,ODN0002789838,z,right_only
19BD9019-E29E-49D1-A730-92B2FA50631A,,,,,,,ODN0002975978,z,right_only
8312E3F1-0284-4713-A978-4B995B10944B,,,,,,,ODN0003222491,z,right_only
3A5CCC4A-797D-4399-80CD-9B229EA4D030,,,,,,,ODN0003575163,z,right_only
3E8DF600-3BFB-476B-BC0E-A7299D80C45F,,,,,,,ODN0002710154,z,right_only
550B8742-3C95-4EDE-9B10-76E3C55C4031,,,,,,,ODN0004306716,z,right_only
39620AB9-B874-4771-89CD-36C107BF0616,,,,,,,ODN0005099854,z,right_only
F1598FB6-02D8-4637-A2CA-64807263B9F4,,,,,,,ODN0005355890,z,right_only
9202C791-7608-4711-94AC-80816DD68611,,,,,,,ODN0003153637,z,right_only
0B55A1FB-D2C6-4522-BA08-0A114D0703C1,,,,,,,ODN0002710219,z,right_only
85EE193B-565B-4839-8109-FBD539ED7E98,,,,,,,ODN0004306745,z,right_only
70517974-F19C-4810-A482-E9EFE1D67954,,,,,,,ODN0003153673,z,right_only
91445F99-378B-4AEA-B311-5FA2A0B5B0D7,,,,,,,ODN0005223345,z,right_only
C63CF6BC-FC04-4636-A0F2-400B42B12F92,,,,,,,ODN0002768124,z,right_only
6ED409B6-2138-4848-9430-FC792D8B9D7C,,,,,,,ODN0004087418,z,right_only
6B5494AC-3B99-423B-A600-347E5F77ABF8,,,,,,,ODN0002710340,z,right_only
F9847534-8009-4205-B716-A392918A0EE1,,,,,,,ODN0005399412,z,right_only
00717F28-D0C9-4968-8D44-EDAEE7D09CFD,,,,,,,ODN0005223355,z,right_only
00654423-AD61-4F78-90EC-982C6C59FCE5,,,,,,,ODN0005099920,z,right_only
CDBBF4F6-08B3-4F80-A307-6E634E01CB30,,,,,,,ODN0005355954,z,right_only
2789AB94-4F68-4011-A3BD-DB1444E9D4BA,,,,,,,ODN0004487426,z,right_only
17CBF914-2217-4096-9A77-6665D1C1C6DD,,,,,,,ODN0005355961,z,right_only
3F13B66F-15A2-4718-B349-F15BD3B358E3,,,,,,,ODN0005461620,z,right_only
FF20F9DC-62F7-45C1-BFDE-CD07E2C856E5,,,,,,,ODN0002710499,z,right_only
02CF750C-0DB3-4ABF-9AD8-7F3ACE404076,,,,,,,ODN0002710512,z,right_only
022EF985-398D-461A-B43A-EE1CA98C8622,,,,,,,ODN0004324080,z,right_only
F64AC131-4B79-4262-B34B-D98EF7B40205,,,,,,,ODN0005355990,z,right_only
DAE536ED-FC16-40B4-A0CC-BABA06E94F64,,,,,,,ODN0002710595,z,right_only
E417511E-B0A9-470A-A9DE-0BEC4A6F5BBD,,,,,,,ODN0004835620,z,right_only
96FA9EDD-B106-454F-8261-EFE3CB95BAFB,,,,,,,ODN0004616792,z,right_only
FD920BF1-2ADB-4E72-841F-578541636D37,,,,,,,ODN0005038382,z,right_only
9FD98EEB-89EE-4A0B-964C-77C2CC8DBB92,,,,,,,ODN0003945406,z,right_only
C4DBD34B-BF0B-4F44-A4D3-AB23BE397837,,,,,,,ODN0003486405,z,right_only
1E53EBB1-390B-4DFD-8B11-F0E5009AFB5D,,,,,,,ODN0003651903,z,right_only
AC09384C-1034-4A0F-B996-5F0C0A1B2B8D,,,,,,,ODN0003596665,z,right_only
8C9612B0-048B-4D4E-8704-A638085DA8ED,,,,,,,ODN0004324149,z,right_only
AB0D193B-817A-4ED3-9C00-B12BF2E9EC5A,,,,,,,ODN0005356024,z,right_only
586ECB98-1254-4E9A-B4BE-753DBE8EF8FA,,,,,,,ODN0004991778,z,right_only
E81E9ADF-F8D9-46C8-817F-2C1F31B99BC8,,,,,,,ODN0005223394,z,right_only
964715E7-D5A5-47F1-B92A-26334C06F8AD,,,,,,,ODN0005142892,z,right_only
BFB3349D-AFA0-4CB5-985A-8D1BB1CB3F06,,,,,,,ODN0002976986,z,right_only
36B11789-55C9-4A2B-B440-634A621D9AF6,,,,,,,ODN0003711925,z,right_only
F7172F78-8C86-4012-B76F-A506B53627C5,,,,,,,ODN0004569554,z,right_only
4F0C3CA9-E132-4811-92B3-293FF5CFB154,,,,,,,ODN0004705799,z,right_only
0564B7D6-FB7B-49C2-8E41-FC1193C35CA8,,,,,,,ODN0004224770,z,right_only
9C5F0E82-1034-44AB-A903-D05776CB91A8,,,,,,,ODN0003153862,z,right_only
5EEDE281-D58A-4F60-95E5-65604BBEA704,,,,,,,ODN0005112130,z,right_only
2046A16F-AF17-43FC-BCFD-DF95BBBC8E4E,,,,,,,ODN0003203496,z,right_only
F6D07F43-DED5-4168-8558-31A3859FD528,,,,,,,ODN0002977174,z,right_only
773D4B1A-6477-4E88-AED0-48B386FF4F56,,,,,,,ODN0004331804,z,right_only
69BB87D2-6470-4B55-BF02-0ED2F22A6BD8,,,,,,,ODN0004580100,z,right_only
29A6C09A-9DB4-4A74-8BF9-EC9CE52B685B,,,,,,,ODN0002977216,z,right_only
603ADC19-85FE-48EC-8052-57768E6C5B15,,,,,,,ODN0002770297,z,right_only
5006F96D-5E80-45AE-84EC-F7FCA318B0A0,,,,,,,ODN0002977243,z,right_only
C67B2434-A2A1-447C-9E7F-4BE9BF448F16,,,,,,,ODN0003213372,z,right_only
D0B78B92-42E1-4A1C-A61C-F2E9684668A2,,,,,,,ODN0002977261,z,right_only
848BD28C-5576-43E2-86D6-0D71F967FFEC,,,,,,,ODN0002770524,z,right_only
219DAB28-A683-41CE-BEA6-9350A8324F01,,,,,,,ODN0002710976,z,right_only
65E3464A-A885-4688-9A06-402961A264F0,,,,,,,ODN0004331815,z,right_only
92A1C9C2-E9C6-497D-8EF9-613F2310FD87,,,,,,,ODN0005356103,z,right_only
2BF9F45D-88BB-45BA-B2E9-CD6C8918792F,,,,,,,ODN0002710994,z,right_only
A1414950-6557-400A-8C04-2DB160ED1297,,,,,,,ODN0002726546,z,right_only
9628A2D8-53C1-4EC3-B09D-3D828711DF7C,,,,,,,ODN0003967287,z,right_only
84587D04-A7D7-4D99-8489-B6892F519AD3,,,,,,,ODN0003448506,z,right_only
8FB59889-298E-47E6-B271-44997867E775,,,,,,,ODN0003486741,z,right_only
BECA43AE-BD32-4045-BF7D-1D3146BE29A5,,,,,,,ODN0002771279,z,right_only
B4BF57C0-F636-47B6-912C-86F1116991F6,,,,,,,ODN0004705879,z,right_only
B4BCAFB4-2CB3-4A90-A37C-DE6BF68C0716,,,,,,,ODN0003448508,z,right_only
4461A878-3598-43FC-911D-C58159BDDDB1,,,,,,,ODN0002977392,z,right_only
63282534-8CB1-4D88-9ACE-EA5A732CEA29,,,,,,,ODN0002977394,z,right_only
03B74DB9-3A57-47B0-A39E-B85F0FA8CC9C,,,,,,,ODN0002726643,z,right_only
8DB9F712-F4D7-4737-995A-6D888028F9F8,,,,,,,ODN0005073165,z,right_only
E3EA3FE8-2868-4967-A9D1-526BE06C070D,,,,,,,ODN0002726740,z,right_only
7992085D-9A6D-454F-809F-3F183EF07DB6,,,,,,,ODN0002977435,z,right_only
E49E98F7-876E-4680-9701-3AC2AC0EF296,,,,,,,ODN0003701748,z,right_only
52055481-CFC2-45D9-A485-354FB0B80B66,,,,,,,ODN0003931255,z,right_only
AD4EFBD9-66D5-474C-BA25-DAA3430E038A,,,,,,,ODN0002711162,z,right_only
C6785A40-9F31-4C1E-953D-BEB523625A72,,,,,,,ODN0004854551,z,right_only
0ADA7820-D1AE-4A83-811B-21A6C64B26FF,,,,,,,ODN0004527896,z,right_only
1D81B21D-B51C-4314-9B0B-60A277391AF1,,,,,,,ODN0002711216,z,right_only
F17B2DFB-0CD8-482A-B4EB-E84964B33863,,,,,,,ODN0002711220,z,right_only
E879068C-96E9-401D-9DA7-2823FAC42A14,,,,,,,ODN0002711231,z,right_only
EBA783E3-082A-45DA-852F-2E9743F0DFB0,,,,,,,ODN0005100149,z,right_only
ED353028-B80A-4ACF-92B4-4C4C726F0691,,,,,,,ODN0005183448,z,right_only
10BFC7AB-573B-4B96-B00C-F52F54DA0733,,,,,,,ODN0002727023,z,right_only
83926F85-135A-4094-A1F6-71C8469F3D4A,,,,,,,ODN0002727087,z,right_only
DFC0E16C-1E71-4474-9F09-3589F5A42A0E,,,,,,,ODN0003660654,z,right_only
966C59EA-1034-43FA-BBC0-D4905C728ED4,,,,,,,ODN0004463100,z,right_only
24DB30BA-6A61-4065-BF5D-0DBE0171C40C,,,,,,,ODN0002711369,z,right_only
3E27A944-DEB9-45B5-AAC3-6709CFCD4894,,,,,,,ODN0002727118,z,right_only
B0F11436-7E2C-4418-8C40-5D976BBB4827,,,,,,,ODN0005100172,z,right_only
FD110A16-34AC-4224-90AD-65C932C4422A,,,,,,,ODN0002977724,z,right_only
CF2073F5-C8F8-4579-8155-24CC6A58B8BE,,,,,,,ODN0005223488,z,right_only
FCE7E919-F30F-4840-8001-C4031D5501CD,,,,,,,ODN0003171300,z,right_only
EB1A18A5-AB99-4F8C-8EE8-ED2E99DC1DD0,,,,,,,ODN0004453919,z,right_only
472C6C9E-AC4B-4075-9CD3-CFD46A7D4669,,,,,,,ODN0003674990,z,right_only
8133AEDE-A54A-4870-9F98-D147799BBCB5,,,,,,,ODN0005100195,z,right_only
F8BD4AC2-F1EF-462B-B1EF-3C1A394C331C,,,,,,,ODN0003305189,z,right_only
B08C732D-A5A6-4EB5-8C31-B4C584108774,,,,,,,ODN0004902756,z,right_only
D92B94F7-5178-4161-A36A-B18E8E0AC2F7,,,,,,,ODN0005356213,z,right_only
C7976516-7072-4179-BFF5-CBDE01507C92,,,,,,,ODN0002711467,z,right_only
65D9BE9D-03AC-4342-980C-E5AF1731C0E3,,,,,,,ODN0005461952,z,right_only
1570F878-F1D5-4E6C-9CCB-BAEEEC376A2B,,,,,,,ODN0005398535,z,right_only
91024CC8-71E8-4F2A-A222-850427A80426,,,,,,,ODN0002978001,z,right_only
0CD88912-8E85-48A2-BEC7-609BAFC73210,,,,,,,ODN0004515476,z,right_only
071D678F-2FE4-42CE-B070-92939D70423E,,,,,,,ODN0002711505,z,right_only
EA9B6713-0EEA-4018-A90D-3FC3B960A8F9,,,,,,,ODN0002978034,z,right_only
34EFB930-3A0C-4D8A-8234-84FB042106CE,,,,,,,ODN0002978036,z,right_only
ED2A7CC0-7F3B-462F-A15E-5F59D5C8F406,,,,,,,ODN0002791050,z,right_only
C91682EE-1BF8-419C-AC46-0500C59257B5,,,,,,,ODN0004774339,z,right_only
60D5B36B-A239-4E99-B658-A9A53EA1050D,,,,,,,ODN0002711561,z,right_only
2B1AB675-5893-4459-9487-D24C93DEBD14,,,,,,,ODN0004764730,z,right_only
278EFCB9-2DAA-47E6-8085-29B806577946,,,,,,,ODN0002711567,z,right_only
F06A24C0-1A8D-4A15-B89C-CAD0DFC57D44,,,,,,,ODN0003584208,z,right_only
3A3895FE-E16F-4144-8C96-27BB58786584,,,,,,,ODN0005409794,z,right_only
6E614021-8A11-416F-A8CC-4CE832C2074B,,,,,,,ODN0005100249,z,right_only
47F00930-F053-4C90-868E-FEEFAF067138,,,,,,,ODN0002978079,z,right_only
63E7A8C8-32AC-4F03-A153-CA673A65737D,,,,,,,ODN0002727688,z,right_only
488B0BCD-6585-4C84-ADA6-CB2EFE3AE016,,,,,,,ODN0003639305,z,right_only
DF353AA1-971C-4BB1-94DA-A03C0E3E8AFF,,,,,,,ODN0005380668,z,right_only
F23C446E-9A51-407A-AC6D-E6D6A7112F6D,,,,,,,ODN0004934834,z,right_only
20ED9F1D-7B65-44CF-906C-E524650663D8,,,,,,,ODN0002711646,z,right_only
FC21884A-0DF7-4C16-BB4C-AAAA7452E073,,,,,,,ODN0005304268,z,right_only
6FE3F282-F364-499D-A403-B2346A5313E6,,,,,,,ODN0004787065,z,right_only
7CBFBB2A-E49F-458D-BFD0-843F39CE64BD,,,,,,,ODN0005100308,z,right_only
4222A197-D249-4D29-B91E-9165995E65BB,,,,,,,ODN0002698557,z,right_only
B75D4F25-E1EF-42CF-AA0B-CD52F2D916A4,,,,,,,ODN0003486945,z,right_only
7C7F3B3A-75AB-4C6B-9859-177C076D8094,,,,,,,ODN0002727993,z,right_only
3F417B8A-0369-44F9-BB64-829F63E35DEE,,,,,,,ODN0003858388,z,right_only
C3AC0B77-1DD1-4449-A2E4-2EEE460463D4,,,,,,,ODN0005048959,z,right_only
B081CB44-8A57-4729-9E76-BEF1B78A6532,,,,,,,ODN0005073257,z,right_only
40C94B77-34D8-49A7-9AAB-F0D3E936D7E3,,,,,,,ODN0003448717,z,right_only
B4B8EC4C-30E2-4976-B934-53F92C2DC83A,,,,,,,ODN0005398584,z,right_only
1BD84A9D-C006-490E-9FFB-26C7F9C773AD,,,,,,,ODN0002698574,z,right_only
738E367E-415C-49DF-98DC-5C1913634293,,,,,,,ODN0002978362,z,right_only
AEC2651F-A40A-4D44-8760-24775D28E918,,,,,,,ODN0005380705,z,right_only
58425F95-BA42-4E43-80AF-323ED0EB2196,,,,,,,ODN0002698579,z,right_only
367DC3D2-3641-436C-9941-70E355CFCF09,,,,,,,ODN0002711750,z,right_only
3A538ACC-9BBD-4903-BB3C-64581FC4972A,,,,,,,ODN0002746827,z,right_only
FF53CF60-2EE9-4AFB-8E8E-099A97DAE29C,,,,,,,ODN0002978424,z,right_only
C3B5DCB5-CDF4-41CC-8EED-86FAD8680BF9,,,,,,,ODN0002978461,z,right_only
D5D16E75-5D05-4AF8-8231-1D3F3FE16DFE,,,,,,,ODN0005398596,z,right_only
94276D59-0C72-45A6-A2A2-5EF5EF54CD1C,,,,,,,ODN0003660702,z,right_only
50BFBE4D-4670-4238-9569-AC5F61713678,,,,,,,ODN0003305290,z,right_only
352E66E2-3681-47F1-98E7-FD6879DFD938,,,,,,,ODN0002711807,z,right_only
AEDDAF56-18BA-41A8-95AF-A8FD502E2291,,,,,,,ODN0005100353,z,right_only
C0CF7A2B-210B-4C75-AD78-000E9D787ABA,,,,,,,ODN0005336563,z,right_only
2273B92E-E645-4644-A85E-32B8AA96335F,,,,,,,ODN0002838117,z,right_only
1A9225E3-490B-434C-974A-80939B302D85,,,,,,,ODN0002711811,z,right_only
EDFF8BD6-D3BE-4B8B-8855-577A77FF3052,,,,,,,ODN0002728336,z,right_only
3502FF72-C063-41C5-A926-112AE343581A,,,,,,,ODN0003367398,z,right_only
83497754-BE3D-4DEE-A100-BA61CD489753,,,,,,,ODN0002698603,z,right_only
B215E8B3-92C8-4072-97F7-135DCCC36CDC,,,,,,,ODN0004087565,z,right_only
8617040B-E5CB-453E-8CB8-C42D54BD893B,,,,,,,ODN0004087996,z,right_only
04A016B6-0610-4F4C-B7DE-2D582370F3CE,,,,,,,ODN0004011665,z,right_only
1CCCFE5B-CB9D-4E7F-8E4B-69E7BC7C1156,,,,,,,ODN0005356351,z,right_only
206F5ACD-0415-471C-B5DD-0ED27E6A7DE6,,,,,,,ODN0002978632,z,right_only
C267F8B2-51FF-4E63-B766-19E04B746EDB,,,,,,,ODN0003222819,z,right_only
9248DEA5-6A9E-4292-8D59-0E70210EEB40,,,,,,,ODN0005204720,z,right_only
BBE49BE1-7B41-4EB3-AF3F-DA441DE5AF9E,,,,,,,ODN0004409405,z,right_only
4D8263F7-D13C-40B1-A406-5DEF8E10D472,,,,,,,ODN0004616939,z,right_only
F0B7341C-1FFC-4DAB-B562-FAFFC6708067,,,,,,,ODN0002978709,z,right_only
B6EA3B88-099D-41F5-BB64-CCB5BB15C50E,,,,,,,ODN0002728590,z,right_only
DADD4DD8-9E82-4A5A-90BB-7B25F2A008E0,,,,,,,ODN0002978738,z,right_only
37F87892-9AD1-434D-930E-414AB226DCC3,,,,,,,ODN0002978739,z,right_only
9DB3353B-7735-4697-8555-D9678F1FD27D,,,,,,,ODN0002728591,z,right_only
1EDF77B4-8DDF-465D-B080-ABDFB0781D21,,,,,,,ODN0004143931,z,right_only
DF5E261D-BF94-4958-BA6F-68E0597D4029,,,,,,,ODN0002764696,z,right_only
033E9742-6171-42CC-9D3A-EE3B3B155216,,,,,,,ODN0004589686,z,right_only
46042678-4B4B-4162-ADDD-687625F81288,,,,,,,ODN0002764705,z,right_only
1AEE0097-AD2A-409A-B98E-54D91DBFF629,,,,,,,ODN0004902830,z,right_only
F0827296-7CA7-455F-B653-C67B3CBFEEE8,,,,,,,ODN0002978898,z,right_only
47EDE7A0-39FF-4018-9852-AFB42464A22D,,,,,,,ODN0002712030,z,right_only
96CC7981-34B0-47B5-A4AA-3C97C5919D07,,,,,,,ODN0002978940,z,right_only
1AEC3C08-888C-42E5-8894-F4BEE8D83A90,,,,,,,ODN0002712058,z,right_only
38799ADE-CEF5-42D0-89F5-8199D2C21EA3,,,,,,,ODN0002978945,z,right_only
0B312028-A8E6-4BC0-9483-29900976181E,,,,,,,ODN0004569754,z,right_only
D0661BA6-B12D-4C9F-AFE6-75A265B77ACB,,,,,,,ODN0003723706,z,right_only
7D0B7894-06A0-4D7D-A307-E4C55EFA32BF,,,,,,,ODN0005262279,z,right_only
1B8A58CA-E697-41A9-900C-65B570D10CC7,,,,,,,ODN0005281382,z,right_only
2F7BF3E7-FF7E-4DC2-8A04-6DA7B5498BCA,,,,,,,ODN0005183824,z,right_only
64A9B432-DE65-4DF6-B537-387FE90B6BE8,,,,,,,ODN0002712130,z,right_only
91ABC3FB-BB4B-4F3F-8BA1-BAEAE97B963B,,,,,,,ODN0002979067,z,right_only
E00A214D-BF29-4362-8656-CCD8F7AAABB1,,,,,,,ODN0003449117,z,right_only
D4604C6A-7149-40C2-84A6-E16C616778AC,,,,,,,ODN0004668925,z,right_only
D8073282-6C24-4FA6-9F6D-467F4C23BB43,,,,,,,ODN0002698651,z,right_only
512B368D-E86E-47E7-B7C1-8BCDD1C145F1,,,,,,,ODN0002698652,z,right_only
5B298919-8CEE-4D67-9741-73F7E07A117B,,,,,,,ODN0003754419,z,right_only
A8A38B7C-345E-45EA-82F6-41CECA4B2AC6,,,,,,,ODN0005356424,z,right_only
3A3B6624-4FB1-40A1-AC88-7245EB64E035,,,,,,,ODN0005409826,z,right_only
C23E860C-EDDA-4979-9491-4024C0802563,,,,,,,ODN0005238725,z,right_only
C0C2C5DA-B609-4D26-9697-48ABBE5A77E3,,,,,,,ODN0005356425,z,right_only
197842E5-2944-4B03-AF8A-ECE579334A06,,,,,,,ODN0002979193,z,right_only
8FDE3B34-A8C5-4953-97C6-4B8B8D282B07,,,,,,,ODN0004234621,z,right_only
CF2B06D7-342D-46A3-9277-988F51A16EDA,,,,,,,ODN0002979243,z,right_only
F5B91977-D707-42FD-81A8-F2227D70A1FC,,,,,,,ODN0004143995,z,right_only
C996CCCF-7E04-4C29-B056-7CBD1A6E05B5,,,,,,,ODN0005460757,z,right_only
02293F4D-9BFC-4111-8C32-BDDD1C44F87E,,,,,,,ODN0004943404,z,right_only
664D020A-CECB-4B86-A6E5-751CAF540FA9,,,,,,,ODN0005248010,z,right_only
85500F28-F1DB-4CCA-A384-5E25F7D74DAC,,,,,,,ODN0005356436,z,right_only
23ADDD23-2984-402E-9939-BEDACEC4084D,,,,,,,ODN0005038624,z,right_only
642AD8F3-BE80-412F-94D6-187189FD0B8A,,,,,,,ODN0004454147,z,right_only
429B3974-B709-46CD-ADE5-A8D68E849EAE,,,,,,,ODN0002979335,z,right_only
68483B42-045D-4D71-9602-81A92B4CF0AD,,,,,,,ODN0002979343,z,right_only
9A3B10CB-3669-4350-92B2-872B22A66DC8,,,,,,,ODN0005379774,z,right_only
A9651570-78CE-4928-BAC0-020D054CCD0E,,,,,,,ODN0002712242,z,right_only
C3B63C60-BC2B-4D4E-B059-39BFC2B1C0FE,,,,,,,ODN0004787113,z,right_only
939ADAAE-D0AF-48AF-8BEE-9EA8D5647697,,,,,,,ODN0005100517,z,right_only
5351FF1C-D4AA-47F9-B530-A1B3FE2F84FF,,,,,,,ODN0005462243,z,right_only
0D6C7117-449A-4E9C-8E5E-E5BE881116FB,,,,,,,ODN0002729669,z,right_only
78064A80-DA2C-499F-9AE3-3CB16D1FF50C,,,,,,,ODN0005304477,z,right_only
EC8EF35B-335A-49DC-BD92-2D4AC27F3861,,,,,,,ODN0005304481,z,right_only
B3BD6851-7169-4134-B49D-5AEF66FE046C,,,,,,,ODN0004537640,z,right_only
EA2D0711-F289-4858-95DA-7293EFCE77EF,,,,,,,ODN0005398707,z,right_only
69E6D470-EAFB-47F5-8D00-05D44751097C,,,,,,,ODN0003324688,z,right_only
525E22BE-939F-4D73-B079-52119FE95621,,,,,,,ODN0003826275,z,right_only
6CDD44DE-0DED-47C7-B559-8B763F8A0EFF,,,,,,,ODN0002979506,z,right_only
962C066F-7BF5-4701-B0A8-783A5C32E836,,,,,,,ODN0002729861,z,right_only
71077C5F-609C-4531-AFBD-4D472AFF222D,,,,,,,ODN0004487712,z,right_only
5412B0B0-C191-445C-81F7-280FC41C0D95,,,,,,,ODN0002979535,z,right_only
6199D308-DB78-40D9-8EAF-02F2F96E8C08,,,,,,,ODN0002712345,z,right_only
07129688-B6B6-47DD-8AEC-17B8B4E7C694,,,,,,,ODN0002712346,z,right_only
6A0D9BA1-0583-4A3F-8548-F12348D9CC2F,,,,,,,ODN0002979550,z,right_only
C41A4747-1CCA-4732-A4EE-97BDEE2A3F2F,,,,,,,ODN0003978408,z,right_only
4BEC8A25-034F-473B-9FF9-2EDCF9D288FE,,,,,,,ODN0003154500,z,right_only
D2322D0D-DB44-48A0-84C2-E3615B71EB16,,,,,,,ODN0003222951,z,right_only
E64DE3CA-2A41-48A5-A4FB-7F3B09CA427C,,,,,,,ODN0002979637,z,right_only
2281E3A0-36C7-4248-B60A-6F2F15461150,,,,,,,ODN0005398730,z,right_only
E51101F2-FE75-4DF2-B031-89CEE5BF4FFA,,,,,,,ODN0004616993,z,right_only
D2BCF3A9-A931-46A2-B9EB-83B62E8F8081,,,,,,,ODN0004496236,z,right_only
643CAE40-9587-4E9A-A20F-C17E33F40A8F,,,,,,,ODN0005379783,z,right_only
7ACB3DF8-CC13-4855-8782-ED24AC5E6429,,,,,,,ODN0002979718,z,right_only
3700C077-14E8-41E9-A6FA-2971887AF767,,,,,,,ODN0005398747,z,right_only
D8382B0F-2A6E-41CD-A7FE-0C7A094957CB,,,,,,,ODN0005262346,z,right_only
337F00B8-1864-4C61-8C42-9E17B713DD17,,,,,,,ODN0002979903,z,right_only
1004CC55-4254-41B4-85AC-ABA1950E60A7,,,,,,,ODN0002979906,z,right_only
37831317-ED81-4F1F-99AB-209766C64A1F,,,,,,,ODN0002979926,z,right_only
55DA50C4-58D1-4526-BB6F-15E1284EEF8D,,,,,,,ODN0002712537,z,right_only
3FB27E2B-5AB7-4BBB-9CFB-70083E25A7DB,,,,,,,ODN0003945679,z,right_only
E87F4DF5-D5AA-4F2E-8B16-102CDF53F027,,,,,,,ODN0003562199,z,right_only
C33B216D-6191-4FFC-8A99-CABA82E8AF78,,,,,,,ODN0003967492,z,right_only
0848FC68-9752-469E-90BE-5BAD50451526,,,,,,,ODN0004706480,z,right_only
DE8ABCA8-6715-4E54-AE92-293F61F83D2B,,,,,,,ODN0003293376,z,right_only
359038CE-9CDB-41DB-8583-E0B4319C39F7,,,,,,,ODN0005223676,z,right_only
F03142E2-57D4-4D40-88A6-8F3244936902,,,,,,,ODN0002980011,z,right_only
497D068D-9540-4645-BCD3-F54F33CDCB4C,,,,,,,ODN0003990564,z,right_only
F5D68BA7-0554-4D26-8AD5-79DAF192323F,,,,,,,ODN0003652107,z,right_only
3FBC7816-D03F-443D-9369-D20146E5978E,,,,,,,ODN0002980140,z,right_only
00D3923D-B572-47AC-BD3F-C584CE33BCCD,,,,,,,ODN0004706517,z,right_only
ACFB80E5-B2BE-4043-A4FF-665D7C0F69D5,,,,,,,ODN0002980152,z,right_only
AA8CEC4A-01C5-4FEB-BD47-5CA96F9CB9A3,,,,,,,ODN0002980154,z,right_only
80DFB045-918D-42B8-8312-42FD2BA31DA8,,,,,,,ODN0005398816,z,right_only
27F8B93D-263F-48AD-92A9-95A1BFCCA2D1,,,,,,,ODN0003873126,z,right_only
88F43995-BE91-44B2-A2FD-484DD3A6AF81,,,,,,,ODN0002779839,z,right_only
45E876EF-BD48-4900-869A-4565A0A3C431,,,,,,,ODN0005356723,z,right_only
3C2DC40E-BB00-441B-B7FC-627D412B1C67,,,,,,,ODN0002712739,z,right_only
9C527FDB-4294-4809-829C-ECBE684A591F,,,,,,,ODN0005038718,z,right_only
35F0DF76-F90A-4B55-967D-B949FB46249C,,,,,,,ODN0002712770,z,right_only
FC077BF9-532D-438C-84FC-8651E1ACF78C,,,,,,,ODN0005379808,z,right_only
708BF8DF-8FC5-4A04-94AB-3B5D2BEE1538,,,,,,,ODN0004087669,z,right_only
35FE4BD1-2DD0-4686-B238-1ECACA5F1DFE,,,,,,,ODN0005304630,z,right_only
D579D4D8-6985-44AE-8623-021312A72515,,,,,,,ODN0003203837,z,right_only
BB45D12D-E8B8-4906-BDB6-FCA58645F5A0,,,,,,,ODN0002980388,z,right_only
5E15131B-3108-40BD-A4D8-33094C08BB53,,,,,,,ODN0004516113,z,right_only
1AC5FD5B-7D53-4F70-A317-FF6F3FC50BAC,,,,,,,ODN0002712924,z,right_only
761C0633-1FC6-40E2-814F-7D031FD61D78,,,,,,,ODN0002731881,z,right_only
8545C9E7-318E-4522-AB28-A6CC8B7771A8,,,,,,,ODN0002712926,z,right_only
D8EE6099-94C6-4FFD-9FEC-BB61D9C76D1A,,,,,,,ODN0004144150,z,right_only
B65689DA-8B51-4CFD-9BB6-06C707B7422B,,,,,,,ODN0002712963,z,right_only
B5362CE2-8E0D-4EB5-AD3F-3CEAB8C21473,,,,,,,ODN0003452338,z,right_only
5A980B17-9AB9-4A78-BB19-43ADA4DCFDF2,,,,,,,ODN0005356755,z,right_only
8BBFB41C-A9CA-42CF-B8BC-F5D9D7C22DF2,,,,,,,ODN0004462811,z,right_only
B69EF623-1CB3-4354-906F-89760736EEFF,,,,,,,ODN0002713092,z,right_only
0203F56E-B41C-4A0C-B8AD-14AA41F2F2E0,,,,,,,ODN0002980533,z,right_only
E6DDFF96-7816-432C-B1CA-252A86D95662,,,,,,,ODN0002698781,z,right_only
6F37005D-8D06-40D3-8005-F8CEDDF4C0C6,,,,,,,ODN0005398911,z,right_only
2DB8C5DF-D05B-4D63-A775-75E55D2ED4CC,,,,,,,ODN0002713109,z,right_only
5EFB018A-4CD3-4ADF-B963-B78DFF705369,,,,,,,ODN0003154775,z,right_only
03CD8420-12AE-4EE5-8FA9-A944516E30DD,,,,,,,ODN0002780909,z,right_only
CC858EB0-AC1D-4C0C-8883-79112B880789,,,,,,,ODN0004183575,z,right_only
FD8AEE0F-4A5A-4A70-B87F-4699140EA0CD,,,,,,,ODN0002980603,z,right_only
0DA60B7D-5A8E-475E-925B-26BD9FE628B0,,,,,,,ODN0002713144,z,right_only
9C861CCF-3627-46A7-A779-4C82E839C98A,,,,,,,ODN0002980618,z,right_only
32D10E6C-F526-463A-A511-9AF751164962,,,,,,,ODN0003931642,z,right_only
9F6E2E91-1A65-429C-A73E-7BE093F098C7,,,,,,,ODN0002698790,z,right_only
100AE673-3478-48C7-8501-110D0AD644BA,,,,,,,ODN0004496308,z,right_only
E3EF5CDE-AEE8-4977-AC62-8E5F0DFAD4EA,,,,,,,ODN0005337116,z,right_only
90131867-AE9E-42A2-911A-E4513E17B19C,,,,,,,ODN0003585241,z,right_only
07856B3D-1B0A-4EDB-A210-FE5E9CA692FD,,,,,,,ODN0002713157,z,right_only
F3904DDD-498C-4716-B2E2-7FE94F27F4B6,,,,,,,ODN0002713165,z,right_only
912C6EE3-ADE1-4A64-863B-498F5A4D2FB2,,,,,,,ODN0004326796,z,right_only
3066B2F3-D95B-4124-97B4-47D28EE4B8E8,,,,,,,ODN0005100789,z,right_only
9831547D-7DC1-4176-9C66-003E66501E95,,,,,,,ODN0004729676,z,right_only
F9739342-60BE-41EF-B2EB-8A7F84F04DBA,,,,,,,ODN0003452385,z,right_only
C6F5C4DF-5336-4337-BA46-5DA9EF7F1231,,,,,,,ODN0004680527,z,right_only
BD9B44E6-6128-4563-8202-C2F11C7D1D0D,,,,,,,ODN0002732685,z,right_only
731E3775-6F01-4FA0-9CAD-452E6BBA050C,,,,,,,ODN0002732686,z,right_only
5ABCDD00-2CFB-4689-8C46-38ED6C545F73,,,,,,,ODN0002732687,z,right_only
A6B48510-7EFA-4A4C-B2D0-0F3B74C48B97,,,,,,,ODN0002732690,z,right_only
1470D8F5-93B8-43D6-8F8F-6C1D0D011597,,,,,,,ODN0004628850,z,right_only
84FABDE3-B346-4A27-AF92-2B8955253CC7,,,,,,,ODN0002980760,z,right_only
0C2537FE-793A-452E-8BA8-9EB1875CFC09,,,,,,,ODN0003358231,z,right_only
0866F5B9-8BAA-4551-B1A6-5626B5E7E3BA,,,,,,,ODN0002698794,z,right_only
301E4985-F2F5-4168-92EC-E0F88ABA185B,,,,,,,ODN0002980775,z,right_only
A25E8848-578D-4C67-B855-58B883DF4B29,,,,,,,ODN0002980781,z,right_only
C6217BF6-B88A-4813-8520-D1BDD6EEAB91,,,,,,,ODN0004706638,z,right_only
4CA2EE0B-7E8F-441E-972A-CF22D64F378E,,,,,,,ODN0002980788,z,right_only
FE5B8F26-416C-4EAF-92F9-27C4ED7BEE94,,,,,,,ODN0002713544,z,right_only
113D092F-531F-41EA-80A2-07276AFD0FE8,,,,,,,ODN0005462659,z,right_only
B6B2C9E3-6368-454A-9D31-6EAE83D658A8,,,,,,,ODN0005356936,z,right_only
167BD013-95A0-4F3C-B66B-B2BE1D20EF8D,,,,,,,ODN0002980828,z,right_only
B2CFE004-AD37-48B2-8A4E-70CA4D634CE5,,,,,,,ODN0004714385,z,right_only
FFFF102D-4F7C-4832-B344-183ED05C29A4,,,,,,,ODN0002980836,z,right_only
241B8A33-5FE6-43C9-8743-C33984E898C6,,,,,,,ODN0003389039,z,right_only
27B5DB3E-F15A-432A-9C41-BBE290E9E37F,,,,,,,ODN0005248079,z,right_only
453AA20A-59B3-446C-9C2E-01FC2A2E5293,,,,,,,ODN0004787205,z,right_only
4325E9C5-257E-4E86-8A53-29ED3B82424F,,,,,,,ODN0002980885,z,right_only
F08BFE75-21DA-4B85-80F4-F11D71CED2D2,,,,,,,ODN0002980895,z,right_only
62AC4D23-CCE1-42F6-95DA-615A0D1C6A6D,,,,,,,ODN0002713613,z,right_only
12EA7318-FE37-4A37-A24D-5800A259959C,,,,,,,ODN0005281549,z,right_only
62E28EEF-1AC3-489D-9773-EBB301252EC4,,,,,,,ODN0003745856,z,right_only
3525DE80-2B15-4A01-883D-62BE19A3B1AA,,,,,,,ODN0004383275,z,right_only
1E4C1A63-6E4A-4574-BB7B-FBEE0F765C51,,,,,,,ODN0005356974,z,right_only
8B32AA97-FAD4-4A5F-914E-F4AA746C81F7,,,,,,,ODN0002713667,z,right_only
59A0ED97-1ABF-499F-9DBB-CA1FA5AE707A,,,,,,,ODN0002713669,z,right_only
013586E3-5E47-4892-893A-272BEE1850B5,,,,,,,ODN0003766418,z,right_only
E054A9B3-BEE7-4725-84C3-373A244195AD,,,,,,,ODN0003260153,z,right_only
B758B9C6-FB7E-4E60-BC39-C48CF39E41E9,,,,,,,ODN0005462730,z,right_only
1D81A951-D862-491C-B764-7DE3458FC45A,,,,,,,ODN0005281568,z,right_only
7697E23A-8603-47F2-9ADE-759261F9BCAA,,,,,,,ODN0004454445,z,right_only
E7EDC010-7A95-4C02-8C00-685977A39B2B,,,,,,,ODN0004326936,z,right_only
08C2BD58-0A3E-46BA-A066-56FA330130D9,,,,,,,ODN0003141888,z,right_only
5EF2557D-D8E5-422B-BC2C-83842B2A8AF3,,,,,,,ODN0003389170,z,right_only
A134D98C-FC7B-46C3-B047-54D0316E572D,,,,,,,ODN0004540312,z,right_only
7D38D8A8-989F-454F-A234-419EE6C2402F,,,,,,,ODN0002713727,z,right_only
A25E5A22-8800-4469-A272-FC54ECB6B3FC,,,,,,,ODN0002713729,z,right_only
5F32824B-B023-405D-B18B-72E09D2A80BE,,,,,,,ODN0002698830,z,right_only
91F22378-D02E-420F-A6CA-0B8DAA918026,,,,,,,ODN0005019282,z,right_only
B09E7664-1DD3-44B4-98DE-29F7C82CC70E,,,,,,,ODN0003223211,z,right_only
80BC695D-2D38-4F78-BF06-CF84B6DC92F2,,,,,,,ODN0005379840,z,right_only
B9CFE1A8-E26A-4888-9F9B-B89D3D82D3DB,,,,,,,ODN0002713779,z,right_only
419B6507-14DD-4899-83C5-1E8E9592CACC,,,,,,,ODN0005205791,z,right_only
B2C02EC7-109F-4583-823A-25B5A76F5252,,,,,,,ODN0005357003,z,right_only
56BBE428-4D5E-46A6-8D2E-963BB7D2171E,,,,,,,ODN0004202574,z,right_only
6DBEC639-6144-4943-9A35-8563F54A4104,,,,,,,ODN0002751394,z,right_only
C6236BAC-95C3-4E6F-9552-6AFB041E8EB9,,,,,,,ODN0002733424,z,right_only
9BC83EAA-D534-4EF1-B087-D6ACEE72D851,,,,,,,ODN0002731632,z,right_only
144D4A9D-5F1F-4B7B-A3F3-FAB571582765,,,,,,,ODN0005205811,z,right_only
8799F3E8-A76B-41AC-9F68-4AC67C7C55CC,,,,,,,ODN0002981540,z,right_only
4F921ABB-9F17-4399-8157-F34F44F3BF64,,,,,,,ODN0005462777,z,right_only
F598DA1B-CCA5-43A8-AD75-D2815D69C900,,,,,,,ODN0005462779,z,right_only
4EFD0935-70BA-4484-AD71-A3C6262B4EC3,,,,,,,ODN0005205820,z,right_only
04A29FA0-8A6A-4F27-BAA1-3F088B7FBBB9,,,,,,,ODN0002713848,z,right_only
33C74336-FC50-4214-BED9-58623C433029,,,,,,,ODN0002981606,z,right_only
A2CF6F7D-A708-451B-AFB6-9A14827F9137,,,,,,,ODN0003213717,z,right_only
B5C974F3-F03A-462D-A425-6D7E88E4E088,,,,,,,ODN0003358538,z,right_only
BA8CFD56-C991-4292-B440-8BA34F93129C,,,,,,,ODN0004847372,z,right_only
58964683-12B4-4D2D-BD00-70B63B4E6868,,,,,,,ODN0002733684,z,right_only
B7E90AFC-EB65-4C9C-B9AA-4C4673F66DDD,,,,,,,ODN0002733706,z,right_only
C645E22E-58E8-439F-A261-201AA9F15DFA,,,,,,,ODN0005381155,z,right_only
27335C22-A0D6-49F7-A1E9-7AF9DFC67F6E,,,,,,,ODN0004011894,z,right_only
D86F82A3-9344-48D1-8A96-89AA38FDB1C6,,,,,,,ODN0004087795,z,right_only
AFE29B7C-65CE-482C-A491-14C608A4D807,,,,,,,ODN0002981896,z,right_only
EFFB7BAB-B2E1-46DB-B1AE-AFCF5E448FC8,,,,,,,ODN0004556107,z,right_only
F0E2C4D9-6724-4179-8CB6-630A8A04BA2D,,,,,,,ODN0004903077,z,right_only
E17A432D-0D07-4201-998D-01E34F7F34B8,,,,,,,ODN0003745879,z,right_only
E27335F6-DA44-46D5-A73F-0D3F2E5332E8,,,,,,,ODN0003358566,z,right_only
3B6D082B-7BAE-4284-BC73-2F4B6CBB1FC7,,,,,,,ODN0004000413,z,right_only
3D6B8612-C106-4C8E-9544-F0537CDC36CE,,,,,,,ODN0004628903,z,right_only
9531CB9C-3F29-49E8-929D-0DFFEE94C395,,,,,,,ODN0002713990,z,right_only
143FC581-4766-4EF5-9B64-B291729354A1,,,,,,,ODN0002713991,z,right_only
3A49270F-8480-4517-9C20-885ACB7F4C14,,,,,,,ODN0004680607,z,right_only
51C663D6-38B8-4345-BA15-713997297026,,,,,,,ODN0003324637,z,right_only
BB072D60-8CAC-458B-B620-25F8386B6859,,,,,,,ODN0002982032,z,right_only
CBA95E3E-1B3C-4211-8F92-55F26148DABE,,,,,,,ODN0005381770,z,right_only
B184D1CD-7094-489C-A56B-D56164BC9AC7,,,,,,,ODN0003315723,z,right_only
607199C8-74BD-4C68-AF4F-AA0ECD733A0C,,,,,,,ODN0003155149,z,right_only
5AB35633-B157-48A5-B13A-AE34007E2365,,,,,,,ODN0002714050,z,right_only
D47AC8A1-0EED-4D36-A28C-36636BF30346,,,,,,,ODN0005357091,z,right_only
95C524F1-BA11-432C-A967-9EB27C9D5673,,,,,,,ODN0002714053,z,right_only
F36F7320-9288-4524-96A9-2C2FCB0EF6FF,,,,,,,ODN0004000425,z,right_only
6AF1C73C-F4BA-4ACB-B82E-E5B64665641C,,,,,,,ODN0005399098,z,right_only
5FB2205A-27BE-4001-B2DD-A31AE284B664,,,,,,,ODN0002714182,z,right_only
E2FBA80B-126E-43D1-AF57-A5104C00C0EC,,,,,,,ODN0004540332,z,right_only
46FA36B8-0594-434D-A5B9-599F3A907D08,,,,,,,ODN0002734376,z,right_only
26BCB5AA-C846-4433-83F4-76AD508C9668,,,,,,,ODN0005357137,z,right_only
4C099188-D0B5-438C-958E-4BD3ED0F93A6,,,,,,,ODN0004639292,z,right_only
9A01D4F7-99D6-440C-9FC5-6959B0AE49A8,,,,,,,ODN0004162735,z,right_only
F1C5F716-5D69-495D-AAEF-DA9E0A8939D9,,,,,,,ODN0005206019,z,right_only
B1C83065-BA4E-4DFC-8B77-2E938B9ADD86,,,,,,,ODN0002714309,z,right_only
DA3EEC57-E793-4A22-A052-D95758B5366E,,,,,,,ODN0002982390,z,right_only
83F90153-77A6-422E-8B53-5243E6A66BA2,,,,,,,ODN0002982392,z,right_only
8DE9F5F0-F3B0-45D3-83B5-ABD22BD4F65C,,,,,,,ODN0003213760,z,right_only
C7499331-1ED2-4058-BF69-3FD29D982125,,,,,,,ODN0004537798,z,right_only
E23D9292-6D2C-4550-8FF0-FB384FB74312,,,,,,,ODN0003155226,z,right_only
98974429-AED2-467F-ABAC-DE5FDBAE0C29,,,,,,,ODN0005357163,z,right_only
BA09C2C5-7FDD-4470-90EF-2855931ABACE,,,,,,,ODN0002714375,z,right_only
B50B52F1-9771-4886-ADCC-E52A32685AF5,,,,,,,ODN0004462919,z,right_only
D6B78779-43A3-4E07-AA90-1C316ABDF1D4,,,,,,,ODN0005381783,z,right_only
04D48DEF-4AFB-42BF-9066-DF03AA9F1E86,,,,,,,ODN0002982488,z,right_only
36ECF707-C778-4C7F-8E77-E940D11A638E,,,,,,,ODN0004537810,z,right_only
83EDFEBC-E6A1-48F4-8E32-B117E7A82972,,,,,,,ODN0003324697,z,right_only
C7E3F04F-14A5-4FF5-952C-5DCF821D9EE3,,,,,,,ODN0002784880,z,right_only
7B74A2BD-CA5D-4B93-B395-764B61214311,,,,,,,ODN0002982536,z,right_only
D4DBC80F-B992-434B-87BD-AD4762AAF78F,,,,,,,ODN0005381239,z,right_only
7F37A349-04F2-49B7-B9F1-132DEE8A51E7,,,,,,,ODN0002714437,z,right_only
A1411DFB-670E-4DC9-B88C-D170499806E3,,,,,,,ODN0003990719,z,right_only
F19286B2-D560-4253-BA26-632E954EC06B,,,,,,,ODN0002982574,z,right_only
11A71938-17D5-4037-8FED-FB5E286202A7,,,,,,,ODN0002698932,z,right_only
B9EB069F-F99C-418B-9036-611A02185D05,,,,,,,ODN0002752924,z,right_only
97C4EE77-632A-433F-A607-9E090B2A3A5C,,,,,,,ODN0002714453,z,right_only
4401FBA0-0AB8-4901-AC86-2E7CFDA0B433,,,,,,,ODN0004537817,z,right_only
1BB78AC4-6CD9-4B77-B818-2E0525B7DF75,,,,,,,ODN0003155318,z,right_only
490B9377-E066-401E-BA54-BDCC9BA0E1D5,,,,,,,ODN0005248128,z,right_only
4ED12AE6-B7D4-42D4-96D1-3B8F06480E09,,,,,,,ODN0002714542,z,right_only
6659FFCB-0942-4AFE-BD65-6A72CCF78082,,,,,,,ODN0002735032,z,right_only
C2502839-D591-4415-ACC4-EA0B64551FF0,,,,,,,ODN0005357231,z,right_only
45062B59-2940-4749-B6F9-790102E0BC07,,,,,,,ODN0002982684,z,right_only
D585CE08-9F35-4396-B495-AE399984413C,,,,,,,ODN0002753192,z,right_only
A61E18E5-E72F-43FB-A38C-8A67D44D0F0D,,,,,,,ODN0004540349,z,right_only
FAA364D8-A62E-4C86-9D55-0143C223EB9A,,,,,,,ODN0005224036,z,right_only
F3BA7226-EF0A-49F1-A3CC-227E866C05C7,,,,,,,ODN0004537832,z,right_only
2BDC5B0B-6333-4808-AA11-B2FAAFAE513E,,,,,,,ODN0002698964,z,right_only
D87EF824-FD7C-448B-871C-64BD4F858AFC,,,,,,,ODN0002714662,z,right_only
AA210636-97C7-4BB7-BE66-82A3D3DFD569,,,,,,,ODN0005463038,z,right_only
C58F001D-55CE-4F2F-AAD7-989139ABB602,,,,,,,ODN0002735294,z,right_only
5AE8933C-EFA6-4A66-88B0-4FC16EC6080D,,,,,,,ODN0004589981,z,right_only
11DD1048-DF41-4C21-898F-14CB7F28CD70,,,,,,,ODN0004774642,z,right_only
6020E27B-87F2-483E-B84C-31DAD6A5D746,,,,,,,ODN0005206334,z,right_only
8E126366-1A96-4784-A8E0-15AFB75C4D23,,,,,,,ODN0004765680,z,right_only
12BE4C43-C125-4DB5-AD06-B26D71D96495,,,,,,,ODN0002714707,z,right_only
048E40FC-6C8C-43F7-9F01-6869320D8259,,,,,,,ODN0002982983,z,right_only
3614CD83-4AD0-4578-BF40-366B307E68D8,,,,,,,ODN0004814656,z,right_only
5D67C49C-503B-4DAA-9F91-C99DC5B60356,,,,,,,ODN0002982988,z,right_only
61166EE2-32D5-4C1A-A8ED-01ACD684D90F,,,,,,,ODN0004225544,z,right_only
D475264C-F3EF-4681-A75A-73E151F69FF3,,,,,,,ODN0002982992,z,right_only
E5292E90-820E-464C-80AE-DB7B9EE86450,,,,,,,ODN0005357279,z,right_only
458C0FBA-4419-4105-AA09-A10C9870A848,,,,,,,ODN0005381809,z,right_only
EBEF17AE-9B90-41B6-9305-D8FEBF9DD96D,,,,,,,ODN0002983015,z,right_only
011E8BB8-F181-4000-89EC-CF8A54D1897A,,,,,,,ODN0003204016,z,right_only
AC861061-2E4B-42D9-A4F1-0F3AB018B9E5,,,,,,,ODN0002698660,z,right_only
582C70C7-096D-4EC7-9BA5-A53BC36BEBCC,,,,,,,ODN0004668393,z,right_only
BC3F45E3-C2F6-42BF-AD45-EB5CE9CD1C0A,,,,,,,ODN0004513467,z,right_only
ACBA7223-A5ED-45BA-8643-4BD31413B326,,,,,,,ODN0004814772,z,right_only
FEEB36F5-1CD2-4620-ABAD-2AA7194AFFCC,,,,,,,ODN0004814773,z,right_only
DBA73D76-41F5-4A55-AA55-D4B3DA066BA7,,,,,,,ODN0004814774,z,right_only
87B3A9DE-B3D9-484A-870F-273B88BEE154,,,,,,,ODN0002770108,z,right_only
FE9E5A21-C485-453A-9D35-92660E36923B,,,,,,,ODN0002977368,z,right_only
A6EB80A7-A8F0-4BE0-8F5C-49654ED1DC2D,,,,,,,ODN0004814393,z,right_only
26C83D5F-099F-46ED-910C-B1848055C18B,,,,,,,ODN0003193443,z,right_only
D1836D2D-8BE5-42C5-8D05-DB1169E39E5F,,,,,,,ODN0003745808,z,right_only
EF1EDE54-B0D5-45BC-918C-A3D0526AFEDC,,,,,,,ODN0003712152,z,right_only
8C880434-11E5-4686-8B19-69B9B01B9564,,,,,,,ODN0003154864,z,right_only
55C19957-00C0-401F-BCAF-1F3D3AD7C62C,,,,,,,ODN0002781611,z,right_only
04714423-C887-4B84-89FD-C0B070D395C4,,,,,,,ODN0002982704,z,right_only
4277C7D0-C6FF-4FE8-A742-82F3BD2E4010,,,,,,,ODN0003452639,z,right_only
D713183D-E44D-4C13-A5E9-70FD6A34B4E3,,,,,,,ODN0002735591,z,right_only
70ECC8F8-BF46-4B22-9B7A-E10DB4160E5F,,,,,,,ODN0002839186,z,right_only
044A6462-AF43-41B3-B856-94FF37DAE39B,,,,,,,ODN0004000488,z,right_only
E5E35528-A27B-439D-9F83-6412FF2C229C,,,,,,,ODN0005183281,z,right_only
35203B02-4C33-42FC-88A5-9B94E3CDCBAC,,,,,,,ODN0002973071,z,right_only
8C8C3832-AF10-43E6-BB81-F27190645854,,,,,,,ODN0004055409,z,right_only
87122C1B-C595-4642-85C2-A00ADA8B4A25,,,,,,,ODN0003153375,z,right_only
D27D91FA-C668-45AD-AEB8-D6F13779108D,,,,,,,ODN0002709862,z,right_only
CF7241A7-57C8-4475-9EAE-ECAAAD1EC266,,,,,,,ODN0005261975,z,right_only
BFA318C8-F6A4-43DC-A1D5-33A530188E03,,,,,,,ODN0003723572,z,right_only
A03FFFDA-47A1-4470-9043-75F95591E041,,,,,,,ODN0002698485,z,right_only
16964789-BD9D-4C3A-AFE5-9E7C3B122FAE,,,,,,,ODN0002711710,z,right_only
943733DC-1FAF-4EF3-8229-2F293B62EF84,,,,,,,ODN0002711810,z,right_only
11468A45-811D-486A-853A-CA2130C9D8CE,,,,,,,ODN0002711818,z,right_only
B04E3656-3A63-4397-BB79-F97B49791A8D,,,,,,,ODN0005356420,z,right_only
075A8770-4FDA-47C1-8597-6F6409C557A1,,,,,,,ODN0004617109,z,right_only
32D5682A-A548-49C5-820D-7CA1905CC5BA,,,,,,,ODN0003214110,z,right_only
000D5ADE-0446-4D62-BADC-30767DBD10A1,,,,,,,ODN0005204441,z,right_only
4FAB64EE-A795-45CC-A916-0B72D004D3C1,,,,,,,ODN0004306370,z,right_only
1192EA43-DFAB-4E1E-9D29-3545D1891434,,,,,,,ODN0005355690,z,right_only
4242D097-2D7C-4667-AE76-1897CA05A44F,,,,,,,ODN0005355703,z,right_only
6A76F5F8-C391-4712-973C-9657FB51D328,,,,,,,ODN0004055486,z,right_only
449E5082-C9D6-4984-937A-B5CA14ECB0DF,,,,,,,ODN0004555782,z,right_only
E43E0CED-D443-47EB-BFD1-489B3C08D08A,,,,,,,ODN0004555787,z,right_only
4ABD2933-56AF-4231-873E-FF83454996E6,,,,,,,ODN0005399162,z,right_only
FE7E8711-7D74-4DA6-B764-A65EEF01075F,,,,,,,ODN0002793366,z,right_only
190EE0C4-E146-4958-8915-440E10D02479,,,,,,,ODN0003730833,z,right_only
30B30A6B-22D0-4877-8434-9C706ACA0776,,,,,,,ODN0005355904,z,right_only
6C3CC40D-C1E3-4056-8C27-B6AAB05F1E24,,,,,,,ODN0003596652,z,right_only
A3F9DF69-4A32-401B-AB6A-26E3D9ABD884,,,,,,,ODN0002770586,z,right_only
55040537-4661-49DF-A945-7A9CBAFC8D72,,,,,,,ODN0002698498,z,right_only
B15C5BA6-8DD2-4F74-A1C7-93DF6FC5E342,,,,,,,ODN0002790958,z,right_only
F29D3E21-D0B7-44EA-B3CC-C4DF8CA1469B,,,,,,,ODN0003238037,z,right_only
0B1DEEF6-B7E0-4E9D-96AB-ABE5D662E3BC,,,,,,,ODN0002985562,z,right_only
54C62214-A15A-4B13-816B-831317FF4CB2,,,,,,,ODN0002765500,z,right_only
E3649C0C-76FC-4E20-B85E-A649107292FE,,,,,,,ODN0002979443,z,right_only
1C59CA39-AA56-4447-8DE7-924283B7F39F,,,,,,,ODN0004847012,z,right_only
50CD07A1-5478-44A6-A6D6-30A650AC3201,,,,,,,ODN0002698457,z,right_only
53E98E65-01C4-4986-82C2-651EFD538249,,,,,,,ODN0004323491,z,right_only
871743B6-B24F-43F6-A1B5-4F3DDEBD044F,,,,,,,ODN0003213244,z,right_only
EE895E74-A495-4BAD-BB8A-94638D580C9E,,,,,,,ODN0002985395,z,right_only
6F0EDC6B-B13A-4E20-9465-C77271C9DC10,,,,,,,ODN0002982071,z,right_only
FC570F58-6FEB-44F3-BDAA-7C342F0B5F83,,,,,,,ODN0005357154,z,right_only
FE38D807-C1E9-4396-963D-1AFEE283C217,,,,,,,ODN0003153179,z,right_only
63B091DF-EA2F-42D4-A87B-EB360778E766,,,,,,,ODN0003155222,z,right_only
D13D39B0-7C2C-4571-B89D-48DD666DC750,,,,,,,ODN0002760520,z,right_only
83769F39-7AFF-40CA-AF71-320E0FB60FCC,,,,,,,ODN0002761345,z,right_only
4C98136D-31F1-467B-91BA-FE57ECD0B9A4,,,,,,,ODN0002698033,z,right_only
514619E8-2C99-4BBF-89D6-783DF16F75DE,,,,,,,ODN0002698044,z,right_only
AAD61287-609E-483E-B1FF-8222010C6DDA,,,,,,,ODN0002762111,z,right_only
396F41C3-0E57-4C58-AB6A-822F56B8BB16,,,,,,,ODN0004658030,z,right_only
B95D301E-3483-4B44-A7DC-2714DE9B251D,,,,,,,ODN0002983653,z,right_only
66B6415A-C270-4F7E-86B9-93061EBFA23B,,,,,,,ODN0002698082,z,right_only
8F10D14C-5911-419B-B3C1-CF226868604F,,,,,,,ODN0002708986,z,right_only
EADCD630-6718-4E06-9762-BFEF590CF05A,,,,,,,ODN0002709022,z,right_only
ABF98318-23D0-44A5-A64C-BD8A73297945,,,,,,,ODN0002698167,z,right_only
235126C4-8886-41A8-9D19-F9CBBEB6A54F,,,,,,,ODN0002837406,z,right_only
40A5727B-E4CF-4183-89DA-10A5E33E8163,,,,,,,ODN0002698183,z,right_only
07E8F5DF-5ED2-4741-AF71-B64814BA9B2C,,,,,,,ODN0002699098,z,right_only
ED58B37A-818C-46CE-B13F-60DAEC5B260E,,,,,,,ODN0002698200,z,right_only
54E7BE01-CD4E-40F5-91D0-3F6DEDCF3F01,,,,,,,ODN0002698202,z,right_only
6B7A9715-C70C-4F3D-AD00-769BF20A6A21,,,,,,,ODN0002698205,z,right_only
DBAE818F-984B-489C-B7E7-2E0320555C8D,,,,,,,ODN0002709804,z,right_only
6290CD86-DDCD-4788-B95B-1FFF4BDBCB7D,,,,,,,ODN0002709922,z,right_only
609A82EB-1809-4967-83B6-37E669C27662,,,,,,,ODN0002698234,z,right_only
D74CA6E9-FC63-4063-AD19-E0C41DB81348,,,,,,,ODN0002767084,z,right_only
C609AEB9-F8BF-4421-95E8-92F169EB1C34,,,,,,,ODN0004878837,z,right_only
118882F8-C9CE-41C1-A464-3910E5897626,,,,,,,ODN0002698328,z,right_only
14AE48EE-4FEA-4D1D-A1F0-1DA6392F630F,,,,,,,ODN0002767571,z,right_only
BB9B817C-0FB9-4BD5-B7F5-82B2FCA2B28E,,,,,,,ODN0002698346,z,right_only
95C7AB01-996B-4532-B1DE-3E336EAEFED6,,,,,,,ODN0002710367,z,right_only
463884BB-C6E5-4A84-9116-06EAACD1D55D,,,,,,,ODN0002768862,z,right_only
3F0BD7E1-B698-47D0-9061-6BE1D5C983C7,,,,,,,ODN0002803750,z,right_only
CCD1BA36-F047-4694-B24E-C5644F9731D0,,,,,,,ODN0002698409,z,right_only
3EC080AC-13C8-4465-9EE0-A45BF2F3EB3C,,,,,,,ODN0004658375,z,right_only
1F73CDFF-24C9-49CE-AC0D-ADA2CA21AC4A,,,,,,,ODN0002790476,z,right_only
F8F3C73B-19F2-4D22-B399-D8D601E5853F,,,,,,,ODN0002710866,z,right_only
AEE0848F-A766-483C-8F9D-B2B4C1C1781E,,,,,,,ODN0002710895,z,right_only
B66E688C-F6DD-44DA-B3AC-F79DB75627A6,,,,,,,ODN0002977437,z,right_only
ADE0C3EF-2FF4-45F6-B859-44D5CA7982A4,,,,,,,ODN0002711206,z,right_only
E55226CE-207F-47AD-BFE4-60D447B3FFAF,,,,,,,ODN0002698505,z,right_only
A28C41F5-7ED9-49DD-AB3F-7E2071499EA2,,,,,,,ODN0003229921,z,right_only
4170CC5D-4D33-4594-81F6-2FBA07C92931,,,,,,,ODN0002711441,z,right_only
F18355D8-77F2-4D9F-9D8D-6835ADDD7AE2,,,,,,,ODN0002711570,z,right_only
EF5DC194-6790-4682-8420-2A9551D3016C,,,,,,,ODN0002711578,z,right_only
38F6C2AE-F958-4B84-92AF-9D2727C9D8FE,,,,,,,ODN0003203640,z,right_only
7471BD35-0B13-4B72-A580-9D28D1EF3335,,,,,,,ODN0002711656,z,right_only
D3F4F38B-5EEC-4C98-A6CF-0C5E513489D4,,,,,,,ODN0002698560,z,right_only
D0D7FD70-87E7-4BCB-AD0D-4B6AAD004630,,,,,,,ODN0002838093,z,right_only
A0C2A3D4-7B01-4644-8B9C-5006A2295FDF,,,,,,,ODN0002698580,z,right_only
722025FF-68EC-483E-BEC2-1C3A2B1681D7,,,,,,,ODN0002773842,z,right_only
DA85C6AF-A6A8-47B1-94D3-1798B76A3A64,,,,,,,ODN0002711907,z,right_only
03B8EBFB-B93F-45FA-92C8-873B2204AE28,,,,,,,ODN0002838179,z,right_only
A8B37594-FE0C-4DC7-8661-5ACFB9A8F8B1,,,,,,,ODN0002712089,z,right_only
ECAF00FA-ED7B-4BE5-A526-CA917AFF99F7,,,,,,,ODN0002698638,z,right_only
8C49C1CE-2059-48DD-919D-721CD3FA3547,,,,,,,ODN0002809194,z,right_only
BCB6B799-A514-437D-AF1A-F09604B4A3FB,,,,,,,ODN0002698643,z,right_only
5FE10753-B769-4110-AD47-D287ABA5AC75,,,,,,,ODN0002776484,z,right_only
A62ED186-2150-4EE0-9573-4B1B358E0785,,,,,,,ODN0002809431,z,right_only
6E2A6CD9-716D-4F21-9AB8-D8A5A208530E,,,,,,,ODN0002712331,z,right_only
FD3F8F82-9745-45F6-BE0C-D44A671AC62A,,,,,,,ODN0002792108,z,right_only
D89D7B0F-AD05-413E-924D-7B9470772E89,,,,,,,ODN0002792190,z,right_only
D141302A-4015-4439-BAD5-434F049EBA00,,,,,,,ODN0004658675,z,right_only
F880A9D6-BA72-4325-8C0E-8B6508F04618,,,,,,,ODN0002712573,z,right_only
62A049D2-C9F5-4CB9-9990-5631A8856D13,,,,,,,ODN0002712747,z,right_only
BF9ABC80-15C3-4E63-BBFF-8C6B200CFB11,,,,,,,ODN0002792929,z,right_only
8ED17031-BBF0-4CB4-B5BA-A177F45C13B0,,,,,,,ODN0002781775,z,right_only
E4E56C14-B868-4EBF-986C-51D9A38ED447,,,,,,,ODN0002981145,z,right_only
76CA0D63-2EAC-4DC3-AA5B-28DEF95B212E,,,,,,,ODN0002782498,z,right_only
0E93A2F9-3D73-4727-A758-3BE1F7D698BD,,,,,,,ODN0002839370,z,right_only
E414E938-D86D-42D3-9AE3-FE8CA3A7FD44,,,,,,,ODN0004903091,z,right_only
8D73CBCF-A22C-4DF6-B75E-84095746667F,,,,,,,ODN0002714030,z,right_only
00340E29-A6D7-4425-8685-F3321E551CBA,,,,,,,ODN0005357103,z,right_only
935CE9F7-6406-4691-A596-DDA364A1BB5B,,,,,,,ODN0002714427,z,right_only
81C36279-8EB5-41BE-BE87-561554E6F7B9,,,,,,,ODN0002714447,z,right_only
9BCA784F-CB85-415D-A09A-315859EF06A7,,,,,,,ODN0002714448,z,right_only
6F30C24F-E84F-45FC-AB40-EBCC2E56B659,,,,,,,ODN0003389607,z,right_only
348F1F41-3685-46D1-86A1-202B5D6B8470,,,,,,,ODN0002753447,z,right_only
9659399C-272C-4AF2-8179-68BA9161C263,,,,,,,ODN0002710762,z,right_only
120EA849-A795-426B-AF52-04FB0472D2DB,,,,,,,ODN0002770309,z,right_only
E145A677-BE89-4240-8954-C517B8F0216F,,,,,,,ODN0002698090,z,right_only
A24D6A60-8C49-444A-9D25-3E037E0E89CF,,,,,,,ODN0002709480,z,right_only
F378C2E0-532D-41BB-B753-0EE64F6F8FB7,,,,,,,ODN0002698356,z,right_only
8F9654F8-8EE5-41BF-B24B-995D68A915D2,,,,,,,ODN0002710956,z,right_only
3EB43A46-E788-467E-98AA-CA5BB6CC17B1,,,,,,,ODN0002982165,z,right_only
8C502671-C0E7-443E-B898-DA8988438898,,,,,,,ODN0004659046,z,right_only
345FEC2F-3547-4593-BFC8-AF03FEAEA241,,,,,,,ODN0002981390,z,right_only
5BF6DB81-D8C5-46A0-81BE-E0496B5FD4E7,,,,,,,ODN0002712289,z,right_only
1219D6E4-37F7-489F-A1B9-3D9D90346A2C,,,,,,,ODN0002774781,z,right_only
411E116D-EA44-4594-AF85-CDDE16F238B2,,,,,,,ODN0002979212,z,right_only
A658AF9A-568B-448A-B85B-E629CA0EA337,,,,,,,ODN0002698890,z,right_only
8E2444D4-D3DE-4E18-BDAC-FE5BF279E6D6,,,,,,,ODN0003745569,z,right_only
185C96E0-ACC2-45E5-8306-205A9F1D3969,,,,,,,ODN0002698616,z,right_only
B2A23AD1-0F1B-4D19-B8C2-C6E3F152A15B,,,,,,,ODN0004409426,z,right_only
4A0E25B8-344B-4DE0-BEF8-30CFF43A3229,,,,,,,ODN0002981646,z,right_only
666E7822-6B4F-4BF7-AAC4-D251DC31E133,,,,,,,ODN0002791468,z,right_only
61004DDD-DCED-4A3C-B0BF-B5A8D50D31FB,,,,,,,ODN0002788332,z,right_only
FE468507-068D-472D-83B0-0C45EFC81E29,,,,,,,ODN0005182701,z,right_only
34575BEE-54DA-441C-8E15-B241C86C9F82,,,,,,,ODN0002977522,z,right_only
E08A72E9-61CE-405D-9C4C-23EF05548664,,,,,,,ODN0002735058,z,right_only
4FBA7CDA-84ED-4F42-8C9D-81AC1D0F4E92,,,,,,,ODN0002710359,z,right_only
15A4CA36-4AD4-482C-818E-7339F89A0A61,,,,,,,ODN0002699102,z,right_only
F1C98D10-8615-4479-A6FE-54D9AD5208F8,,,,,,,ODN0002980296,z,right_only
A12D4F12-EDDE-414C-8F26-5953378D5D90,,,,,,,ODN0003284314,z,right_only
ACDE661C-CD70-4CFE-8ABA-342D5B619EF9,,,,,,,ODN0002743166,z,right_only
BC4092E7-D580-4DAD-AACE-6A11A0B714CF,,,,,,,ODN0002745095,z,right_only
4FA7AAF7-FA18-4F0D-83C3-DFAD7B613A2E,,,,,,,ODN0002978467,z,right_only
C8F7D458-A268-42FD-A43A-D0EE158EC80F,,,,,,,ODN0004935037,z,right_only
F9D90E92-7795-42FF-BB5F-F753D77CE623,,,,,,,ODN0003487387,z,right_only
B3C65FE9-4869-4D72-8132-E95DDAE481B8,,,,,,,ODN0002781910,z,right_only
D990D56C-B609-40B0-BF8C-FD98456304AC,,,,,,,ODN0004879516,z,right_only
C76FC305-4DAF-4851-A159-AFF2985E9256,,,,,,,ODN0002782757,z,right_only
F267C85D-74E7-4903-89EE-0DAE8687C6C4,,,,,,,ODN0003712231,z,right_only
9BF0833D-15B9-4EEE-A864-8962BBF6313D,,,,,,,ODN0002784460,z,right_only
9D1A051E-FBD9-48A4-BA85-0EE5D86DBE1F,,,,,,,ODN0002753214,z,right_only
8E2068C2-3355-4EE1-B9B6-A3F8E95E1E21,,,,,,,ODN0002698570,z,right_only
0C6877C6-2A11-4B86-8E85-DBB2677309ED,,,,,,,ODN0002708655,z,right_only
4F44EE66-3AD1-42B1-8E23-B7E95DD0D417,,,,,,,ODN0004514003,z,right_only
5913A0E0-73C0-481D-A5A2-1C49EB69E0F8,,,,,,,ODN0002837499,z,right_only
6E52AB5E-F557-4B49-B22F-43A71F86BD1C,,,,,,,ODN0003216567,z,right_only
E2AFC6F7-E650-462E-B230-64529991DD2B,,,,,,,ODN0002775411,z,right_only
BC281883-BE1D-47E7-8342-9518BD0AFBC8,,,,,,,ODN0002712195,z,right_only
DA787DBA-10D5-46B6-867D-A4D96458B667,,,,,,,ODN0002712785,z,right_only
405097F0-1F89-474D-AA8A-2E5505623A49,,,,,,,ODN0005460903,z,right_only
ED0143E7-3E31-4B85-BC2A-A8B37704BFE9,,,,,,,ODN0004513630,z,right_only
C44FB59E-77A1-447C-93B7-45F1F7598B5C,,,,,,,ODN0004324908,z,right_only
F353F329-9ED3-4DB9-8751-4E9DE97D214D,,,,,,,ODN0004893170,z,right_only
FC2DF668-C259-4EE9-B569-3DAB6DEA1EA2,,,,,,,ODN0002777213,z,right_only
5EAB3C31-EB19-485B-B8DB-010944D0B0CB,,,,,,,ODN0002981840,z,right_only
E45810C4-60C4-41F1-B21E-72D1F7D65486,,,,,,,ODN0002788053,z,right_only
FBD9775D-33BA-471B-BB0D-CCDE579D3939,,,,,,,ODN0002729120,z,right_only
784FFCF5-CC1B-49BD-BA43-6FB7E9BAB535,,,,,,,ODN0002761477,z,right_only
9BF899D9-E920-449D-93D9-3015F6991265,,,,,,,ODN0002708664,z,right_only
C93ACCB0-3EB0-4E99-A243-BD85E7982E75,,,,,,,ODN0002762210,z,right_only
D9AD0D4F-EB2E-43D7-8070-209313CCA039,,,,,,,ODN0002708694,z,right_only
27A96AA9-7862-4BE5-A0F4-A95ECCA0650D,,,,,,,ODN0005424096,z,right_only
9D9A081B-55F2-403F-ADE3-FC46185F278E,,,,,,,ODN0002709248,z,right_only
B952EA06-1089-4089-98D0-408819D916BC,,,,,,,ODN0002709456,z,right_only
30CE2FFE-934C-4C20-9B5D-5843761677C3,,,,,,,ODN0002709458,z,right_only
65C77629-9C96-47F5-836A-E6C105825A62,,,,,,,ODN0002764500,z,right_only
C1AB54D8-B0EE-488F-9E54-C5AF33F63502,,,,,,,ODN0002764628,z,right_only
B63B8B13-890F-42E1-A3DD-16C4221657C0,,,,,,,ODN0003978119,z,right_only
630ED8F9-91B9-476E-8EBE-6ECAFCA0127A,,,,,,,ODN0002698193,z,right_only
3A820B3F-D4CF-4BA8-9B64-927D9BD82652,,,,,,,ODN0002709778,z,right_only
27658C57-9827-4FFC-A9BA-4F89314321AB,,,,,,,ODN0002698235,z,right_only
C0F6A013-1278-4166-A8E3-C21A686C3EFA,,,,,,,ODN0002709964,z,right_only
DBD8CB01-CDEE-4128-9ED8-072E6AE153FA,,,,,,,ODN0003615191,z,right_only
3200BDC4-E722-4CC1-B746-E1D3A32F358D,,,,,,,ODN0002710102,z,right_only
C2808189-5538-42C6-83C1-D8D6BAA87368,,,,,,,ODN0003203324,z,right_only
2DEE3F3C-E93A-4CFB-ADB5-FF5E1A144A18,,,,,,,ODN0002698345,z,right_only
62B5B7FA-2459-4376-81D3-64C96ADBADD3,,,,,,,ODN0002710457,z,right_only
733CB102-49F6-406A-AC08-CDA5CC89928E,,,,,,,ODN0002698359,z,right_only
DAED7124-41E7-430D-91A3-0F31CCAC93EA,,,,,,,ODN0003596651,z,right_only
AAFE8951-4A16-42E3-9448-2A507E4D47CB,,,,,,,ODN0002769125,z,right_only
5FA8C5D6-04DD-423B-A81C-339F095119D6,,,,,,,ODN0002977029,z,right_only
BFB8C4B0-1818-4A45-91BA-809D68DCE1E7,,,,,,,ODN0002710930,z,right_only
477E5BE5-3081-4656-9215-BB18ECD51076,,,,,,,ODN0002772777,z,right_only
F7F77958-F123-4A64-B6BC-E682443AF835,,,,,,,ODN0004580222,z,right_only
342C425C-69DA-4B13-9B90-B2084A1D13D1,,,,,,,ODN0002838129,z,right_only
33BEFE89-B892-4C16-88A4-2CADADD52485,,,,,,,ODN0004537603,z,right_only
70BC5972-3B95-4B63-AC71-16B06C0BDB26,,,,,,,ODN0002712086,z,right_only
364BD9BF-546C-47BE-9A59-ACF488D80BF6,,,,,,,ODN0002698634,z,right_only
514C39A0-F7CF-4E74-A982-87D21F491A4D,,,,,,,ODN0002712205,z,right_only
0A9B22DD-9F86-4719-9F20-0AAAB4584D41,,,,,,,ODN0002979445,z,right_only
3578A126-2B99-410C-9EB7-C6EC4B12D1CD,,,,,,,ODN0002712307,z,right_only
30F4C244-B337-4970-99AA-A87B4AECDB33,,,,,,,ODN0002838436,z,right_only
EE9B09B7-428C-4AFD-9BED-175E2EB3CC2E,,,,,,,ODN0002777531,z,right_only
48B2C78A-B1D2-4FA6-AF3B-798E0A7B79E2,,,,,,,ODN0003884563,z,right_only
CEB7BA9B-2064-49B1-8E0A-2A9774F505E4,,,,,,,ODN0002712584,z,right_only
DF6F1084-92E9-4407-83A5-0B0DD7BB83D6,,,,,,,ODN0004658714,z,right_only
239D7F05-0608-4C15-8BE2-BB6D4C2FFBEA,,,,,,,ODN0002712895,z,right_only
5A970715-2557-4DCF-A650-3CA3798D7D3A,,,,,,,ODN0002713115,z,right_only
03505049-7A21-44AE-A1B0-BFB7B91B8652,,,,,,,ODN0002839153,z,right_only
6C60151F-0A0B-44FB-8961-966EB2E30738,,,,,,,ODN0003203895,z,right_only
5208E7B3-E57D-417E-A135-A9059452D242,,,,,,,ODN0002713771,z,right_only
0B42774C-AF1C-494F-B84E-B8800D343406,,,,,,,ODN0002713781,z,right_only
C7B64EDD-F6F2-4891-8DC6-CABC8838158D,,,,,,,ODN0002981596,z,right_only
97F55918-924D-4180-B48F-9DFE3C764730,,,,,,,ODN0002698863,z,right_only
C5AADC36-AE96-457D-8DE8-DDDD4C0A1D64,,,,,,,ODN0002783244,z,right_only
F1C45DC4-29EB-4C7B-9BC6-D9D00B64831A,,,,,,,ODN0002713976,z,right_only
8BF6B64C-A8F4-45F7-A8ED-5006E340848D,,,,,,,ODN0002811374,z,right_only
1520B8EA-064E-479B-B644-A17059A4849C,,,,,,,ODN0003957070,z,right_only
B9C3E3DA-9148-4F2B-97C3-D8F8A9AE5858,,,,,,,ODN0002714064,z,right_only
EFF886BE-2EE8-49B9-95C1-F3FA04159559,,,,,,,ODN0002714425,z,right_only
AD625E11-C1B7-4906-96FD-44D27754D695,,,,,,,ODN0002714509,z,right_only
AF55A40E-A687-4B3E-8FDA-FEE16877D042,,,,,,,ODN0002714544,z,right_only
98D487FE-0A39-4F33-AB7C-B237130ABE35,,,,,,,ODN0002713691,z,right_only
60C054A6-7742-44E3-B359-ED74BECFA439,,,,,,,ODN0002735715,z,right_only
95304AC5-F61A-4265-A924-C19B45043AC5,,,,,,,ODN0002698552,z,right_only
8A668E58-E40F-4297-88ED-CF069AD86B7F,,,,,,,ODN0002699121,z,right_only
7997EE91-FB0C-4DD6-A9D4-E33F793A685A,,,,,,,ODN0002752176,z,right_only
120D4DB3-C918-4F37-8A99-622C59F5CBD3,,,,,,,ODN0002809500,z,right_only
3F10EC10-4D6A-4A53-A4D8-130F61567751,,,,,,,ODN0002784720,z,right_only
92C4AA88-64F4-4FBB-8BC7-93D412E95A9A,,,,,,,ODN0002772274,z,right_only
387EC1FC-50BF-47CE-B825-83DCD317FAD6,,,,,,,ODN0002984732,z,right_only
6DA8BD6F-587F-4C1D-989E-0795DA408A94,,,,,,,ODN0002766035,z,right_only
E3215ABD-DFB3-4267-A6AE-1CB65E1E9838,,,,,,,ODN0002774919,z,right_only
FA325C44-50BB-40E9-826F-CF531D5FD54A,,,,,,,ODN0002711149,z,right_only
0B3C5EED-B6E1-4FD8-AFDB-B8AC8E8016A4,,,,,,,ODN0002766991,z,right_only
417DC7EB-7AA8-49FA-9D1C-91E9F0258EBB,,,,,,,ODN0002745712,z,right_only
617AD73A-2867-4AC5-8A37-5F76F81C2FF3,,,,,,,ODN0002747774,z,right_only
F41D333E-13BE-40D3-A8D7-0FC3C05B1EDA,,,,,,,ODN0002752901,z,right_only
54491FE4-21D2-4D16-A4F4-E6C9402A8046,,,,,,,ODN0002784407,z,right_only
5B6904F5-1445-457E-A919-0719CF76701B,,,,,,,ODN0003583683,z,right_only
2B0B4C5E-AF89-4828-8682-7744614880E9,,,,,,,ODN0002741831,z,right_only
9F9391D2-D824-45AD-832B-65F505B42F98,,,,,,,ODN0002764637,z,right_only
6EF6197D-4421-4E01-A5E3-6D42E7095F3B,,,,,,,ODN0002752066,z,right_only
F9D19430-92C5-4D6B-8DA7-515DDE531B86,,,,,,,ODN0005462669,z,right_only
013AA61E-8404-4B3F-A4A0-A133DEE76618,,,,,,,ODN0004569530,z,right_only
E5B4A602-0D11-4CF6-911D-9A523CDC64FA,,,,,,,ODN0004658381,z,right_only
BB75CCDC-D5F2-4BB0-8AF9-39DBD8F1A709,,,,,,,ODN0002762970,z,right_only
0BC0AF67-3A71-4171-8E7D-75BD885A4675,,,,,,,ODN0003333640,z,right_only
C5A9AF9F-7BCB-4EAF-9670-61509B9D125C,,,,,,,ODN0002771589,z,right_only
CA2F8360-B8E2-4A10-B101-4C1768ED5097,,,,,,,ODN0002773482,z,right_only
E38816C8-2832-4B0A-99ED-DC50F329D5EB,,,,,,,ODN0002980116,z,right_only
71A5610F-1072-4CD1-AB7E-86BEA6B6F0C0,,,,,,,ODN0002793125,z,right_only
56F39C91-844F-4E0C-8D20-77F0BD2FC199,,,,,,,ODN0002765148,z,right_only
7FF2F2BD-8204-4ACD-9FD9-4CB39D2E93F5,,,,,,,ODN0004087505,z,right_only
E8A207AB-CE7D-46D2-B602-C3465F087805,,,,,,,ODN0002753176,z,right_only
6F44F058-3AFC-4863-A971-8F17D5559E29,,,,,,,ODN0005100761,z,right_only
3DDC0B5E-A52F-4D2B-B110-03E8C23CC5F3,,,,,,,ODN0002767133,z,right_only
ED04CD31-4937-42F2-BD0B-68F92B03FF4A,,,,,,,ODN0002768286,z,right_only
9BD02F69-6A75-4982-97A9-1319138E12C6,,,,,,,ODN0002771513,z,right_only
48765264-5AC6-4004-A480-6A87A2028F45,,,,,,,ODN0002776513,z,right_only
019B0667-704C-485F-A2A8-050AC2DBE4E7,,,,,,,ODN0005398929,z,right_only
AE6C1204-F31A-4573-831C-0998DEDE851C,,,,,,,ODN0002761645,z,right_only
9A42B1AC-8158-43DB-8588-11758795A8A6,,,,,,,ODN0002762477,z,right_only
12ED2151-AB14-48F1-B1CA-D6E67955B6A6,,,,,,,ODN0002770230,z,right_only
3B053E94-0E4F-4449-ADF1-B251174BE8EF,,,,,,,ODN0005223774,z,right_only
67CF3522-2552-4408-B17C-BA5DA4AD7E5A,,,,,,,ODN0002980901,z,right_only
FE8D3275-8C56-486C-A6E5-E4B0093BF4BA,,,,,,,ODN0004991561,z,right_only
9F7E0D83-85A2-482A-8800-30250B85A6A3,,,,,,,ODN0004991811,z,right_only
F433A8AD-BAAF-4F0E-9015-3E7BE39BB3EE,,,,,,,ODN0003314846,z,right_only
D00E9ED0-9050-4342-AE9F-EC3CCF889328,,,,,,,ODN0005424053,z,right_only
597E6B8E-00CE-4B84-B323-095BD7F2755B,,,,,,,ODN0002764327,z,right_only
10DC4BF4-73D4-4BE3-A653-02070A84DA53,,,,,,,ODN0002772562,z,right_only
379984E0-2B25-4D2F-8E0B-F4180427FEEB,,,,,,,ODN0002772563,z,right_only
A36A46B7-165F-486B-942A-6C465D9FAB1E,,,,,,,ODN0002772564,z,right_only
C3B5490B-5433-445D-AA70-25E79E53D3E0,,,,,,,ODN0005380651,z,right_only
9496CA5E-951F-4B5E-816B-C215B04E6B13,,,,,,,ODN0005381224,z,right_only
9F154607-6CD0-43AF-BB56-F5588AD4D111,,,,,,,ODN0002767238,z,right_only
0FF6A381-9D96-419C-A3BD-6298FD0CE36C,,,,,,,ODN0002767373,z,right_only
C99528A2-9479-4807-8294-0426EDF9F0DF,,,,,,,ODN0002977210,z,right_only
A1286D1A-2A3B-40E1-A9DF-F7613FB4FFD2,,,,,,,ODN0002770581,z,right_only
207590B6-7664-4D06-A2E7-D38B7483C994,,,,,,,ODN0005304167,z,right_only
9371A765-C6D1-4137-AC51-A68D6D676214,,,,,,,ODN0002772778,z,right_only
FC75AEFA-5952-4FD4-9C96-418B5EBB9EDA,,,,,,,ODN0005304313,z,right_only
B54E631B-D68E-472D-8021-D68FB4887056,,,,,,,ODN0005304371,z,right_only
FFD071F1-FD84-4DEE-B32E-B292F6283250,,,,,,,ODN0002980835,z,right_only
43E0557B-53A4-454C-8E8F-C4B371497604,,,,,,,ODN0002982655,z,right_only
2F5CD3BA-EA1E-4497-8070-906479FF381F,,,,,,,ODN0002766194,z,right_only
0A3E2FAA-4F04-46FE-861E-2217A4839174,,,,,,,ODN0002768228,z,right_only
86FDB70D-1B81-4A2D-91FC-1CBA20B2883F,,,,,,,ODN0004307224,z,right_only
341BCCFF-43F7-449E-9E89-CD27A6DB1394,,,,,,,ODN0002769128,z,right_only
5924266D-588E-42DA-9853-5A04E15E80B8,,,,,,,ODN0004764858,z,right_only
DD016D31-A3EB-4279-B480-0BAE7B1CBE79,,,,,,,ODN0004902718,z,right_only
DA0007CE-69DF-4170-A8D2-CEA173226A98,,,,,,,ODN0004958406,z,right_only
045151D5-A90C-41F6-8B37-A78E69DD2A7D,,,,,,,ODN0004879515,z,right_only
4B3A540F-2858-4B95-A589-6F9CBBDA7929,,,,,,,ODN0004765528,z,right_only
CB892263-FD47-4CA6-8617-5923B7AB1261,,,,,,,ODN0002750805,z,right_only
A4D7DFC8-D5BE-4596-886F-514ECC47E017,,,,,,,ODN0005381305,z,right_only
64204DC9-AA45-4E40-8D2F-A21D30E797EE,,,,,,,ODN0004854853,z,right_only
DB37450E-E6C9-4BAE-B0C3-55833BF8C08C,,,,,,,ODN0002765503,z,right_only
0F064F55-E052-4FE9-840A-E8482FF9DDCB,,,,,,,ODN0002775786,z,right_only
D2F9AC61-507B-42B5-A2DE-BCB30510D590,,,,,,,ODN0002776194,z,right_only
A5985029-5AC5-470A-9623-E91E3988E450,,,,,,,ODN0002776929,z,right_only
3465E314-6AA8-478B-A13F-175C12906CE6,,,,,,,ODN0002760481,z,right_only
D833A0E6-AD8F-40F7-BDAD-5F7587469E27,,,,,,,ODN0005204155,z,right_only
5553E30F-E441-4E5D-B9BB-19C859DDD84B,,,,,,,ODN0003396619,z,right_only
135D2668-4827-459E-BCAC-E26E11405793,,,,,,,ODN0003527759,z,right_only
718A5C03-5F48-4BB4-8AA0-982806A6BD40,,,,,,,ODN0005204282,z,right_only
2AEF3CB4-60E9-460F-B699-2B98D0106E12,,,,,,,ODN0003527940,z,right_only
BB656756-09D3-40FB-B905-42DE8D7DA83E,,,,,,,ODN0003448163,z,right_only
6F533D1C-7079-4406-839C-E2969123CF96,,,,,,,ODN0003396826,z,right_only
FA882DB2-267B-4378-B643-4921BB985ACB,,,,,,,ODN0002768731,z,right_only
94C11A99-0F48-4B79-B30C-91CD94DA353D,,,,,,,ODN0002770597,z,right_only
4AD2D0CA-2674-4171-831D-8BAF1AAA39B2,,,,,,,ODN0005223499,z,right_only
EECBC112-1A7F-4CD8-AE33-8F0B03C8D102,,,,,,,ODN0002772787,z,right_only
F8B4C1EA-F630-45BF-B6EC-FD688B7D0B28,,,,,,,ODN0002775943,z,right_only
32E53079-304C-46E4-8700-257EA6A0B77F,,,,,,,ODN0002776930,z,right_only
9AFB5211-F746-4AB2-A632-655CEC1FD935,,,,,,,ODN0002985075,z,right_only
4385B973-AE10-4F8A-8DF9-7DE91FC6BDE9,,,,,,,ODN0004854725,z,right_only
C7A9FD6D-80E4-41EC-8C20-46E66D90125B,,,,,,,ODN0002769416,z,right_only
B2D27947-FC96-49A3-8603-9D42057D0863,,,,,,,ODN0002771863,z,right_only
D9423B38-FA94-40F6-8917-069F89B8FB4E,,,,,,,ODN0002802009,z,right_only
7C59484F-DA6D-4CB6-B1A9-0882358B0DA5,,,,,,,ODN0002767407,z,right_only
B1BEF033-0EAF-4242-AF93-156F4A2F139E,,,,,,,ODN0002770156,z,right_only
0DA4CE53-6149-40CB-9A28-18B4BDE04FD1,,,,,,,ODN0002770443,z,right_only
E9514319-5B4D-4DF7-970A-CEE54623C60D,,,,,,,ODN0002774659,z,right_only
5746C50A-A5E1-4270-9643-9C6F062C048B,,,,,,,ODN0002777679,z,right_only
A9A91217-732E-4EC2-832C-3AD155D0318F,,,,,,,ODN0004854383,z,right_only
556E36EF-66AE-41C7-ACB4-60B5E40E4D8E,,,,,,,ODN0003561116,z,right_only
D880EADB-73A4-44B4-B71B-4765FB0AA038,,,,,,,ODN0002789956,z,right_only
3832B824-D6CB-4EC3-9CD2-733EAE23F9F8,,,,,,,ODN0002775678,z,right_only
23999639-62D2-47BA-8A02-EBFA33EBF1B6,,,,,,,ODN0002979333,z,right_only
48146C54-36D7-4C49-9686-DFF732344159,,,,,,,ODN0002985385,z,right_only
ADAC949C-6D0C-460F-9B79-6549B8777670,,,,,,,ODN0002753320,z,right_only
C33723CA-4AD8-4B38-8772-FF87D318904C,,,,,,,ODN0002724646,z,right_only
9EDB1444-F72E-4ADF-84D3-E22BAF74BE52,,,,,,,ODN0002979218,z,right_only
DEF42CF0-C5E6-4CC3-95B1-702C57C68DBE,,,,,,,ODN0002980850,z,right_only
7E10E08D-739B-4C63-B1D9-E8C5F6E32D62,,,,,,,ODN0002981363,z,right_only
A454DC0B-F47C-4990-B886-56FDA189461C,,,,,,,ODN0002747991,z,right_only
218A1C74-410E-45A0-B333-98F703AF6929,,,,,,,ODN0002751223,z,right_only
D1748E47-55E7-4F7A-A2EC-57008EB10FDD,,,,,,,ODN0002751811,z,right_only
BEC5D7B5-503A-42C3-8476-7297104056DA,,,,,,,ODN0002751911,z,right_only
C5E91C2E-90BB-41FD-8F71-82B42BC072EA,,,,,,,ODN0002752905,z,right_only
64C4E846-DE8A-402D-99D2-21EDD62EBB55,,,,,,,ODN0002979248,z,right_only
1A4F184A-95CC-41C2-96C8-F733B0D3C0AA,,,,,,,ODN0002979517,z,right_only
8AC3BDB0-6090-4343-A6EB-A8223CFD1EFD,,,,,,,ODN0002980957,z,right_only
E28A04A4-63B2-421A-AD64-4AFB032F92DA,,,,,,,ODN0002751377,z,right_only
E1A04444-8683-4FF5-B3B9-7E2824395E3E,,,,,,,ODN0002751650,z,right_only
00DD2726-2C63-4A89-A959-2A3C353FAAED,,,,,,,ODN0002751669,z,right_only
CEB31BAA-47BC-4E52-AF62-FC92AA1305D1,,,,,,,ODN0002751791,z,right_only
21619646-AB92-4F4F-A814-5ECE86D05784,,,,,,,ODN0002786874,z,right_only
8FF7387A-B3D6-4BBE-ADCC-91BDD101EC03,,,,,,,ODN0002985461,z,right_only
559170D0-AAE1-4338-9EE4-EBFFE8A65E5C,,,,,,,ODN0002752398,z,right_only
856889EC-7C18-4575-B87E-918EEF122D18,,,,,,,ODN0002752521,z,right_only
60AAABB8-A718-484E-A200-C611D8FE6278,,,,,,,ODN0002752871,z,right_only
6667A67C-D927-4BE5-A8D5-066C4C0A7B17,,,,,,,ODN0002982618,z,right_only
CFA9F9E1-C0DC-474E-9BE9-87BD991B20F1,,,,,,,ODN0002753282,z,right_only
EDEA22BD-E61E-45B7-9E3F-7E30B952B91F,,,,,,,ODN0002739842,z,right_only
BD2733AF-1447-4C15-AAD0-F8FECF63B424,,,,,,,ODN0002752964,z,right_only
46715F43-8C0A-4AC0-879B-E8C537EA75AE,,,,,,,ODN0005204534,z,right_only
C7E49A68-F458-4D06-8B67-A8800BCEEF03,,,,,,,ODN0002752450,z,right_only
C58E8430-CE7C-4E7E-B1CD-E0C1600F9688,,,,,,,ODN0002752479,z,right_only
DDFCBF8B-389A-43B1-B260-6C3E13719D07,,,,,,,ODN0002752584,z,right_only
C887B06B-0136-418D-B67C-A662856E75DF,,,,,,,ODN0003712284,z,right_only
07A9A937-7B71-4D2D-BF9B-1137B6AC51D9,,,,,,,ODN0002800635,z,right_only
0A1C929A-EA27-43D6-88D2-052E8A82658F,,,,,,,ODN0002763923,z,right_only
46712F00-8118-4B90-A2FD-3FA83B9428E7,,,,,,,ODN0002803469,z,right_only
E8FC0116-9545-4399-9905-0878115EB7E2,,,,,,,ODN0005223730,z,right_only
86D2C2AD-4C97-4A39-9CC7-198738A578A7,,,,,,,ODN0004992103,z,right_only
E55E37D2-0AED-4CD3-B15E-92B0C440F7A0,,,,,,,ODN0002768033,z,right_only
3BD2744C-A7E3-4592-A2F4-86FFD3D74150,,,,,,,ODN0002711593,z,right_only
0A8614AF-3736-4492-95F1-FC8092AA69D4,,,,,,,ODN0002776606,z,right_only
37A66B80-C31C-4334-B053-044BED9E638D,,,,,,,ODN0003675352,z,right_only
2A7E0F41-5892-4B94-9BCA-B2FC52AF94EB,,,,,,,ODN0005461435,z,right_only
2CF725C9-E705-4F85-B509-D03856C71E3E,,,,,,,ODN0002761506,z,right_only
ADD71007-AE84-47BD-B815-8CBDE68E6E24,,,,,,,ODN0002761792,z,right_only
B3A78DCB-1495-4DDA-ABB9-8E46DBA547D5,,,,,,,ODN0002765094,z,right_only
0E213B45-8C03-49A1-912A-B3B550235FC7,,,,,,,ODN0002765280,z,right_only
74C3E018-4684-4788-A5DB-F322A95D5FBC,,,,,,,ODN0002765980,z,right_only
EFC28615-32F1-429D-881B-EFC8115D0227,,,,,,,ODN0002767692,z,right_only
CC3B40C7-8B9A-4E18-AD5D-5DBC4616D63F,,,,,,,ODN0002767718,z,right_only
287AFB98-6717-435F-8C56-4F9A91547190,,,,,,,ODN0002768020,z,right_only
0E919094-F9A0-4428-9233-0E19BF9D45CC,,,,,,,ODN0002768382,z,right_only
DAD7A09D-D0FF-4E24-97A5-18D6930B8D56,,,,,,,ODN0002769451,z,right_only
90FD09BE-8771-4C6D-B701-D7195C63BC35,,,,,,,ODN0002770313,z,right_only
57BDA8A9-C601-496B-9FB8-4BD51CC046E3,,,,,,,ODN0002776013,z,right_only
DDE05E29-526D-420B-8E37-AB846C910A4B,,,,,,,ODN0002784915,z,right_only
0FC5DFE5-8655-4797-BFF6-CAC9CCC484A7,,,,,,,ODN0002753088,z,right_only
094B7FD2-D7A5-495C-99E0-F34ACD59D190,,,,,,,ODN0002753554,z,right_only
9055D802-2930-41C5-AF37-F80DC40BCA44,,,,,,,ODN0002772430,z,right_only
353CB6C1-A062-4562-9B1E-2AC77D0A2ACC,,,,,,,ODN0002767744,z,right_only
A39F023B-95B7-4B60-86FB-CF6A96888B2A,,,,,,,ODN0002768302,z,right_only
A531B0A9-C158-41A5-9E28-23739D224C27,,,,,,,ODN0002780184,z,right_only
50C888FA-4670-4260-8C5F-E9171702AA34,,,,,,,ODN0005204967,z,right_only
C52A54F3-06DA-47EF-A052-2E106C18A065,,,,,,,ODN0005355475,z,right_only
9FF66ED9-07C8-4097-88B3-8698458D5E79,,,,,,,ODN0005355819,z,right_only
0F210616-DFBA-456C-BABB-22BAB60601DB,,,,,,,ODN0005248121,z,right_only
2868A40F-BF28-430E-A5C6-F85C20C9C420,,,,,,,ODN0005379632,z,right_only
33B68E2E-8145-470E-BD28-B1A78F49EFB9,,,,,,,ODN0005356271,z,right_only
923D2C51-493B-4123-82D4-B7DCCBA6E7CA,,,,,,,ODN0002777090,z,right_only
45FA3572-A862-4199-8CD9-F944AC31A4FD,,,,,,,ODN0004854941,z,right_only
4C2E100F-AB9C-44CD-9751-3FE8762EE5D6,,,,,,,ODN0005144381,z,right_only
5F0A53B6-AB7F-4531-A895-5D88805E0556,,,,,,,ODN0005205784,z,right_only
51FF6B3C-A32F-4B60-A59E-08E82EB31F4C,,,,,,,ODN0002753502,z,right_only
64C8A9CF-2A51-43B5-8049-2DFFB758EA11,,,,,,,ODN0002766791,z,right_only
AB11D1A7-6AFB-4D26-8EC5-777D52554357,,,,,,,ODN0002768062,z,right_only
940E1826-07CC-4785-BDE1-56146066AC1B,,,,,,,ODN0005380293,z,right_only
A1AE2A58-06BC-46C0-AA50-F9BED69895C1,,,,,,,ODN0005381632,z,right_only
0573E393-484B-455C-8FFC-E40F7EA6AF8A,,,,,,,ODN0005380813,z,right_only
50D1F32D-C6C1-4BE1-8731-E5734E484563,,,,,,,ODN0005380883,z,right_only
CA2E8790-37C4-420B-838C-55D3B9E2560D,,,,,,,ODN0003559884,z,right_only
9101869A-7FA7-4DA7-B804-1B771FCB1BBB,,,,,,,ODN0003560794,z,right_only
0913CC8B-047F-4E72-8897-563D54B39982,,,,,,,ODN0002763759,z,right_only
31D50ECA-1B4E-4713-8E4B-4DAD05916B49,,,,,,,ODN0002765768,z,right_only
FDE3E793-CFCC-41CB-AE5B-FFF1FC32AF3D,,,,,,,ODN0002771951,z,right_only
C02AE24C-92AB-4C53-ACAF-5E28A73BA5A0,,,,,,,ODN0004153873,z,right_only
0AFE3FDA-6844-4485-8B98-83329AFD29BE,,,,,,,ODN0002765568,z,right_only
91E5ABA3-A488-4149-9864-7FD5D034C51D,,,,,,,ODN0003872968,z,right_only
9BEBFFEE-C346-48AD-93B0-E48EE303BB19,,,,,,,ODN0004201905,z,right_only
B6040550-4F85-41ED-817E-9DE3F0CD8C8F,,,,,,,ODN0002752933,z,right_only
D4F5A668-D5C8-48A7-8ECD-DC098AF5B724,,,,,,,ODN0002771633,z,right_only
DA1BC99F-E75C-445A-A3AC-15FB5C28446E,,,,,,,ODN0003259948,z,right_only
671A62D8-E89F-4BC4-B74E-11A5BE9AE6A8,,,,,,,ODN0002980900,z,right_only
F26425AA-C29C-48FA-B895-63CFBB7584F8,,,,,,,ODN0002980045,z,right_only
9642D6C6-7188-4988-BA72-93E0C9275E98,,,,,,,ODN0002980046,z,right_only
117D239D-C272-4749-8373-C17AB7CBC731,,,,,,,ODN0005410022,z,right_only
02B04518-3BFB-4950-9862-7D88DCBF735A,,,,,,,ODN0005461014,z,right_only
12A25572-1794-49EE-8815-B2E0568D0ED7,,,,,,,ODN0005461330,z,right_only
CF391E35-D274-41A1-B42A-EDF589160178,,,,,,,ODN0005462075,z,right_only
F8C8EA46-8F96-446D-8460-B5FB0F727993,,,,,,,ODN0005462434,z,right_only
E1814136-2FDE-4287-8191-8AFB5AD40B23,,,,,,,ODN0002781606,z,right_only
0626EC15-F4A1-4B45-82C5-4932E90E19CF,,,,,,,ODN0002770135,z,right_only
9ECDC04A-6A27-48C4-8458-EF12C73B05C8,,,,,,,ODN0002760509,z,right_only
0F984209-69CF-48A0-98E7-24B28FB20004,,,,,,,ODN0002766524,z,right_only
2D6C9CDF-FEE3-4EFF-BD67-2A9E760BCC63,,,,,,,ODN0002764629,z,right_only
08308938-E879-4E38-803B-8B28A278FCCC,,,,,,,ODN0002771889,z,right_only
2EF10495-44AD-4815-BCC2-DDBC35C467AA,,,,,,,ODN0005398410,z,right_only
BD54A2B5-F111-4671-971F-5FAED66CD1E4,,,,,,,ODN0003606655,z,right_only
671B9615-1A1F-4BC3-B71E-B65A9A94DD65,,,,,,,ODN0005204293,z,right_only
2FF0E4EA-8BBA-4929-BB1A-04B29D36EA9F,,,,,,,ODN0002984289,z,right_only
A5D71719-E97E-445A-BE8A-A0C1DF593661,,,,,,,ODN0002810160,z,right_only
267EDEAB-AEBA-482B-875B-40C5BC9DBFCA,,,,,,,ODN0005381667,z,right_only
4AF80ABA-D7F4-4ACB-97F8-BDDF2DB41226,,,,,,,ODN0002982653,z,right_only
9B2588E9-8CF7-4320-BE5F-E770C77D285B,,,,,,,ODN0002721075,z,right_only
0590B3DB-0E50-4ACD-A54A-24BEAD16616D,,,,,,,ODN0002721196,z,right_only
A5AC52B3-91F8-4776-8412-55227DD269A5,,,,,,,ODN0004000101,z,right_only
431BC75F-4AB9-4D18-8013-F6E17699B68B,,,,,,,ODN0005335745,z,right_only
DF7E6A4B-C6B2-462F-9263-1209D884E215,,,,,,,ODN0003840735,z,right_only
89609719-1064-4AF5-936D-A50F3621F00F,,,,,,,ODN0002724484,z,right_only
AD4F7D6C-A95A-40C8-85AB-558C67D0627D,,,,,,,ODN0003560762,z,right_only
57378AF4-A6D9-431C-B550-BD785AC0C69C,,,,,,,ODN0003245757,z,right_only
B7B44073-90C8-4514-BC24-E8F6D030C736,,,,,,,ODN0002725988,z,right_only
F1EF3AE1-50EB-48C1-99D1-22B082F95974,,,,,,,ODN0002977085,z,right_only
F2EAB871-74EE-4C7B-8C7E-B61D7F6E7901,,,,,,,ODN0003153866,z,right_only
97719163-0D41-4339-98FA-4450CE2F0F48,,,,,,,ODN0002726183,z,right_only
573EF6A2-DDE6-456C-B339-23E67E28569E,,,,,,,ODN0003615665,z,right_only
6A805280-D1B3-4C05-8777-6AD6825179A0,,,,,,,ODN0002977334,z,right_only
665A0EF3-6489-49DA-8CDF-0EF793BC65DB,,,,,,,ODN0002977363,z,right_only
8AC04556-095E-46A3-9A98-9DD070857278,,,,,,,ODN0002726642,z,right_only
CC974980-62B8-4447-A49A-A8F0EEE24981,,,,,,,ODN0004515344,z,right_only
93A99134-479D-4CC7-B360-35E26B7ED5FE,,,,,,,ODN0002977534,z,right_only
5282EEF3-7F24-4318-95B6-FB773B49AD56,,,,,,,ODN0002727080,z,right_only
47E6A614-ACA8-47C1-BC84-1425B5D91EAA,,,,,,,ODN0002727090,z,right_only
9930C9E0-E00A-4073-8E25-33AAC8C23DE4,,,,,,,ODN0002977727,z,right_only
CDE5379F-61B4-449A-A4D2-1C61385E83A5,,,,,,,ODN0002977728,z,right_only
957E7AFD-CBEE-46A9-913F-77DBA813E4D8,,,,,,,ODN0002978090,z,right_only
C5BD55EB-490E-42AB-9DBF-F99D567FC168,,,,,,,ODN0003872996,z,right_only
D7BD7753-1E37-4F83-9F3C-E4A92F27357B,,,,,,,ODN0004055609,z,right_only
706344F6-1AA6-4CC8-9EC7-925956F84C11,,,,,,,ODN0002978636,z,right_only
1B62CDA8-7C66-4146-81FE-2A9D02157674,,,,,,,ODN0002729111,z,right_only
35081E4B-A028-4C0D-95D5-D1AF2289F271,,,,,,,ODN0002979434,z,right_only
03346435-9D0B-4CDE-BA1F-33909FECE90D,,,,,,,ODN0002979461,z,right_only
C78774F3-6864-4F9B-9E43-AACF48FBB5C8,,,,,,,ODN0002979521,z,right_only
279C9124-C85B-47B8-97A6-F0AB11B060C6,,,,,,,ODN0003894289,z,right_only
8CD2405B-A3D4-4BBB-8B74-744EF8D8AE29,,,,,,,ODN0005462291,z,right_only
FCCDB03A-297A-46F9-97CB-258AC34BCB06,,,,,,,ODN0002979673,z,right_only
BAEFE0AA-39F2-48DC-80DF-EE4A69C44189,,,,,,,ODN0002979724,z,right_only
121811E6-6624-46B0-B824-A8103009F6EE,,,,,,,ODN0002979753,z,right_only
D595C3EF-73A3-4C02-8A70-FC7F38468F90,,,,,,,ODN0002979829,z,right_only
A5028B73-E175-46BF-9B77-BCB2FFEBEA03,,,,,,,ODN0002979872,z,right_only
AC6214C9-2EF4-46FF-958D-7CFC6B4FC7E4,,,,,,,ODN0002730613,z,right_only
8384F990-4AB2-49CF-B259-BA4D5899C8FD,,,,,,,ODN0002980131,z,right_only
42C0488D-5ECB-485E-BF6C-7A0EA04DF57F,,,,,,,ODN0002980480,z,right_only
05AF7809-909C-4F1F-9A7B-3E6881A0D117,,,,,,,ODN0002980511,z,right_only
E1038209-CCD4-4EBB-AC72-CA55C07F75D6,,,,,,,ODN0004589802,z,right_only
352C9BAE-A90B-4CA1-AF2A-8A938C357BD3,,,,,,,ODN0003894375,z,right_only
F2002A09-EBD3-4262-884F-3DAD524D1432,,,,,,,ODN0002980544,z,right_only
17D2AECB-3601-4E9E-8A38-E01A7BA404D7,,,,,,,ODN0005337117,z,right_only
1464B18E-8925-4EA0-A134-8457CB9C420E,,,,,,,ODN0002980710,z,right_only
C2C2EAC3-CF92-4278-B02E-5A2CF6F7410D,,,,,,,ODN0002980841,z,right_only
0FF6CFA0-20EF-47BD-99C8-CA00D6145C25,,,,,,,ODN0002980956,z,right_only
77F7BE84-3A4A-446D-BD0F-EDFC21D6413B,,,,,,,ODN0005356958,z,right_only
F9BC556B-6D26-41BE-85A9-1F4BE343F1B4,,,,,,,ODN0002981076,z,right_only
3F39B1BF-7722-43A2-BFA3-811F53B78C49,,,,,,,ODN0002981132,z,right_only
7EEB52FF-1A30-4D90-9F3E-9F087CFAA5D7,,,,,,,ODN0002981163,z,right_only
69A134D2-0CDC-448B-AAB9-242853B9C9FA,,,,,,,ODN0002981399,z,right_only
A0E45B9D-4C29-4ECE-A5C4-F5BFAEA6A195,,,,,,,ODN0002981512,z,right_only
9D4BF5D2-AE86-4BA5-9AE5-AB55D88A82C4,,,,,,,ODN0002981547,z,right_only
3324C7F6-C51C-4BBE-B843-D268A891D144,,,,,,,ODN0002733777,z,right_only
F150F15E-3265-440B-B695-BD18320A86F8,,,,,,,ODN0002752098,z,right_only
AB35AC27-32B0-49B7-9F3D-5CD90B44F787,,,,,,,ODN0002734286,z,right_only
9FE3029C-44E0-451B-B91E-4455E806E994,,,,,,,ODN0003616850,z,right_only
5852F5FF-B74B-43BC-9C29-222D91FF34D4,,,,,,,ODN0002982206,z,right_only
437C38AC-38A0-443B-B59B-B3018B30B399,,,,,,,ODN0002982870,z,right_only
EE4E37A3-DC66-4967-9DA1-E4E3027F943B,,,,,,,ODN0002982666,z,right_only
D62216F0-DBC5-4624-920A-92285FE2F3EA,,,,,,,ODN0002982685,z,right_only
BBF4B12F-AB65-4BEA-852D-2A10C20ECB47,,,,,,,ODN0002982698,z,right_only
9BAD885F-BABC-497F-8B98-D36761C5C1D5,,,,,,,ODN0003894545,z,right_only
10CACA54-5727-4855-A313-9963168032CD,,,,,,,ODN0002747332,z,right_only
5F48EC5E-A2CA-41CD-A684-D17AAE422360,,,,,,,ODN0003561877,z,right_only
632E8FC1-861F-4C53-8DE1-18CC4C54BCCC,,,,,,,ODN0002769096,z,right_only
6C1E0D6C-51BD-4F6B-A253-84644EB9780D,,,,,,,ODN0002979992,z,right_only
5D48FF4B-992B-4AC2-A166-D74BA35C43C6,,,,,,,ODN0002980054,z,right_only
1883B9DD-C2C1-449F-AFFF-4A50370EE30E,,,,,,,ODN0002978191,z,right_only
5C27E4D6-A3BC-4900-8A5E-6579D6537289,,,,,,,ODN0002719056,z,right_only
0656234B-6A9D-44A2-999D-9117EFBDE473,,,,,,,ODN0002719408,z,right_only
9ADF476B-7095-4955-A1AB-3287BB0C0D49,,,,,,,ODN0005423959,z,right_only
AA6855EF-6B84-4EE6-A71E-80FB8C9E23F1,,,,,,,ODN0003171014,z,right_only
A8878D03-55F9-44FF-BC1A-3D0DF3D52990,,,,,,,ODN0004846896,z,right_only
E882B872-9ABD-4060-8341-30FC7FF86BE5,,,,,,,ODN0004161794,z,right_only
33A0CF7E-A3CC-4BCD-A4D8-015A52F705CE,,,,,,,ODN0003990192,z,right_only
E48A3222-118D-451C-B71E-74ECCD0F6BDB,,,,,,,ODN0004878748,z,right_only
E40498F5-776E-4350-A37F-0788CA1B3A75,,,,,,,ODN0005204280,z,right_only
30A5A989-7C5A-4DC0-BA6B-27E26D9F1E36,,,,,,,ODN0003754148,z,right_only
7F3A29C3-EFAF-427D-892D-6932883AFF1F,,,,,,,ODN0003614952,z,right_only
97C00063-F9C0-4888-B8BC-69D546793C17,,,,,,,ODN0002723283,z,right_only
2FBE7C46-E0CD-47CC-BD60-25206F238681,,,,,,,ODN0003754163,z,right_only
0A6438C7-6E94-4853-829C-C671826BDD75,,,,,,,ODN0005355777,z,right_only
BD0F523B-AD29-4E24-8A25-2719012D54B3,,,,,,,ODN0004878814,z,right_only
6F657844-7F62-4EFE-B469-5397D0AC26BE,,,,,,,ODN0004579848,z,right_only
79CDF5A9-19EB-4CEF-B3A2-6F36AB7BCB01,,,,,,,ODN0004892847,z,right_only
E499E35A-1718-425A-AFCC-B6DFA0EB3289,,,,,,,ODN0004161940,z,right_only
17318BF3-17AB-4A14-B9D4-019D46CFF0D7,,,,,,,ODN0002975954,z,right_only
833161A1-6855-4792-AC01-94BDA40AC809,,,,,,,ODN0005336093,z,right_only
F4754CDA-6E8F-44BC-943F-348787522F0E,,,,,,,ODN0003596619,z,right_only
E1E94C03-42FF-4CBA-B082-582AFCECCF57,,,,,,,ODN0003304944,z,right_only
8F70E9DC-46EB-4209-80A7-461FC241E58B,,,,,,,ODN0003304945,z,right_only
9874E251-0B52-483D-A925-6CA47C5E8359,,,,,,,ODN0004958251,z,right_only
28CBDA88-2A19-4078-982C-B6A3095192E2,,,,,,,ODN0003268324,z,right_only
6287FC36-E399-489E-BEDB-FA961861B24F,,,,,,,ODN0004714005,z,right_only
5E027487-7EE5-4659-B845-6691F3857751,,,,,,,ODN0002976781,z,right_only
2FE7BD87-6590-4DBE-84F6-B98C158497EE,,,,,,,ODN0004854527,z,right_only
787238EF-9264-4557-8734-C99711F5AF4F,,,,,,,ODN0005398434,z,right_only
B182640E-CFF7-456D-BA53-EDEC2C6E9BAF,,,,,,,ODN0004369395,z,right_only
055704D7-7B64-4128-874D-93D2C92BE2D0,,,,,,,ODN0004606970,z,right_only
D8AE592B-12B3-40DE-A170-E6281B5F3B5F,,,,,,,ODN0004589596,z,right_only
5DEF4B76-06F8-49BB-B131-07E0B4562F66,,,,,,,ODN0004616883,z,right_only
D2DE4C9F-118A-4520-9B89-CB53FD2A401B,,,,,,,ODN0003990430,z,right_only
C1F90463-368F-42D4-AE46-02E22B7DEA14,,,,,,,ODN0004691374,z,right_only
340EA1E7-5F00-4BD2-9AD0-DA76EC4BFADD,,,,,,,ODN0005336525,z,right_only
388328A9-D36F-405C-9BE8-BFB9E6E9C443,,,,,,,ODN0003894206,z,right_only
B65E7261-E3BD-4BC1-81BA-95FA2A94DB43,,,,,,,ODN0002978472,z,right_only
B8327624-DEC7-4276-BD3D-C2CF92EE5AB6,,,,,,,ODN0005398600,z,right_only
E3CD9960-715F-45D4-AE72-A57ACC02F0F0,,,,,,,ODN0002978555,z,right_only
89587398-A90A-41A4-8F41-0E29C52EB8C8,,,,,,,ODN0004714285,z,right_only
7B61BB5E-F2C4-4CCE-AB7E-EFCA5EB6CE84,,,,,,,ODN0002711983,z,right_only
6CCCE021-16B2-4E0B-812F-EB8B31FB9FCA,,,,,,,ODN0005398648,z,right_only
43A9ED0A-8DC0-4E59-8FC1-4ACAF4466EA5,,,,,,,ODN0002978921,z,right_only
F7925BF4-2683-43CA-AA83-473C14341AD2,,,,,,,ODN0004958484,z,right_only
59BD8567-4EA6-4094-8478-9163FF3B24EF,,,,,,,ODN0004835706,z,right_only
96B465C3-8686-4DCD-81D9-D838B0BB6709,,,,,,,ODN0004873297,z,right_only
628F8E15-71E6-4267-BA96-626ABCB4C61E,,,,,,,ODN0004835733,z,right_only
D74753DE-A8F0-4DC3-AF6B-BFA29E588345,,,,,,,ODN0004332026,z,right_only
090A8E4B-4808-42FB-81C3-A87397BD9687,,,,,,,ODN0005204905,z,right_only
8C40BEB1-263E-463D-ADF1-B2735913D172,,,,,,,ODN0003616048,z,right_only
9840DCAE-380E-497F-A53E-DE9D71698C4D,,,,,,,ODN0005356947,z,right_only
C04BDE47-1D8C-4CFE-BA3B-169F0B7C3318,,,,,,,ODN0005424996,z,right_only
96F1500E-D7EC-4030-91CA-1C6AB363415F,,,,,,,ODN0002981530,z,right_only
EC502321-65F8-48FF-B986-FE5C19F765A1,,,,,,,ODN0003155112,z,right_only
0990CE88-4A2D-49BA-825B-2C14BF8FE94A,,,,,,,ODN0003754641,z,right_only
648E5CBE-69DA-4931-9E6C-5810151BD7F1,,,,,,,ODN0004847444,z,right_only
C5787628-0876-4208-B120-8BF4F08CD3AD,,,,,,,ODN0005399142,z,right_only
317AFC13-75D9-4138-AD4B-71E86E8CEA7B,,,,,,,ODN0004855002,z,right_only
A2136699-D87B-443F-8CA9-54D4F2727740,,,,,,,ODN0005357260,z,right_only
6A000AFD-A4BB-4EE4-BA64-FC855BE0A79B,,,,,,,ODN0002982974,z,right_only
12713110-A670-4BF8-ADCC-0E7BDAB70571,,,,,,,ODN0004893621,z,right_only
56F9E94A-3D23-47BB-899E-F3CA8B83593A,,,,,,,ODN0004119474,z,right_only
52D8AD04-5598-4733-AC01-65B7349B6C97,,,,,,,ODN0005409743,z,right_only
60EC3AA5-AB88-4840-B84F-22F7255206C2,,,,,,,ODN0004182951,z,right_only
1E28B189-086C-4BB0-86E2-D2DDA23B618B,,,,,,,ODN0005038457,z,right_only
82A99556-187C-4EEF-A8CE-5A8DBEC20C35,,,,,,,ODN0002771527,z,right_only
B5639D34-219F-4C74-878F-A88E40A60EE2,,,,,,,ODN0005238646,z,right_only
A0BA8CB9-31DE-4A3A-A242-6AB53D925813,,,,,,,ODN0005062158,z,right_only
AC0D4C79-7920-409A-B73D-4FB9121DC099,,,,,,,ODN0002980770,z,right_only
09638077-BC80-46A8-B8E1-F73F2D19CC93,,,,,,,ODN0005379856,z,right_only
7C3F7F01-52A8-45DC-876B-BD4DEB9FEB0D,,,,,,,ODN0002977895,z,right_only
020B0089-6332-41D4-944F-8F879969C49B,,,,,,,ODN0005409792,z,right_only
8F8DDA51-D9B7-4DCD-AD19-B274839DAF4D,,,,,,,ODN0003754098,z,right_only
FD741A50-563D-4699-90D2-35A96FAAEDEA,,,,,,,ODN0005204464,z,right_only
8E4661CE-D1C7-4513-A27A-3ADF73F84955,,,,,,,ODN0003931211,z,right_only
DEB302D7-1C00-43F0-BC7F-D952903DABFA,,,,,,,ODN0004462683,z,right_only
E1C98D60-2DAB-41FE-90CE-77CC7288F535,,,,,,,ODN0005335483,z,right_only
913ADAEA-BC7C-4664-A1C6-5EEFB075EBC4,,,,,,,ODN0002975468,z,right_only
C9CB2A4D-E3A0-4066-AB55-17603947E030,,,,,,,ODN0005336516,z,right_only
8F29FF9C-08CA-4B7E-BFAC-D46F9F994738,,,,,,,ODN0005336918,z,right_only
C534E0B4-5CEC-4F7A-B235-6D7F2FF39744,,,,,,,ODN0005337098,z,right_only
45866049-3A56-4F32-BA06-1C75E184D474,,,,,,,ODN0005337181,z,right_only
1F0F9CD0-F742-4C6B-923C-36954614FBCF,,,,,,,ODN0005337182,z,right_only
CA20E5DA-A65E-459C-BA67-16B3A0918034,,,,,,,ODN0002980800,z,right_only
FC5AE119-7DFC-4E14-956B-D64EF9F8F467,,,,,,,ODN0005337266,z,right_only
8349DFC8-98D0-4FBE-9E6B-5FE2090B1AF6,,,,,,,ODN0005337422,z,right_only
7B5BCE5D-A3F9-4E65-AAAA-8ED53D4657AD,,,,,,,ODN0005337606,z,right_only
31EE75FC-9966-4BB7-8C54-BAB86625784F,,,,,,,ODN0002983019,z,right_only
688548D0-33E2-4B78-940A-EC3E6C44BAE1,,,,,,,ODN0002772453,z,right_only
8FA5D602-3DE1-475C-9533-42E805325117,,,,,,,ODN0002765480,z,right_only
FC8F5A4F-B797-4669-8D6A-85E49196C84E,,,,,,,ODN0004705434,z,right_only
4A731180-5331-4895-A170-1C93CE4114C4,,,,,,,ODN0002733199,z,right_only
5448FE59-EDD2-4E6B-B9D2-929BA0D0289F,,,,,,,ODN0002977541,z,right_only
C995649A-B88D-4DC1-BF63-3AA83A73664B,,,,,,,ODN0002719528,z,right_only
713329C4-7298-4131-908B-2AF592C3E9DA,,,,,,,ODN0002768882,z,right_only
CA0A8521-C140-4DEB-A663-6A38FA4AAB70,,,,,,,ODN0002764080,z,right_only
AB1005E6-F564-4309-95DD-5033F7C3B48D,,,,,,,ODN0002767982,z,right_only
9D223DEE-7AA4-4167-925F-DF89EFFDA62F,,,,,,,ODN0005337388,z,right_only
398E177A-EDD8-40E2-9897-80A86DDEA308,,,,,,,ODN0002722366,z,right_only
EC28E756-3651-44B3-B058-5197C14BA8B5,,,,,,,ODN0002727514,z,right_only
D7684EB4-A956-489E-B717-0CF0294575C7,,,,,,,ODN0002727515,z,right_only
5BCC62F8-74B4-45D4-A14C-6006B670571C,,,,,,,ODN0002727516,z,right_only
56F0A61A-24FA-49C3-A48D-5ACAFD833374,,,,,,,ODN0002728226,z,right_only
13535462-DF5B-4B9D-935F-20DE83FE2CC1,,,,,,,ODN0002728506,z,right_only
6E56A967-EDFC-4B75-898C-ABCCAB7FDF69,,,,,,,ODN0002800180,z,right_only
F6A2AFD6-A577-4D83-B6E0-76D78DD613A9,,,,,,,ODN0002800182,z,right_only
D1B4A53B-32DD-468D-85D3-92F9C54A3995,,,,,,,ODN0002776886,z,right_only
E16E14F4-921D-4386-9E3A-A475CB4196EB,,,,,,,ODN0002751070,z,right_only
6BC31F10-094C-44D5-ABFD-CF8BAEF171DF,,,,,,,ODN0004616734,z,right_only
6D144CEB-05BE-4F04-A724-0599B6234FE1,,,,,,,ODN0002782887,z,right_only
DD8AD727-D52B-4872-A30F-A733432E08A8,,,,,,,ODN0003563193,z,right_only
46E6463A-E0CC-442C-BFF4-F9EE35747264,,,,,,,ODN0003559802,z,right_only
82689796-70AA-4606-BA37-EA554DDB6607,,,,,,,ODN0004814204,z,right_only
9080D59C-B03E-4186-A311-0A0E72239943,,,,,,,ODN0003560702,z,right_only
5A139F34-27EC-46FC-AC87-A4F25FB64E1F,,,,,,,ODN0004201904,z,right_only
206D0EA4-5F77-4C66-BC4F-A546B134BEB6,,,,,,,ODN0003561655,z,right_only
4CB864B2-5287-41BA-9557-44466C704118,,,,,,,ODN0003562023,z,right_only
8EDE94B9-79C0-4065-9436-A9728EBFC951,,,,,,,ODN0003562273,z,right_only
3F5AD4DA-ED8E-4510-ADFE-F330DFDB50FC,,,,,,,ODN0003562576,z,right_only
06CD1576-B596-4EE0-9003-98E77603AADF,,,,,,,ODN0004958758,z,right_only
11E15432-1E76-4C9B-8456-671C382C3B51,,,,,,,ODN0002769095,z,right_only
D7137C8D-73D0-49BC-A6B6-65CEEC078B2E,,,,,,,ODN0004201971,z,right_only
4147282A-1F6C-4714-B9D9-70791980FF2F,,,,,,,ODN0002751022,z,right_only
CD2D2C6C-D9A6-42D7-8BF2-41E2327A0B15,,,,,,,ODN0002752449,z,right_only
C7DF6671-DB19-42F8-8304-A5AC31A946C5,,,,,,,ODN0004863342,z,right_only
082337A1-F4FD-4E3A-A241-B85191EDD743,,,,,,,ODN0002976942,z,right_only
2773362F-3754-440C-9444-55F818A46C0B,,,,,,,ODN0004854553,z,right_only
69E4D578-3F37-406B-96B9-D9B15CAE43E8,,,,,,,ODN0002775390,z,right_only
8D4EC8C6-D8BF-4D82-8A28-20BF311ECF8A,,,,,,,ODN0005357013,z,right_only
AEF3F894-1AD1-413A-B358-F721B6F94A3C,,,,,,,ODN0002979997,z,right_only
E0D516B9-3E8E-40C9-B009-BC9B5DF616E1,,,,,,,ODN0002753123,z,right_only
70DEAEDE-3379-41FF-9982-623A102C9CEF,,,,,,,ODN0003484282,z,right_only
2F334116-1F9E-49C4-952F-5DFE2244EDC2,,,,,,,ODN0003484801,z,right_only
DA6BBFE6-84DD-4B04-B394-D4C4C7AABAE1,,,,,,,ODN0003485266,z,right_only
4C245334-1054-419A-8B78-1169733260A0,,,,,,,ODN0003967260,z,right_only
7DCEF75F-450E-4F94-BD13-D81E8E5B311F,,,,,,,ODN0005182200,z,right_only
ECAF8F07-2427-455E-A3C4-B216CE98D0A8,,,,,,,ODN0005460981,z,right_only
A5B71495-002F-4FCC-8E9E-0133B25911E4,,,,,,,ODN0005461065,z,right_only
481F69CF-E311-4E4E-B220-71BA8DBC1317,,,,,,,ODN0005380119,z,right_only
3B0A60FC-83E6-4417-8664-0B89F094A9A7,,,,,,,ODN0005061710,z,right_only
B243417E-42C7-47C7-8D6B-CE8611372D14,,,,,,,ODN0004814154,z,right_only
AA838032-A4D9-4E72-AF1C-A80D620D138B,,,,,,,ODN0004462430,z,right_only
8E693718-23AB-4677-AF89-027ECA8A5836,,,,,,,ODN0005355898,z,right_only
79153BA0-9BCA-413F-BBC1-7D51AAFF7C41,,,,,,,ODN0004764519,z,right_only
63E27E93-1976-4173-989F-543BD0EE68D4,,,,,,,ODN0004306878,z,right_only
4E41E119-1E70-44A2-AD47-C0D7DCB4D2CB,,,,,,,ODN0004325728,z,right_only
2DB267DF-2516-4445-867E-42548B0AEA86,,,,,,,ODN0004764926,z,right_only
5C1B3C7B-878D-4416-924A-C22C7825D34E,,,,,,,ODN0002761742,z,right_only
507242E3-6FD0-45AE-A93C-3324BAC70AB5,,,,,,,ODN0004991622,z,right_only
00EC1252-DBD4-469F-9444-CF15F274C610,,,,,,,ODN0005182290,z,right_only
304418AA-60BD-429E-989A-364E6D3220B3,,,,,,,ODN0002975004,z,right_only
A8917C1A-57A6-48FE-9402-B5AA8D371393,,,,,,,ODN0004943291,z,right_only
FCF8BD9E-5AA2-4B32-8C2C-581C94821DDF,,,,,,,ODN0004934673,z,right_only
9461C118-7486-4839-9CB5-440764BDA3D7,,,,,,,ODN0005183321,z,right_only
A16D58BD-0755-4CA1-8A01-CED31A786527,,,,,,,ODN0002977348,z,right_only
43A076E6-D3EB-4269-BEB5-CA50C63C3880,,,,,,,ODN0002977448,z,right_only
8D4F14A3-973A-4DFA-93AA-38595AEC2409,,,,,,,ODN0002977535,z,right_only
87874D81-D1B7-4F6C-9EF8-1126A5AC4C04,,,,,,,ODN0002772681,z,right_only
66C6EA18-5D53-4A4D-AF88-FEB0F16E0FB7,,,,,,,ODN0002978134,z,right_only
7081D3A3-CC44-4B87-A6C5-7EBD65377B5B,,,,,,,ODN0005183579,z,right_only
F5D7EA98-A2AE-4C4D-B68C-383765E3DB90,,,,,,,ODN0004934865,z,right_only
C5AE3A2F-D6C5-4AA0-9BC2-22028C292F0B,,,,,,,ODN0002775264,z,right_only
490EF8B3-DE1D-411A-9A1F-00593C2E1E83,,,,,,,ODN0002978889,z,right_only
171BCD1A-D2B4-4B2B-8BCB-2792914E2097,,,,,,,ODN0002978955,z,right_only
CFA3C688-65BC-40D1-8E16-A97B52C88C03,,,,,,,ODN0004943394,z,right_only
618FD11A-8835-4E79-92F0-E15CF8E2C9E9,,,,,,,ODN0002978988,z,right_only
390903B7-969E-4FDE-8126-E137F19B6D06,,,,,,,ODN0002979192,z,right_only
15B35E97-57B9-4EB9-9EFF-120F48F917E9,,,,,,,ODN0002979242,z,right_only
EB74437C-A079-46EC-83BF-2E6C6324B762,,,,,,,ODN0003141576,z,right_only
46971999-0582-4F4C-9689-A84762DE3C99,,,,,,,ODN0002979497,z,right_only
6EE91342-EF94-472C-8738-92B193F57CCD,,,,,,,ODN0002979509,z,right_only
DFB7B495-F93A-4AF2-9608-8CC0CB697A2E,,,,,,,ODN0002979523,z,right_only
2890EE30-4ED9-4193-A0D2-E385D94237D6,,,,,,,ODN0002979654,z,right_only
137439B3-9BA5-4418-AABD-70B50AE6314B,,,,,,,ODN0002979672,z,right_only
7DF20475-33A6-482A-B48C-5DB863F70172,,,,,,,ODN0002979768,z,right_only
0A33925D-5CC5-43C9-9FCF-9429B9CD128F,,,,,,,ODN0002979878,z,right_only
E1C8965F-9A78-414A-AB08-7D4F7BB6F30A,,,,,,,ODN0002980167,z,right_only
A1E5FCF0-2077-4CC8-AFF5-EF9600A12E5C,,,,,,,ODN0002980518,z,right_only
9870111A-E3A7-4315-BD2B-6D7F50772EB9,,,,,,,ODN0002980796,z,right_only
A73965A2-29DC-4DCB-87DF-CF6482509D84,,,,,,,ODN0002980877,z,right_only
BD771021-EA1C-43D9-BB86-3FB7F33DBA31,,,,,,,ODN0002980879,z,right_only
F30CD5FF-AEB7-47D4-B5B6-A8AEDD5B8383,,,,,,,ODN0002980880,z,right_only
B30D1A74-3F20-4FB5-BA0E-E6717D95B254,,,,,,,ODN0002980945,z,right_only
F9CFA5D8-2A80-4708-AD7A-159633ECB4AA,,,,,,,ODN0002981142,z,right_only
C4982978-7649-4EDD-8BE9-CC4F07984FAC,,,,,,,ODN0002981159,z,right_only
7B7C1AEB-6B6B-48D6-AD68-21051AC0C837,,,,,,,ODN0002981457,z,right_only
A763D94D-5FC0-46BE-936E-CF96773314A4,,,,,,,ODN0002981545,z,right_only
541C4B61-85C1-461F-873A-445F7CFDA561,,,,,,,ODN0002981926,z,right_only
6832917D-2A5E-480D-A03E-9EC6605E940A,,,,,,,ODN0002981960,z,right_only
B794DEEE-1E6F-485F-A69D-8F5D2403368A,,,,,,,ODN0002752047,z,right_only
EAD37D4D-B718-4472-BE2D-E3177514D721,,,,,,,ODN0002982033,z,right_only
F6F4FDEC-E6C8-47F5-AC66-025B99C3B590,,,,,,,ODN0002982076,z,right_only
167BB404-9A24-4389-B3DB-5925CE1E0D79,,,,,,,ODN0002982403,z,right_only
3D46BD4E-7E94-45D9-A493-FC048CA43EE7,,,,,,,ODN0005239132,z,right_only
B43CB571-993F-4E0E-83D0-285614A6D33A,,,,,,,ODN0002982727,z,right_only
B8687F1A-5B9B-4F0A-9042-E03A22463C54,,,,,,,ODN0002753382,z,right_only
FB07AA02-E06A-4118-85F8-D39FA236C797,,,,,,,ODN0004943373,z,right_only
A0D217B7-70DB-4547-8429-2E5525C15889,,,,,,,ODN0003730742,z,right_only
E243A5BD-D42A-4B39-944A-36FF3A363E2C,,,,,,,ODN0002979665,z,right_only
7D974260-5430-4501-9155-8BCF12D1945B,,,,,,,ODN0003597214,z,right_only
17DABA62-D1B4-4F16-842E-D466B894AEF6,,,,,,,ODN0002769380,z,right_only
6705B63D-F968-4546-8723-62B205AF9B92,,,,,,,ODN0002771685,z,right_only
D5738836-9CCA-4439-AF66-6E3F8C9F10E0,,,,,,,ODN0002775541,z,right_only
E7AC91B0-F77C-48DB-8626-04E61C0F0A6D,,,,,,,ODN0002753067,z,right_only
8E537989-5A51-4F04-A8EA-22BFD42342DA,,,,,,,ODN0002766420,z,right_only
97EC0E40-FFFB-476B-BC57-76E367DF943F,,,,,,,ODN0002985230,z,right_only
575DF39A-A6D9-41D9-A357-50B5322A2899,,,,,,,ODN0002760414,z,right_only
A97E990A-C6A5-4633-808C-81857BD1F1FF,,,,,,,ODN0002743592,z,right_only
43A49F04-019A-46BB-BD3D-33E7088D2A48,,,,,,,ODN0002785396,z,right_only
2C79E27E-EA9A-42F3-BF00-2CD52EBE7518,,,,,,,ODN0002769300,z,right_only
0269256A-00BE-4782-8369-D82B260C4268,,,,,,,ODN0002773072,z,right_only
1FD5CA7C-22D9-4C75-ABA5-846BA80B6E39,,,,,,,ODN0003276766,z,right_only
C2DB929F-159D-4A65-A40E-4660A4234EE3,,,,,,,ODN0005247827,z,right_only
52C92FF8-D834-4E3E-B7F0-C5D10AB4045E,,,,,,,ODN0002983912,z,right_only
A54AA1F2-031F-43CA-A1D1-74C4B26BB392,,,,,,,ODN0002765882,z,right_only
49C44EB8-37CD-413A-9FD5-6FE04B449CF3,,,,,,,ODN0002977062,z,right_only
A313A957-A724-42AF-8B62-38C85FB91C64,,,,,,,ODN0005533927,z,right_only
FE5CBA77-1477-44B7-BC63-C8BB8AB7EC1F,,,,,,,ODN0002980656,z,right_only
C167933D-AD62-4EC4-A07A-95EC0D133F99,,,,,,,ODN0002981110,z,right_only
62BE9660-A748-476B-8CFC-B63C7590CB24,,,,,,,ODN0003140966,z,right_only
5336E85F-DF79-49ED-8FB3-02B413F06DDA,,,,,,,ODN0002765328,z,right_only
9EB64F4F-F3B2-440A-A0D6-88403714BE42,,,,,,,ODN0002765994,z,right_only
89306A62-809A-489D-99FB-A8CDBCE42BE8,,,,,,,ODN0003141037,z,right_only
DD00F601-82EB-48B1-A14E-FC60F3038EAD,,,,,,,ODN0002742340,z,right_only
A542DF5E-4186-4A05-AC0A-32EE1CD2B607,,,,,,,ODN0002767454,z,right_only
BCA0B0AF-9CD0-41D9-B680-E3ABDFB69DC1,,,,,,,ODN0002768297,z,right_only
C936EDB2-3B68-4D4F-A5DF-A5031D80F790,,,,,,,ODN0005304067,z,right_only
68EEEA36-A607-448D-848E-47808181EC18,,,,,,,ODN0002977054,z,right_only
85F35001-4506-415B-A484-3219362C297F,,,,,,,ODN0002977347,z,right_only
345786AB-FED3-499C-A019-1C14817E4859,,,,,,,ODN0002978256,z,right_only
06A42A61-9F99-4E23-99C2-0B1698834CAB,,,,,,,ODN0002775577,z,right_only
D6B2C0D8-0044-48BC-B342-0C0F34C73ED8,,,,,,,ODN0005248000,z,right_only
4BF29D3C-6DE0-4778-92CD-59BBF97A805C,,,,,,,ODN0002979130,z,right_only
8C0DE6C5-1E13-4A32-A5F2-D95AD9166286,,,,,,,ODN0002776423,z,right_only
98396146-AE89-4A42-BC8D-97BE64365F1D,,,,,,,ODN0002979742,z,right_only
F2F683DF-CE36-450F-9F98-F4CEC3219B28,,,,,,,ODN0002979770,z,right_only
900364E3-FA57-441F-A5AB-C4ABB74090A8,,,,,,,ODN0002980611,z,right_only
3E929A27-CC59-46FD-831B-2C1E27C2FA9A,,,,,,,ODN0002980690,z,right_only
2EEC33C4-5D73-4132-90D9-E01CC66A031C,,,,,,,ODN0002980691,z,right_only
55D404E0-8849-4C1A-82BC-C2D0ABBE626E,,,,,,,ODN0002980692,z,right_only
3F8BA05A-F641-4F66-9F15-988BE77BDA2A,,,,,,,ODN0002980694,z,right_only
35863F24-244E-40B3-B830-13DCD6F49D35,,,,,,,ODN0002781651,z,right_only
38EA8859-6E50-4741-9E14-E8AF324E1B3A,,,,,,,ODN0002751677,z,right_only
B65AB724-6455-4081-B854-A42B31F247BC,,,,,,,ODN0004307510,z,right_only
36822968-9FE4-4206-AA89-C20E59150005,,,,,,,ODN0005223956,z,right_only
449E5396-68D0-4D92-8253-64EA9B644D1D,,,,,,,ODN0002753567,z,right_only
1690189B-D818-4D5E-8371-3C620B318D4D,,,,,,,ODN0003562988,z,right_only
0AB3E1B3-36FB-4CC6-9CD7-502A7AA1A8BC,,,,,,,ODN0004902297,z,right_only
E59BC29B-FE0B-49D6-A5DD-42C7A5A4C8E1,,,,,,,ODN0005261820,z,right_only
4E655EA2-CFB9-40CF-B51A-72D59A6B756A,,,,,,,ODN0005261827,z,right_only
4D621231-CAB7-465A-A7F4-FC18744094D3,,,,,,,ODN0002739701,z,right_only
7D6933B6-7361-47BF-8C02-9EE65127109D,,,,,,,ODN0005261878,z,right_only
F35E9ADE-6FA0-479D-9649-611FAB379F47,,,,,,,ODN0005261918,z,right_only
EF502D14-7E0B-4C08-869A-C0A784604405,,,,,,,ODN0005261926,z,right_only
2C5AEE74-2DE8-43A2-AC72-1EDF3A032970,,,,,,,ODN0005261954,z,right_only
15F420FC-7FCC-4E23-A108-33AA425D680D,,,,,,,ODN0004934607,z,right_only
E216382B-7951-4081-A200-16B3F049F3ED,,,,,,,ODN0002742853,z,right_only
1DC0EC95-99DC-403D-80EE-B0B786DA4FB0,,,,,,,ODN0002743265,z,right_only
88A2613A-A25B-4014-A0A8-FC96DA2C87A6,,,,,,,ODN0002744154,z,right_only
EC2DA459-5704-4801-983D-12CEE82A7D61,,,,,,,ODN0002770927,z,right_only
F9089F3F-E510-46F7-90FA-49E6DEF2BBC6,,,,,,,ODN0005262118,z,right_only
7A9C521F-878A-4E1D-9D23-E0820FCC25A0,,,,,,,ODN0002744769,z,right_only
7FD907DF-9CAD-48D3-AA64-35D8F790C53E,,,,,,,ODN0004934796,z,right_only
DA7C690A-1C57-4B4B-B862-94A98261834D,,,,,,,ODN0005262391,z,right_only
F1D01225-6EBD-41DE-AFF1-6A3F6E888633,,,,,,,ODN0002985164,z,right_only
8DBC497A-1267-4516-A4D2-D1710FC8689A,,,,,,,ODN0002751125,z,right_only
0772576A-0237-4E83-8A76-5E968103A317,,,,,,,ODN0005357192,z,right_only
92A3919C-FFFC-4E9F-8843-81DA975D5F15,,,,,,,ODN0005262575,z,right_only
55CB4D6A-D405-4DFB-8950-D35AB3920E42,,,,,,,ODN0002753454,z,right_only
038A96B9-8E15-47A5-80D9-06DCA331DC76,,,,,,,ODN0002764523,z,right_only
0A81797D-ED83-4369-BDC7-C52A61BB2C70,,,,,,,ODN0002802053,z,right_only
15A85EC8-0F40-4ED7-AE37-C0D2FF9ABD52,,,,,,,ODN0003561860,z,right_only
C46C4E44-C6ED-4E34-BBC1-E478B0692440,,,,,,,ODN0003559774,z,right_only
418E00C5-6EC4-4AB9-86EC-16113B6D0191,,,,,,,ODN0003559781,z,right_only
B1775621-5C4F-4BB3-B7D8-290F13A8A3CE,,,,,,,ODN0003638882,z,right_only
09FCF58D-7E94-49EA-8D9F-B99FF0DD4FE2,,,,,,,ODN0003559857,z,right_only
BD9F61F1-F115-4696-88DF-8CCA89E4E2FA,,,,,,,ODN0003560538,z,right_only
AAF6B412-7B59-4A7B-AE02-F70E4DC8F508,,,,,,,ODN0005142042,z,right_only
7C37901C-94BC-4043-B66E-80C6625B952C,,,,,,,ODN0003745672,z,right_only
A18E475F-9B6A-480D-B1A5-5590B9C0F7E0,,,,,,,ODN0004326659,z,right_only
0AC20E37-6859-4D5B-89D1-927482EA759F,,,,,,,ODN0003562594,z,right_only
09AC7F20-B250-4042-9A8F-883EF5E27917,,,,,,,ODN0005146253,z,right_only
303CE278-54F7-4138-AE74-F90A1709B983,,,,,,,ODN0003563202,z,right_only
D26FB640-133D-4A1C-AD2F-E8DE3C598C67,,,,,,,ODN0002811537,z,right_only
4EAC048B-1FB4-4739-A48F-F9D335D56784,,,,,,,ODN0002800653,z,right_only
7D3F3CBB-672F-4334-81BE-CE22535451DB,,,,,,,ODN0003894074,z,right_only
9730E93E-35E6-427A-AF40-31A8C4FD2D12,,,,,,,ODN0002776004,z,right_only
ACF42FAB-8671-4DE3-AB33-C63CB03789FF,,,,,,,ODN0005409584,z,right_only
E91F8557-D425-4DF3-BA37-8982C31F223F,,,,,,,ODN0005223451,z,right_only
5E34E69A-364E-4016-B373-4F6F885300A4,,,,,,,ODN0003230274,z,right_only
B087C4D2-8E04-441C-A00F-C03135D53C0F,,,,,,,ODN0005239034,z,right_only
AE1A0D35-FF34-4D00-A27E-968C5CC862AE,,,,,,,ODN0002767301,z,right_only
A982108D-A6E8-469A-9B0C-A5D712F1C4CF,,,,,,,ODN0002780311,z,right_only
485165F5-8C23-4363-A6AC-7C6743FCA83E,,,,,,,ODN0005238094,z,right_only
C6C5EF2E-FBDB-455E-8369-B9442112A722,,,,,,,ODN0002769468,z,right_only
5BD391A1-1D5A-4884-8795-AB456FEE8943,,,,,,,ODN0002984714,z,right_only
E483BEEA-0313-48AA-B574-F5343C1E6A1E,,,,,,,ODN0002769177,z,right_only
8D994280-D0E9-42E8-BED8-368BF11B1D8F,,,,,,,ODN0002980300,z,right_only
99973950-5F36-4FF0-BE3A-83351BC6E08B,,,,,,,ODN0002765884,z,right_only
FC90293D-58D9-44D3-986F-0B04AF27E392,,,,,,,ODN0004628582,z,right_only
CF249E9F-8E64-4FDE-BAAF-892E29CA06D0,,,,,,,ODN0002769478,z,right_only
6E912505-DF64-4C8A-8D24-21389F476297,,,,,,,ODN0002789828,z,right_only
EDFE3D9A-863D-4F4D-AD1E-907C18DBA16D,,,,,,,ODN0005112177,z,right_only
097D19DA-DD73-4DCB-B2C4-F70902FE1312,,,,,,,ODN0002775246,z,right_only
CE9F53FE-856C-41B3-A11D-5B5CCFC4AF02,,,,,,,ODN0004119113,z,right_only
A8F2F308-431F-425C-9079-8883DA7F2A65,,,,,,,ODN0004345065,z,right_only
59D2F4F6-1672-4B70-96C6-6A0942676958,,,,,,,ODN0002985036,z,right_only
6964D13B-0949-4683-AF99-C3ABB948CF4F,,,,,,,ODN0002985517,z,right_only
8B2D3D63-73BF-428F-B65B-A69968BF4506,,,,,,,ODN0002981258,z,right_only
68756E71-C208-4665-BA96-572A077FFEF8,,,,,,,ODN0002753207,z,right_only
0A880174-4913-4C05-BD04-558D111B3C22,,,,,,,ODN0005182024,z,right_only
686C26E0-0E8E-491B-9E9C-6E6C0D325E35,,,,,,,ODN0002762962,z,right_only
F004F70C-6FDF-45E9-BC0F-C8964FE13342,,,,,,,ODN0004705338,z,right_only
908CA8A8-0DD1-497B-B733-5EBCE48D03D1,,,,,,,ODN0002764033,z,right_only
920E5008-BC18-494F-88B1-2C075D08A445,,,,,,,ODN0004705417,z,right_only
CE934F9C-7E9A-4149-92CE-4266D8818670,,,,,,,ODN0004705437,z,right_only
2E48CFA4-69D7-4BFD-AB78-3D99FF27EABC,,,,,,,ODN0004705677,z,right_only
E96AA991-B51D-414B-A734-0A7EDFC98437,,,,,,,ODN0002769169,z,right_only
CF4BA99E-83A9-4279-8752-09B4248927F3,,,,,,,ODN0005144227,z,right_only
AE05A43E-CB48-40E1-A419-C73E8F186200,,,,,,,ODN0004706225,z,right_only
FCEBC2C6-B042-48F6-AEBE-7FA91ADCEE1B,,,,,,,ODN0004706712,z,right_only
76B81876-E712-46CF-9455-53DEED444F85,,,,,,,ODN0004706724,z,right_only
599BAC2C-E56E-497B-BEBA-96B9BAA20862,,,,,,,ODN0004706780,z,right_only
B1C25446-0980-4017-B486-158BDA1256F7,,,,,,,ODN0005463016,z,right_only
5A4A2ACC-68C7-45AA-85D8-8E13511F97FB,,,,,,,ODN0004706928,z,right_only
89E54732-E8EF-4751-93F5-9269EB89D756,,,,,,,ODN0004706600,z,right_only
91B7E1E0-30ED-4022-966D-34AF77C15673,,,,,,,ODN0003990220,z,right_only
8A3DE19E-CADF-43F7-9832-9CFEE8D386CF,,,,,,,ODN0005262218,z,right_only
354DB56A-0FCC-47B7-98B3-49C3626AA089,,,,,,,ODN0002767116,z,right_only
99266572-D7E7-45EE-9182-DB1AFA280852,,,,,,,ODN0004569225,z,right_only
DDA0957F-6070-4698-976E-804FBA233C97,,,,,,,ODN0005462355,z,right_only
1F4E6820-9CD6-4526-919A-C031B4458994,,,,,,,ODN0005462356,z,right_only
EA466869-D156-402A-A40B-4242304990ED,,,,,,,ODN0005462357,z,right_only
06501DB5-2210-4EB8-86BC-C58E903349F4,,,,,,,ODN0002984501,z,right_only
7DAD18F7-92D1-4072-A1F4-5D88914F88BA,,,,,,,ODN0002984817,z,right_only
35E4BAFE-2E8E-4A44-94CD-4DE8072E9CC5,,,,,,,ODN0002742972,z,right_only
FE3D8917-42B2-4A96-9E90-ED03AE34501A,,,,,,,ODN0004306840,z,right_only
5FD281AE-CD6A-482A-B10A-4BADC3B007DC,,,,,,,ODN0002760551,z,right_only
2F201F16-3DDD-4855-A5CA-87296474EF68,,,,,,,ODN0005204186,z,right_only
EB6D2662-4418-498D-85BA-0DAEC6B9A4D7,,,,,,,ODN0002837279,z,right_only
38964489-BA37-42C9-8C65-48A8F218E808,,,,,,,ODN0002763013,z,right_only
F1181C28-0329-4A59-A8CC-CD55EB0DDC71,,,,,,,ODN0005182164,z,right_only
6A128B3F-9E61-41DD-BB99-471A78FA76B7,,,,,,,ODN0003314923,z,right_only
A8BC4DDC-55E8-4457-95D1-E2C449AC5352,,,,,,,ODN0005380188,z,right_only
A17B5C00-F1AA-4270-AF84-5F407A54AA34,,,,,,,ODN0005182255,z,right_only
C2025FAA-E439-4247-907C-D9DE5D0F8CBA,,,,,,,ODN0002764277,z,right_only
A09643DE-B06F-454C-BC82-940DCDA73566,,,,,,,ODN0005424170,z,right_only
68DEE733-313E-4C20-92CC-75A3A0F340A4,,,,,,,ODN0003304725,z,right_only
EE2E47E2-AA54-4BAF-9F40-DB59E8559592,,,,,,,ODN0004382562,z,right_only
3039F737-C375-4FF2-A579-CE27070778C9,,,,,,,ODN0005398125,z,right_only
B818CE23-9B59-495E-8E2A-AA4F82B7373A,,,,,,,ODN0005461444,z,right_only
417AD13B-F208-43D4-ABD3-26FE4313CD4D,,,,,,,ODN0005182555,z,right_only
92B5D764-C6C6-4D42-994A-C06EF9C641D6,,,,,,,ODN0002803261,z,right_only
8E2515A5-97D2-4DE6-AE63-3BB07045D1F4,,,,,,,ODN0005355981,z,right_only
F065D64C-BC58-460A-A817-59EE245B3C01,,,,,,,ODN0005304018,z,right_only
DA1DD149-3882-4016-8D0E-3B8CF89EFE10,,,,,,,ODN0003276991,z,right_only
A11D25A9-3B4D-4220-BF6C-409E6D9E6BB6,,,,,,,ODN0005336538,z,right_only
83BD6E9C-90F5-429A-BA40-9F437D55484E,,,,,,,ODN0003858399,z,right_only
ED252D70-B695-4ADC-96C0-6BF1A56B498F,,,,,,,ODN0005183671,z,right_only
95A6E838-F071-4F93-8B94-480C912630A1,,,,,,,ODN0002978635,z,right_only
3E61E416-BB31-4BBE-A3B3-BA8DB0F991BC,,,,,,,ODN0003141472,z,right_only
0A89B4AC-A52E-4189-B0F9-A76A343866CE,,,,,,,ODN0003884521,z,right_only
71C26DCB-88A9-495E-BFFD-BB266E7C2F79,,,,,,,ODN0003253964,z,right_only
85050545-CD3A-4FC9-8A92-ADB2EF8B4168,,,,,,,ODN0003765976,z,right_only
5C5C8F3B-FD3F-40BA-9010-8480857E03E6,,,,,,,ODN0005204892,z,right_only
B867609E-97EC-4711-BA62-D2BFB2A33A33,,,,,,,ODN0004935080,z,right_only
7EEA9132-D867-4655-93FE-AEDCC6D7A757,,,,,,,ODN0004729690,z,right_only
7E09A8D1-5D1C-4E35-9B4B-B4B6C944F955,,,,,,,ODN0002981290,z,right_only
078695BB-79CB-4396-A9B6-846971327AA3,,,,,,,ODN0002783190,z,right_only
BBCD3E8A-3F98-4122-AFB5-ACF0F4357A09,,,,,,,ODN0005337384,z,right_only
49BD9FFD-3034-4B55-B19D-84E35A915792,,,,,,,ODN0005205968,z,right_only
EC317869-88FA-46D3-8BFA-0085C45CDEF5,,,,,,,ODN0004153960,z,right_only
FA1A1375-9B78-4515-B4AC-7136250FB3ED,,,,,,,ODN0002785763,z,right_only
988F185D-744B-4E40-AE4F-E9F691EFC9FE,,,,,,,ODN0002983014,z,right_only
91515DCB-2250-46FD-B034-B543572997FB,,,,,,,ODN0004201437,z,right_only
73CF3667-3220-4899-8795-8EAAA09D87D3,,,,,,,ODN0002740073,z,right_only
4D41644C-703C-4F52-86FA-AF3C57D8C78C,,,,,,,ODN0003237713,z,right_only
87F616E9-AC15-44BD-B339-5D3B9E075817,,,,,,,ODN0003141132,z,right_only
4CBFB9E2-1D01-4044-8A2C-92B71E9AA6F2,,,,,,,ODN0003268775,z,right_only
482EB409-CB3F-4110-93C3-9AF9D16C868E,,,,,,,ODN0002981847,z,right_only
E01F327E-C127-4DAF-A369-24D7DE5DED91,,,,,,,ODN0002982353,z,right_only
40FAB375-E860-4B42-AF95-1CDD8E2FFBD5,,,,,,,ODN0005237977,z,right_only
5751625A-068B-4C7F-9F2B-BB9A569275AB,,,,,,,ODN0004161956,z,right_only
ED0FF063-A6EA-4C66-AE56-E0E4E9B0FC00,,,,,,,ODN0002698825,z,right_only
AB688536-72B3-438A-BBCC-5E999C9BEE49,,,,,,,ODN0002762574,z,right_only
918162BE-D9F6-413A-8ED1-E7604EBCDDD7,,,,,,,ODN0003560005,z,right_only
6B21610C-9098-4247-BFB6-412ECC59B95C,,,,,,,ODN0005142461,z,right_only
746D5DB4-7B6F-491E-88B5-AF8D2BA3D9D0,,,,,,,ODN0002776059,z,right_only
0986DB51-807E-4F22-B4BA-4236B9D7FAAF,,,,,,,ODN0002776918,z,right_only
7A4165AA-537B-4120-9928-E55B30B8DB77,,,,,,,ODN0005143820,z,right_only
538F045D-E34A-4DCA-9DF5-D80C3D84402C,,,,,,,ODN0003931093,z,right_only
82391A43-C696-4ABD-8476-912B417D707D,,,,,,,ODN0005048798,z,right_only
1DFC06E4-9A08-4C04-8145-BF8E82DB2D6F,,,,,,,ODN0002710708,z,right_only
759745A6-4761-4AF8-811E-80C5EE397854,,,,,,,ODN0002714209,z,right_only
003A1490-271D-4265-9622-A98CAA3723EC,,,,,,,ODN0002714669,z,right_only
81C7C67B-EC89-4888-AE2F-DFAD77E54745,,,,,,,ODN0002713627,z,right_only
DBDF0BA6-5557-4329-BDAD-C1B3FF8E53BE,,,,,,,ODN0002714690,z,right_only
0E9958C4-FB37-44EB-A102-8A3D240E844A,,,,,,,ODN0002776363,z,right_only
D3147103-3EAA-4E3F-B37D-58E54A032134,,,,,,,ODN0004786945,z,right_only
8BF807D2-CC55-4798-B6DF-4B42D2A68640,,,,,,,ODN0004369529,z,right_only
2D11AD00-5D00-4811-8590-A22AC5553A88,,,,,,,ODN0004569950,z,right_only
967AB206-6C0A-4424-B2A7-444DBE0E29CA,,,,,,,ODN0003154831,z,right_only
F1F78F0A-9569-4A6D-BD59-A309AAF75B87,,,,,,,ODN0004327499,z,right_only
22269950-9F46-4FB5-96A5-4B44238FE155,,,,,,,ODN0002767694,z,right_only
E69D96BF-A04A-47C3-85D5-41B30B36191E,,,,,,,ODN0002777689,z,right_only
2335A246-9134-4889-B656-DC471D039D3A,,,,,,,ODN0002767566,z,right_only
D89C2EDD-9F30-4106-BDED-A96DF02D55EC,,,,,,,ODN0004306756,z,right_only
868ABD93-319B-40F2-A029-F247CB62ECDE,,,,,,,ODN0003731373,z,right_only
2C68A8F5-2DDD-4DA0-AF86-7AC094F5CD9B,,,,,,,ODN0002979328,z,right_only
036CEEF1-79F8-456B-9541-BE82E596D39A,,,,,,,ODN0005397646,z,right_only
1A888450-BC47-46FC-9E77-1AA6FAEFC745,,,,,,,ODN0005397751,z,right_only
55A723BA-5EF9-4ED4-8CD2-CDC4654FEFAB,,,,,,,ODN0004991572,z,right_only
896B02BA-B157-4F0D-A43F-A118727E8FE4,,,,,,,ODN0003356693,z,right_only
17068B06-8820-495B-96E5-08DBDBB9BBD3,,,,,,,ODN0003639001,z,right_only
00F025FA-5159-4559-827B-404E2489080E,,,,,,,ODN0005397884,z,right_only
5D3A30DA-1452-46F5-9673-CF8D3012F45C,,,,,,,ODN0003764996,z,right_only
5F544B24-72FD-4EB3-8F0E-6F52FBC16CDE,,,,,,,ODN0005397917,z,right_only
4BB664B2-D9F6-45E1-B9D4-AC11333AB4DC,,,,,,,ODN0003765061,z,right_only
61F7511E-6C69-4FCA-8BA0-20048EAA9145,,,,,,,ODN0003765224,z,right_only
DB0F42CD-59A5-489E-888F-F3DBFB58A844,,,,,,,ODN0002975691,z,right_only
6A13C3D6-6489-4176-8F91-682793D7F178,,,,,,,ODN0005048791,z,right_only
33813EEE-C2AE-4795-B2E4-E82288F3D8E7,,,,,,,ODN0002976897,z,right_only
FCF5356E-2742-4272-9C4C-C5AE67EF4262,,,,,,,ODN0002977053,z,right_only
C087D6B5-650C-4AD0-B121-4D28BA9B4CC9,,,,,,,ODN0002977057,z,right_only
9BE74E14-28FF-4E07-8979-4E582D0DB305,,,,,,,ODN0002977113,z,right_only
7A83932F-5701-4BF2-8ECB-537DCFF3E331,,,,,,,ODN0002977148,z,right_only
4D930EF4-DA9C-4AA0-BFB1-B67EFE96BE5B,,,,,,,ODN0003660639,z,right_only
D00C1623-C780-4D2D-A2B6-92A287C973E7,,,,,,,ODN0003153945,z,right_only
B9CBAA26-7376-495D-8F64-034ACEE1C4DF,,,,,,,ODN0002977449,z,right_only
DDBDE00C-94B1-4722-9F8A-70A7DE929CD9,,,,,,,ODN0002977645,z,right_only
80D2B200-2167-4177-8A9A-F64743E9684C,,,,,,,ODN0003486862,z,right_only
75D71247-3034-42E2-9420-E86F8C38DC51,,,,,,,ODN0002977961,z,right_only
7BA1A661-5B09-40D1-8FD3-29913732E824,,,,,,,ODN0002977981,z,right_only
8596B8BE-F6F2-4959-93E9-F0DB479888A2,,,,,,,ODN0003765745,z,right_only
5E15EC98-D7D7-478B-9BF6-FE3EBE03C63A,,,,,,,ODN0002978125,z,right_only
CDF237B4-C008-45F1-8CF1-9B97A3A20EE8,,,,,,,ODN0002978126,z,right_only
C5B9D09D-BF33-46BF-9469-B2637055FA2E,,,,,,,ODN0002978206,z,right_only
996F4822-B8EC-43E2-9D0C-56C3F2344E94,,,,,,,ODN0002978215,z,right_only
AE338DBD-06E7-458E-AF4B-1E53EDA60017,,,,,,,ODN0002978273,z,right_only
36F06198-B04E-4511-8752-65A6B05B0A65,,,,,,,ODN0003575677,z,right_only
53E3939F-8B1C-4D06-AF04-1D1F130FDFAD,,,,,,,ODN0002978321,z,right_only
4DC0B432-A38C-4BDB-B586-19E105B9B91C,,,,,,,ODN0002978357,z,right_only
DFC3F34D-0FA0-4E99-AE59-5F5DB05F2C1A,,,,,,,ODN0003765844,z,right_only
BEDEFC98-AB5C-4B13-8737-D669E1047E4A,,,,,,,ODN0002979055,z,right_only
4A36A129-3CF5-428A-A2FE-EFA98BD70C9C,,,,,,,ODN0002979137,z,right_only
25B1ADAA-092A-4F29-B1D1-81A5712750FB,,,,,,,ODN0002979142,z,right_only
E63C52CA-F44A-4190-A753-40B279117C1F,,,,,,,ODN0002979222,z,right_only
2ABC2FCA-C054-4ECD-A761-B5C8A7079A1D,,,,,,,ODN0003487131,z,right_only
88D1EB10-EE21-4EBF-8828-665C8A74EBC9,,,,,,,ODN0002979272,z,right_only
92943777-7AAA-4A66-B26F-79E97641B18C,,,,,,,ODN0002979276,z,right_only
F0BFE6FE-5CA4-4900-A39C-7A716B43C4BE,,,,,,,ODN0002979387,z,right_only
5D0096A0-74E5-4D54-9668-FCE79D99F28F,,,,,,,ODN0002979429,z,right_only
65F4A54A-A34B-45D5-819B-09466BAA21B4,,,,,,,ODN0002979462,z,right_only
A485FC43-3217-4031-AC83-8406A966C0E1,,,,,,,ODN0002979469,z,right_only
E997C058-037A-43A4-8984-45F85380F3CB,,,,,,,ODN0002979470,z,right_only
1043E439-1F6D-4D92-9ED0-E7F7B239C5A6,,,,,,,ODN0002979479,z,right_only
44596589-3EC0-4914-AC70-A92C88D8A833,,,,,,,ODN0002979547,z,right_only
0DD70C51-21BA-4186-9FDB-4B80D29320E2,,,,,,,ODN0002979572,z,right_only
680413E1-CE73-4C0E-BD3D-08AFB4F8753B,,,,,,,ODN0002979629,z,right_only
62A44227-8E2C-4AEE-AD2C-75B6D4631B6E,,,,,,,ODN0002979641,z,right_only
3C4E4143-391D-48B5-92C1-47F51C7A6A9F,,,,,,,ODN0002979646,z,right_only
23784BED-DDB7-4485-9B98-A236C145C558,,,,,,,ODN0002979758,z,right_only
20725AE1-BD2C-4828-B2A0-A9ECA448B4CF,,,,,,,ODN0005409880,z,right_only
A7EFBB57-D440-4307-997F-E43B7079480F,,,,,,,ODN0002979889,z,right_only
E475D9F3-A78C-4E13-809F-315FA0AE124A,,,,,,,ODN0002979955,z,right_only
18E030DB-CC35-44A5-8AB7-0E5688969967,,,,,,,ODN0002980134,z,right_only
465B4126-5E49-484A-A7EC-ADC0A56CD743,,,,,,,ODN0003660806,z,right_only
0D0C277F-FF51-4290-A886-B4DDF7622D62,,,,,,,ODN0002980227,z,right_only
80155453-7929-40D8-AC36-1342A61C3A34,,,,,,,ODN0002980229,z,right_only
7352EAC9-3E90-4FA9-8B48-30E590BFE021,,,,,,,ODN0003154697,z,right_only
3B60B9EA-173C-4CC7-8D3A-524AB64CEF51,,,,,,,ODN0002980326,z,right_only
BA5583A8-6C64-4952-8B0B-3ABC96613E2C,,,,,,,ODN0005304622,z,right_only
91A60D5B-BF0E-49AA-8952-DE5FA66B3BEC,,,,,,,ODN0002980389,z,right_only
7DEF2970-D2B3-48D9-A059-61922AE673E0,,,,,,,ODN0002980394,z,right_only
95BDDD09-57B5-4BA3-B817-0384CAA316E7,,,,,,,ODN0002980416,z,right_only
DE023F99-09C9-46BF-9B50-5DC238F9FF46,,,,,,,ODN0002980417,z,right_only
49783009-182F-40EA-A9D3-713ACD0D3A3C,,,,,,,ODN0002980418,z,right_only
AECA016B-A27D-4F45-ADC2-AB482920EDB8,,,,,,,ODN0002980451,z,right_only
D94D092D-2A58-44E5-AAE2-7FED6416CBDC,,,,,,,ODN0002980519,z,right_only
6446F2E2-0F1D-4D4E-88CD-DE34FBE4656E,,,,,,,ODN0002980525,z,right_only
DB39F1EF-C0C2-46C5-B4E0-955D8C8D17BF,,,,,,,ODN0002980634,z,right_only
2BD6F4CF-33DB-44B5-8638-B6A11C523DAA,,,,,,,ODN0003660847,z,right_only
3EC8209E-8658-48D5-864C-2D7218F478DD,,,,,,,ODN0005238948,z,right_only
B105BD4E-5284-41A4-934B-B880BC7BE101,,,,,,,ODN0002980821,z,right_only
D7BED77C-51CD-4D67-8BF8-B731B7D6A483,,,,,,,ODN0002980827,z,right_only
2C54A181-C179-4B95-AF9A-5117CC83861F,,,,,,,ODN0002980867,z,right_only
7FA6E080-849D-4258-8C3A-5DE243B6DB3D,,,,,,,ODN0002980934,z,right_only
8D9C448A-5477-4C10-BFD3-639E88758453,,,,,,,ODN0002980955,z,right_only
5D143BE4-6E1E-47DA-A819-D55915688012,,,,,,,ODN0002980959,z,right_only
D5A39D9C-631D-467B-B7E6-A217AAD2B4E8,,,,,,,ODN0002981070,z,right_only
BB6199A9-8945-4760-8ADC-54DD5193AA19,,,,,,,ODN0002981276,z,right_only
FB6BA692-5A7F-41CB-A69A-AE3FA0700ACB,,,,,,,ODN0002981329,z,right_only
9716DCB1-4DDA-4B5F-B8C9-F0BC3BE59BFE,,,,,,,ODN0002981331,z,right_only
AF930956-1CA0-46CB-A0E1-3B0D278AA4D5,,,,,,,ODN0002981385,z,right_only
B711F46B-2517-4C97-9BC4-93471F7A5C49,,,,,,,ODN0002981402,z,right_only
CCE90BB5-C413-4EAA-AEB3-9A84F92BD925,,,,,,,ODN0002981569,z,right_only
2D794DC3-B61B-485E-BD27-E7B0EFBC1A4B,,,,,,,ODN0002981581,z,right_only
F6B71DAC-06D9-44F6-96E8-6E8D5707AE65,,,,,,,ODN0002981594,z,right_only
889EF431-23FC-4061-B22C-C6B40236C5A2,,,,,,,ODN0002981689,z,right_only
367069F9-FF65-41B3-89E1-C1F0F0AE2E12,,,,,,,ODN0002981846,z,right_only
6EBA2CB3-5CA0-470D-A77A-A31DE46079E3,,,,,,,ODN0002981881,z,right_only
C6FB5BF7-55EB-40DD-AD5D-54C1AB4E1130,,,,,,,ODN0002981906,z,right_only
F4634AE8-42CC-4702-AA86-CB4BBC826090,,,,,,,ODN0002981922,z,right_only
24BF7C93-FE2B-4E32-A46E-BBD8600DE18A,,,,,,,ODN0002981930,z,right_only
362E11E6-3339-4AFB-953F-5EC7059EE02D,,,,,,,ODN0002981962,z,right_only
BCEA7B2C-0268-4E8E-BD0C-0B9AA648BB23,,,,,,,ODN0002981966,z,right_only
3DDAB9CD-CF7F-4E3D-B521-36839C89EA41,,,,,,,ODN0002751958,z,right_only
21677565-47A9-4C0C-88F6-8301146DEEE3,,,,,,,ODN0002981978,z,right_only
DBE1E49C-A778-4267-A68B-077DC97CBFE1,,,,,,,ODN0002981984,z,right_only
4C9F118D-3905-4F68-888F-4F2C2417CA01,,,,,,,ODN0002981987,z,right_only
B4F1A80F-070B-4533-8DA6-D2BB25B0A401,,,,,,,ODN0002981989,z,right_only
536088AA-F3A1-4289-A163-C7631781A216,,,,,,,ODN0002751996,z,right_only
EC58B4B6-6EF2-4578-BEF4-C7D44A6D599C,,,,,,,ODN0002981998,z,right_only
1C9C1441-2DB8-46B0-8B0F-F658FCC9A16F,,,,,,,ODN0002982031,z,right_only
D2F52ECE-9B31-4D20-A1C8-8FF9ACA7CF36,,,,,,,ODN0002982087,z,right_only
A4E78AEF-1612-4312-AAB5-4626DFE4D412,,,,,,,ODN0002982099,z,right_only
D5E95A2E-C978-4AE3-96CB-09DABA70BD40,,,,,,,ODN0002982167,z,right_only
552B827B-0A5E-4A0C-BB6F-7278F1F458FB,,,,,,,ODN0002982218,z,right_only
D7E5FEA5-CA26-4D23-96B6-B289B43B8CA8,,,,,,,ODN0002982219,z,right_only
B080EAF3-7F65-469A-A8E7-27CD8E1A2E7B,,,,,,,ODN0002982231,z,right_only
216B5DBD-661E-47AD-BE24-D4AC74266BC6,,,,,,,ODN0002982328,z,right_only
819D8225-7E37-45AA-A4C1-43FC907AF0F8,,,,,,,ODN0002982329,z,right_only
2CAC21FF-7E76-4B90-A8FD-0241831CD393,,,,,,,ODN0002982337,z,right_only
B65F25D4-F700-4513-AFDD-DD26B2264042,,,,,,,ODN0005049211,z,right_only
E8690CA4-EF4F-4FDF-93B0-719E7E433DD0,,,,,,,ODN0002982475,z,right_only
A3E00A08-32DC-41D1-AB27-310CE7DD4776,,,,,,,ODN0002982592,z,right_only
9596757F-C4A2-40DB-89CE-0E3E95F104CB,,,,,,,ODN0002982593,z,right_only
4C202FD2-545D-44D5-9B87-860D7A2F5AA9,,,,,,,ODN0005357206,z,right_only
72A31C87-9802-48F4-94CD-09B541C4BBEC,,,,,,,ODN0002753041,z,right_only
351E7771-8148-4A91-B559-FF46DFA0E158,,,,,,,ODN0005399149,z,right_only
9F992BD6-C788-4E5C-A1FF-F70B37BE6A8F,,,,,,,ODN0002982706,z,right_only
64CA880F-1563-4CF0-A926-B658076B3CB0,,,,,,,ODN0005399154,z,right_only
2C4988B5-28E5-40BD-9A9A-1FB748E53DF5,,,,,,,ODN0002982711,z,right_only
C1B84F2E-1A3F-4D84-88B8-517DB8F2E2A3,,,,,,,ODN0005357241,z,right_only
27479436-2ECF-493E-A08B-68BF1E824F87,,,,,,,ODN0002753244,z,right_only
670042B7-4ECC-4602-9B76-939F1C8BCD29,,,,,,,ODN0002975018,z,right_only
3B4A487C-3562-4B58-98F3-94FBBFE3EDF7,,,,,,,ODN0002983021,z,right_only
8729631B-C0D2-486B-8D14-93FCE3220B92,,,,,,,ODN0003314938,z,right_only
041B74C1-1173-4AD3-8EA0-35CC5061520D,,,,,,,ODN0003315781,z,right_only
C4994EC9-51E2-4502-B48A-C4063588086A,,,,,,,ODN0005304490,z,right_only
25FCD98C-59E1-4DF5-935F-01A49AACBABC,,,,,,,ODN0002764255,z,right_only
8D3453BB-BDBE-4710-8038-1AF5B9E966A3,,,,,,,ODN0002775217,z,right_only
CD56A025-C92F-4C55-974B-631A81B914FF,,,,,,,ODN0002777595,z,right_only
C4F5FA2B-9455-4A36-A44E-6E13B40AA938,,,,,,,ODN0002751097,z,right_only
213FEC49-C799-4B22-AD43-48DCED33CBCD,,,,,,,ODN0005204349,z,right_only
FC3D3FFA-D0F5-4685-A564-6863A005EB44,,,,,,,ODN0002775717,z,right_only
D340E3EC-172A-4E99-8F73-ECED2FE2366C,,,,,,,ODN0002781236,z,right_only
B7EB5C38-D649-4FED-8660-C9B6F04956FD,,,,,,,ODN0002753231,z,right_only
8C6F6192-A109-4EBC-9399-DC2E341BBFBC,,,,,,,ODN0002769373,z,right_only
AFA6DAEE-8CF1-411A-BE31-A55CC6A2557E,,,,,,,ODN0002781222,z,right_only
30B41FCA-B7DC-4549-B607-9CCE1E96B068,,,,,,,ODN0002981387,z,right_only
34181F9C-4760-42FE-A15E-99D8B1FEC43C,,,,,,,ODN0003930870,z,right_only
8C1DABA8-A4C8-4827-941D-805E251BE10A,,,,,,,ODN0005223720,z,right_only
FDD07790-2ADE-47F5-9278-55FD92FF56F0,,,,,,,ODN0005205809,z,right_only
88F246CC-B7C9-4A36-898C-5AB10DC6DD26,,,,,,,ODN0005205908,z,right_only
7BE89248-23AF-47BE-AD46-BE085F45D3F9,,,,,,,ODN0002761965,z,right_only
0BF906CC-B417-4D14-AC14-3B500FF2C731,,,,,,,ODN0002762228,z,right_only
EF0C2B63-6766-4C98-8430-32C58C4F0819,,,,,,,ODN0002762428,z,right_only
B1BBE1A0-19EF-4073-95C1-ED83A03892D6,,,,,,,ODN0002767568,z,right_only
49B14C65-31C4-4B03-8CC4-15652FCB5341,,,,,,,ODN0002837651,z,right_only
9E8A005E-F8A3-4084-B115-28CD76C5C3E2,,,,,,,ODN0002769192,z,right_only
A049EBF4-F0A9-41A8-BEF3-8AC4DD4DFA22,,,,,,,ODN0002769385,z,right_only
B27E3FAD-4B82-48B7-8534-F09D654FEDB3,,,,,,,ODN0002770540,z,right_only
E2238A2C-8A5F-4A89-A745-6F9DC24B8AC1,,,,,,,ODN0002770981,z,right_only
BAA93653-A87C-4E36-80A8-0F582FDB5F62,,,,,,,ODN0002771653,z,right_only
2665A084-5F33-4D7B-810D-1B1371A0207C,,,,,,,ODN0002771966,z,right_only
F274454B-B503-4A87-8DDB-3B8BB73B6265,,,,,,,ODN0002772456,z,right_only
461C6251-853D-40A3-9D0C-ED4AED642F5F,,,,,,,ODN0002772799,z,right_only
645BFD65-38DD-45DC-8D1A-9D78869A7FCD,,,,,,,ODN0002773962,z,right_only
6CDB7B7E-7978-439E-BB05-53CF33DAA0A2,,,,,,,ODN0002774166,z,right_only
3AC690FC-DC48-4A8F-98C2-8A5CE92AD112,,,,,,,ODN0002774553,z,right_only
3C73A1FB-7A42-4A29-8366-B3305BED9D56,,,,,,,ODN0002774886,z,right_only
84EF5ECA-653C-45B6-BC4E-7C614563ADF9,,,,,,,ODN0003745768,z,right_only
BFA71068-4906-4AB5-91B9-DFE02AA5E0EE,,,,,,,ODN0002779827,z,right_only
49752E70-C010-4442-A25D-9AFDB4636F77,,,,,,,ODN0002781191,z,right_only
BE30F55C-F576-492C-A09F-285DF0BD5B16,,,,,,,ODN0002751185,z,right_only
5C5B7272-7CE7-4722-9E5A-71C0697A07C8,,,,,,,ODN0002751926,z,right_only
F9B47192-44EB-4EA8-B129-2BFFF18BEAF6,,,,,,,ODN0002784878,z,right_only
B6B54154-AD25-49AA-B4BF-FBD167751F87,,,,,,,ODN0002771270,z,right_only
5025EE6D-28D4-45E3-A840-9C395DE19004,,,,,,,ODN0002709193,z,right_only
16557325-4B92-4E34-944C-14A157305031,,,,,,,ODN0002766795,z,right_only
E495C176-1B7E-4A87-ADB8-4189042B0FD0,,,,,,,ODN0002775908,z,right_only
671274E7-25A3-417C-8AC8-CBDC26FACA89,,,,,,,ODN0005100511,z,right_only
FB22C9D9-2E34-40AF-97FA-55C1D58553B4,,,,,,,ODN0004514807,z,right_only
46A331B3-4AA3-4652-ADA6-89CB16163AFA,,,,,,,ODN0002763750,z,right_only
799F524E-8B13-4E48-83A4-7663FE532CEF,,,,,,,ODN0002775012,z,right_only
CAEF64BF-D613-49E6-9997-5EAA23D5D4E2,,,,,,,ODN0002765383,z,right_only
DF37A64C-2C11-4BE7-8675-0E6A63420116,,,,,,,ODN0002777475,z,right_only
4C99053F-DF9D-4933-8795-B469046C2944,,,,,,,ODN0005223627,z,right_only
FF65FD0E-9C0A-4F01-A15A-9A6167CE2E9B,,,,,,,ODN0002980846,z,right_only
5F617A89-F607-453D-9C44-F643E89E7972,,,,,,,ODN0002811530,z,right_only
EEEFF3A0-6820-482D-9079-5D316F844692,,,,,,,ODN0002772470,z,right_only
CE6F4404-EDEC-469E-ADA3-6DF5B0409256,,,,,,,ODN0002774925,z,right_only
541BB5AE-9685-47BA-BC97-3FB942112CB8,,,,,,,ODN0003203965,z,right_only
83E138D0-932C-41F5-901E-72C6296FBECA,,,,,,,ODN0002728389,z,right_only
9265BC5E-0288-477A-A97E-AC1EA0967314,,,,,,,ODN0002761837,z,right_only
8CEF84FB-FE8B-4493-8510-5AC1442A12A8,,,,,,,ODN0002767348,z,right_only
25CC2173-E3B7-4F28-99B9-AB7BB1A8702D,,,,,,,ODN0002777683,z,right_only
FB398BAF-B365-40DF-AA02-1E75ED07427B,,,,,,,ODN0002771637,z,right_only
06D07CE1-EBCF-4241-B104-2D355B019ECE,,,,,,,ODN0002763140,z,right_only
17433322-4EC0-4E2B-9361-696E74E6F0AF,,,,,,,ODN0002771971,z,right_only
82F45E97-CF7B-4EEC-A578-6629E11A50C8,,,,,,,ODN0002775360,z,right_only
EAAC0061-D4F8-4205-BBE3-E6213CA570A7,,,,,,,ODN0002979664,z,right_only
E48C4DA2-CEFE-42C5-9DC5-0F07E0C3B6C7,,,,,,,ODN0002982557,z,right_only
0E422815-D978-4659-9778-0335C7DCFEE9,,,,,,,ODN0002752963,z,right_only
090D2C6B-D4FD-488F-ACCF-06F214EAC58E,,,,,,,ODN0002753371,z,right_only
87689864-AC77-422F-AC15-B983057AACFE,,,,,,,ODN0005380524,z,right_only
6FD1E9BF-1046-471C-8554-BEA57478DD19,,,,,,,ODN0002974242,z,right_only
5FA12175-71F3-42A6-8917-8B8FB5C343EB,,,,,,,ODN0005409460,z,right_only
D1D1E145-0E1A-4634-B604-A67C5982278D,,,,,,,ODN0002764573,z,right_only
9E34BDD2-FAA1-496D-A449-44AC834DCFB8,,,,,,,ODN0002768131,z,right_only
9E3BBB6E-3C4C-472D-90A9-B6EF0AD57A96,,,,,,,ODN0002774500,z,right_only
0FAF2E36-3E83-4B3D-83C0-3516C1321D38,,,,,,,ODN0002777036,z,right_only
0B056CA2-32D5-4484-93A0-1D89046EF7AE,,,,,,,ODN0005181944,z,right_only
5E902A69-CF09-47D9-AFE9-ACBCFBA2FF2A,,,,,,,ODN0002767085,z,right_only
3BBFC536-C050-41A8-A5D9-C8309015BD3E,,,,,,,ODN0002979638,z,right_only
426C2B61-18D7-4A39-A1E8-91345C218F86,,,,,,,ODN0005112058,z,right_only
50B45D5E-BCCD-4A60-9AEF-14CABEC2EC62,,,,,,,ODN0003908647,z,right_only
F212624E-2D88-4A0A-87EA-23F98E9A06E3,,,,,,,ODN0003909051,z,right_only
35E2BC2D-7809-459A-83AD-AD5EC2C9280F,,,,,,,ODN0004873430,z,right_only
D9F98F6A-EED0-4733-BD22-5E8B9D7E1D7E,,,,,,,ODN0004934727,z,right_only
66431BCA-05DD-43F7-8C19-16FC12C9AC43,,,,,,,ODN0005461896,z,right_only
BB28FEC8-E952-4A79-A979-6AD1C9B158D4,,,,,,,ODN0005461735,z,right_only
A8D0D45E-3A48-4040-AEC9-E245F87B41DB,,,,,,,ODN0005462741,z,right_only
CDE34236-B8F6-4676-B13D-3EBE2102E464,,,,,,,ODN0003956192,z,right_only
1F246E00-8EBB-4F59-9E4C-E17B5CB3412E,,,,,,,ODN0005532848,z,right_only
1E09C68D-F331-44C5-A64B-04BC5389A9FA,,,,,,,ODN0003956662,z,right_only
607CB951-CE45-45B0-832A-F4CE27AABA98,,,,,,,ODN0002979498,z,right_only
17E44C27-7D4D-4D1E-BD09-667778256893,,,,,,,ODN0003827612,z,right_only
36383E57-46F0-4409-B809-8AFCD2269890,,,,,,,ODN0003884700,z,right_only
F56F3816-9AC4-40CA-87D2-F3782F52B3C0,,,,,,,ODN0005072775,z,right_only
B70AB374-C691-4BD8-9574-25A1A0F8A0BD,,,,,,,ODN0005140234,z,right_only
452FB626-AB00-4F77-ADF7-47B586E14831,,,,,,,ODN0004658065,z,right_only
5C456812-3FDB-48D2-AEE1-BB52AD2197A2,,,,,,,ODN0005018628,z,right_only
A1DA8EA6-0133-4E06-BB59-E111D05E5743,,,,,,,ODN0005141129,z,right_only
E0E91B36-319C-4544-AFFF-3385F2F71A86,,,,,,,ODN0004764258,z,right_only
387CCADB-2C5D-4213-89AA-DA0E9F21B180,,,,,,,ODN0005038199,z,right_only
76BC0B72-1C0B-47B6-98FB-222DEB0C2CBC,,,,,,,ODN0005397964,z,right_only
0F6987F9-EC5B-41F7-8650-7F8B60E6F4D4,,,,,,,ODN0005223256,z,right_only
05D02344-BEE9-427E-8B09-CFB7756ECB6B,,,,,,,ODN0005038262,z,right_only
A7D573B9-289C-449B-848A-CAC4F0694D93,,,,,,,ODN0005182517,z,right_only
88E490E8-4133-482B-A458-1E9A92336F53,,,,,,,ODN0004668675,z,right_only
A42A486E-B8A2-4F40-ACE4-D37E6C8D48CA,,,,,,,ODN0004323910,z,right_only
D0D3EE63-584D-48D3-B796-E1BCAA311B53,,,,,,,ODN0005223330,z,right_only
262A71CA-269E-449A-9A47-A432AC4A67EC,,,,,,,ODN0003884037,z,right_only
58DD658E-6C48-4542-9DF1-FD4F770A21DA,,,,,,,ODN0005073043,z,right_only
C00F4BF9-0B88-4214-B405-F4BD773ECC06,,,,,,,ODN0004606902,z,right_only
6BF1716D-1B8C-4F13-B116-45E3149C4350,,,,,,,ODN0004786978,z,right_only
619E4D74-54CE-4703-A00A-E706DE03B800,,,,,,,ODN0005061911,z,right_only
288BA6FF-5BC1-486B-BE18-D6A9BA53E24D,,,,,,,ODN0004991821,z,right_only
AC96CE04-75D9-473F-B7F5-142855DD8CD0,,,,,,,ODN0005100103,z,right_only
B8B418BB-15F0-424D-9F58-932F03D60CE5,,,,,,,ODN0005061944,z,right_only
F9F4A624-35A1-486D-AFE6-2AF5D4DB8267,,,,,,,ODN0005223514,z,right_only
C3701B87-4088-4733-9B5F-A537B6E1A9DA,,,,,,,ODN0005223574,z,right_only
810DECB2-51BB-4EC8-BEEC-ADEB36E0BEB2,,,,,,,ODN0005073319,z,right_only
F52DDB1F-C078-41A6-810C-810972C357BA,,,,,,,ODN0005409835,z,right_only
B281820D-45A6-4305-A296-34EBE52FEB91,,,,,,,ODN0005398699,z,right_only
EB3A3CE4-FB60-4746-9B69-AF1B506D4C1D,,,,,,,ODN0004369509,z,right_only
9DD08357-E5A0-42F9-9530-5ED757B2B780,,,,,,,ODN0004617030,z,right_only
00B84D4D-E3CA-410C-9E66-545C99603DCD,,,,,,,ODN0005100696,z,right_only
18186AFC-AE86-43B9-B5B6-1695835AE28D,,,,,,,ODN0004454299,z,right_only
5DDEE68A-D78D-4D7C-8060-90232999E127,,,,,,,ODN0002732085,z,right_only
5144E313-1D34-433A-95D3-035CAFE14786,,,,,,,ODN0005337099,z,right_only
6807B21A-9305-414E-A277-0E65EE7F2BC8,,,,,,,ODN0005223746,z,right_only
C6C730FF-1D61-4857-B00E-7E222F48D369,,,,,,,ODN0005381033,z,right_only
5D269879-DDAB-4D62-85A2-E0A2C70B205A,,,,,,,ODN0004737567,z,right_only
DEC0C936-D045-473C-8B30-D9EFC4B0D2FB,,,,,,,ODN0004774529,z,right_only
AC13F6F8-5B4D-4014-A25F-6FB15643F2D9,,,,,,,ODN0005337241,z,right_only
5A082076-B21F-43C4-92EC-20A06BE523A2,,,,,,,ODN0005100863,z,right_only
7897E293-7E3E-4881-B003-00A8FCD77BF7,,,,,,,ODN0005019358,z,right_only
7FC933AB-D0A8-4B9D-A222-239AE9C7FBEA,,,,,,,ODN0005038857,z,right_only
E32A8BA5-259B-46EE-AB23-E2D76FAE7A06,,,,,,,ODN0005357252,z,right_only
EF198EE3-9527-4C9B-BDC2-F3F32E93CAE3,,,,,,,ODN0005223557,z,right_only
7B90FD5A-B862-4C20-B72C-0DCC5081C7E5,,,,,,,ODN0005223690,z,right_only
593E1194-85D7-48F9-B47B-57BAEEF8EEEC,,,,,,,ODN0002752128,z,right_only
3F8C7C6A-B1BE-4119-BC68-D83867FAE3B1,,,,,,,ODN0005223938,z,right_only
54BE0795-8977-4E69-BA95-454635F633E4,,,,,,,ODN0004863235,z,right_only
CA000809-ED73-4482-8040-633114F0EDCB,,,,,,,ODN0002981081,z,right_only
C028C8A7-82AC-4A9E-A186-9984F82A9D06,,,,,,,ODN0002750968,z,right_only
64303034-5002-48CA-ABBB-5AAC7C62AE4D,,,,,,,ODN0003305234,z,right_only
FE62CA90-18F8-4E39-AD15-AC9FE319DD86,,,,,,,ODN0005140617,z,right_only
C8A926D9-4ED8-450B-AAB1-559F4101B425,,,,,,,ODN0004537290,z,right_only
E1AB02DB-81C2-43A0-A633-D7987804C915,,,,,,,ODN0005397879,z,right_only
620F612D-4191-4FEF-BF86-562E2CA9C701,,,,,,,ODN0005099607,z,right_only
29E98346-33DD-498D-837C-D886029AFDDB,,,,,,,ODN0004991609,z,right_only
2FBCC8F4-2AA6-49DC-8B21-B6661E9756BF,,,,,,,ODN0003324387,z,right_only
BA195621-F707-4055-A981-7A26C2D41584,,,,,,,ODN0005182270,z,right_only
024C7145-6C95-4470-9459-A9B53A7D3E5A,,,,,,,ODN0005182280,z,right_only
71744FBF-6317-4424-BC10-BEABA723D08D,,,,,,,ODN0005281102,z,right_only
D45F069C-1934-40DC-AB4C-4E5ACF76397F,,,,,,,ODN0005182537,z,right_only
BA6B50E1-AEB5-4CD3-A39C-2BB3C8925BAA,,,,,,,ODN0004680067,z,right_only
11152422-FA39-4C85-98FE-2DACA879FFFE,,,,,,,ODN0005399406,z,right_only
88321C58-CA4E-4C97-B7EA-F42FEA71F0F7,,,,,,,ODN0004606841,z,right_only
099DC763-AFF2-4A08-9A7C-BF61F1BA02AD,,,,,,,ODN0005424358,z,right_only
E98C80E9-48C0-44DA-A06B-46CCCD6ACBD7,,,,,,,ODN0005183353,z,right_only
D8EB306D-3C33-426F-B9DF-4B8EF5CB4476,,,,,,,ODN0005304119,z,right_only
AD9275EA-2DC8-45FC-A066-CEB436107748,,,,,,,ODN0005183497,z,right_only
47B2A3C7-84E0-4778-AF30-150BAAC3FA41,,,,,,,ODN0005356228,z,right_only
752252ED-1760-468B-9573-26440E0D84B6,,,,,,,ODN0005304216,z,right_only
0C512D98-E6CB-4AFF-8FBB-E315AC30CD1C,,,,,,,ODN0005183534,z,right_only
5D96EB81-2773-4CF2-9882-F3EE3FF812FD,,,,,,,ODN0004737329,z,right_only
C3E80B8F-050A-4B12-8A84-3FE6BF473164,,,,,,,ODN0005038548,z,right_only
5C5A5C5C-1689-4077-A7DB-36F5E428C4F0,,,,,,,ODN0005223556,z,right_only
5DEC4B73-46E4-4AB8-9B5C-A95348715D62,,,,,,,ODN0005183666,z,right_only
BC4FEE96-4759-4314-9D1B-5AD4364EABED,,,,,,,ODN0002764711,z,right_only
A60D08ED-0F92-4EF7-B6A6-17AB9791D194,,,,,,,ODN0004382954,z,right_only
04A0EF47-3659-454E-B6DF-B70D2A38404E,,,,,,,ODN0005100472,z,right_only
B80707BE-A5D3-42B3-AA77-334D493197F4,,,,,,,ODN0005100476,z,right_only
B9DCE274-74B0-483E-981F-DFF2E35C1ADB,,,,,,,ODN0002979217,z,right_only
8063FF6B-BF55-4245-B93B-AE43C2571DA3,,,,,,,ODN0002979321,z,right_only
4C67D55F-1480-4A11-913A-046ED8B489BE,,,,,,,ODN0002776529,z,right_only
F4042D05-0D82-4FD0-8212-BE192A289805,,,,,,,ODN0002979522,z,right_only
3088EF8C-D316-40AA-A55D-7C4C4F4ACB79,,,,,,,ODN0005304566,z,right_only
A7D9E939-4F62-419F-8ECB-F92499A21E0E,,,,,,,ODN0005398782,z,right_only
3FC83C66-19BF-4AF3-8A98-349E5C1D063A,,,,,,,ODN0005462431,z,right_only
15B026BD-1FA2-4063-BA96-9D7FA972B5D2,,,,,,,ODN0004537695,z,right_only
307A5CF6-2304-40AF-8701-CFE4E1E74C6A,,,,,,,ODN0003324600,z,right_only
6103EB82-9862-4721-B132-151D0DF6F5CB,,,,,,,ODN0003315626,z,right_only
C3681E02-AEA9-4645-81D4-0101AF02E8C4,,,,,,,ODN0005356942,z,right_only
F4DCEDB6-1C57-4802-9453-C35A37F9C748,,,,,,,ODN0004774541,z,right_only
8166F09F-81CF-433C-8696-9083E9611FA9,,,,,,,ODN0005355126,z,right_only
E91CC04A-B83C-4797-B887-35CF7924A8EA,,,,,,,ODN0002981127,z,right_only
9FD21909-A417-483C-B71C-B22DED002EB8,,,,,,,ODN0003745862,z,right_only
780B6F78-4008-4A67-BA0A-A6ECFEF01E38,,,,,,,ODN0005223836,z,right_only
B6A85C04-64F6-491C-A722-5CBB364FB63D,,,,,,,ODN0005462783,z,right_only
0CA901FE-3BB2-4935-9A6D-7DA0DA5F7783,,,,,,,ODN0002982230,z,right_only
A2B56274-D429-46D0-9BAC-F08F0E1AB4C1,,,,,,,ODN0002982443,z,right_only
EB3DB5D5-097C-48E9-ABC0-51455476DF0D,,,,,,,ODN0003487753,z,right_only
A0280EA7-C932-4EEC-A897-F4663110C542,,,,,,,ODN0005357276,z,right_only
9857DB21-35F5-4370-8F90-31C91ABEF188,,,,,,,ODN0002709991,z,right_only
40AA4317-59B6-4C61-87D7-15FAD589472F,,,,,,,ODN0004705308,z,right_only
F3385261-8A71-4EFF-BBD4-D334B0DB3080,,,,,,,ODN0004323920,z,right_only
BC7327AC-F991-4A70-84D4-8810BB43C9ED,,,,,,,ODN0005336014,z,right_only
5EBC5C0D-5085-4DDC-BA4A-5373F6851029,,,,,,,ODN0004344486,z,right_only
4A9AEB9A-08DE-4DB5-A13E-DE0275765562,,,,,,,ODN0004324153,z,right_only
F49B18FD-18FE-45B0-9C45-B079B6AA1933,,,,,,,ODN0004326913,z,right_only
8B6B6EBA-01AF-4A89-98A8-BC63BCE83075,,,,,,,ODN0002761575,z,right_only
6181C937-ACFF-454D-B214-ACAC2D571177,,,,,,,ODN0002777215,z,right_only
6B7ADAF6-1D72-48A4-9CCD-8D65AD2F9D62,,,,,,,ODN0002764275,z,right_only
A0117D9B-9143-4FCC-BF91-E37384841912,,,,,,,ODN0002769282,z,right_only
C0B7F5F1-F90F-4801-8D3C-03509471CAE8,,,,,,,ODN0002775135,z,right_only
F863059C-A2D0-42D3-9330-DC3E4DFD13FE,,,,,,,ODN0002751105,z,right_only
69C33443-C7E3-4818-81AD-76B8C1A6F05F,,,,,,,ODN0005380041,z,right_only
0ABB31E1-0FF6-4FD7-B5D0-90661FF6E24D,,,,,,,ODN0005380205,z,right_only
D71D073C-7C3E-452F-8054-95BC6666F955,,,,,,,ODN0004202286,z,right_only
99A1637E-611D-4794-8AA9-8D353712AC4D,,,,,,,ODN0004729335,z,right_only
0EBCD100-0EE6-4B3F-B6BC-54CB239BC1B2,,,,,,,ODN0005238139,z,right_only
4088894F-1E56-46FC-960C-879D953A22E5,,,,,,,ODN0002977935,z,right_only
16FC2A6C-BE95-41DC-A2D4-A9E2F6DB4377,,,,,,,ODN0002984799,z,right_only
096EFEDC-F7B1-4264-AE7E-8F7C952FD65B,,,,,,,ODN0002984800,z,right_only
B8734EE2-1233-47DD-8835-190A2EC39680,,,,,,,ODN0002984801,z,right_only
1955E6B7-CE95-4279-AA00-D0CFBFC50F28,,,,,,,ODN0002767879,z,right_only
B1C2C551-38A6-434D-A1A1-B9158C84D666,,,,,,,ODN0002978244,z,right_only
B817D91E-4A8C-433B-A502-F0E33C2A2369,,,,,,,ODN0002982673,z,right_only
4AA98481-3A12-4769-A487-3196D62B1044,,,,,,,ODN0005461813,z,right_only
9939578B-4D89-4B52-9DBB-9F471422B53A,,,,,,,ODN0003638975,z,right_only
C73BC6F8-EBC2-447E-B68B-F888BEA0F216,,,,,,,ODN0005223994,z,right_only
3EBF5EA6-E62F-4EE8-A0B0-B99AA15C6033,,,,,,,ODN0005337369,z,right_only
D9D63582-F263-4B4B-A063-C5A1ECF13479,,,,,,,ODN0004705418,z,right_only
4FD5D34D-7B3B-4091-B8EC-501A4EDF9A43,,,,,,,ODN0003153149,z,right_only
65F95E61-2433-4B83-BB0B-6E7028D7E77F,,,,,,,ODN0003155018,z,right_only
23B15682-73AB-440C-86AC-E632381663D2,,,,,,,ODN0004462786,z,right_only
B5D94C08-7D73-4298-97FD-AFFA864909C1,,,,,,,ODN0005261801,z,right_only
D07D6259-6BA4-4D31-81D6-8F1824FD2748,,,,,,,ODN0005461024,z,right_only
240567C9-1F22-4676-90C4-69F6AC1A9292,,,,,,,ODN0005461446,z,right_only
DC5BBB19-C5F8-4720-B5D2-4E2842D2BF80,,,,,,,ODN0005533191,z,right_only
820E836B-7766-4CBC-9F82-5A1EFCF50739,,,,,,,ODN0005462757,z,right_only
16CF1075-9258-40B3-8374-A4CD9F1F6970,,,,,,,ODN0004873124,z,right_only
3267ABAD-B4F4-46A8-9551-8E4DE367D680,,,,,,,ODN0002980651,z,right_only
F96BA70E-7ACD-46F6-8ADB-35F656DD24E4,,,,,,,ODN0002762742,z,right_only
896F2788-AB20-47F0-8F27-CA69FBC40047,,,,,,,ODN0002725302,z,right_only
58A42D63-416D-4EE4-8FAF-791AFAE37E39,,,,,,,ODN0003484784,z,right_only
6800313A-1A9E-40D8-8B80-6CA118FBE9FE,,,,,,,ODN0005355426,z,right_only
DB8FF107-4404-4199-82AB-3A1781B22C0E,,,,,,,ODN0002710185,z,right_only
2956DF99-3D8D-400C-BA17-8F65905EC8E3,,,,,,,ODN0005182507,z,right_only
030BB1A6-4DEE-4C90-83EB-903E90D64A98,,,,,,,ODN0002771703,z,right_only
E48379F3-849B-47D2-B790-A4C76B85133A,,,,,,,ODN0002762481,z,right_only
6CFF296A-7B17-4BE4-A7BC-DCB0F5095BAD,,,,,,,ODN0002770310,z,right_only
62911B17-50A3-4923-BA9F-DDB48A879F4B,,,,,,,ODN0002775286,z,right_only
8CCD316D-D279-43F1-AB67-E3A14E7280FB,,,,,,,ODN0002775298,z,right_only
05851523-7681-4C16-A76E-02C3B37B52D9,,,,,,,ODN0002777512,z,right_only
092BAED8-5496-4B93-87BF-AD2A474637EA,,,,,,,ODN0005261880,z,right_only
6FEA15D6-3B9B-4D47-BD69-E2D3FB9F6792,,,,,,,ODN0005281066,z,right_only
D40AF661-3E76-48EF-8D25-FD602EC93116,,,,,,,ODN0005281212,z,right_only
0F3A3972-7C83-4EDF-84F9-563DC0B952B4,,,,,,,ODN0005281345,z,right_only
6EA6CAB6-7342-460B-8BB1-A771A578F7D6,,,,,,,ODN0002777675,z,right_only
5E96F8EE-0BD2-47DB-9BB9-D79F9DCDB030,,,,,,,ODN0005281485,z,right_only
AD24FE0A-F56F-4D37-921D-BC414F146950,,,,,,,ODN0005424444,z,right_only
E10FCFEE-69A7-44E9-AF83-59F241FA6CC3,,,,,,,ODN0002763004,z,right_only
C193466B-FFC0-4F7A-B4BA-870F74BAE468,,,,,,,ODN0002978396,z,right_only
69004330-2483-4778-9CE6-F4BF173C93EC,,,,,,,ODN0005144953,z,right_only
EF0F3CC2-B605-412C-8DD6-B746630B677A,,,,,,,ODN0002753314,z,right_only
7784E92E-6764-4F02-90B4-9D765D522051,,,,,,,ODN0002771862,z,right_only
70502691-2214-4312-8D62-F13E0A61C866,,,,,,,ODN0002981771,z,right_only
A24134E8-00E0-4CB4-B402-A024D07ABC52,,,,,,,ODN0002767026,z,right_only
850DAC29-69CF-4044-885A-E5530F3CFB57,,,,,,,ODN0002767280,z,right_only
B5B5101F-CA86-48A5-85B6-EE80768E7553,,,,,,,ODN0002769418,z,right_only
EF60ACEF-3D05-4BDE-AA79-3EDED80A7416,,,,,,,ODN0002776872,z,right_only
63442A88-E3A7-483F-BD60-862380CF4142,,,,,,,ODN0002776879,z,right_only
AE04CA4D-55DC-48B6-9359-0CB867193B27,,,,,,,ODN0002777363,z,right_only
8109A16F-EF63-4F5C-BC49-C9EEB810AB15,,,,,,,ODN0002976891,z,right_only
75159CED-CD0B-44D1-8AE8-A6052E955B0E,,,,,,,ODN0002762830,z,right_only
50DD3A71-ACF7-4925-AED2-9A9BDF9EE605,,,,,,,ODN0002739906,z,right_only
4CFFBA96-0CCD-44C6-9C76-6E23BDC7EA2C,,,,,,,ODN0005497509,z,right_only
F4BD3B9F-F3B0-443F-AEFA-7D8479B897A4,,,,,,,ODN0004892960,z,right_only
4B08E32B-AD14-4183-AAE9-FD7EA3C9ABF1,,,,,,,ODN0004691310,z,right_only
510F7911-0A7F-4523-A527-B15BD6DB2570,,,,,,,ODN0005462195,z,right_only
975E6F5E-DBA1-4C6F-AC96-207C249B31E5,,,,,,,ODN0005497812,z,right_only
82A9EE74-EFC3-4825-84DD-43B9DFE3CAE8,,,,,,,ODN0002761175,z,right_only
7CE3E25D-BA3D-4AFD-A19A-A753EBFEF807,,,,,,,ODN0003674677,z,right_only
C27AB51D-F58B-43DC-A1FC-E56D0593F576,,,,,,,ODN0002761594,z,right_only
015E91A0-1CCE-4BB1-AEC5-55735F984206,,,,,,,ODN0005213906,z,right_only
1030AA3A-6098-402D-B115-DD1B03EF26FE,,,,,,,ODN0002762929,z,right_only
B11A8094-EBE6-4729-B274-0B0D14BEBD3D,,,,,,,ODN0005461132,z,right_only
0CC8BF62-DB46-4D7F-AE3D-19A4D0099A01,,,,,,,ODN0002763131,z,right_only
BA6D2AC3-139D-40FB-8A34-6F0746DB755D,,,,,,,ODN0002763171,z,right_only
913BDE1D-B559-4F09-BCFA-54B208280A29,,,,,,,ODN0002735601,z,right_only
715F13FE-F4E0-4004-B233-1E5E373BB843,,,,,,,ODN0005461154,z,right_only
610F5C7B-EFC5-413B-94BE-7F2C48304EA1,,,,,,,ODN0003674765,z,right_only
4CDAEF17-19C4-43EB-9820-9D5B8242819A,,,,,,,ODN0002763450,z,right_only
1D1CBC9B-F295-45AA-B863-F44BD1F9BA2C,,,,,,,ODN0002763462,z,right_only
18C01DD0-0A28-4901-95E5-B7A449335603,,,,,,,ODN0002740190,z,right_only
D6D13111-81FC-457D-B130-8AB85114527A,,,,,,,ODN0002764199,z,right_only
42E126E4-9C18-451B-9569-2A559B1267AD,,,,,,,ODN0002802052,z,right_only
A470A485-A051-4731-A39A-A16FB8CB297D,,,,,,,ODN0002765271,z,right_only
5D8E07C4-8E66-4753-81D3-059E65F6A4DE,,,,,,,ODN0002765727,z,right_only
9E558030-0B15-4919-97B6-277FAE89DFA5,,,,,,,ODN0002975330,z,right_only
C9CA11A5-D644-4198-9F30-5565E5E87416,,,,,,,ODN0002766296,z,right_only
4E081B57-1573-461D-A02F-AAAF516EB64D,,,,,,,ODN0002766298,z,right_only
9CCEDD7C-367A-4E89-A060-9E1793FB4D71,,,,,,,ODN0004323789,z,right_only
D95424ED-F833-458F-8C39-DE9D5EC81A69,,,,,,,ODN0003560512,z,right_only
499CE09A-15A6-4419-A229-A4C88EBDFDAC,,,,,,,ODN0002766958,z,right_only
0DC87529-8F9C-4E4C-BBE7-B9BB13E4BDB9,,,,,,,ODN0002767852,z,right_only
23C452FF-1798-44FA-9A95-AD64A2E530E2,,,,,,,ODN0002768229,z,right_only
9536E5F3-CA9D-490A-8546-D6E38F8E9482,,,,,,,ODN0005461601,z,right_only
6823326B-9150-4A95-98D5-DF9202DAC361,,,,,,,ODN0002768373,z,right_only
40C00D81-FE9E-4833-B06E-E62C9567DC97,,,,,,,ODN0002976617,z,right_only
E0017874-FA65-490F-84BD-6011EA8FA544,,,,,,,ODN0002768784,z,right_only
C961EE6C-E092-4ACD-8679-BF04198863CD,,,,,,,ODN0002768812,z,right_only
9B86E11D-F0B1-4273-94F7-F2EA885D17B0,,,,,,,ODN0004774268,z,right_only
88F15169-A7A7-4BAA-9595-A6A60FC8C4AF,,,,,,,ODN0003141186,z,right_only
3189F3C9-6E63-4F52-B567-C33F44F3D83D,,,,,,,ODN0002769138,z,right_only
C045C1D6-0CCB-4176-A5BE-E0526C5F9F20,,,,,,,ODN0004892993,z,right_only
A40F7266-09A0-487D-9393-3D8F28B1A486,,,,,,,ODN0005461805,z,right_only
3C3BDB82-AF31-4091-BEFA-4D183649110E,,,,,,,ODN0002771497,z,right_only
02838B98-5535-498F-8B5A-9C02066CEE5F,,,,,,,ODN0002771802,z,right_only
1A09BA7B-7A5D-4A0D-8869-013F3EE8B3C8,,,,,,,ODN0002771960,z,right_only
B6FB249C-869F-4B74-AF2E-D39623EA295F,,,,,,,ODN0002772241,z,right_only
47A4B8C2-D1F7-460C-A272-FAB6557EF299,,,,,,,ODN0003305198,z,right_only
893D54BB-C083-48B0-BD09-D8EF291C02FD,,,,,,,ODN0002977934,z,right_only
AA29A40A-C73B-47AB-BC5B-3C865A317F94,,,,,,,ODN0004902761,z,right_only
78F8BD05-2235-4DA9-AB42-68CDB3604AC4,,,,,,,ODN0002772650,z,right_only
83E0ED09-7106-4667-8F81-3338571FDAB9,,,,,,,ODN0002978442,z,right_only
C451E49D-507E-46FF-A67C-B99FDFF37FF2,,,,,,,ODN0005462073,z,right_only
A618A941-222D-46F6-A008-95D52943F6CC,,,,,,,ODN0002764704,z,right_only
19663E25-32F3-45DE-BB53-20CBD2454122,,,,,,,ODN0002775507,z,right_only
9191874E-DDF0-4FC1-A05F-5671C62CC11B,,,,,,,ODN0002775712,z,right_only
90939940-502D-4E65-8066-3CFD8FD1E070,,,,,,,ODN0002775944,z,right_only
018B08E0-3BBB-4374-826E-DD3DB0FA7287,,,,,,,ODN0002775978,z,right_only
0CD1B2EF-390C-4D6F-896C-58B6F2938D47,,,,,,,ODN0002776781,z,right_only
92E389FF-2012-4D8E-819C-CE6CCB8C57AA,,,,,,,ODN0002777565,z,right_only
7646FA54-5880-4F51-B0B7-4477121AEEE4,,,,,,,ODN0002749260,z,right_only
C8D1BEFA-0294-462F-B892-855D535A7B0F,,,,,,,ODN0003305519,z,right_only
4E09DDD0-78D6-45EA-A650-97D87918E679,,,,,,,ODN0002985238,z,right_only
4B803442-3F50-4602-9565-751F3EA2400E,,,,,,,ODN0004873402,z,right_only
AEAC1A44-F9D6-4F6C-A192-35E6AF84DA8D,,,,,,,ODN0005534318,z,right_only
22A333CF-A983-4FFC-A57D-E27D80A95027,,,,,,,ODN0004879524,z,right_only
20AE2DC1-3FBE-4FA3-8ED7-BF8C8A2EACDC,,,,,,,ODN0002981698,z,right_only
2F9F22E5-2D4C-4844-B1E2-9C128B3DA537,,,,,,,ODN0002751696,z,right_only
C907836B-FD1F-47EE-BBD3-8404679BE33E,,,,,,,ODN0003284342,z,right_only
1ABCD722-EDD4-46FC-8EDD-6C787EFA1B85,,,,,,,ODN0002752008,z,right_only
270F66ED-1714-4BA3-BC2E-806B282CB36A,,,,,,,ODN0004863906,z,right_only
ACD07E94-2A13-44A5-BFC9-9D8D23F4136D,,,,,,,ODN0002785167,z,right_only
0EA0F810-0AC1-4FD3-8023-6FECC0F93D4F,,,,,,,ODN0004943283,z,right_only
C7050A23-506F-4632-95F3-C6DF59FB9DC7,,,,,,,ODN0004892856,z,right_only
19513B77-AFC0-4553-BB36-D2D17FEBA2A1,,,,,,,ODN0004863439,z,right_only
1E6FB062-D38E-4971-8BC6-DA6D0C9F3AA3,,,,,,,ODN0005397648,z,right_only
BFBF3BBF-CAD2-4FCF-955F-BB5BDD8E498B,,,,,,,ODN0005261842,z,right_only
331EB1E5-9C28-46F4-B804-3FDD9B3CE792,,,,,,,ODN0005182173,z,right_only
1D4CDC5F-0D99-4588-95A2-C615F57DDD54,,,,,,,ODN0005261920,z,right_only
41DD4958-4E0F-4659-8C66-0B8D9788B44F,,,,,,,ODN0005398287,z,right_only
E98607F9-E172-41CC-BB7C-2F751CA5B9AF,,,,,,,ODN0005398388,z,right_only
007CD678-AF34-4F41-831F-66738AF2878A,,,,,,,ODN0005356113,z,right_only
3A034773-35BA-44B8-8C8C-58A5A816E650,,,,,,,ODN0005398472,z,right_only
71846CBF-BC66-4F24-BB83-09EC168EBDC0,,,,,,,ODN0005262292,z,right_only
961E728A-B394-4484-8A88-2962633AE2F5,,,,,,,ODN0005262498,z,right_only
031AFC75-BF6F-4B49-8728-B94C1A050927,,,,,,,ODN0005101072,z,right_only
D0CF3E47-C533-4EFC-B285-1F0DAFC3EC6E,,,,,,,ODN0005337563,z,right_only
0FFDA998-157E-4513-A372-F5822B8AE8A0,,,,,,,ODN0005182079,z,right_only
6B2B0727-CF04-4463-ABA8-609AF339ABA2,,,,,,,ODN0002739598,z,right_only
8104B7FF-E295-495E-AD4D-9E671AA30223,,,,,,,ODN0003688121,z,right_only
7E1F5A5A-59D8-445C-9370-116829895001,,,,,,,ODN0004658113,z,right_only
8CAE6150-C94B-4BB0-8708-17FB4D544E83,,,,,,,ODN0004182927,z,right_only
954F34D3-C11F-4C1A-9E20-2134C4ADAAE3,,,,,,,ODN0004679989,z,right_only
71BEB58D-2E3D-4FD9-99B0-C9766016189E,,,,,,,ODN0002764639,z,right_only
5EB6E65B-3677-4A9B-AC14-2A13D79DD55E,,,,,,,ODN0002765144,z,right_only
D3E257E7-D512-4D5D-BCBF-135B98975FB2,,,,,,,ODN0002765617,z,right_only
33E55846-9134-41B9-A639-7D54292DFD90,,,,,,,ODN0002741264,z,right_only
2E1A9CC4-3171-4BDE-AB73-F080BA546184,,,,,,,ODN0005182353,z,right_only
95116EF9-AFBA-441B-BCC3-93BFC231F0CF,,,,,,,ODN0003967166,z,right_only
3D0DC7A9-D144-4777-8BC6-AD8F4DFBE3EA,,,,,,,ODN0002765619,z,right_only
D9E92E57-B1FE-4876-86BD-20A237BD5FC9,,,,,,,ODN0005247885,z,right_only
60EFBAAF-68EE-4A95-898B-79E0D4FAB9F3,,,,,,,ODN0003754208,z,right_only
FA7EF833-0319-4F06-A409-B410260A7D15,,,,,,,ODN0002742944,z,right_only
077EB41A-7D73-4D2E-AAB0-C6B1486AC371,,,,,,,ODN0005204507,z,right_only
A57018A5-F0B4-4BAD-B259-FE5C2E4DBC18,,,,,,,ODN0004183034,z,right_only
7FC851A5-26F6-4413-86FB-17DB56EB0759,,,,,,,ODN0005183822,z,right_only
DC585880-2CCC-412E-9161-E80BF91D92DE,,,,,,,ODN0005183820,z,right_only
7F0289E0-5F5F-4FA0-9729-86E0D93E8B31,,,,,,,ODN0005183821,z,right_only
4596F19E-22D6-400A-8EDC-85B976A1D507,,,,,,,ODN0002748310,z,right_only
3A9D3B5A-6D33-4978-9F7F-FC3982658FAC,,,,,,,ODN0005183949,z,right_only
2190E620-0D8D-452D-ACC3-D042D93FD8AF,,,,,,,ODN0002777233,z,right_only
ED166F3A-9AAB-401B-B683-D81BF740EDF3,,,,,,,ODN0004680715,z,right_only
99F1D4ED-941E-432C-9F48-2CC326679953,,,,,,,ODN0005206145,z,right_only
684CB2D8-BBFE-4F5E-84E9-FD86B8BC2B16,,,,,,,ODN0004496369,z,right_only
6CBBD45E-E7DF-4C9B-87C0-58CDBDD7EB18,,,,,,,ODN0004055318,z,right_only
52DB0549-F7A5-4847-9343-C4EC6CDD822A,,,,,,,ODN0003789222,z,right_only
2064EDD3-ABCB-4061-B726-EAB8F94E5073,,,,,,,ODN0004055325,z,right_only
6101B7A7-23C9-452D-B417-97D26057EEF1,,,,,,,ODN0004606672,z,right_only
F94E10B9-2346-4F0F-9978-6873923203F5,,,,,,,ODN0004390530,z,right_only
CDC5ACB0-E552-473A-A625-811B1126F75F,,,,,,,ODN0004055366,z,right_only
2C999D23-0543-41E0-86CB-F0A2423207D7,,,,,,,ODN0004323534,z,right_only
DEF6E1F6-B899-4E43-BB6F-EF8E3C2525D4,,,,,,,ODN0004055373,z,right_only
A43B55FE-3FDD-4877-83DF-A0BD3EAEF197,,,,,,,ODN0005281000,z,right_only
B0151B52-DD1F-45E7-AA2F-8FAB264A9A2E,,,,,,,ODN0005397946,z,right_only
E8B67646-BB88-4831-9EBC-E61827917711,,,,,,,ODN0003383282,z,right_only
BCEA5EA6-9CBB-43A2-B419-B343B37D0775,,,,,,,ODN0005424245,z,right_only
08256AEF-910E-4839-90DD-65A3A1023569,,,,,,,ODN0004055448,z,right_only
E3B6AF3C-2A57-469C-AEDA-D25C718CDC71,,,,,,,ODN0004658342,z,right_only
BB4D08A1-F75E-4DEF-812B-765631D6D95B,,,,,,,ODN0004409270,z,right_only
AC3CF9D0-CC8F-45BD-AA79-079E6EB47A06,,,,,,,ODN0004616814,z,right_only
89A53F98-8E0D-4B86-AAB1-88D2B10A038A,,,,,,,ODN0004737256,z,right_only
49617AF6-4492-4950-8B10-98C1E7970BA5,,,,,,,ODN0005424495,z,right_only
7426B0B3-AED1-4EDF-B7F1-47555C6FF22C,,,,,,,ODN0004527894,z,right_only
3BBB6FE9-08A4-4694-B828-A42DA4172983,,,,,,,ODN0005409774,z,right_only
4EF5387F-3A99-4A2A-97A2-2D8D9BBC76E2,,,,,,,ODN0003908926,z,right_only
5E152F86-111E-4C24-A052-F12643A439B4,,,,,,,ODN0004589634,z,right_only
A06E8C77-8B15-41F8-BD75-B6C9F4BF4BD9,,,,,,,ODN0004409403,z,right_only
EBB892E0-3FE4-4D2B-BA4A-A42DEE2D8DFA,,,,,,,ODN0004331947,z,right_only
BAA02F35-4495-4519-8EF3-55FFA82C8D80,,,,,,,ODN0003315436,z,right_only
A78FFB52-6765-42E9-9D7F-FAE6BF618248,,,,,,,ODN0003967470,z,right_only
AB2B62B0-C8B2-49AF-8487-ACFC30A04852,,,,,,,ODN0003945678,z,right_only
8D032425-376E-45C5-B10B-713735DF37C1,,,,,,,ODN0002979959,z,right_only
ED7B4B95-DC4E-4C3B-9DF2-872044AF7365,,,,,,,ODN0004454262,z,right_only
97212854-8752-4A64-A2E2-D3FFDBF2F0A9,,,,,,,ODN0005238916,z,right_only
8922C096-8C5A-4385-811C-6AAD86CC8DC3,,,,,,,ODN0004537706,z,right_only
DBC01959-D26A-4414-8EB4-0EE5473ED79D,,,,,,,ODN0004893409,z,right_only
E4920887-5C69-4741-978A-39FB5FC10C9B,,,,,,,ODN0003909223,z,right_only
21541761-1C16-4ADE-854C-7905DB77620B,,,,,,,ODN0004487937,z,right_only
F078AF6A-48DC-4305-A8B2-099CF7AD7CE5,,,,,,,ODN0002752796,z,right_only
D875A4EB-B037-4A4D-9552-5BA6B9B05859,,,,,,,ODN0002784875,z,right_only
80DE8713-C763-4A96-927F-B84AD4A04D81,,,,,,,ODN0004680691,z,right_only
BCF11D2D-A697-4C68-9899-B0FB011CFE49,,,,,,,ODN0004488026,z,right_only
2EBFD41B-6A2E-42BC-9C41-91B66598AE24,,,,,,,ODN0003284492,z,right_only
36EF5C87-BB1B-4B1D-8639-E5616D237033,,,,,,,ODN0003597288,z,right_only
28A542CA-4272-43D6-8ECA-450274E4DC96,,,,,,,ODN0003576257,z,right_only
435478CA-6D22-4CCC-A096-3EDC81DAFC69,,,,,,,ODN0003606353,z,right_only
4E101A4D-2006-4F2D-A9BB-F88252C06AD4,,,,,,,ODN0003791183,z,right_only
2C2AA4A2-E82A-4272-9383-5350F6159590,,,,,,,ODN0003238411,z,right_only
1F28CF0D-28A2-4B68-8B44-0E4A9BBE4375,,,,,,,ODN0003823982,z,right_only
BD5F572C-75F7-4B46-ADCA-2D83D1FE2C4A,,,,,,,ODN0003386420,z,right_only
718762FA-AB35-4DA1-8539-DA92F8EC6138,,,,,,,ODN0002784869,z,right_only
A837CF43-46AE-4D60-89DD-9F8F369DCC57,,,,,,,ODN0002784871,z,right_only
CF53C2CA-EAB8-4E25-9E5D-2B59D8446D91,,,,,,,ODN0002784872,z,right_only
8E1EAAA0-949D-4AEA-BC0B-AC5D9471214F,,,,,,,ODN0003452606,z,right_only
FF1B19E7-F855-485A-90E0-43784D26082C,,,,,,,ODN0005238130,z,right_only
3107A5E0-E35D-4684-B41A-174B5FF70FB3,,,,,,,ODN0005238232,z,right_only
5CEDA7C5-F3E4-415B-8817-9D95EBD978A8,,,,,,,ODN0005238491,z,right_only
FEC1EAF2-3F0B-4409-8EC6-EFE314A8B124,,,,,,,ODN0005238610,z,right_only
4FD27958-3A91-46FF-B40D-C60293C080A8,,,,,,,ODN0005238611,z,right_only
96A08FD8-0E5D-4F94-AD93-17C3CA427B77,,,,,,,ODN0004225057,z,right_only
06C597C6-90F9-4969-BC8D-9629F92BCE8F,,,,,,,ODN0002753095,z,right_only
5201B676-2C69-42D4-859C-CA404906029C,,,,,,,ODN0004668816,z,right_only
4E049E16-73A6-4C9A-BF3D-B260F648F573,,,,,,,ODN0005182299,z,right_only
CF772E5A-858C-471C-B5F6-FC5E86C6B7B0,,,,,,,ODN0005398203,z,right_only
EEE92551-0D5C-4BDD-9772-D49967F0BD49,,,,,,,ODN0005303903,z,right_only
D7E75D88-A8B6-4528-A2ED-A4F5AE64E02C,,,,,,,ODN0002768173,z,right_only
1074F299-5D25-4097-9116-6A4D1920457E,,,,,,,ODN0005380424,z,right_only
86D6BAF9-8608-44EF-B5FB-ECA0ADC8B53E,,,,,,,ODN0005424746,z,right_only
E26077AA-EB28-43D0-917C-52B67E0D5E51,,,,,,,ODN0005381066,z,right_only
AE432D97-87D2-40EC-BFD4-86234DF6FAAF,,,,,,,ODN0005038791,z,right_only
F7E59578-F879-4197-9928-7AF2CAC05758,,,,,,,ODN0005399014,z,right_only
E76196AC-B1C3-4D6A-9637-8AC83D1E0F1E,,,,,,,ODN0005399083,z,right_only
4458FA99-FE7B-49B9-9D61-A1C0A7E0ED76,,,,,,,ODN0005462902,z,right_only
60AEFBDD-8979-44D4-94F2-9295AA4F358F,,,,,,,ODN0005237992,z,right_only
29E3AEF4-1E92-40E5-987B-CAD6402C2B1B,,,,,,,ODN0002764381,z,right_only
FC6EBC1A-480E-4B3B-B8A7-60ED33BD088F,,,,,,,ODN0002765658,z,right_only
9575E109-DA37-4EFE-88D1-FD34FF267815,,,,,,,ODN0002769437,z,right_only
5B4CA373-E56D-48CC-83FC-194F74BAF71C,,,,,,,ODN0002981542,z,right_only
77114EA8-A3DF-433F-9509-3E74B3A0F551,,,,,,,ODN0003723903,z,right_only
29573E4E-7453-484A-ADAA-FC7114A67870,,,,,,,ODN0004569282,z,right_only
38DE7FD5-95FB-457C-B003-3052B70A5633,,,,,,,ODN0002767482,z,right_only
9356AE8A-4436-411A-8C86-4C9E408470AD,,,,,,,ODN0002767581,z,right_only
CE09B388-9434-418E-8375-040B231EFB7B,,,,,,,ODN0005532839,z,right_only
CDCD541C-356F-4398-82AE-CAE5EB7B1595,,,,,,,ODN0002770154,z,right_only
692EFE54-1492-47EF-8990-9D26DD16010D,,,,,,,ODN0002977459,z,right_only
1287015A-9B9D-4E52-A9C2-6F251C00810B,,,,,,,ODN0002977876,z,right_only
686D7F1B-23E9-4148-8B56-3F7C6F231DBA,,,,,,,ODN0003284141,z,right_only
AF762B1E-36E8-480C-AB3D-B485A600943D,,,,,,,ODN0003367401,z,right_only
1B18B3E9-43FF-4A33-9664-629253C4174E,,,,,,,ODN0002775512,z,right_only
DD2D43EC-A055-4946-9FB0-5C4158E5EF33,,,,,,,ODN0002777546,z,right_only
511D25B2-5158-429E-8CBD-A6C8B01E7C03,,,,,,,ODN0004873451,z,right_only
07C07E9F-F9CE-4A59-8BCC-F5BDDD2DF74E,,,,,,,ODN0002776394,z,right_only
2CFED9F9-D137-4B0F-ABED-D2C3797C52A3,,,,,,,ODN0003894164,z,right_only
2EF63578-571B-4279-B984-C2F2A14B78BC,,,,,,,ODN0002752779,z,right_only
6964CDA6-D678-483F-BAAA-61FDB50FBC22,,,,,,,ODN0002762537,z,right_only
3077F28C-FDFE-4524-A86B-736E745B5A8C,,,,,,,ODN0002767896,z,right_only
1F9D1C0D-35F2-4731-AD59-7E33F695A371,,,,,,,ODN0003153455,z,right_only
F5F16EF9-70D0-4E55-9773-C53AEECF890A,,,,,,,ODN0002775017,z,right_only
994D46DA-0873-42B0-97FD-4712C14432D7,,,,,,,ODN0004555963,z,right_only
DEACB6DA-F56B-4CBF-9048-C26547753FE4,,,,,,,ODN0002979719,z,right_only
F38C2065-B360-4BB2-96A1-DCA6E4330F8B,,,,,,,ODN0002980782,z,right_only
07680281-48AD-4740-864D-0B249D7B7098,,,,,,,ODN0002777709,z,right_only
67CE89FE-7740-4BDD-947F-DF5DD8E0657D,,,,,,,ODN0002776225,z,right_only
2CC21D7A-74D7-4102-A6B1-A0DAC6B184B5,,,,,,,ODN0002984609,z,right_only
524DB399-2A5A-4B87-8954-ED35EE214B98,,,,,,,ODN0002982224,z,right_only
F9DE6D86-F7FC-455F-8CE9-ADB2C57DA3F8,,,,,,,ODN0005304050,z,right_only
1D0FA93D-F0DA-4657-8483-0A8534EC4AD8,,,,,,,ODN0005304429,z,right_only
C1536870-2ED7-4685-84A6-246EFDDB63CD,,,,,,,ODN0005531775,z,right_only
8A77DAA1-178E-45BA-B328-8AA851A9FC26,,,,,,,ODN0005460976,z,right_only
53874C91-8CCC-4C46-B725-97B7317C2B2F,,,,,,,ODN0002976049,z,right_only
9B8D461D-BC15-4286-9963-802A2AE261F4,,,,,,,ODN0005534654,z,right_only
55C3B69B-53E0-40DB-A786-CA707A35580B,,,,,,,ODN0004991587,z,right_only
C7048E91-E876-4727-B019-FFBB337EC289,,,,,,,ODN0003574883,z,right_only
582E5C41-19B0-4211-AD2B-75A6CC43A6EA,,,,,,,ODN0005461272,z,right_only
3260756A-7C79-42F1-A184-E69A2A599506,,,,,,,ODN0005498066,z,right_only
977B8249-0755-44B4-93F4-33984C14BCA3,,,,,,,ODN0004863505,z,right_only
030973BA-DF9F-4586-BADD-F9A8EEF6E744,,,,,,,ODN0005461736,z,right_only
A3A17BCA-3E66-40F2-9CC1-DF1B91405836,,,,,,,ODN0002977570,z,right_only
6D6499FE-90B0-4331-99BA-9AE8582D783D,,,,,,,ODN0002979967,z,right_only
1F7FF04F-1377-40ED-A74A-84B1EEAEB271,,,,,,,ODN0005460825,z,right_only
314D3602-1B0F-46D9-AAD2-C5CBF87D29BF,,,,,,,ODN0002766189,z,right_only
C0B05A21-4D26-4941-AEA6-D9D36E56FE84,,,,,,,ODN0002767090,z,right_only
5B5A26D9-58C5-4B8E-8D18-A7B9BDA46BB0,,,,,,,ODN0004201950,z,right_only
CB8191C8-96DC-4E80-8E4B-1C93004F8D2A,,,,,,,ODN0002984819,z,right_only
BBE73328-71E3-4DBF-9C95-0A25CEFBAB73,,,,,,,ODN0002985234,z,right_only
1EA9B7D2-3A53-4929-9804-E72420739A25,,,,,,,ODN0004902935,z,right_only
23470727-D964-4003-9F1C-40822296334D,,,,,,,ODN0003652100,z,right_only
0CA440FC-9139-431B-BC14-70DC47E4A106,,,,,,,ODN0002977339,z,right_only
765FAD7C-B72B-40B3-9BE0-6352E3B41B98,,,,,,,ODN0002766335,z,right_only
15FC76B3-B1EF-4400-8595-03AA9B465547,,,,,,,ODN0002779869,z,right_only
93947138-6861-46C9-AFB0-22ED550E6D98,,,,,,,ODN0002762357,z,right_only
AFDE8B87-4C01-490C-98E2-E099BF70ACC9,,,,,,,ODN0004668814,z,right_only
0C970AA5-52F6-4E44-B066-C559E0135797,,,,,,,ODN0004144345,z,right_only
CF03D6C0-11D3-43D5-BB4E-575DB314B7BB,,,,,,,ODN0005262556,z,right_only
CD5E885C-5DE5-415E-9077-3B21ED8D1538,,,,,,,ODN0002741617,z,right_only
9C6F2AF8-2534-44D1-99B1-3539C5554DAF,,,,,,,ODN0002761408,z,right_only
875523AB-63AB-428F-8408-5943F8B04A80,,,,,,,ODN0003840601,z,right_only
D03E42FD-54DB-4482-9765-4F8C08F781DE,,,,,,,ODN0002764611,z,right_only
CEFDCA25-4A3E-49A3-8DD6-69665FB66AC7,,,,,,,ODN0002765145,z,right_only
6D2B9FC0-06B6-414B-84E6-1379B7391009,,,,,,,ODN0005398058,z,right_only
BBB655B8-8937-48B9-BEA8-0CF4D180FD4F,,,,,,,ODN0002765986,z,right_only
39E8DE02-7EF7-474E-94B1-BFD041627D78,,,,,,,ODN0002766053,z,right_only
29B40184-F35F-4F9A-8920-A32FA2E586A3,,,,,,,ODN0002766775,z,right_only
8DF8F5DC-73DD-4366-B721-D2565E157393,,,,,,,ODN0004616741,z,right_only
FF99015F-95A2-400E-B2D8-FFEDCB05D6E9,,,,,,,ODN0002767591,z,right_only
7617E247-76A2-4F41-96F1-D2F051BC6574,,,,,,,ODN0003528285,z,right_only
4E0ACF5D-0E3B-476D-8F8F-CD826D276DBC,,,,,,,ODN0002768740,z,right_only
25FE1EDE-53C2-4D32-B054-62B5BCCA5147,,,,,,,ODN0002769014,z,right_only
AE60878B-117A-46B3-B6C7-4E66FB9217F3,,,,,,,ODN0002769671,z,right_only
B6B9CBEE-226B-4E72-AF0E-66549E42A50A,,,,,,,ODN0005380526,z,right_only
949BADA4-99BA-4936-B632-152936BE00C3,,,,,,,ODN0002770102,z,right_only
9FCFE6DA-451D-422A-B89D-4285A51D048C,,,,,,,ODN0005183368,z,right_only
748667DD-3D67-496A-9A31-7BEB0D6028AE,,,,,,,ODN0002977506,z,right_only
E1D5B5F7-10BB-4E7B-A1B4-69FF1AEC7A20,,,,,,,ODN0005424601,z,right_only
1E965672-0646-4AB5-8442-49CE74CC39FD,,,,,,,ODN0002978110,z,right_only
5116EE71-D4F1-40A8-A390-78287B314CF5,,,,,,,ODN0004616979,z,right_only
768E5597-7092-4F6D-A154-A7AE0BE4183F,,,,,,,ODN0004774427,z,right_only
38D520B3-CD17-4DF5-BF09-9D698AD86F65,,,,,,,ODN0004787119,z,right_only
FAC7CB01-1585-413C-AFCB-04574CA92EF5,,,,,,,ODN0002979757,z,right_only
8CF254F8-D915-4D6E-AC8F-C45C4898D50C,,,,,,,ODN0004307285,z,right_only
5A45707D-3E70-453C-9206-0F35A82049AE,,,,,,,ODN0005204902,z,right_only
2DA780EA-0832-4B49-A153-8B92AC6C532F,,,,,,,ODN0004344988,z,right_only
D7EC92BA-A772-4DD3-A552-C4B6FF8E82BF,,,,,,,ODN0005409945,z,right_only
D4C90FA1-3511-4E6A-96D0-428B74A1EE1C,,,,,,,ODN0002751319,z,right_only
E112C674-1208-43F4-87B1-B1031C122679,,,,,,,ODN0002982210,z,right_only
7A12B921-0BF3-4E13-BDF7-79DF34AF919D,,,,,,,ODN0004454473,z,right_only
951AFBD0-D1A2-4699-BF23-F277EB256E2F,,,,,,,ODN0005213947,z,right_only
6FE8AE61-32B6-41B0-86C8-DF58D9226AC7,,,,,,,ODN0002751653,z,right_only
C6610B2E-6EE7-49F2-9CB0-CFAD61036AD7,,,,,,,ODN0004729775,z,right_only
7BDA368D-0278-4230-A29A-7F17D9F44F24,,,,,,,ODN0005262597,z,right_only
C07D0E0B-75D7-4D8D-8D03-0C9B1936D862,,,,,,,ODN0002772875,z,right_only
706D426D-BF22-4EBC-A923-4121D6D58F64,,,,,,,ODN0002771719,z,right_only
69DFFC73-B24D-4A8A-BC01-3F262122C53B,,,,,,,ODN0003858490,z,right_only
5D5E6DE7-9F43-4736-94A1-3E0E040C0A72,,,,,,,ODN0002775574,z,right_only
490C5DD7-8C03-4F22-9C4A-0C0799826CDB,,,,,,,ODN0002775611,z,right_only
D00D280A-2EDF-4F57-900E-519846B2FD85,,,,,,,ODN0002760494,z,right_only
52F36359-B531-421D-9B15-E868B8A8D9E3,,,,,,,ODN0002768226,z,right_only
1BBEDA6D-98C2-42B6-A3FF-14C51D9C5177,,,,,,,ODN0002768270,z,right_only
48AA046A-EBF2-4DBE-A054-1F0B745C9527,,,,,,,ODN0002769673,z,right_only
96A4538E-E7FB-4925-96C1-624837A31392,,,,,,,ODN0002768169,z,right_only
000CE470-CAFF-4D97-81F8-6156C847374A,,,,,,,ODN0002768170,z,right_only
4638E37B-3C88-4D97-8F02-21AB294AB65E,,,,,,,ODN0002770258,z,right_only
4D55BFF5-7B5A-4BF7-9633-31D61B91D379,,,,,,,ODN0002714738,z,right_only
354FF106-4861-4838-93A3-3744DE421415,,,,,,,ODN0004616739,z,right_only
77D01FF0-256C-4611-8527-08D2B6B0CCC7,,,,,,,ODN0005019372,z,right_only
AC521124-511B-46DC-A8B9-3D5873BB5F6F,,,,,,,ODN0004892477,z,right_only
640F634F-0F37-443F-AEC9-4AB2A122D2F5,,,,,,,ODN0004892478,z,right_only
639E04FE-6EF3-49B0-94B7-E7B9A7161D18,,,,,,,ODN0004892489,z,right_only
759BB92D-B2A6-4D65-8AC9-B23383E0CE1D,,,,,,,ODN0004892492,z,right_only
B640BCEC-2023-43BC-8697-2A1696FC31DD,,,,,,,ODN0004892658,z,right_only
5408B624-6BBC-4AA6-8913-B66D45DB51E1,,,,,,,ODN0004892662,z,right_only
702D091F-BBB0-4121-A021-85DDE9061C20,,,,,,,ODN0004892733,z,right_only
7B485229-12A3-440C-9494-D8C24527E705,,,,,,,ODN0005018710,z,right_only
85AA2675-FB07-48C4-8A26-B45D1EC177DB,,,,,,,ODN0005018712,z,right_only
B43D30BE-07E4-41E1-BA3F-C240D20D70B1,,,,,,,ODN0005038253,z,right_only
FFD9BA04-5567-4D86-BC67-D8BE9C04C9AA,,,,,,,ODN0004892840,z,right_only
BD363B12-1102-44ED-8512-9DE31D12DE58,,,,,,,ODN0004892876,z,right_only
7425C1A8-7424-4C95-96FC-5DAE78972347,,,,,,,ODN0004892935,z,right_only
80377458-A020-4E4F-AA19-A2866801CAEC,,,,,,,ODN0005304011,z,right_only
9E201DE3-7003-4714-9E02-68D10970B190,,,,,,,ODN0005018898,z,right_only
1FE3CECB-B432-4155-86E4-C47079AA729F,,,,,,,ODN0004893034,z,right_only
FC5E8CCB-B2E7-499E-AE0D-3EDBF0EC7529,,,,,,,ODN0005038465,z,right_only
15329A22-B9C6-48A2-8F0C-006632CB8803,,,,,,,ODN0005143913,z,right_only
56BE053C-9E8F-4B35-A01C-AC8C21CECE00,,,,,,,ODN0005304299,z,right_only
5670526F-A89C-4BEF-89F8-2E5E3CFADF1A,,,,,,,ODN0004893184,z,right_only
B7B30B96-AA02-489F-A0FB-226E23AD206F,,,,,,,ODN0004893238,z,right_only
F61590A7-5147-41B2-81DA-05BAE8E13A4B,,,,,,,ODN0004893296,z,right_only
F9461E6C-C1AC-4F72-AE93-C9A149F9F240,,,,,,,ODN0005304553,z,right_only
77FA4B8D-9101-4D71-81A5-5000F4DB096B,,,,,,,ODN0004893329,z,right_only
FABDC847-492E-4ADC-9AEA-34FB5C654644,,,,,,,ODN0004893341,z,right_only
FE25BBA7-AC2C-4A5C-9951-21F0A46E6B83,,,,,,,ODN0004893369,z,right_only
5753BA1D-D395-48FB-972A-596C5B6AC116,,,,,,,ODN0004893439,z,right_only
D45020C4-474F-403C-BF93-D6C21E2A60EC,,,,,,,ODN0004893456,z,right_only
922864A1-87C1-4EDA-949C-D265174F5AA9,,,,,,,ODN0004893514,z,right_only
46DD444B-D0D4-47D9-ABE3-DE25DABB5F2B,,,,,,,ODN0005019357,z,right_only
7455FC19-64FC-4FBB-8BA9-186591012B5C,,,,,,,ODN0004153962,z,right_only
FCBEE73A-68C8-484D-AC08-A730A208A24C,,,,,,,ODN0004893608,z,right_only
055DEF13-9E95-42BB-8AE8-266F35F26037,,,,,,,ODN0004892677,z,right_only
27F32AB9-CBC8-4606-A966-991E6A6ED879,,,,,,,ODN0004892805,z,right_only
43946DDC-A16F-460E-904D-21CBF17C416D,,,,,,,ODN0005145002,z,right_only
5496F070-B400-47EF-9730-61F0E08B4B94,,,,,,,ODN0003152794,z,right_only
32111C1A-2E42-4E1F-953A-13BF3E0DC3C2,,,,,,,ODN0003366978,z,right_only
FC4A1D94-2117-4FA8-A78D-04C458EEA110,,,,,,,ODN0003152923,z,right_only
9C470C2A-68F3-4F38-990F-82CF97F91AE1,,,,,,,ODN0004786836,z,right_only
C99AB626-90A5-4B5E-A3CA-53E8A12E69E7,,,,,,,ODN0003229654,z,right_only
CF8AC58D-437E-4635-A87A-80013A7BCB77,,,,,,,ODN0004826347,z,right_only
048315D0-1F4C-42C0-829D-A7A28AB7CDE8,,,,,,,ODN0003153369,z,right_only
C505DD47-D4D6-43F3-BC96-5246CB630769,,,,,,,ODN0003945268,z,right_only
B1DAC6C8-7CE5-46B8-884A-DA316E6EDDCE,,,,,,,ODN0003153516,z,right_only
927CE8DA-6613-4047-9942-D1D0FFA04D4D,,,,,,,ODN0004570178,z,right_only
09500357-F5F9-4079-9127-5BD63470A609,,,,,,,ODN0002723930,z,right_only
A5942604-B26F-4D64-A965-637F616E77C5,,,,,,,ODN0003396794,z,right_only
6337DDAB-828E-4196-A670-46128DB6D163,,,,,,,ODN0005532615,z,right_only
FFE10FF4-8361-45FE-8676-F82FC089C10E,,,,,,,ODN0003153751,z,right_only
9AF719F3-B696-484A-8EAA-416DD7F1F187,,,,,,,ODN0002698447,z,right_only
26823D31-228F-48E7-8694-E758A7EE1452,,,,,,,ODN0003153899,z,right_only
AA1D53B3-2308-4BA6-9151-E02F3EDB9946,,,,,,,ODN0003153994,z,right_only
EDB19B1F-8DD0-42B8-80A0-FC4DE9E239E5,,,,,,,ODN0003154002,z,right_only
D5B8B24D-3A6C-4DF8-99F4-DAD02A1AEF24,,,,,,,ODN0003154037,z,right_only
DA435FFC-1CF3-4A02-B869-0E03C2DEF654,,,,,,,ODN0003154077,z,right_only
B967A3DB-A221-4478-B1FA-C6A28BA34FBA,,,,,,,ODN0003154186,z,right_only
6D5E8350-EBC1-431A-8910-1B7727143141,,,,,,,ODN0005381626,z,right_only
CE434453-660E-49B0-A118-ADC36913B9BA,,,,,,,ODN0003154389,z,right_only
67C82E45-FC43-4342-BF71-0AC8149F80DE,,,,,,,ODN0004153825,z,right_only
EFFAFCCF-63FA-4B79-B50D-4C5A6EACEC2F,,,,,,,ODN0003154557,z,right_only
E1F88E62-EC6B-49D0-A36B-C705FC449D47,,,,,,,ODN0003154597,z,right_only
59A5D369-0ED4-41EA-9BF4-F33EB199BA7B,,,,,,,ODN0003154700,z,right_only
26EDC4E2-9051-4F25-8521-0D4F1AB8BE04,,,,,,,ODN0003154729,z,right_only
3505A4FD-EF67-4449-BECB-4BEF71FFA088,,,,,,,ODN0003154907,z,right_only
67C7E848-84CC-4C66-A875-8840275000AA,,,,,,,ODN0003154995,z,right_only
C102E441-F388-4C2C-A749-A64F03AAC594,,,,,,,ODN0005248092,z,right_only
803FCB4C-0D44-4E1F-9DDE-29519E4E62E9,,,,,,,ODN0003155052,z,right_only
2BF532DC-0276-4C7B-8DE7-9B4A74FDA7AD,,,,,,,ODN0003164632,z,right_only
6E8D54DF-A93D-489C-B6BB-790D5D34B4AD,,,,,,,ODN0003155165,z,right_only
0A9FECAF-4715-417F-9BAC-9AD6B4CDB1E8,,,,,,,ODN0003155166,z,right_only
31CA4BEA-C612-48D7-9B6B-DF8AA74A1702,,,,,,,ODN0003155167,z,right_only
6CD7C235-6073-473F-974C-095ADB7C91FD,,,,,,,ODN0003155215,z,right_only
A4F4CABA-B725-4C2F-A43E-95E573BC8B48,,,,,,,ODN0003154811,z,right_only
543F3CF1-9C0C-4BE3-A045-6B74B2EB9356,,,,,,,ODN0003155224,z,right_only
4E77C750-DE5A-4EAD-A75B-9ECA5149562A,,,,,,,ODN0004516602,z,right_only
05262201-4628-4863-ADCC-FE6C35DBAE4C,,,,,,,ODN0004787307,z,right_only
D17F3A3E-B262-4433-8045-9A6FFAE4DB1F,,,,,,,ODN0002761693,z,right_only
BA90CA25-FBB4-43F5-BB0D-E1B8FD2875A6,,,,,,,ODN0002767942,z,right_only
E880E3DB-7872-4B38-800F-F6552A11490C,,,,,,,ODN0002784473,z,right_only
3386E275-CF11-45D2-A12E-CC0FC5033630,,,,,,,ODN0005223178,z,right_only
F64D9098-028A-4C85-8201-13CA22E284BF,,,,,,,ODN0004153831,z,right_only
38D2FBAE-F942-49E3-A531-7A5B2909F332,,,,,,,ODN0005304782,z,right_only
013B0EF1-D0F4-4BA0-AD45-611FA47452EB,,,,,,,ODN0005304783,z,right_only
143DC786-F79B-4839-B751-9405F55E69E5,,,,,,,ODN0002743546,z,right_only
E300F0B7-B1D0-49EA-B93A-413D40A92FEC,,,,,,,ODN0002737652,z,right_only
FD21888A-E732-47EA-BBA6-52955980805B,,,,,,,ODN0002737784,z,right_only
C4BFFAB2-FF44-4CB4-9734-AB22F0D302F4,,,,,,,ODN0002738270,z,right_only
D0A19DED-DF9B-4528-9E87-7665B90187B8,,,,,,,ODN0002788291,z,right_only
BC4E1C02-ABF1-4701-9062-E0013DFADEFA,,,,,,,ODN0002738935,z,right_only
08F6EE6B-1635-4E74-9EF1-E84BA6462C9E,,,,,,,ODN0002721175,z,right_only
F7A2AA6E-F73C-40A7-A2D2-20B40FB535CC,,,,,,,ODN0002721355,z,right_only
2279B5BE-3924-41DA-8C72-A8BF5D6001FC,,,,,,,ODN0005140686,z,right_only
5BAAD47C-4435-418A-A6B5-960B600684C5,,,,,,,ODN0002739262,z,right_only
72EB745F-7EA1-43B2-ABD3-252839554E1B,,,,,,,ODN0002721442,z,right_only
D26A0AC8-92A2-4535-A968-5560F4D791FF,,,,,,,ODN0002721473,z,right_only
E351CEC2-A076-4B18-913F-99658E8A95AA,,,,,,,ODN0005355441,z,right_only
E58B9673-2BF6-4609-B0C0-DFE86F1B03FA,,,,,,,ODN0002722054,z,right_only
BD4FECD4-71CD-4739-A8F1-BBFCDC2E56E3,,,,,,,ODN0002740213,z,right_only
B68C6A39-85BB-453A-BCE5-B033F49E8DE7,,,,,,,ODN0002722587,z,right_only
588FD2AA-8DFE-4086-A85F-F8D7C4F4C2E4,,,,,,,ODN0002740659,z,right_only
F6B26ED3-3C7F-4853-9ECF-4ABCB05EDF15,,,,,,,ODN0002722904,z,right_only
A1244119-09D5-4A44-A692-2E6194D9A219,,,,,,,ODN0004991635,z,right_only
4A00188E-0D42-4F47-B2D5-6568A45283DF,,,,,,,ODN0003268173,z,right_only
59F65296-C69D-4309-BA74-6D24A6AC0793,,,,,,,ODN0002983941,z,right_only
47EC97FC-70E4-49AD-A7C4-C145F842B609,,,,,,,ODN0004991683,z,right_only
ADF0387D-9BBD-49D3-9FB7-7070D8BD5D4C,,,,,,,ODN0002766378,z,right_only
30D35BEF-8C69-420A-8C4F-A207600550A9,,,,,,,ODN0002766842,z,right_only
2B230382-8CD8-43E5-A48B-8A39769E0ADD,,,,,,,ODN0002789925,z,right_only
A2C25366-7D3D-4FC2-B175-77A25C6256AC,,,,,,,ODN0004462524,z,right_only
D0CF0E72-EC03-4F6A-A6FF-7A08181EF59D,,,,,,,ODN0002767876,z,right_only
90863414-0F71-4C4D-A37B-25DFDAE628B5,,,,,,,ODN0003931129,z,right_only
7829D43D-70D9-478B-8A96-A6A4CF6F00B9,,,,,,,ODN0002743444,z,right_only
55C447AE-FCE5-40A0-B010-F925E0C14B7E,,,,,,,ODN0002725007,z,right_only
124BAE29-084A-4756-8919-FE22AA33EEA3,,,,,,,ODN0002725088,z,right_only
D7FC0CE7-F939-4461-B558-2197F8A38A32,,,,,,,ODN0002743802,z,right_only
35A4076F-F9B1-4234-BCF6-0F72BD732EC4,,,,,,,ODN0002725391,z,right_only
25D23D1A-2F6C-421E-9A54-162EBAF3D970,,,,,,,ODN0005018878,z,right_only
5A510A8A-27BE-4260-8572-9D747FA48E5E,,,,,,,ODN0002769457,z,right_only
58FEF38D-41A2-4435-80E6-7CDCFF83211E,,,,,,,ODN0005204553,z,right_only
2B74D3C2-EF81-4E66-BDF2-236A70257AA4,,,,,,,ODN0005398409,z,right_only
00FEFE61-88E5-41A5-A7F2-38952BC5AD20,,,,,,,ODN0004847106,z,right_only
C996A3ED-750D-4AA3-9CF1-A8FD5707FDDB,,,,,,,ODN0002744664,z,right_only
BF1FFCF6-9289-4F34-8C84-F57FFA83884B,,,,,,,ODN0002977415,z,right_only
F6080136-55D3-4EF2-A473-97DB0EF0EFFC,,,,,,,ODN0002806959,z,right_only
20F00B4C-6B76-4859-BEE7-6BC31A2EFF13,,,,,,,ODN0002726965,z,right_only
266E8CE4-09C8-428B-8124-FF6671168AFF,,,,,,,ODN0004826584,z,right_only
A9FB8127-731F-448F-BDC4-213F2BA251EB,,,,,,,ODN0002727101,z,right_only
D6239D6A-FEAA-4FBE-AC54-02293FD3B97D,,,,,,,ODN0002727150,z,right_only
7795E457-5BBB-4E73-8844-6B44E6622022,,,,,,,ODN0004344770,z,right_only
0ED07423-2421-4C84-A88F-2BC31FD8CBA7,,,,,,,ODN0005380642,z,right_only
C7D17B07-3F99-4D0D-9545-066E7F480DBC,,,,,,,ODN0003367353,z,right_only
825B5D82-E25E-49FA-8326-5B63ACF88326,,,,,,,ODN0003967335,z,right_only
23F214B5-5E8B-4109-8917-E9D29F8F3119,,,,,,,ODN0002791341,z,right_only
89465B5E-3AEE-4C21-B24E-F0EBB00F8BD1,,,,,,,ODN0002747683,z,right_only
EBC3A0D7-E83D-4A21-80D6-24349C177340,,,,,,,ODN0002775665,z,right_only
F1A59E9B-3738-4771-A4C7-303E246993FF,,,,,,,ODN0005144561,z,right_only
7C83F2AA-4ABD-4E32-822D-ACAB5F3EB02E,,,,,,,ODN0002729020,z,right_only
8F52255E-C1FA-44DF-808E-2B9EE908A83C,,,,,,,ODN0002979173,z,right_only
F5395DA0-7304-4368-9388-DFD068BEFF2E,,,,,,,ODN0002979251,z,right_only
A6DCBC4A-D0A7-48D8-A3AB-DD1950801D13,,,,,,,ODN0002979288,z,right_only
4A78741B-7964-422E-AD1F-4DDC12AAA746,,,,,,,ODN0003639407,z,right_only
9415B949-DBCA-43BC-880F-9806A6790A98,,,,,,,ODN0004639118,z,right_only
D29838F1-6EA3-4BCC-9E7E-58CC3D7AA2BA,,,,,,,ODN0002749351,z,right_only
C2429177-0105-4889-8EF7-0835A61F4F5B,,,,,,,ODN0005145386,z,right_only
BA8386F1-9B36-4272-9AFA-23A7A1BFAE32,,,,,,,ODN0005073475,z,right_only
DFBB6821-E977-4D5C-A8DD-E49731D07764,,,,,,,ODN0002749918,z,right_only
CE2B0CEA-BB51-48B4-B859-C08362A66CFB,,,,,,,ODN0002980444,z,right_only
DFBC8F16-B0E8-490F-985E-CDA79CC18E2A,,,,,,,ODN0003920222,z,right_only
B4EF8F47-D410-452B-A506-C09C11787F5A,,,,,,,ODN0002980795,z,right_only
167B9081-3A6F-4D79-8B01-2E52C5BCFD24,,,,,,,ODN0004496323,z,right_only
A4590756-5298-4DFB-B19A-297C82EB81C4,,,,,,,ODN0002732804,z,right_only
9E7C0F01-ACF9-4B19-A3E8-C100F25AE8A0,,,,,,,ODN0005398949,z,right_only
5349FA94-C5A9-488A-99CD-6C717AFA8523,,,,,,,ODN0002750934,z,right_only
26440E50-334E-4B43-9508-88266DF3BFB5,,,,,,,ODN0002750935,z,right_only
EBDA5F50-CD22-4FC0-8C72-0C9F9CA85B88,,,,,,,ODN0002751003,z,right_only
1DB59387-7CA5-45A3-B763-FF885ED23E57,,,,,,,ODN0002751024,z,right_only
D0BC91CF-DDBA-4076-B91C-C9D82A1E10CE,,,,,,,ODN0002751026,z,right_only
2FA21184-95E9-4BD8-A6C7-731813C4CD48,,,,,,,ODN0002751056,z,right_only
4CF68544-8CAD-450B-AF8D-1E66F5FB5837,,,,,,,ODN0002733166,z,right_only
EA0B7B74-FC50-447F-B2E7-25FE36AED7C1,,,,,,,ODN0002751197,z,right_only
B15D9622-4F6A-4D34-AA46-7A35F284B333,,,,,,,ODN0002751206,z,right_only
1683F4CD-FF9D-4549-92AD-A0A550600621,,,,,,,ODN0002751220,z,right_only
D360B9A4-C8A0-4A27-9F4B-FE489D3ECA11,,,,,,,ODN0002751312,z,right_only
A87FB386-90C2-4987-BDAB-C15913ED8C35,,,,,,,ODN0002751400,z,right_only
83F8DA7E-6C67-469F-A756-09D447DF3516,,,,,,,ODN0002751469,z,right_only
C62CFD3A-68E7-406D-9289-E0875CC07870,,,,,,,ODN0002751471,z,right_only
B815D4AB-0E0A-4309-A43F-4879324B1738,,,,,,,ODN0005381138,z,right_only
E86B49C7-8A60-45CB-BFAB-0408BE8BC461,,,,,,,ODN0002751534,z,right_only
1982AE22-86FB-4829-B252-66852FED86D9,,,,,,,ODN0002751563,z,right_only
53724A1B-109F-4210-AC3D-8DBE5DAB0DB5,,,,,,,ODN0005205846,z,right_only
CEB1D03F-CF5C-4A9B-9F28-BCB38DC6B365,,,,,,,ODN0002751647,z,right_only
A5E5811C-B977-488F-9C05-3774291C4DDA,,,,,,,ODN0002751663,z,right_only
EC1BF59F-25B7-4333-AEC7-C8BEF611C522,,,,,,,ODN0002733668,z,right_only
E6D07EAA-86F6-4CE1-8FF6-733FD743522E,,,,,,,ODN0002751710,z,right_only
F56D4754-899E-46E8-990E-16370E4B689F,,,,,,,ODN0002751836,z,right_only
6949E02F-FC4B-42B3-AC9D-7C94340FF38B,,,,,,,ODN0002751852,z,right_only
A2F881BC-7F50-4E29-A882-74916C580D95,,,,,,,ODN0002751967,z,right_only
1B405C12-1D86-473A-BE01-B9CE4D1CB81A,,,,,,,ODN0002751970,z,right_only
92A90961-D431-40FA-9B81-8438E361E80B,,,,,,,ODN0002752050,z,right_only
88A86B76-F63B-4DD8-B422-923768605849,,,,,,,ODN0002752071,z,right_only
8A4C91ED-4F42-483A-9B2B-78D7B20B7400,,,,,,,ODN0002752131,z,right_only
D318AAA1-34A8-4552-94C7-EBD954D6EE3F,,,,,,,ODN0002752158,z,right_only
0F11026F-F859-4EE0-A0D7-648AF6C6AB1F,,,,,,,ODN0002752160,z,right_only
8C013017-7F80-456D-BD27-85ED32E74073,,,,,,,ODN0002752362,z,right_only
21A8346D-5E7F-475B-A2C0-45985BDC6D3C,,,,,,,ODN0002752429,z,right_only
F15F390F-E655-4B6C-890C-BFCE58099637,,,,,,,ODN0002752476,z,right_only
34620DD7-4CFD-4B5C-B5EE-C5BF42BF5863,,,,,,,ODN0002734479,z,right_only
4BBFACC6-F7FC-4A7E-9B64-ED8F9E13190C,,,,,,,ODN0002734480,z,right_only
D508FDA6-F904-42EA-BCA8-540B6983FDC6,,,,,,,ODN0002734481,z,right_only
41FE603D-4A49-4BA5-A73B-D2110A7D0414,,,,,,,ODN0004570089,z,right_only
221DFE47-5C4D-4BD1-A02F-5191F106ED6A,,,,,,,ODN0002752556,z,right_only
391A295F-853E-4816-A9D7-F61DE363B3E5,,,,,,,ODN0002786895,z,right_only
638F9E0D-F1D3-4A25-BEB9-86213A8D49EC,,,,,,,ODN0002982407,z,right_only
A9D7F681-8C97-4E47-9458-00758457BA1B,,,,,,,ODN0002734608,z,right_only
95631C5F-1F72-4CC7-8916-AE46944983FE,,,,,,,ODN0005146743,z,right_only
6B35B1A4-218B-4911-9B13-F49FA4451764,,,,,,,ODN0002752739,z,right_only
424C0AF7-2D64-4493-916D-B0CB14BE0229,,,,,,,ODN0002752768,z,right_only
E3D3A1F8-DC66-4707-A506-749144F48BD1,,,,,,,ODN0002752785,z,right_only
59ECDE47-3AB7-4044-BE33-9E868BD4D2B9,,,,,,,ODN0002752802,z,right_only
0914E400-DC8C-4C6E-A535-27F1F2D86797,,,,,,,ODN0002753193,z,right_only
AFD7313D-33CC-41BE-92EF-1414F5FCFD82,,,,,,,ODN0002753330,z,right_only
BCA3AC8F-814A-427D-818A-1865D284B226,,,,,,,ODN0005337604,z,right_only
E068A90A-8400-4E0B-BAB3-D7F9B0F3F584,,,,,,,ODN0002982963,z,right_only
D3451133-ADB7-4984-A9D1-89BD9D5F3BC3,,,,,,,ODN0002753489,z,right_only
C38D9B45-E52D-452B-BFB1-E04A66C016BB,,,,,,,ODN0002753516,z,right_only
47037384-B4C4-4F91-B898-3635FD55C35D,,,,,,,ODN0002753545,z,right_only
58B10500-B31B-4D8D-B7BF-23D879BE9B12,,,,,,,ODN0005304212,z,right_only
458AAC35-28EC-4602-ACA6-8B3512DD74B5,,,,,,,ODN0002982458,z,right_only
6DE28600-A5AE-4788-B554-FCBBFDCA2E63,,,,,,,ODN0005380346,z,right_only
595C182D-790C-492E-B558-C28D8BF7B9FA,,,,,,,ODN0003823720,z,right_only
DB88633A-655A-48D9-A165-86A6AA9BD3DF,,,,,,,ODN0002719933,z,right_only
AEC8ECEF-38E5-4CE2-8563-30A04411CA3E,,,,,,,ODN0002721101,z,right_only
5B113DA6-451B-4CC7-81E8-E0044B4CA199,,,,,,,ODN0002721182,z,right_only
64D1D704-EE6F-4F6C-A37B-34379C85981D,,,,,,,ODN0002721206,z,right_only
F2E10EA1-4F29-4272-8856-E8C0755F6C2B,,,,,,,ODN0002721272,z,right_only
C39AF468-8F85-446E-94EE-9116CE1C7B04,,,,,,,ODN0003171042,z,right_only
343D233B-2712-481E-B128-0235CA039A01,,,,,,,ODN0003559953,z,right_only
1F3D1D33-7066-401A-BDD0-AA5DA89D5180,,,,,,,ODN0003229588,z,right_only
78CE84DE-12A6-4DCF-A080-DE62A3E4A69C,,,,,,,ODN0003418277,z,right_only
0800078E-9C05-4419-AD38-8DCF77A6F7EB,,,,,,,ODN0002723143,z,right_only
1AAEF121-B591-405F-A135-B3B1ACC5D1B7,,,,,,,ODN0003628123,z,right_only
463469F3-63FF-4B9A-8CE9-5CFE35945AB6,,,,,,,ODN0003141011,z,right_only
01076B57-830D-479A-A22F-47570408BDC7,,,,,,,ODN0003485833,z,right_only
F2F287FF-4EA4-489D-BDF0-1FB7FEA05A4F,,,,,,,ODN0002742568,z,right_only
8A775600-4123-4FD3-A054-103D9025B788,,,,,,,ODN0003908759,z,right_only
E737B8F1-1DF7-4DBE-8547-F8C2A7607DCF,,,,,,,ODN0003956499,z,right_only
FF774A56-F971-4A5C-AA34-7187C60FAE44,,,,,,,ODN0003203383,z,right_only
596E5AEA-137C-47A3-AB0D-AC01680C5E9A,,,,,,,ODN0004714169,z,right_only
68FE5B05-475F-4186-A3CC-4B5D278CE468,,,,,,,ODN0002976500,z,right_only
7B108F77-F923-4C49-9240-F5FAE396BE64,,,,,,,ODN0002725121,z,right_only
90A73B80-3EFB-4672-8907-821A8D2F8D30,,,,,,,ODN0002725561,z,right_only
0C7DBC8C-D637-4CD2-A487-B41D21C6B563,,,,,,,ODN0003754260,z,right_only
D4C7AA15-8BCB-45F0-9354-3106A61BCBAA,,,,,,,ODN0003334624,z,right_only
78E398A7-09F6-46DA-A6EC-608C4680A44C,,,,,,,ODN0002976909,z,right_only
1236B140-19CA-48D0-BDF0-463D9F2C39E3,,,,,,,ODN0003956615,z,right_only
ED31A36A-1B50-47E3-BE1A-F27E522FB8A8,,,,,,,ODN0002977024,z,right_only
AE9DF56D-5F78-4939-B5C8-459F917236F4,,,,,,,ODN0003908870,z,right_only
F2D6E332-B22C-40B1-9B7C-735233310CFF,,,,,,,ODN0002977059,z,right_only
C6BC2DC9-3F9D-40EC-96F4-DB1E4EBB0589,,,,,,,ODN0003596689,z,right_only
D9F2866A-BCF1-4186-88D4-C30331FBA84D,,,,,,,ODN0004409294,z,right_only
8191B8A5-EA2D-424E-8CAE-2F31A8AA126E,,,,,,,ODN0003730950,z,right_only
7E5495A2-A992-4103-A9A6-723E31C371E5,,,,,,,ODN0002977453,z,right_only
BD08D65C-A7CA-49B3-B627-A7A7722B4EFC,,,,,,,ODN0003418590,z,right_only
84998251-915C-4716-9B76-73BC02C52D53,,,,,,,ODN0002726919,z,right_only
DAD48CAF-71FD-41EA-B6C2-214C474A5991,,,,,,,ODN0003193267,z,right_only
75A74F07-7EF1-4B0F-BF86-A2BC56AF95A7,,,,,,,ODN0003628350,z,right_only
65DAC119-E485-4671-BDAD-6D1B134D1782,,,,,,,ODN0004055557,z,right_only
FA006730-2A4C-48D5-8879-B07C8D762145,,,,,,,ODN0003628390,z,right_only
3BB5F9C9-A6E0-48D4-BED1-8735E5F27854,,,,,,,ODN0002978112,z,right_only
9759DCA6-DFB0-47F7-A36E-8DAD94D55405,,,,,,,ODN0004814406,z,right_only
D621C4E4-F06E-4801-ABCA-8E8BD1CB7CB1,,,,,,,ODN0004814413,z,right_only
5E525A3C-31CB-41BA-935E-1BA670DE04CA,,,,,,,ODN0002978217,z,right_only
AB9F3730-665A-4F82-B9A1-7188E6DADAB8,,,,,,,ODN0002978363,z,right_only
D32E601D-F4B9-4189-A788-D80DEFB3F8F7,,,,,,,ODN0002978429,z,right_only
6E3A895F-C1E1-41AE-9E00-7ABC553E600B,,,,,,,ODN0003956755,z,right_only
C04C3B56-9AF8-4DB3-92BD-48AE5103647D,,,,,,,ODN0004847188,z,right_only
5953F80A-16B4-4FA4-868E-9EFB54235947,,,,,,,ODN0002978646,z,right_only
06EA6FEB-DC80-4A8C-8001-9F171C7FB83C,,,,,,,ODN0003723697,z,right_only
6E3980F9-52A4-4019-9224-C9DF9BF96DF5,,,,,,,ODN0003967418,z,right_only
DBC66674-B74E-4BEB-8051-D83D2A662326,,,,,,,ODN0002747695,z,right_only
0DAD828D-EE34-4D04-85CD-5905B90E801E,,,,,,,ODN0002979148,z,right_only
1212480E-FDCD-4EF7-8E15-60E43F86F79A,,,,,,,ODN0002729614,z,right_only
FD2FBC14-2B97-439C-A6F4-25155A94A69E,,,,,,,ODN0003367467,z,right_only
4DA9C184-2831-4B12-9473-4E6957FB3E2E,,,,,,,ODN0003452240,z,right_only
A1E2456F-39A6-4D17-B80B-4E7DD858879F,,,,,,,ODN0002979996,z,right_only
614960BF-536E-4D6B-AB6A-1AC27D652C54,,,,,,,ODN0002980014,z,right_only
ED24922C-1246-4D54-BBCF-F980E1CE6B98,,,,,,,ODN0003315532,z,right_only
D9455E3F-C61F-419F-BF64-5C8E86F4E8E9,,,,,,,ODN0005304590,z,right_only
C7C75F13-7DA4-4A4D-A509-5374419C186C,,,,,,,ODN0002980339,z,right_only
9B4899F6-2B10-41F9-88C6-EA6556B73903,,,,,,,ODN0002731686,z,right_only
3195251F-2DEC-4DDE-A0F6-83D4B62DDF2D,,,,,,,ODN0003397124,z,right_only
5C9AABC3-5133-4F64-B22D-3D2D2E8F9EEC,,,,,,,ODN0002980453,z,right_only
27DB09B9-4DE1-4EB6-9B61-1ECE065192F5,,,,,,,ODN0002980679,z,right_only
43CFB5D7-F1A5-4C1F-959F-2D39988876F4,,,,,,,ODN0002980695,z,right_only
2C37220C-8454-46AA-9E0B-CC4E3F7DE12A,,,,,,,ODN0003315619,z,right_only
F5AA58BB-7A95-4D93-A826-8AA95098455A,,,,,,,ODN0005204955,z,right_only
B2F353FA-E44C-4A4F-8B99-89788F3D6031,,,,,,,ODN0002980837,z,right_only
89579594-9F5E-4B48-A5AD-1B774182FBC6,,,,,,,ODN0002980839,z,right_only
85DCD04D-2CDC-4E72-A8F2-38D688C23066,,,,,,,ODN0002980845,z,right_only
D937C397-27AC-49D5-856F-141C74CF419E,,,,,,,ODN0002732907,z,right_only
3E4D7F2F-6301-47B3-8C36-F052CB6D36D0,,,,,,,ODN0002732908,z,right_only
96EFEE2B-B93E-43A9-A13C-BB1359F537CA,,,,,,,ODN0002980862,z,right_only
62797DF4-3BB6-4865-90E6-F9133D5E3815,,,,,,,ODN0002980872,z,right_only
BBF76D32-54BA-42ED-B3AA-D27C8A3F968D,,,,,,,ODN0002980886,z,right_only
100AC70E-E502-44FB-A937-74787CE232D3,,,,,,,ODN0002980962,z,right_only
A23222C8-AE56-4167-A4FA-94E44FB6629F,,,,,,,ODN0002751247,z,right_only
38CF51EB-4C40-46EB-A9DB-52B478437F84,,,,,,,ODN0002751248,z,right_only
C4BDB2E6-7622-4C18-A374-EA841A73A0D4,,,,,,,ODN0002733316,z,right_only
F333590D-2855-4287-BBA1-64A7F718A1E4,,,,,,,ODN0003957030,z,right_only
3EE4B599-60FD-40CE-946C-E135A4AC88A1,,,,,,,ODN0002981588,z,right_only
BC0685AF-649E-4679-B2B5-15B199A342F9,,,,,,,ODN0003754594,z,right_only
935D8B63-B330-4155-80FE-7CA289B7A72D,,,,,,,ODN0003660912,z,right_only
C0A96C3D-1D61-4701-B079-7F2E46BA9F40,,,,,,,ODN0004391018,z,right_only
96F5F9B7-D68C-4B6C-866E-93A6F0E5062E,,,,,,,ODN0003731365,z,right_only
B4A2ED0B-6BFB-4F2F-BAC5-0DAADC116E7E,,,,,,,ODN0002981977,z,right_only
1921DF54-17B0-4C47-AB97-727A6B8AF927,,,,,,,ODN0002734061,z,right_only
51FFF8C8-C551-4868-8DEF-6D92CAA6C71B,,,,,,,ODN0002982019,z,right_only
61FBEA35-FB2D-4164-B3AF-FA0637FB78CD,,,,,,,ODN0002982030,z,right_only
B685AD74-AFFB-4010-9461-BACF4D32ACCB,,,,,,,ODN0003675327,z,right_only
73E35F64-935A-4F56-9A8B-BE85C0C193CA,,,,,,,ODN0002982048,z,right_only
C091D46F-DECA-48F5-8718-DE610D128E91,,,,,,,ODN0002982139,z,right_only
292D363D-E33F-4C23-9332-53DE41130298,,,,,,,ODN0002982345,z,right_only
C2DCEF87-2E83-4C41-B7EF-93D2B62FFB50,,,,,,,ODN0002982391,z,right_only
15EBBD72-EEF2-4E91-861E-CC300BF844FF,,,,,,,ODN0003238351,z,right_only
3B45C240-6B76-4F06-89A4-E68F24DBE967,,,,,,,ODN0002734844,z,right_only
658309FA-0F67-440D-BBB0-12DB563B0321,,,,,,,ODN0002982583,z,right_only
8B10ED21-8AB5-4FA0-90E7-1986C4A8A259,,,,,,,ODN0004903153,z,right_only
9B956FAD-5F55-4F25-BF3E-1E6ADF4C4231,,,,,,,ODN0004589965,z,right_only
8D9A620D-61E3-4C0D-8616-EB3751E6947C,,,,,,,ODN0002982707,z,right_only
325E6D10-A5CA-4E79-87DF-44F63848857D,,,,,,,ODN0002982731,z,right_only
F2E02E76-CA74-43CA-93CD-8D41E2A19C2D,,,,,,,ODN0002982980,z,right_only
4949DC35-EE30-40C2-8C73-00149B978399,,,,,,,ODN0002978382,z,right_only
789C1B9A-5BDD-4FD9-ABA6-6ED18FDF4C89,,,,,,,ODN0002977299,z,right_only
1CC392E4-E235-4E82-A110-8C90DC3BF157,,,,,,,ODN0002985162,z,right_only
72A99084-9A0C-4C0D-B123-6E22CB2B6608,,,,,,,ODN0002751119,z,right_only
F1ACBEF0-4C39-4E8E-A8DB-7C7B9EAE1EA2,,,,,,,ODN0005304869,z,right_only
42DDE8BA-7CB9-4DC3-B1BB-AA24FEE7F6EF,,,,,,,ODN0002788048,z,right_only
7D7881CA-B9F8-4150-B253-E83E0FB528A9,,,,,,,ODN0005061600,z,right_only
A0E394C0-AE2F-4551-9D73-6A3C6347028B,,,,,,,ODN0005531499,z,right_only
896C5791-261B-4D1A-9842-EA6C69A1B9D8,,,,,,,ODN0004331447,z,right_only
DED6E907-060D-4DC5-B0FE-D58011BE690E,,,,,,,ODN0005140256,z,right_only
AD48CC75-58DB-4A5C-9472-296E7D6DD136,,,,,,,ODN0003152734,z,right_only
394A3B83-432E-4A2D-B813-EDA87AC0F4BB,,,,,,,ODN0005181821,z,right_only
E33360A8-1EC4-4DA9-AFE8-96EAB105308F,,,,,,,ODN0005379953,z,right_only
6AB55FF5-A324-47CA-81FB-D11C57A281C7,,,,,,,ODN0005355295,z,right_only
9043526C-B545-4CF5-8005-A89E4E551BD9,,,,,,,ODN0003152770,z,right_only
4CE8528B-DB1A-4F95-A6C0-BB52C12BB9CA,,,,,,,ODN0002719413,z,right_only
C63BC0C7-DF04-4E01-9B7B-75B40C9A5A6F,,,,,,,ODN0005460928,z,right_only
48EB65D6-1483-449F-A5A5-5C7457469E9C,,,,,,,ODN0002719444,z,right_only
EA4BB295-8D2F-495A-B9BE-12F34AD1A3DD,,,,,,,ODN0002719447,z,right_only
51BA060C-9483-4638-82D4-8D7D2783A6D2,,,,,,,ODN0003884083,z,right_only
BDD98A9C-8506-4D96-8B22-F3934C92E0A0,,,,,,,ODN0002761423,z,right_only
ADB47432-B325-4E62-AC59-335B188DA217,,,,,,,ODN0002719575,z,right_only
73469BD6-E771-4E1A-86E2-8695C687955E,,,,,,,ODN0005335475,z,right_only
757F13A4-D9FA-4701-9D0E-E4D0F7E6BD27,,,,,,,ODN0004902347,z,right_only
79046893-3DB0-4B38-9BB7-FAEC780EC843,,,,,,,ODN0005303486,z,right_only
18772998-82EE-4C5F-85AC-32E0519C091B,,,,,,,ODN0002983590,z,right_only
4D1F655D-F20A-436E-834F-1E432CED441D,,,,,,,ODN0003908541,z,right_only
B32E76B1-0DDD-46A2-82E9-7CCF9032BE43,,,,,,,ODN0003152839,z,right_only
BE42B3BE-31C3-4F30-A7C4-4BAF84621E08,,,,,,,ODN0003152846,z,right_only
4F447A6C-D0FD-4448-8648-79864A3A80CC,,,,,,,ODN0005099416,z,right_only
B13F6FEE-3257-4CE1-AF92-B8443A7DCBF9,,,,,,,ODN0002719878,z,right_only
0E4B75BD-7574-4B83-AD3C-7BEB74DAF17D,,,,,,,ODN0003583662,z,right_only
40FC29B2-0DFB-457A-84E0-7734B1D99538,,,,,,,ODN0002719907,z,right_only
FB6F213B-6D16-4C33-8221-084C05F2DD0E,,,,,,,ODN0002719908,z,right_only
235318C9-3F28-41EC-AE80-9E22397109E7,,,,,,,ODN0002719915,z,right_only
A0CD1777-717C-4FC1-9A45-1ED3A75F9BC8,,,,,,,ODN0004616576,z,right_only
45089290-24A9-4503-8D2F-51DA4D0464AC,,,,,,,ODN0002719924,z,right_only
D70DFC24-382E-4DD0-AA5A-9F4D41B146F3,,,,,,,ODN0002719935,z,right_only
8BAB428E-C8D8-455B-9E7F-C3151123F87D,,,,,,,ODN0002719949,z,right_only
8DA1BC9E-E4F6-48F3-81BA-6E1727C0FA0C,,,,,,,ODN0005355365,z,right_only
C16B465C-3689-4431-B870-C888D76A3458,,,,,,,ODN0004569253,z,right_only
02337278-0A37-41D9-82A8-AFADDBC28352,,,,,,,ODN0002719973,z,right_only
5918B315-E930-4053-A303-0DAC1E92E4C5,,,,,,,ODN0002788329,z,right_only
7A1C8CE7-61DC-47D2-87FE-F758C38733A5,,,,,,,ODN0004539998,z,right_only
6807DF15-5F73-4621-A539-D7B24789C92C,,,,,,,ODN0002721095,z,right_only
02546D36-A729-43E7-8FF0-01256EB7DE9E,,,,,,,ODN0002721105,z,right_only
5DE7E7D5-41A9-48BA-8546-7D28FDFBBF1A,,,,,,,ODN0002762041,z,right_only
7A1F01A8-105C-4281-AB36-FF78451E8C29,,,,,,,ODN0005461038,z,right_only
60015E99-7D4A-4EA2-A728-9843C2A5A300,,,,,,,ODN0002721129,z,right_only
A05711B9-9C53-46B4-ADFB-460045560284,,,,,,,ODN0002762091,z,right_only
D4824F8F-80D3-4F9C-B16B-4CA4D090BB54,,,,,,,ODN0002983614,z,right_only
4C632033-07FF-4BBF-BC57-61F214F294E1,,,,,,,ODN0002721138,z,right_only
EA0BC43B-D64A-4D6E-B486-B1138145BB8B,,,,,,,ODN0002721139,z,right_only
C26A24EC-E0DB-409D-AB98-A3CE2E7F99EC,,,,,,,ODN0005397806,z,right_only
445F55D0-7D6E-4155-A9C7-9D036E61F85F,,,,,,,ODN0002721146,z,right_only
0F340AFC-8FBE-4278-8ADC-230F1D1E436B,,,,,,,ODN0003152905,z,right_only
7E374479-DDE2-4A48-B560-A8CC50BDE467,,,,,,,ODN0002983619,z,right_only
5DBB51EC-F1C6-4A9E-A18C-8EE4639A8E29,,,,,,,ODN0002983620,z,right_only
7B239872-E80A-41BC-981D-7F0AA628355D,,,,,,,ODN0005112065,z,right_only
8F90A148-1925-44DE-84B9-5D0F21077226,,,,,,,ODN0002721171,z,right_only
1AA79173-53C6-4201-98EC-1018F4FBD001,,,,,,,ODN0002721183,z,right_only
E8719DAE-FD4B-4ACB-BAEC-564A0E9C8E11,,,,,,,ODN0002721188,z,right_only
05783699-549C-45B7-8B31-F2B8BAE2E921,,,,,,,ODN0004606651,z,right_only
9EE87797-D58D-4C40-A378-C1E2B25A857C,,,,,,,ODN0002762181,z,right_only
8D4D580D-2C6E-429D-B15F-AB1A55EFFAB0,,,,,,,ODN0002721197,z,right_only
D55C60E0-17E4-47B2-9626-90C575632AFA,,,,,,,ODN0004854258,z,right_only
57FC2D9A-9928-439C-94FD-A8346493B7B8,,,,,,,ODN0004201484,z,right_only
3691C193-C2F1-4A0B-ACAE-29682676C3BE,,,,,,,ODN0002983628,z,right_only
9008C9BD-95A8-4C93-8D41-ED1EDE7B3A0A,,,,,,,ODN0002721213,z,right_only
6C99396C-ACB4-4CEF-A921-062E0507A645,,,,,,,ODN0004705243,z,right_only
9054FBAE-F026-4039-B680-40E02ED28D21,,,,,,,ODN0004306369,z,right_only
0C644A69-3E81-479E-A84E-A3949EEAA536,,,,,,,ODN0002721225,z,right_only
EA6CE68D-0996-481F-ADDD-FCEF02AB3FAC,,,,,,,ODN0002721241,z,right_only
6C3C6AD1-10E3-400C-AEBE-9FAC7FAC22F5,,,,,,,ODN0002721243,z,right_only
55CA10CE-BEBC-4D9F-BE86-6492F29F4CD4,,,,,,,ODN0002762257,z,right_only
6E8E3F9E-FC32-470C-80EB-EF73EA32C3BB,,,,,,,ODN0005303538,z,right_only
E0F186DF-42FD-4A70-8B43-F4D0244F64B9,,,,,,,ODN0002721251,z,right_only
87E5F7CC-E1C7-4BE7-8E3D-F4E856433FFA,,,,,,,ODN0002721253,z,right_only
C9FDE5E6-80CA-4CE9-A4F3-01A6633C308B,,,,,,,ODN0002721254,z,right_only
608E6446-8863-4C68-8BC0-CDD96F4E8EE1,,,,,,,ODN0005238002,z,right_only
BF0C20A5-1FA0-4940-9900-A3DDC1CDC7E9,,,,,,,ODN0002721264,z,right_only
04781F21-3621-48ED-A107-A2D776297D26,,,,,,,ODN0002721265,z,right_only
50278775-A09F-4CC8-8B03-608EDDE1759F,,,,,,,ODN0002721269,z,right_only
FB565197-56A9-4929-9740-2990368A3239,,,,,,,ODN0002721299,z,right_only
0B3EA861-1E05-4564-873B-ECD48FA6D478,,,,,,,ODN0005182080,z,right_only
470B79AA-6D1C-4662-8DE5-53C20B302F6C,,,,,,,ODN0003140790,z,right_only
F8A96F44-B6ED-4887-A21B-59463A0F13A5,,,,,,,ODN0002721326,z,right_only
73508652-252C-4C85-BC85-72D4D7B18F46,,,,,,,ODN0002721336,z,right_only
9DB121EA-0713-4CC9-80E2-AEAC9FAC69E3,,,,,,,ODN0002721406,z,right_only
29C2F49D-8415-497A-A824-6386857A3907,,,,,,,ODN0002983649,z,right_only
5F0946C5-3B5A-4FA0-B07B-4C28800107F4,,,,,,,ODN0002721426,z,right_only
B9762925-6DB3-4043-961E-48DC311EC63E,,,,,,,ODN0002762540,z,right_only
43C48220-BD73-4446-9467-AC2CF02BD60F,,,,,,,ODN0002762541,z,right_only
1F27EEC3-9FF3-4915-8E18-3CCBE3FCF7DD,,,,,,,ODN0002721454,z,right_only
9DA1D7FC-DE79-4441-82E0-8B016A170F54,,,,,,,ODN0002721455,z,right_only
B2892C06-BD51-42F8-A17D-487E0B291B5F,,,,,,,ODN0002721475,z,right_only
7A16E851-3AB9-4CB8-9106-45C1DBB9E6B9,,,,,,,ODN0003171046,z,right_only
FE3390F9-6329-4D45-ABD8-C8F09953D980,,,,,,,ODN0002721591,z,right_only
21BEA1F8-282C-434A-B787-04BB3BC26BFE,,,,,,,ODN0005303564,z,right_only
F36B7246-D2EE-45BC-B68F-A660DB58531D,,,,,,,ODN0002721604,z,right_only
9F4C389E-CC75-4A2F-B778-66A6F7EA855D,,,,,,,ODN0002721608,z,right_only
5EA65F11-83E9-4D74-9998-DFB767A882B1,,,,,,,ODN0002721609,z,right_only
0D8A505B-705F-46C5-8A80-6EDB4273EB53,,,,,,,ODN0005409598,z,right_only
12913357-0C3C-4E60-BD0D-B5A357E3A13E,,,,,,,ODN0002721732,z,right_only
320329BB-A30C-4485-BAFA-B6B0DADAF879,,,,,,,ODN0002721742,z,right_only
EDB0F1A1-61B1-424D-996C-5D96FCE7B444,,,,,,,ODN0002788572,z,right_only
25866703-1027-4A83-8A78-3DE895E71469,,,,,,,ODN0002762832,z,right_only
A29D0FA0-DA34-47D4-8510-15268FA02F8D,,,,,,,ODN0002721781,z,right_only
0A9544E5-7C5E-40F3-BA00-F179E44EB954,,,,,,,ODN0002721790,z,right_only
2AA78137-E0BC-4F39-9453-4C6407F19CED,,,,,,,ODN0005247813,z,right_only
FE498914-7FC5-45BA-B2B6-8A074597E1A4,,,,,,,ODN0004540016,z,right_only
67FB3310-5454-4FCD-BA78-AB2A18C949B8,,,,,,,ODN0002721833,z,right_only
84954F4A-A76A-4484-9D46-B1F091B5D729,,,,,,,ODN0002762958,z,right_only
2DEAA668-B68C-4B09-887A-2DEF6A711D68,,,,,,,ODN0002786487,z,right_only
0C3523A6-D0D4-4963-9C01-5AF2AA407506,,,,,,,ODN0005072883,z,right_only
26814453-58B2-475A-9324-F735582B429F,,,,,,,ODN0004527823,z,right_only
85C628AE-6BC5-47B5-96BD-A904A047FC04,,,,,,,ODN0002763068,z,right_only
6607DFFB-C202-47A2-9DAD-A3821AC77409,,,,,,,ODN0002721908,z,right_only
252EC430-7D12-4CF6-AE85-DFB3FD72A514,,,,,,,ODN0002763125,z,right_only
71DBB474-02DA-40C1-B7B2-AC5E124E1536,,,,,,,ODN0004616621,z,right_only
FD135C2E-379F-4477-AF0D-DC6158030F71,,,,,,,ODN0002788665,z,right_only
55D842CE-350F-41F2-86A9-C2EA7390949D,,,,,,,ODN0002983696,z,right_only
A601B364-26E8-4493-AAD3-28789E8CFC58,,,,,,,ODN0002721994,z,right_only
3186D574-11C4-4723-A425-0695EA4CAD21,,,,,,,ODN0002722012,z,right_only
3508C0F0-A139-4736-99E5-D81F1862EB9E,,,,,,,ODN0004569292,z,right_only
1164291D-B15C-4996-B053-E26EE7EF66EA,,,,,,,ODN0002983709,z,right_only
9985748A-481C-48C7-91E0-076F8A9CE9AF,,,,,,,ODN0005355482,z,right_only
5F4C6B87-9672-44CE-B651-7528A80C9C30,,,,,,,ODN0004854291,z,right_only
0D5C4B14-EFD2-4963-8DEE-B3CCEB0AD555,,,,,,,ODN0005355489,z,right_only
9CAA9B0A-9415-45D5-9DBC-BF0FC8421BB5,,,,,,,ODN0002788715,z,right_only
3874E082-D57D-4CF7-9189-1AF976AE7516,,,,,,,ODN0002722072,z,right_only
A32CA6CE-0335-4FCB-A87D-E6172F6FFC5F,,,,,,,ODN0004705320,z,right_only
9476D784-61FE-44A6-8E39-F9938C824001,,,,,,,ODN0002763417,z,right_only
954BF4F7-9534-415C-A793-46F0B20FE234,,,,,,,ODN0002763418,z,right_only
860C066D-D3CD-4491-A17E-DEBA06F7236C,,,,,,,ODN0005424132,z,right_only
3B9E04A8-4770-4FFD-8ECC-4FA82B96038A,,,,,,,ODN0002983739,z,right_only
CD691909-E891-4DCE-9904-1E24A07077D1,,,,,,,ODN0002722202,z,right_only
B3A34A2F-D072-4880-8848-6EBC6D318A38,,,,,,,ODN0005355539,z,right_only
AEF3CDB1-A6AE-4CA7-B4E9-A2B12AA57B02,,,,,,,ODN0003153146,z,right_only
0E81D98A-4C83-4AFC-B102-0F3C99E88152,,,,,,,ODN0002722255,z,right_only
C9B8BE86-178E-449C-9B8D-96EAD5990B3A,,,,,,,ODN0004224222,z,right_only
EAF40B13-BCE5-42A3-8EFF-380A56FB1024,,,,,,,ODN0002722298,z,right_only
C0151C0E-D25D-4E59-B654-336780DDBC5C,,,,,,,ODN0002786517,z,right_only
C812A134-DBED-43F5-9D6D-ED2551FCEF27,,,,,,,ODN0002722302,z,right_only
20576F61-341D-4C6E-A64F-CB4C9230FD8C,,,,,,,ODN0004737024,z,right_only
47AF3B31-3F5B-4891-B2B8-DC0653940815,,,,,,,ODN0002788843,z,right_only
569CF8D7-6E8F-413D-8B12-830F3C028AAE,,,,,,,ODN0002763722,z,right_only
847D48BC-78DF-484A-9966-17159A727F3D,,,,,,,ODN0002722372,z,right_only
BAA8C983-D68B-4E7C-B149-2423E96A4B69,,,,,,,ODN0002763751,z,right_only
BB944505-140C-48FC-9175-AE0B30211F60,,,,,,,ODN0002983764,z,right_only
B53DAB8B-8C17-4CCB-A464-DEA6E6FA794D,,,,,,,ODN0004358478,z,right_only
08FF856F-AC9C-4D9D-9474-C6EFDF9C02E5,,,,,,,ODN0004638771,z,right_only
12B3479C-68DA-49B9-95A9-FECC27CF9590,,,,,,,ODN0004409036,z,right_only
5B378F8F-49D9-4F52-87BE-E651FF76C238,,,,,,,ODN0004863348,z,right_only
968E693C-F163-450C-956C-D9BBF3A3D14A,,,,,,,ODN0004616647,z,right_only
AE9B7F63-FA61-49A1-91BD-7A393E45E217,,,,,,,ODN0003153206,z,right_only
054B538A-F60F-4A5B-8C80-328AE76E20E2,,,,,,,ODN0005061755,z,right_only
76E60E50-2BEB-4916-ABE4-D6BEDB2E8A7D,,,,,,,ODN0002722575,z,right_only
EA32FFA2-2B5C-4848-86C3-370144D87740,,,,,,,ODN0004737040,z,right_only
E9966FA0-8239-474A-A50E-D818E5968CB4,,,,,,,ODN0005303677,z,right_only
0259A418-79C0-4A7E-ABE4-C3BE3DA28EBF,,,,,,,ODN0004606736,z,right_only
02FBDAD0-4FF4-4492-984A-3AD9F34A0F4C,,,,,,,ODN0002722684,z,right_only
5B5B8782-691F-446E-A45F-9BCD37259452,,,,,,,ODN0005099632,z,right_only
DA3567C3-AAF4-49C5-9D10-0F6BCB4764BD,,,,,,,ODN0002722714,z,right_only
5C66EAB4-EEB3-48C1-8A4A-3FF9C13E922C,,,,,,,ODN0005380206,z,right_only
87FE434E-8CB7-4D14-A8FC-484D46584F0A,,,,,,,ODN0002722744,z,right_only
C65A916C-C2F4-4FFD-B420-51C21FB4390C,,,,,,,ODN0002722760,z,right_only
4D0DC2FF-F5DA-4B03-9B8D-CAEF4B526FC5,,,,,,,ODN0002983812,z,right_only
B72CFA1C-ED16-4F94-A805-0508EB3FEF26,,,,,,,ODN0005061772,z,right_only
3ACC16CF-5CA3-4D93-A231-6BB5719B4B14,,,,,,,ODN0002722848,z,right_only
50695180-3C8E-4D25-8DE2-BEA977187D1D,,,,,,,ODN0005038205,z,right_only
58665475-7C4C-4EAB-9372-00F36CF0CAD6,,,,,,,ODN0005182284,z,right_only
DDBF1DC9-B3BB-41A3-96D3-593A3A790793,,,,,,,ODN0004943273,z,right_only
E5688F81-48A9-4F14-9962-C309A05EBB13,,,,,,,ODN0002789125,z,right_only
725496C5-7EF7-4BBD-A579-F2893E4C6BF6,,,,,,,ODN0002722881,z,right_only
77BC673C-E1C1-4887-B29F-2E7741266209,,,,,,,ODN0002722882,z,right_only
D19D94C7-E5E0-46C6-A500-CC84E7423BD9,,,,,,,ODN0002722891,z,right_only
3841E41D-6238-4A33-91CC-4BE41ACD6C65,,,,,,,ODN0003978120,z,right_only
BC5DFAD0-F99C-455B-ABA3-B8939A2B173D,,,,,,,ODN0002764738,z,right_only
6112A86E-A598-4718-9FB2-DAD5EDBC0D88,,,,,,,ODN0002764751,z,right_only
B0BAAB5E-54A4-43A9-89F4-C71CDA3CE708,,,,,,,ODN0002722928,z,right_only
F18A01A4-CA5B-44F1-BBAC-D0EE8149EEDE,,,,,,,ODN0002722937,z,right_only
8E8C4B42-E4D6-4332-A3DC-B505FF9D0AD9,,,,,,,ODN0002764827,z,right_only
54B2B9C5-C6E3-4455-8BEB-6C9E34D07766,,,,,,,ODN0002837433,z,right_only
A001A6F4-CDAC-4FE6-90FB-2407B95B60DB,,,,,,,ODN0002802173,z,right_only
89BCB32C-8697-4C52-B44E-C08186BD58D8,,,,,,,ODN0002802176,z,right_only
3F55850F-FA03-4094-9744-73981A52137A,,,,,,,ODN0002722978,z,right_only
D0C01F4E-4736-424C-A989-75FEC52DC2EE,,,,,,,ODN0005461313,z,right_only
1BC5C37B-AB9C-4ABD-98D7-5A48C0D70993,,,,,,,ODN0003978124,z,right_only
A53B48D4-E935-4CC8-8571-82792D2B1F99,,,,,,,ODN0004934476,z,right_only
7CF25240-BF87-4E17-8921-8CA57F94593A,,,,,,,ODN0002723057,z,right_only
7CDE8C23-C35A-422A-9006-253CF992517A,,,,,,,ODN0002698190,z,right_only
30DB2EE0-BEA3-4B31-96E2-3BE62C971D1F,,,,,,,ODN0004873041,z,right_only
3F000D30-FB76-4CEC-BDB0-EA8CF09652A0,,,,,,,ODN0002802217,z,right_only
1600D894-0648-441A-B6FD-32E9467AAA10,,,,,,,ODN0004826338,z,right_only
6CAC800C-79C2-4124-9AEB-33E51864A9DE,,,,,,,ODN0002723106,z,right_only
A1AD72F6-E577-4D5D-8E09-93146B8C19B5,,,,,,,ODN0005112097,z,right_only
ADD0DF0B-6BE0-403A-8A59-89A9D598471A,,,,,,,ODN0002985046,z,right_only
35CE5B4B-70EB-4209-A59E-39782E6139D7,,,,,,,ODN0002983858,z,right_only
BCCD2BE1-D94C-4033-84D7-8AAE156F791A,,,,,,,ODN0002983867,z,right_only
99477392-750A-47A3-BA5E-402F6EED8644,,,,,,,ODN0002765303,z,right_only
ECEFAFDD-F84E-4922-B924-E05B957537FE,,,,,,,ODN0002723234,z,right_only
0AF8AB6F-B719-4AF2-B199-C2459D4BF555,,,,,,,ODN0005461346,z,right_only
D7B3C431-6BA2-4395-88BC-B170235A4DB5,,,,,,,ODN0002837461,z,right_only
36BDCBA9-7700-4BCA-B515-6BF069351C05,,,,,,,ODN0002789326,z,right_only
A54FCA6E-553C-4E61-9066-79BC4420C227,,,,,,,ODN0002789329,z,right_only
3E544FD2-2054-415A-B603-0651F5C824F4,,,,,,,ODN0004323692,z,right_only
351D73FC-367D-4B3F-A7BC-E18B8E511D25,,,,,,,ODN0004658181,z,right_only
59E1D705-3F66-4FC4-BAAB-04D9C5CA3F71,,,,,,,ODN0005099705,z,right_only
1DC0A91D-2219-43D8-8C26-80999039299C,,,,,,,ODN0005355732,z,right_only
CB4CE971-CA9A-4430-8471-D08A9243EE94,,,,,,,ODN0004569362,z,right_only
ACDC8127-A3DC-4B58-AEF8-649F3CCD036A,,,,,,,ODN0004569363,z,right_only
6D1F88FD-8699-48D4-AC22-D644E2E21865,,,,,,,ODN0002765499,z,right_only
FC0BFE47-DE84-4BB7-B6A6-5C84EB526016,,,,,,,ODN0005355738,z,right_only
AAE132A1-5285-4E74-A2DD-983CBA3626F9,,,,,,,ODN0002983897,z,right_only
358AAF2A-E1F2-444A-9EB9-E4AC58548214,,,,,,,ODN0002983901,z,right_only
E9ED331C-9FAB-4C68-B2C4-AA9E8F1B623F,,,,,,,ODN0003153385,z,right_only
DA28E168-19EB-4BD6-AECA-73C14615B210,,,,,,,ODN0002723388,z,right_only
47612583-2A58-4664-A9B7-D9C13E541AAB,,,,,,,ODN0002983908,z,right_only
BD9873EA-9DC0-418C-82DD-14080FF1C754,,,,,,,ODN0005038254,z,right_only
38596784-5E1C-4BEE-B307-C687FE1E7D74,,,,,,,ODN0003651802,z,right_only
55066AD7-2FE6-4A37-9E96-ABDFE898DB36,,,,,,,ODN0002723414,z,right_only
205EC406-9E0A-429B-995E-D89B6F3E8E10,,,,,,,ODN0002983914,z,right_only
C5A9CDC6-463F-43B8-8367-B683965E4373,,,,,,,ODN0005099736,z,right_only
B842FDAE-9E2B-4428-82ED-35FF92B34C9E,,,,,,,ODN0002983918,z,right_only
531F6359-C9D7-46C7-A070-7C7160852B19,,,,,,,ODN0002983920,z,right_only
C0146015-83B7-4005-BC91-046CB1381F50,,,,,,,ODN0002983924,z,right_only
FE9318EF-BDF6-4DED-AC07-2D45E39ED79E,,,,,,,ODN0002983929,z,right_only
7B3F46C9-DA15-45A9-AEAF-462188AC1AA6,,,,,,,ODN0004638821,z,right_only
9EA3BA7F-817D-4B8A-AC2D-4CA86BA090B5,,,,,,,ODN0005238201,z,right_only
1DB972C4-418C-4D6B-9E52-5037F51134A6,,,,,,,ODN0002789422,z,right_only
975A247F-625A-4776-9B3F-79DB9EC51674,,,,,,,ODN0004958160,z,right_only
C19FF89A-FF34-4EBE-93A8-4AC1048F8E4E,,,,,,,ODN0002765867,z,right_only
66E7995E-0B01-4E4F-BDFB-DD8C24DBD0F7,,,,,,,ODN0004000137,z,right_only
9581EB81-349D-4F1E-BC89-C45AB9C8FE39,,,,,,,ODN0004737096,z,right_only
2A9C35EE-4539-489C-9A12-F4A5B8AB3D7E,,,,,,,ODN0005303790,z,right_only
C5AA21E5-6BFE-4742-A6E9-114C667B3E27,,,,,,,ODN0002723545,z,right_only
1BBC21D0-FE55-47C3-8689-D96C079A751B,,,,,,,ODN0002723569,z,right_only
8033B4D5-C531-4D4D-A566-2AB80FFC5CEE,,,,,,,ODN0002723579,z,right_only
6DA3967F-F4FD-45C4-AF08-5561FB5859A6,,,,,,,ODN0004496026,z,right_only
1FAF3D44-5499-4D7B-96F5-2B018E221C8B,,,,,,,ODN0004606789,z,right_only
B5DFF261-C05A-4561-B86F-E4C17C7DFAD4,,,,,,,ODN0004934527,z,right_only
3E5582B8-341C-489A-BFDA-A3374FD1FDFC,,,,,,,ODN0004958167,z,right_only
BCB2FBB5-9734-442A-A67E-8A6B2FD64AC9,,,,,,,ODN0002723668,z,right_only
2CA37818-D50E-4C4B-8AAB-9756979287B7,,,,,,,ODN0002766144,z,right_only
743E6F9B-A4DA-4D47-AE80-E3FC28259AB5,,,,,,,ODN0002983973,z,right_only
2F0B993A-CE4B-44EF-A3A4-E8D0710ED510,,,,,,,ODN0002723766,z,right_only
0279D3B2-45EA-4B41-8508-01317CD3A500,,,,,,,ODN0002723767,z,right_only
754A213C-7E77-4D72-B47F-A0CC9D8D19E7,,,,,,,ODN0002723773,z,right_only
E6041C62-7E79-4480-BCEB-C6D18BC26AE1,,,,,,,ODN0002723794,z,right_only
4339F284-CD09-4E77-A4A6-3850D3DA8A74,,,,,,,ODN0003153495,z,right_only
E11EC58D-1B08-48AA-8AC2-8BD18BA1248E,,,,,,,ODN0002723807,z,right_only
BCC76F56-13D3-4F61-9EB0-8106245AAD53,,,,,,,ODN0005380317,z,right_only
7FDA1010-A753-4E7A-A95C-85118A850059,,,,,,,ODN0002983999,z,right_only
E2E0DAB2-1167-4460-B367-7730422FFBAA,,,,,,,ODN0002723840,z,right_only
E628D264-EEEC-4041-A531-DE959A632A71,,,,,,,ODN0002766406,z,right_only
873C65F7-555B-4C95-9E83-9E19802F9DC2,,,,,,,ODN0002723864,z,right_only
F16098DF-4E23-4D4B-97E1-8D9913395B77,,,,,,,ODN0005141882,z,right_only
4389191F-C2DF-42BC-A051-7F9B40A7747E,,,,,,,ODN0002723870,z,right_only
9F6672EC-A9A6-4EAD-8427-068A62FF2D07,,,,,,,ODN0002984004,z,right_only
050DAAAF-F473-4B86-91EB-6C027CECEBF0,,,,,,,ODN0004958179,z,right_only
58FF73A6-0546-449F-B253-75C212A491D2,,,,,,,ODN0004902566,z,right_only
F3B0F954-55E7-4B76-80F9-A54E40A7FA0E,,,,,,,ODN0005398127,z,right_only
6F61BBC6-54FD-4B8A-97D8-AFF0A6EB8DCC,,,,,,,ODN0004714145,z,right_only
53372BEF-CAA4-4531-86EB-97B7C68CD18A,,,,,,,ODN0002723914,z,right_only
481AA149-53B5-42F0-BB3C-FD089200ECE4,,,,,,,ODN0004863406,z,right_only
A41E774B-E93D-4E0F-83D8-DECFAC6593E8,,,,,,,ODN0005303835,z,right_only
5A21839F-3259-4C1E-8709-DCCD19ED75EC,,,,,,,ODN0002984015,z,right_only
15352F92-08FC-4A76-B9A6-825CDB8FAE3E,,,,,,,ODN0003153524,z,right_only
3D93CB3C-7B76-4C00-BEE9-C0F37BC334D7,,,,,,,ODN0002723947,z,right_only
D814B426-E672-4F46-9423-9020AF837C0C,,,,,,,ODN0005355808,z,right_only
18880CC1-3285-4E39-A15C-F3A9D91BA6FA,,,,,,,ODN0002766647,z,right_only
46C01E9F-0BE1-409D-9457-82FA4584ECD4,,,,,,,ODN0002723972,z,right_only
34267F14-46AE-4A5E-B571-7898662AE605,,,,,,,ODN0002837566,z,right_only
64BDF159-4B29-4CC0-A793-F5C79C98FD30,,,,,,,ODN0002766724,z,right_only
158E0942-2334-49BD-9535-FAE71702DB3B,,,,,,,ODN0002789681,z,right_only
F890F93C-4736-4901-B96A-04EE15B28F2A,,,,,,,ODN0002724030,z,right_only
62CA3F83-0E77-4AA7-A72A-E7F118945849,,,,,,,ODN0002766799,z,right_only
DF971D3C-3317-4D5A-960C-2BDB31F8BD81,,,,,,,ODN0002766804,z,right_only
FD4D2D80-8E81-4C5D-94FE-20C50470845D,,,,,,,ODN0002975612,z,right_only
6D690672-369A-4EEC-A8F9-11EE9DF78FDB,,,,,,,ODN0002724040,z,right_only
61B76E78-9059-44E3-8A34-61BAADE102FA,,,,,,,ODN0005018776,z,right_only
AB021C07-B28A-402E-BAB9-ECFDEDC387AF,,,,,,,ODN0002724087,z,right_only
C48DD8BB-D0F2-4165-B5A9-B82392F68BCD,,,,,,,ODN0002766968,z,right_only
AC666F45-EE46-456C-B31A-0A0E97F4402B,,,,,,,ODN0002984051,z,right_only
4B5E6E94-8A48-4BB6-9030-150ED70C2E27,,,,,,,ODN0002724123,z,right_only
7C701EA3-38BF-4298-B88F-C51296231CC6,,,,,,,ODN0005142012,z,right_only
DF4C3B3E-3F79-4DDD-B8A3-707F8C560AEC,,,,,,,ODN0004854395,z,right_only
154B0472-4236-4649-9CB0-D4AE7F9E9742,,,,,,,ODN0002724140,z,right_only
901C86CC-77F9-4A8B-8599-722DCB8D76E2,,,,,,,ODN0002724150,z,right_only
3158C85C-7799-4A71-BB7D-A421F32F09B3,,,,,,,ODN0004390652,z,right_only
9370995C-0CCC-42FA-B265-DEE83306856F,,,,,,,ODN0004691216,z,right_only
411713EC-F0F8-4971-AD30-AB737A113148,,,,,,,ODN0002767185,z,right_only
DA73C207-6DEA-49CB-913E-B23CA4F9B989,,,,,,,ODN0005355860,z,right_only
80FA3CAB-2A10-4D32-B54E-1D8B0C022D6B,,,,,,,ODN0002724238,z,right_only
366E5E82-4AEF-4A63-A86E-95DA337FE34F,,,,,,,ODN0002724240,z,right_only
5D20CB2F-8B42-4AA5-A705-2AD8A6C84E90,,,,,,,ODN0005182553,z,right_only
FABA094C-72C3-4BBB-9258-2D04D39347B0,,,,,,,ODN0002767343,z,right_only
5B698BD8-5D2A-4A16-B91D-FF48400CE281,,,,,,,ODN0002724396,z,right_only
1EDF0BE5-A074-4569-8D66-127AF69D5F1B,,,,,,,ODN0002724399,z,right_only
9E7D9D7D-8FCD-4DFE-AE75-E4844CDE4C61,,,,,,,ODN0005099846,z,right_only
993AB3C6-BFE5-4416-B975-F29DC973AAF1,,,,,,,ODN0002767447,z,right_only
780DE604-849D-4C23-90B7-ADE447FE4569,,,,,,,ODN0002984085,z,right_only
25455D90-A7AD-43F3-9AE2-9261D3283441,,,,,,,ODN0005099849,z,right_only
D1653B9C-A9CE-414C-B623-E62EC8991875,,,,,,,ODN0002984088,z,right_only
7A823785-F4E2-44C1-8DE7-3482582D49CE,,,,,,,ODN0002984090,z,right_only
C9A33755-6B0A-4B6E-8ECA-88B48F230C5E,,,,,,,ODN0002724606,z,right_only
01184B09-578B-432A-BD77-E0E18EBE50AB,,,,,,,ODN0002984096,z,right_only
F53E9D50-5F1B-402C-BE46-D703FEEB4A13,,,,,,,ODN0005355885,z,right_only
A2CD8C5B-2F7D-421B-8001-8A012B529A3C,,,,,,,ODN0003688279,z,right_only
1377ED4E-F3F3-4D8A-9389-90E15E1B5785,,,,,,,ODN0002719016,z,right_only
FDFB6092-1D87-4ACE-BF83-63E7F25764F9,,,,,,,ODN0004814241,z,right_only
4F7CFAA1-316C-4EA8-825D-41BBC9848D0F,,,,,,,ODN0005355888,z,right_only
84691CB3-F324-4F54-BEE2-A2AACF5D0EE8,,,,,,,ODN0003229778,z,right_only
329A14BE-8C64-4A33-BB18-E5DD65B4376A,,,,,,,ODN0002724707,z,right_only
CF09EF2B-0DFA-4508-8984-19245C903C6E,,,,,,,ODN0005142236,z,right_only
7C91042E-E139-4CAE-94E9-4456DE1A17DA,,,,,,,ODN0004826425,z,right_only
019B6ED2-594C-4A91-A783-60A25B28502C,,,,,,,ODN0002984120,z,right_only
2C6D4442-C5DB-4056-A13C-C32C2AA50BBB,,,,,,,ODN0002984121,z,right_only
AD92ED9A-0693-46E1-8864-6EE646CADC6A,,,,,,,ODN0002767731,z,right_only
075D7B2D-8EEB-44A7-A71A-7D4294792DB2,,,,,,,ODN0002984128,z,right_only
62A6F154-C372-4C5A-952C-B3FD685F546E,,,,,,,ODN0002767771,z,right_only
EB57CB33-41D6-49E0-B864-81B88421C356,,,,,,,ODN0002767787,z,right_only
5A4B308E-EC6D-475B-A710-C528C18D545E,,,,,,,ODN0004290242,z,right_only
2D61A529-E74B-411B-ACEA-C1A7F051CD6C,,,,,,,ODN0004462525,z,right_only
ED725795-2BA7-42BE-B285-B7107A7636B2,,,,,,,ODN0005355909,z,right_only
8545EC79-15A9-4BAE-AFFA-22A37B4D5335,,,,,,,ODN0005142305,z,right_only
3858E088-EE2F-46CD-8752-A83ED4C78926,,,,,,,ODN0005303928,z,right_only
969A6445-4672-4E5E-858C-AEEE4AF461DA,,,,,,,ODN0005380397,z,right_only
1CCCEA33-1782-4A7D-9EE1-98C7A5599F05,,,,,,,ODN0002724860,z,right_only
5E30A4CD-07A4-468F-A99B-C80A610BF086,,,,,,,ODN0002767986,z,right_only
9A3547B8-5CCB-435F-A74F-2F5A1D6CEFD6,,,,,,,ODN0002724872,z,right_only
450D1F9B-2BA9-4270-8A65-86A9108E36F9,,,,,,,ODN0004409211,z,right_only
EEBEDA30-7C25-4C6B-A7E1-667A2C9170CD,,,,,,,ODN0004323978,z,right_only
42F9CD0E-D085-45A9-A6D0-B4D70731441F,,,,,,,ODN0002768046,z,right_only
08BEB8DE-B856-4F11-98BB-A1E867A4E0A9,,,,,,,ODN0002724916,z,right_only
D4274436-5FFA-45C1-AF94-323E7E07FD25,,,,,,,ODN0002698348,z,right_only
94D8ED38-AC9A-403A-9F0D-DF5638535F85,,,,,,,ODN0005238311,z,right_only
962798FA-34C3-4652-8EC9-1F976EDF7815,,,,,,,ODN0002724970,z,right_only
36AB95BC-8DF9-4C2A-8BB2-52AE564F5F33,,,,,,,ODN0002984154,z,right_only
8600720A-4C6A-4996-94E7-C2B0396E4C16,,,,,,,ODN0005303955,z,right_only
7D4C648A-64D4-4A5C-8A11-B2C1BC339D22,,,,,,,ODN0004324003,z,right_only
A745D399-B1FA-4A82-8DF3-961A3A080650,,,,,,,ODN0004358599,z,right_only
ACD87E04-C113-42F0-AFCF-88DF66950494,,,,,,,ODN0002768304,z,right_only
2B032CAD-1AD3-499F-A32A-60D1DF7AC292,,,,,,,ODN0002790102,z,right_only
45B1FA5E-A4A2-4244-B603-36C94762700C,,,,,,,ODN0002786644,z,right_only
783C015A-8494-48DA-B1B6-F869F8EDB396,,,,,,,ODN0004224570,z,right_only
8D5AFA2A-6FD0-49B6-B573-5A6B6C5A6E7C,,,,,,,ODN0005182781,z,right_only
445C1A88-EB58-4960-9D61-C11C2228E60A,,,,,,,ODN0002725070,z,right_only
AA2A95A8-E597-4D58-B1DC-998FE92A1ED1,,,,,,,ODN0002725078,z,right_only
2F3379FC-0EB6-4EA2-8A6D-E1807DEAD0ED,,,,,,,ODN0002984180,z,right_only
1A2ED5C9-1A2C-42CE-8D8E-795ED586FEC1,,,,,,,ODN0002984185,z,right_only
818DF817-CDF4-44B2-BBF4-A1CB96B5E35C,,,,,,,ODN0005262045,z,right_only
64E69C78-F4F9-4B30-8EEB-FB0CD8809F00,,,,,,,ODN0002725146,z,right_only
F3FB6476-1682-4DB1-A02C-E7113B72779B,,,,,,,ODN0005142549,z,right_only
0A662762-2C73-4216-9EB2-403B150EF9DC,,,,,,,ODN0004514942,z,right_only
70A0BB13-C382-422B-8365-9C48B984F3CA,,,,,,,ODN0004055483,z,right_only
64232BF2-41E1-4A97-BB36-6FCF6F89FE87,,,,,,,ODN0002725289,z,right_only
0A386BBB-282D-41C1-8EFA-1801350794B1,,,,,,,ODN0004878896,z,right_only
9ACF5F48-D716-4F2C-B279-CCCA0B755DD3,,,,,,,ODN0002725311,z,right_only
A7A763A6-4ADA-4E18-813B-33C8F87F0BF1,,,,,,,ODN0002768776,z,right_only
1706ACC1-32AF-4015-AA60-341A115C7D95,,,,,,,ODN0002790264,z,right_only
3CF15390-39D9-4CC5-A299-7B9CAFFD5DB3,,,,,,,ODN0004514971,z,right_only
690262E4-55EF-41BE-BB29-FA6533349691,,,,,,,ODN0002725380,z,right_only
8557ECFA-57BA-48C5-9193-855B7D34859F,,,,,,,ODN0002725386,z,right_only
FBB7104A-78CF-46BC-A3C8-524FCC930E93,,,,,,,ODN0002984227,z,right_only
56B05BAF-EAB3-4172-9FB7-A5592BF341D3,,,,,,,ODN0005356005,z,right_only
150AB7F2-D030-4396-88D5-6641DD3178D6,,,,,,,ODN0002725475,z,right_only
2C5DCFAE-7485-499F-A6E7-9D0ECDC20C94,,,,,,,ODN0005281183,z,right_only
6994E340-FCDC-4DD1-A141-F4316AF85437,,,,,,,ODN0002769013,z,right_only
9A3F626F-28B3-4E8D-BD9C-E79896ADE6D8,,,,,,,ODN0005336206,z,right_only
AA7D7426-9525-4C33-ACE9-8797F5B23EC9,,,,,,,ODN0005182863,z,right_only
27BEE15C-978C-4810-B5D4-A473BD7D4D3D,,,,,,,ODN0002837773,z,right_only
5CDE0E7A-B644-4213-93DE-BE0994B8347E,,,,,,,ODN0002790321,z,right_only
BDF66505-7973-4D6E-A018-5FC26F8016EB,,,,,,,ODN0002984236,z,right_only
93CE9F23-78BA-4722-9724-6FEDFAB72398,,,,,,,ODN0002725649,z,right_only
E01F841E-F54D-491C-9FC0-FABEC77575A4,,,,,,,ODN0002984240,z,right_only
71C1DEEE-37A8-4C49-8EE8-403288E16DDD,,,,,,,ODN0004958291,z,right_only
C3AC3DF7-B02D-43AE-904F-12B8DB304873,,,,,,,ODN0005356015,z,right_only
34DFFE22-D180-44BB-8428-31D439D9C57F,,,,,,,ODN0005281189,z,right_only
D26565C2-5718-4D73-A50F-94638A212AA4,,,,,,,ODN0002769133,z,right_only
357F6609-7ED3-4F50-A3A0-C4355C9A86C8,,,,,,,ODN0002725714,z,right_only
98C6188E-91C4-49FE-8E01-97628350655C,,,,,,,ODN0002984247,z,right_only
61899DE3-4E4A-4CE1-BBA5-D3EB41FDA87F,,,,,,,ODN0002725756,z,right_only
389408D8-DDCB-4BAE-BC7D-9FB1BF75244A,,,,,,,ODN0002769168,z,right_only
D09DB8AA-9F22-439D-9DA3-8785399FD536,,,,,,,ODN0002725773,z,right_only
A2D965C4-F3C8-4ACB-977F-B35840E3BAE7,,,,,,,ODN0002984248,z,right_only
BE1BBC0B-6F4C-43D5-893E-4AE21A2B7DB6,,,,,,,ODN0002769280,z,right_only
BA57DE2B-484D-4B5B-AD4C-7259DF28E675,,,,,,,ODN0004409284,z,right_only
AEF0F31A-5623-41AB-958A-05232E07444C,,,,,,,ODN0004000203,z,right_only
E6DD3C4F-94A1-491C-9820-D2083EFECF6F,,,,,,,ODN0002725810,z,right_only
AEB61F38-6275-44A7-A8F8-FC5AD5EC4E53,,,,,,,ODN0002769370,z,right_only
F6DBA9AF-F35C-4399-8892-A78F6494F331,,,,,,,ODN0002725907,z,right_only
4B8B37D0-88FB-4D6C-9CC2-938153733235,,,,,,,ODN0002769458,z,right_only
BE7643B8-AE18-49B1-B3BF-45D1E31A7CD0,,,,,,,ODN0003418562,z,right_only
8645E51C-3606-4287-8867-9E70D1379B49,,,,,,,ODN0002769470,z,right_only
9AE693B5-AB22-49F0-9BEA-EEE5999D18ED,,,,,,,ODN0002769476,z,right_only
2F4C88E8-1371-4AD5-9FAA-E9B828B86CAE,,,,,,,ODN0002725946,z,right_only
D4F816D9-EA1B-4975-892D-D0018B353EF5,,,,,,,ODN0005461741,z,right_only
5AB46D8E-C8B9-4CDC-BA2B-A67E7ADFB094,,,,,,,ODN0005461737,z,right_only
665BE282-FDB5-4852-B279-F0B696CE013F,,,,,,,ODN0002725956,z,right_only
20EB84AA-1EFD-492C-98AC-101AFA4B8D9F,,,,,,,ODN0002725978,z,right_only
B5F8E5F8-DBDF-41F9-A262-61519964BA05,,,,,,,ODN0002977025,z,right_only
F929DEF0-640D-4642-939D-AE9A3DF7F727,,,,,,,ODN0002726001,z,right_only
BE849E17-FC56-41F7-8A29-7ACABEF64489,,,,,,,ODN0004863497,z,right_only
F347016C-43BC-4087-8DA1-9AF71DB08472,,,,,,,ODN0004878960,z,right_only
3A8A56BF-99F3-4C0A-801D-ACF6AEE7FB69,,,,,,,ODN0002726007,z,right_only
B33E1EC0-C658-469C-9539-08814A062FED,,,,,,,ODN0004958311,z,right_only
E238A51E-4F0E-4570-916B-BC4DFE6EFDF2,,,,,,,ODN0002984282,z,right_only
AED060E8-D02C-43BF-8EDC-FA6055BD2E1F,,,,,,,ODN0002726047,z,right_only
C8B72D07-BD63-40EC-AF3A-0C15614D0BB0,,,,,,,ODN0002726051,z,right_only
1C554754-1125-46D5-A2A6-0C4849E477FA,,,,,,,ODN0002769808,z,right_only
A7E67173-43B5-4C9E-92C3-C2098B690ABD,,,,,,,ODN0002984287,z,right_only
7F131FDC-DF36-4283-8657-F6DA5E7AF199,,,,,,,ODN0002726069,z,right_only
1197446A-B5E8-4187-9E37-CA18FBC93069,,,,,,,ODN0002726084,z,right_only
A1DD79AA-F056-4CB1-B177-6572DEA37EFB,,,,,,,ODN0002984293,z,right_only
65118D9C-3226-4AE2-A7A9-1B85A1217E5D,,,,,,,ODN0004863500,z,right_only
74C5CB48-1987-4522-87FC-2BB993B19D18,,,,,,,ODN0005281213,z,right_only
51FBE1BF-2993-4D6F-B488-9D6489B7829F,,,,,,,ODN0002977065,z,right_only
8C25CE0C-3AAF-4444-B34D-95716E07CC04,,,,,,,ODN0002984296,z,right_only
BB18A872-1118-42F6-BC98-A19737486462,,,,,,,ODN0005304085,z,right_only
8979D80E-68C8-4E5E-BFB4-0CF486DBC34A,,,,,,,ODN0005183306,z,right_only
3F6E4618-142F-47CC-911D-8C27B3B2C4E0,,,,,,,ODN0004290266,z,right_only
91CB7C9F-FDFC-4EBF-8DA9-F32112001337,,,,,,,ODN0005073142,z,right_only
E6A85CF0-D1C8-43E8-B0D4-D53F68C047AD,,,,,,,ODN0005183317,z,right_only
C6AA7782-D301-4BF2-86B3-F4D046ADA84E,,,,,,,ODN0004453829,z,right_only
F85031B3-9B38-4EE9-9ED7-43969375D8DB,,,,,,,ODN0005183318,z,right_only
BFE522C6-DEE7-474D-9017-503296593AC9,,,,,,,ODN0005281219,z,right_only
9EC71944-5EFB-425B-A59E-342B81D67339,,,,,,,ODN0002726194,z,right_only
B31CB0F8-99DD-4E1A-8680-4FE9F823C0E7,,,,,,,ODN0002726204,z,right_only
D580943E-004A-477A-91DB-CEC38476EE5A,,,,,,,ODN0004537499,z,right_only
229D5523-0170-4D4A-985B-ECCF93A621A6,,,,,,,ODN0005100068,z,right_only
B24B12CE-AEE8-4878-987F-653D0A5721E9,,,,,,,ODN0002726282,z,right_only
D46F824D-44EC-44A4-B236-D2E863E9127B,,,,,,,ODN0002726285,z,right_only
17B0248E-BA45-4B14-A8B5-79603B9B6C13,,,,,,,ODN0004589541,z,right_only
845AD57F-62CF-4171-B33C-7771EC59695D,,,,,,,ODN0005143064,z,right_only
DAC7A811-73A0-4A87-8AC4-A57D97AFA3EC,,,,,,,ODN0004589544,z,right_only
546129E4-B3E0-4431-9BD9-E950A5219466,,,,,,,ODN0004958344,z,right_only
7564669D-36E8-40DC-9656-4693C18DC8F4,,,,,,,ODN0002726331,z,right_only
7E36FC10-2B2A-4524-AD69-BE04D0A21752,,,,,,,ODN0004814352,z,right_only
8BC68489-7128-4634-8B13-AEAC3C55BDBF,,,,,,,ODN0002726358,z,right_only
CA38FD9C-770E-4117-8745-90B01B28CE12,,,,,,,ODN0002770489,z,right_only
19634213-EC2F-4412-846B-4A9F72CFE2F6,,,,,,,ODN0002984338,z,right_only
45A1F69F-9539-4F44-A8C1-98915D356676,,,,,,,ODN0002770497,z,right_only
67BF6E98-0D1A-486D-8897-D619C6F00DF2,,,,,,,ODN0004943334,z,right_only
A8353835-6FCB-48C8-881B-7271FA2AEE9B,,,,,,,ODN0004863521,z,right_only
1BE64002-7F17-4AE6-9F1E-8B862EA5F39F,,,,,,,ODN0005380543,z,right_only
7FB3B67F-B4B0-43EE-832A-CB722FC59B4A,,,,,,,ODN0002984345,z,right_only
856F9DE1-A84B-4791-8D04-07AF7624E67E,,,,,,,ODN0002984347,z,right_only
646DA125-1CBA-471B-940C-350928822E9A,,,,,,,ODN0002726554,z,right_only
09294B2B-E40E-4E0E-8F1F-BEDD6BB3819C,,,,,,,ODN0004934759,z,right_only
B5891609-DDF6-4C3A-915C-8F461DA28C33,,,,,,,ODN0002726562,z,right_only
B2183E00-D337-4D87-91BB-0F9604ABBD9E,,,,,,,ODN0004324588,z,right_only
907CC117-D443-4F13-83BB-A720B925DAAC,,,,,,,ODN0005100108,z,right_only
2A05E927-0FBB-4AB9-8384-2C5498C62EAB,,,,,,,ODN0005038463,z,right_only
DD9BEE3D-CA3E-4491-8E4C-85C34FD2FF48,,,,,,,ODN0002726604,z,right_only
0701CAC4-931F-4858-93DB-719658A4C177,,,,,,,ODN0002837914,z,right_only
2FF19B5D-CAC3-44BC-B98F-9F077139FB47,,,,,,,ODN0005380564,z,right_only
6BAB54C9-D4E7-4B5A-8D92-6D33FC3E9359,,,,,,,ODN0004183186,z,right_only
F94B14C5-D46B-4833-AF53-63664093CB8F,,,,,,,ODN0002726688,z,right_only
F9F44A50-5DF4-4A94-84AC-64C6F7DBB064,,,,,,,ODN0005461837,z,right_only
F35A365C-637A-4024-8E35-42E974D646C2,,,,,,,ODN0002726702,z,right_only
C093FE2B-551E-49F6-9A5A-7D8353B61963,,,,,,,ODN0002726706,z,right_only
694DF269-C5DF-463F-A2D2-F18F034E205D,,,,,,,ODN0004873206,z,right_only
9E4DBF39-33E3-4527-A987-7B86F86AAD27,,,,,,,ODN0002977423,z,right_only
D9CE90E5-2256-4063-A195-4F69822CCBF2,,,,,,,ODN0002771449,z,right_only
39AD6596-5EE0-4EED-9541-A767F2F1CC80,,,,,,,ODN0005356139,z,right_only
1BB654FA-D754-47A6-BFA2-0817DB4A2E41,,,,,,,ODN0002726753,z,right_only
B9ED6C51-E553-40CD-AFD8-B94F506ECC24,,,,,,,ODN0002984384,z,right_only
963BEA2D-4FCD-4AE5-B1EB-54B28563526A,,,,,,,ODN0004324683,z,right_only
D37A26CB-9321-409E-86DE-D93DF70D4B36,,,,,,,ODN0002726821,z,right_only
C5CEDAD0-9436-463F-9E01-19F766984149,,,,,,,ODN0002771520,z,right_only
E38069E2-92F4-482F-BF1C-07DC06F5416A,,,,,,,ODN0005336338,z,right_only
913EB1DB-3DAA-406A-BCE8-B7E850B2C791,,,,,,,ODN0002977473,z,right_only
773EF1B3-D9D6-428F-8176-870348C7E674,,,,,,,ODN0004487514,z,right_only
BC742D2C-2577-4863-AA18-4151A53824E2,,,,,,,ODN0004000230,z,right_only
08CB78D8-A1AD-4D7D-8B8C-EAF3358BF711,,,,,,,ODN0002977489,z,right_only
FE4EB6BE-7E5D-4C8D-8F07-5F3B0E2BD6FA,,,,,,,ODN0005380583,z,right_only
BFFA4F99-5CE9-4C56-9C71-A87837F8BE58,,,,,,,ODN0003153987,z,right_only
DF859785-5B5E-4315-821F-2D979A76FD5B,,,,,,,ODN0003153988,z,right_only
2347839E-F2EB-4D70-ADA7-85727BD50F3F,,,,,,,ODN0002726895,z,right_only
E4F1497E-C9D7-4975-B35D-DAC2835311B5,,,,,,,ODN0004991837,z,right_only
98F6D70F-16EF-4F47-B28B-39CC5A3C7906,,,,,,,ODN0002726909,z,right_only
A38C3E03-38C8-4218-9AA8-48E455250F70,,,,,,,ODN0005356157,z,right_only
7CFD7F9B-7DC3-4A9E-B664-A27E9D349250,,,,,,,ODN0002726942,z,right_only
4590E554-39D4-4B7A-93B9-699B13E207B5,,,,,,,ODN0005183435,z,right_only
2E0892E7-FB8D-44B1-815E-C231790185C7,,,,,,,ODN0002726960,z,right_only
87D83CBA-E044-4EEC-AE3D-8463BD7C2295,,,,,,,ODN0005238515,z,right_only
52C2E5DE-B7CB-447B-BD6B-70A0554EF0E8,,,,,,,ODN0002727029,z,right_only
679C38C7-B206-4EE0-8303-14F2C5630723,,,,,,,ODN0002727038,z,right_only
9671A481-76BA-4B7E-A9C6-50AE36597D5C,,,,,,,ODN0005073188,z,right_only
48A983E3-D1C7-4C27-92A1-30CFEF550172,,,,,,,ODN0002727053,z,right_only
31C77F0B-1139-4A57-92FB-53560D723CDF,,,,,,,ODN0002727082,z,right_only
52C01037-4496-47A1-A1E6-C2ECC60A500E,,,,,,,ODN0002984440,z,right_only
56E31468-6C02-4C11-AA76-6451F24E1D1E,,,,,,,ODN0002807177,z,right_only
995F0DE9-F778-4BC7-8594-D98EDE844966,,,,,,,ODN0002984443,z,right_only
044B1E9D-A285-4E67-BB15-17F0E643AD8D,,,,,,,ODN0005204592,z,right_only
7BA30D9C-78E8-4B8A-9F4C-1318C7C57E77,,,,,,,ODN0004487546,z,right_only
37D0674B-82E5-4C99-BA9E-CA2313C9C108,,,,,,,ODN0004934790,z,right_only
05CE3456-D7A7-4B91-BA2A-5E65EB1052BA,,,,,,,ODN0004369413,z,right_only
0AFF5692-48B5-466D-A7DE-1B768B0C9319,,,,,,,ODN0004873215,z,right_only
A40FE7AA-F5BA-4645-9678-0A1B7D9912BC,,,,,,,ODN0002727148,z,right_only
724D8853-B01F-4FF1-B0D9-55766FDB6A84,,,,,,,ODN0002977729,z,right_only
9EB15831-2822-4ECE-8DB3-365AF1EE9135,,,,,,,ODN0005143708,z,right_only
4B1AE947-39B5-43E2-A55A-AEBE9A047834,,,,,,,ODN0002727175,z,right_only
C7E68216-7CBB-46CE-8483-4E5906D3D01D,,,,,,,ODN0004729466,z,right_only
BEDBE0CD-2210-48C6-A3F0-CBA2E1C6F05A,,,,,,,ODN0002727186,z,right_only
36902887-F999-44B9-AD14-701DE7604772,,,,,,,ODN0002984455,z,right_only
3AA6D0DB-EC3E-4E73-8B34-0FBD4B99A792,,,,,,,ODN0002727237,z,right_only
A4A94CC7-42BA-4687-B157-CE93B0D7BECF,,,,,,,ODN0002984457,z,right_only
D10835BF-038C-47E1-9526-68549FF0B093,,,,,,,ODN0002772232,z,right_only
D8795AC2-FEDB-4CFB-B1DD-B73DC73B6A26,,,,,,,ODN0004358690,z,right_only
8387A646-21BF-43DE-925A-00C43D12FA58,,,,,,,ODN0004606969,z,right_only
A99ECD6E-3B51-49A5-BFB2-3587D535C51A,,,,,,,ODN0005356192,z,right_only
FEEED5F3-04FA-4BBD-8418-C5334EBBDC98,,,,,,,ODN0002984459,z,right_only
7BD6061C-403F-4E9F-ACAC-5E878B3C2172,,,,,,,ODN0002984461,z,right_only
CF3554A7-4B0B-40B4-A010-661DBC1EB7B2,,,,,,,ODN0002727334,z,right_only
B2B4EA60-4F9C-47D3-906C-F97AC19FB39B,,,,,,,ODN0002727336,z,right_only
A7112AE4-6E54-4987-A9FC-D91F11752804,,,,,,,ODN0002977887,z,right_only
3DB4D4E9-E4BA-452D-B6B9-A8CD88E1DBCA,,,,,,,ODN0002984466,z,right_only
1239345C-2A40-4914-B5A1-62E4CAB6CBFE,,,,,,,ODN0004873223,z,right_only
8CA55C07-61A4-4EA1-B23C-08628D8BE9C4,,,,,,,ODN0005304199,z,right_only
BB7CF726-FC57-485A-972A-E89F999F115F,,,,,,,ODN0002727406,z,right_only
B86306C7-21A0-44BC-8608-55D69CCC3E0D,,,,,,,ODN0002727414,z,right_only
0C35FC94-AC68-4F1D-A663-325002A1B16A,,,,,,,ODN0002984470,z,right_only
68EA517A-AA54-4563-91C9-368F9844A690,,,,,,,ODN0002772460,z,right_only
484765B0-231F-4E61-B45C-AF670FAA4BBF,,,,,,,ODN0002727449,z,right_only
1BDD00F7-C291-4E68-840C-D9F51AE84EAE,,,,,,,ODN0002772528,z,right_only
12891349-E54C-4736-B241-355DAC7CDE14,,,,,,,ODN0002727469,z,right_only
FE06D64C-25F6-4D5B-B9E4-5CF10AEBD235,,,,,,,ODN0003154089,z,right_only
D9CBD88C-E3C4-49E1-A547-E5D44115C877,,,,,,,ODN0002727471,z,right_only
A94BB512-FCF0-409E-9E49-DCE02B94DF99,,,,,,,ODN0005238554,z,right_only
D9EBF3A0-48DA-4B8C-A7CE-8413989E82E0,,,,,,,ODN0002727500,z,right_only
095033D6-35D0-452F-B633-A9B61B743E61,,,,,,,ODN0004774334,z,right_only
0F266412-35E2-4D8E-AAF5-685891EA629B,,,,,,,ODN0002698535,z,right_only
A4425BA7-72FB-4192-90F8-EF908AC98806,,,,,,,ODN0005380644,z,right_only
D2EA4709-0BE6-42B4-9C86-3DB7951268CA,,,,,,,ODN0004934809,z,right_only
04DF5CBB-AE3E-4BB7-A9FD-7E790F36C55F,,,,,,,ODN0002984489,z,right_only
68B5D109-F7E2-4941-985B-C08BD2B13DC0,,,,,,,ODN0002772700,z,right_only
B9F36411-948E-49E2-8FC4-0B9FEB3EDFEF,,,,,,,ODN0004873235,z,right_only
1CB92CD6-E3F9-4FAD-827E-67FFE4908F42,,,,,,,ODN0004453953,z,right_only
B8AFA880-9C11-43E3-8EDA-35589A8AA3E8,,,,,,,ODN0004515483,z,right_only
7F769E59-5D7C-43BE-ABCA-1C4ACFAB6F07,,,,,,,ODN0002772727,z,right_only
62FB0983-6AAF-4F8A-BEA6-9C43890252DF,,,,,,,ODN0002727611,z,right_only
C2A3258C-17FD-4BAC-96A0-5ADBF800F297,,,,,,,ODN0002727616,z,right_only
9B999036-E934-4785-8CD8-A5FD9BD9BA6F,,,,,,,ODN0005461973,z,right_only
169FF315-77A1-4A68-8333-62BFCCC47B7B,,,,,,,ODN0004515495,z,right_only
A7828A40-2BE0-4C4F-A388-A92CB734FDE6,,,,,,,ODN0003165497,z,right_only
5A2C8A71-FC25-47B6-ABCF-162255433C14,,,,,,,ODN0003596775,z,right_only
9318ABE2-5B87-4C07-8B42-68D0D963230C,,,,,,,ODN0002727660,z,right_only
55B667E5-70CA-459A-B8E6-DC1B303DC767,,,,,,,ODN0002984517,z,right_only
7D2ABE2E-8363-4EDC-9C05-2FDFDCF51C57,,,,,,,ODN0002727676,z,right_only
7FB76421-9E7B-4F3C-9D89-B073F12A2056,,,,,,,ODN0002978081,z,right_only
FBE07323-F070-459C-A46C-876815260C6F,,,,,,,ODN0005100250,z,right_only
C6272FCB-D77D-4A27-BFD6-586EDEDAC027,,,,,,,ODN0002727691,z,right_only
9E1444B9-C5BA-4AD3-B92B-DE872EFDB0F7,,,,,,,ODN0004863574,z,right_only
0186DF04-8618-477D-A734-1D369A98E608,,,,,,,ODN0004863576,z,right_only
3AD0A47F-4672-45E0-A634-F2B643A8E2C0,,,,,,,ODN0002984528,z,right_only
24C2F9CD-20B5-4FAC-B078-D26A14DAEAF0,,,,,,,ODN0002791113,z,right_only
F4DA232F-AF77-44BF-8ABB-833252D6D3FA,,,,,,,ODN0002984532,z,right_only
4E26AF4F-C9AA-4FE2-AFE0-BFEE67991DBB,,,,,,,ODN0005238580,z,right_only
68C783E6-52BC-461A-AEE3-E6EE2A0C92FA,,,,,,,ODN0003154152,z,right_only
D0C58665-6389-469B-9A5C-5E1198FC0C50,,,,,,,ODN0004814405,z,right_only
8959CEC1-4D9F-4C29-A6BD-FC46960884E4,,,,,,,ODN0004325098,z,right_only
651C7C43-12AF-4A1F-AD32-D84518A635C6,,,,,,,ODN0004658497,z,right_only
14733FE4-EDFD-49E8-9132-D75113A7AEE1,,,,,,,ODN0005143978,z,right_only
995D2D46-0860-4657-ABE0-7BFE36E67100,,,,,,,ODN0002727774,z,right_only
4E99F236-2834-4BAB-81ED-62C86B212D25,,,,,,,ODN0004589632,z,right_only
3598EE56-4971-4F70-95DE-F37F465838E1,,,,,,,ODN0005281309,z,right_only
B116D344-1A67-4F4D-8AC1-F469BE7D1AFB,,,,,,,ODN0002773252,z,right_only
22902CC5-EE1E-4B23-8401-C54AB3BB96AF,,,,,,,ODN0005462000,z,right_only
620447B7-D5CE-47D4-9404-CD5573C6E2A7,,,,,,,ODN0002727833,z,right_only
BD61ACC1-1882-43CA-97F9-7EBD0831BED1,,,,,,,ODN0002984566,z,right_only
1475A266-F7B0-405C-9A05-F40CB78D57BA,,,,,,,ODN0005356281,z,right_only
C420FD74-DA71-481B-8E07-1A319C69C4F1,,,,,,,ODN0004863585,z,right_only
CB5D4845-3F7B-45CB-976D-B9D8E54F0ABF,,,,,,,ODN0005238595,z,right_only
1A825567-0742-424B-B0EE-723AE7DAADF2,,,,,,,ODN0004569683,z,right_only
1200EA08-5DF3-4D7C-A048-48E074D8C460,,,,,,,ODN0005183601,z,right_only
AB709219-C698-4A15-ACFD-FEF8F3A4EDE0,,,,,,,ODN0002984571,z,right_only
026AB380-CD52-43FD-908F-A27212DC6CA1,,,,,,,ODN0005281319,z,right_only
043C5940-CED7-4B06-A83F-A752864F591C,,,,,,,ODN0004814416,z,right_only
9DCF528E-D109-4788-A1C7-3D69C9C64167,,,,,,,ODN0002727928,z,right_only
ADF6CB73-5E80-47E9-8936-4A775B9604DA,,,,,,,ODN0004462675,z,right_only
EFDCA551-8613-4750-95DB-24B1540459D3,,,,,,,ODN0003154184,z,right_only
C72DE69C-5E38-428D-8B95-F050D729B69B,,,,,,,ODN0002984580,z,right_only
140D21E5-3DBB-48A2-90D7-AB69FE9438B4,,,,,,,ODN0004668867,z,right_only
9F258AC0-D480-4CB9-9C16-C9C7F6253364,,,,,,,ODN0005281325,z,right_only
853A4AB9-7738-4C85-B0D8-8A4B0E97119B,,,,,,,ODN0002728012,z,right_only
84D8218D-F6B4-4822-A5B7-2E578F18CEAB,,,,,,,ODN0004680266,z,right_only
2C1CDAA4-9CE7-4246-B381-A6D1A597F90C,,,,,,,ODN0002773581,z,right_only
1A664E0E-012B-405B-B076-F3D38236EF0D,,,,,,,ODN0002984593,z,right_only
B594AED3-182C-49AE-BB43-EE60661C3D5D,,,,,,,ODN0004628723,z,right_only
C1C89BC2-A8DF-42E6-B8CC-7272F01EFB12,,,,,,,ODN0002728104,z,right_only
53F28EF7-2099-40D5-9239-1A18636F0C0C,,,,,,,ODN0005304288,z,right_only
47E94D89-A937-4E69-A45B-6A48CD45AA60,,,,,,,ODN0002728108,z,right_only
54CC5DE3-0B1A-4DEE-BEFE-B8BF1BD6FA25,,,,,,,ODN0002984601,z,right_only
2832F397-9F2E-4E33-9A43-5C0FE11D7E79,,,,,,,ODN0003164460,z,right_only
4C481FF4-F005-4EB9-A076-95C24F89C78E,,,,,,,ODN0003872987,z,right_only
A36CADDA-F2EA-4888-98BB-149C28CA96F5,,,,,,,ODN0002728150,z,right_only
0A5E40AF-6AFF-402D-B5CD-799E11E18EE5,,,,,,,ODN0005281337,z,right_only
5EFE7C2B-5AE8-4000-8986-3A5405A09FD4,,,,,,,ODN0004737352,z,right_only
AADE016A-B875-42F1-9287-DB041D8282EE,,,,,,,ODN0003161014,z,right_only
677926B3-537D-4278-879C-205E73001390,,,,,,,ODN0004382892,z,right_only
94466E75-CF34-4492-B717-B0D2A8BC891C,,,,,,,ODN0004382893,z,right_only
7EF6F1E9-5A6A-4FD6-ADEC-DFB7D7BB3CCA,,,,,,,ODN0002838096,z,right_only
9CAE1E6C-4337-4C08-84C2-03AD5F2C6EE1,,,,,,,ODN0004902805,z,right_only
6594B1FD-A241-4692-BFD5-8E7CB9C6FE00,,,,,,,ODN0003652000,z,right_only
C0753697-A7F5-474E-9098-7331EF3D35E2,,,,,,,ODN0002728239,z,right_only
83EFFC43-34B3-42D8-A254-B394A80EDEEB,,,,,,,ODN0002978470,z,right_only
3988C8B4-4730-4886-98AB-E334981A0756,,,,,,,ODN0002984629,z,right_only
F1FB899C-5D4F-4A46-BF58-91E7B7EBACA7,,,,,,,ODN0002984631,z,right_only
6AEBDCF0-A1D8-4C78-9E88-F1B451591A41,,,,,,,ODN0002728264,z,right_only
9C2B7664-4AD7-4231-8244-043960C30510,,,,,,,ODN0005204703,z,right_only
D3036677-A76E-4D5E-858E-39E69790359F,,,,,,,ODN0004893175,z,right_only
A34507A7-3545-404C-B939-FB39EE1FA877,,,,,,,ODN0002774121,z,right_only
9E8D224B-47E3-4C8B-9E6E-D70DE92369F2,,,,,,,ODN0003164470,z,right_only
45E3B6A7-739A-4616-812B-998EF6FB3874,,,,,,,ODN0002838120,z,right_only
7361C1E7-D17F-400E-A8BC-CF8C14697940,,,,,,,ODN0002984640,z,right_only
4EA02292-7E63-403B-A26D-1F9655C8CD0A,,,,,,,ODN0002728303,z,right_only
2A981B10-6F70-4A35-9376-6C6C7B659901,,,,,,,ODN0004515614,z,right_only
2A4C5FB5-2FB5-421D-8359-D85DA06E55A9,,,,,,,ODN0002774662,z,right_only
1150409F-394B-44BC-82A1-2D5121D36EB7,,,,,,,ODN0002774665,z,right_only
F4B7B07F-2A47-422E-835C-4DE48F8507A4,,,,,,,ODN0002728337,z,right_only
CF3FC81D-8D01-48AE-948F-02AED6932E1F,,,,,,,ODN0002774702,z,right_only
E5D461BD-1BF7-46DB-B225-60EFF5CAC0D8,,,,,,,ODN0002774703,z,right_only
174822F0-5147-4991-8987-42E855E9368D,,,,,,,ODN0002774704,z,right_only
1D9A725F-985E-4508-9C64-B7AA4A01601B,,,,,,,ODN0002728376,z,right_only
690E2434-D009-4CA9-B7BF-E1D9BE7955A2,,,,,,,ODN0002774773,z,right_only
9B6AF90D-3EB6-4381-8358-DD0F8467C4E7,,,,,,,ODN0002774833,z,right_only
252ECDAD-6160-4416-B250-AAFC6D03B111,,,,,,,ODN0002984666,z,right_only
3814E208-E677-4C26-9307-931D37632E55,,,,,,,ODN0003164482,z,right_only
59C21C51-483C-4D82-B546-0FB3E6B515E7,,,,,,,ODN0004847190,z,right_only
9FF63B25-C218-4127-A45A-89B533860EA0,,,,,,,ODN0002728462,z,right_only
E8B5464D-1C33-409C-B53F-54E136CC62BC,,,,,,,ODN0002728463,z,right_only
0D0242BB-5DDC-4CBE-A95F-1CC56E76BD7F,,,,,,,ODN0002978625,z,right_only
DDC836B3-5CDA-42D7-AD56-66847957D3DF,,,,,,,ODN0002984672,z,right_only
E4F2D3E7-2BFC-48E2-AA41-1D42D561B6B4,,,,,,,ODN0002984675,z,right_only
5322F47F-1E92-429C-A0FE-3AF20797BA36,,,,,,,ODN0002728483,z,right_only
9781B8FE-0C1D-4D9A-9A2C-3636F9EAA06E,,,,,,,ODN0002984679,z,right_only
D06F245A-74C8-444F-8629-6CB12D474E1C,,,,,,,ODN0002774914,z,right_only
059E249E-76B7-4062-98D6-1CDBCE91E37C,,,,,,,ODN0002774916,z,right_only
88143847-C869-4223-A5C3-03CC27406101,,,,,,,ODN0002791472,z,right_only
3FBD7E1E-4A0C-4001-89D2-E42D7E667B68,,,,,,,ODN0002728527,z,right_only
532F918C-76D8-4051-B2CB-4149C91F7690,,,,,,,ODN0002774979,z,right_only
C65E601F-AB89-4B0A-A398-9E1E079B9AF1,,,,,,,ODN0002984691,z,right_only
D5D01DB9-077D-4316-BC87-BFF049312A34,,,,,,,ODN0002728548,z,right_only
10930684-D089-4969-8201-04E7D5D89FC6,,,,,,,ODN0002728555,z,right_only
FC3C0D4B-4CE4-41C6-B84E-AA471A68149C,,,,,,,ODN0002775019,z,right_only
DD15F555-1DAD-4161-ACC1-6C6202F2915A,,,,,,,ODN0002775041,z,right_only
878150DE-D046-448D-897E-F1F606212F53,,,,,,,ODN0005462117,z,right_only
23341FA9-F294-44DE-8EA2-6B01EA4AE917,,,,,,,ODN0002728595,z,right_only
F0BD229E-4F6A-4FA1-871A-BCE4D92E8641,,,,,,,ODN0005238680,z,right_only
1B52EB6A-FC7F-409D-BB1F-E4754CE6FB59,,,,,,,ODN0002728607,z,right_only
377FDFDE-7B0D-41AB-A685-5624225B4104,,,,,,,ODN0004958473,z,right_only
94CFAD51-DD1B-4C36-AD3E-E4473F7BE164,,,,,,,ODN0004515651,z,right_only
F6017531-E755-4C90-8DFA-585813FE27FF,,,,,,,ODN0002728614,z,right_only
0EFCCD71-3E30-4D0B-A617-F54B39FF5826,,,,,,,ODN0002984707,z,right_only
B33FEE90-25FF-45B7-9C81-3C6CD65A9DC3,,,,,,,ODN0005380752,z,right_only
B1C57826-AFE3-4B33-B103-CC3E161B8636,,,,,,,ODN0005247996,z,right_only
D75FDC6C-D9E9-484C-AFD1-9B3508F87BAD,,,,,,,ODN0002984708,z,right_only
307E6EF7-431F-4DDB-8991-3B741B78ED78,,,,,,,ODN0003584277,z,right_only
DF6E01B0-2D84-448B-B989-EB1BCEBEB62D,,,,,,,ODN0002775280,z,right_only
AE1FEE9D-C379-48E2-9D35-D8D8C587D700,,,,,,,ODN0005380764,z,right_only
3851AC4B-116E-43FF-97A3-7BB6F0F7729F,,,,,,,ODN0002728686,z,right_only
8EFB6DF2-053E-4EF1-9B1A-EE4F44067597,,,,,,,ODN0002984718,z,right_only
D4D56095-BA44-4DD4-A6A0-32B7CAF2CEED,,,,,,,ODN0003154323,z,right_only
DCD715A4-98B0-4195-B9A7-A60E15A7F95C,,,,,,,ODN0002728694,z,right_only
AE4E9B7F-F377-49BA-BE4D-FBE769C11C83,,,,,,,ODN0002728702,z,right_only
75B9F591-265E-40F6-BFF3-60D7D703D420,,,,,,,ODN0002775377,z,right_only
7C3CD1E1-4E78-4573-857C-AB76BF96D76E,,,,,,,ODN0002978934,z,right_only
AD071EDD-D0A9-48D7-B18E-54C140BE1645,,,,,,,ODN0002775423,z,right_only
CDA6F0E1-5D6F-4412-8158-901B8B31234C,,,,,,,ODN0002984728,z,right_only
7805EDBB-731B-479A-80D9-120C3EB40D1C,,,,,,,ODN0004934898,z,right_only
644315A4-CBDE-4E64-B70E-97D535EA4853,,,,,,,ODN0002728740,z,right_only
12002D61-1520-40D8-A63C-6EB02C74C407,,,,,,,ODN0002775458,z,right_only
E83BB849-CCC2-4ED0-9A49-F5F91F0583D2,,,,,,,ODN0002775477,z,right_only
3EBA91ED-6474-45D9-A4E3-149F54072475,,,,,,,ODN0002728759,z,right_only
D4C4FA77-5C08-4F36-AAC2-63918826E0E0,,,,,,,ODN0005183805,z,right_only
BB7D48B1-6E6E-40DB-9621-0E4F26DF1378,,,,,,,ODN0002775505,z,right_only
8E24B956-85A2-40DC-A044-38D8FB7CAA72,,,,,,,ODN0002728788,z,right_only
A0113745-1A22-4F6C-B4C8-D14DA0031BB4,,,,,,,ODN0002728800,z,right_only
3DDDAD31-8588-4E24-8731-68DA0F2DFFB3,,,,,,,ODN0004854679,z,right_only
CE544C07-A17F-4405-A4C6-FDC595A2322A,,,,,,,ODN0002984739,z,right_only
285382C9-DEDD-42AE-A40F-55C4ADF8C17E,,,,,,,ODN0002984740,z,right_only
950E7B5F-3DF3-439A-95DF-14A18B798170,,,,,,,ODN0003165505,z,right_only
92BEAB6B-43A5-4710-A139-28CDC3944B45,,,,,,,ODN0002728825,z,right_only
266D4F12-2F05-441F-AC5A-C2700135EA10,,,,,,,ODN0002728851,z,right_only
AB440FC9-73E6-46C8-9A65-0481B44B100A,,,,,,,ODN0005356394,z,right_only
1FE65EC1-1CC0-4A2A-8111-5A1339D847E3,,,,,,,ODN0002791696,z,right_only
CEDB0404-938C-4993-88C1-D1D6E654F742,,,,,,,ODN0005019049,z,right_only
C407B605-DD6A-45D5-BA58-5CB98A8FDFEC,,,,,,,ODN0005100454,z,right_only
E594A219-3141-4244-A83C-F99FF0D8E89D,,,,,,,ODN0002728889,z,right_only
BAD29305-9EC3-4D2D-A8C1-E6B5718CEB37,,,,,,,ODN0002775762,z,right_only
C0EB7601-8646-4FF2-A741-55B2B1892067,,,,,,,ODN0002775774,z,right_only
94B4EA99-ABFC-476D-9226-6AF9AC312FDC,,,,,,,ODN0003154379,z,right_only
98B38923-89A7-4CA6-81A6-F02A9B1F42E2,,,,,,,ODN0002728920,z,right_only
16510EF9-F517-4480-BFCB-51B942D6E3AF,,,,,,,ODN0004729549,z,right_only
8661A78E-A885-4F7A-8F3E-ED38485EBA69,,,,,,,ODN0004616965,z,right_only
9AEC5626-BE66-45A1-9BAA-36F5E72AD73E,,,,,,,ODN0002728929,z,right_only
D4F98656-A2BE-4D00-A187-E548688B4AC1,,,,,,,ODN0002984770,z,right_only
02C170CF-00E0-4CC4-8A1E-06BB9E05D1D4,,,,,,,ODN0002728956,z,right_only
46EA8D35-6217-4A48-9F01-ABAEB5615098,,,,,,,ODN0004307066,z,right_only
E684380E-F3EB-4F8A-80B9-8416B77EE946,,,,,,,ODN0004854691,z,right_only
F513095C-92A4-4E24-AE09-E950B21C1168,,,,,,,ODN0002728982,z,right_only
E08AA3C8-9479-486F-B713-CEA36D06FB55,,,,,,,ODN0002728983,z,right_only
C0DF8C68-46DF-4B27-8B14-D639FE134CC5,,,,,,,ODN0002728984,z,right_only
43838D79-11ED-4C32-BEE1-DB942139A474,,,,,,,ODN0002728985,z,right_only
2BE37422-295A-486E-939B-8157E64CDD1A,,,,,,,ODN0002728986,z,right_only
91640324-0077-49A7-82DD-7E6CD5486B78,,,,,,,ODN0002728987,z,right_only
5634BCB9-115D-4F1A-91A1-328BDFEC24B0,,,,,,,ODN0002728991,z,right_only
6BF5F37F-0841-4AA0-8CBF-1943DC1B1AAB,,,,,,,ODN0002728992,z,right_only
F62D1ECB-70CC-44EF-893B-5F8DFF631644,,,,,,,ODN0004628777,z,right_only
B7C49BA7-55A2-414C-A10A-AC1EC167E4BB,,,,,,,ODN0004390836,z,right_only
9D7AF94D-E2D9-4D07-823E-ABB40CEB5B10,,,,,,,ODN0004628779,z,right_only
D260DE15-1B12-46FB-AEF4-9024DEAD2511,,,,,,,ODN0002984809,z,right_only
11ED95EC-0F28-49D5-9D12-6F260E00E5DE,,,,,,,ODN0003357808,z,right_only
20185FC0-61B2-4D2D-9510-2B9B8CFCEE33,,,,,,,ODN0002698654,z,right_only
EFB8E292-7B4F-4C16-B812-B82EDC23513B,,,,,,,ODN0002984813,z,right_only
FD8CB08E-AAAB-41DC-A34A-609D06CC603B,,,,,,,ODN0002791812,z,right_only
3D87DCF6-1063-4B25-B464-14B274108D10,,,,,,,ODN0002729045,z,right_only
DE73F999-ADC5-447B-BC60-1D9ED0613810,,,,,,,ODN0005304420,z,right_only
80CC15D6-CAB5-44D5-BF4B-B29CA8AE12EF,,,,,,,ODN0002776056,z,right_only
C5C6CEE8-CDEF-48AA-BF45-12EE6C74775E,,,,,,,ODN0002984822,z,right_only
70FD4C29-EDB8-4550-9878-DC8F9B1910B1,,,,,,,ODN0005183855,z,right_only
EC837031-5C22-470B-8E8C-230DF5927F18,,,,,,,ODN0002979166,z,right_only
F6621EA1-D871-46D0-BBA2-51C1C31570F7,,,,,,,ODN0005398680,z,right_only
0A37EC4B-33EC-46AF-929D-DE82C2CC9B5D,,,,,,,ODN0002984829,z,right_only
EEF403C4-5208-4AFC-8F2F-2B5952471BC8,,,,,,,ODN0002809276,z,right_only
F12EF948-42E5-43B2-9BAD-473C334367D6,,,,,,,ODN0002984831,z,right_only
DC342A64-48EF-449F-919C-4CA8069C6E38,,,,,,,ODN0002984835,z,right_only
2D4BA7CD-60B2-494C-B2FC-0A423489BABB,,,,,,,ODN0002776218,z,right_only
7E0F85E8-DAE4-409A-AAAE-F8C0EC9AE4D2,,,,,,,ODN0002776223,z,right_only
EB386189-329C-4D6D-9B84-2057C5DFE9FD,,,,,,,ODN0002984837,z,right_only
2E46EF44-39B6-4E70-8B6E-6FCA289DFDB7,,,,,,,ODN0002979215,z,right_only
F70A2F99-0AE8-49FA-87EE-E8E3317521C4,,,,,,,ODN0004607087,z,right_only
847046D8-2123-423B-B25A-B55CDD6EE750,,,,,,,ODN0002984842,z,right_only
B200E4DD-6641-4279-AD39-F42AEBF7A6B6,,,,,,,ODN0004658604,z,right_only
A2CEE71E-FE14-435B-9BA7-F12864E5577D,,,,,,,ODN0005144721,z,right_only
BFBBC25C-33C7-4564-9A9D-A8BBF81BE86D,,,,,,,ODN0002776330,z,right_only
1C2EC29C-A78A-407C-9990-666182F72ADE,,,,,,,ODN0004454133,z,right_only
A6ECD620-4686-4E47-BFD9-38F01B0DA89A,,,,,,,ODN0002809297,z,right_only
82AD9D5D-4B8E-45DD-95F3-51D6191AF410,,,,,,,ODN0002776359,z,right_only
DE11AF8A-CFFB-4CE9-B8C1-625FC020C199,,,,,,,ODN0002729448,z,right_only
A28B16E2-0DD5-431B-939E-E43FB389E86F,,,,,,,ODN0002776365,z,right_only
6F38A5C4-1D05-4567-9E82-75D7850CD644,,,,,,,ODN0005100497,z,right_only
E9B21890-AFBE-40BA-895F-BFB5D3414E26,,,,,,,ODN0002776383,z,right_only
79CF6FC3-D75F-4D77-A088-272F9FE64173,,,,,,,ODN0004706334,z,right_only
ECAF94C3-1C9B-42FC-8F33-FA552382264D,,,,,,,ODN0002984854,z,right_only
4B0DDC16-7AF2-4B81-8D21-CD0FE73C12E8,,,,,,,ODN0005204774,z,right_only
91166E20-65AB-4D64-9C19-31BFF2E8FB8A,,,,,,,ODN0002776420,z,right_only
41887FF3-F111-40C3-B459-A7B683DA3BE2,,,,,,,ODN0002984856,z,right_only
8D324206-5DB8-41DA-97BB-0F1A8312A88C,,,,,,,ODN0002979296,z,right_only
4D974108-53F8-463F-905F-E1B0298F352C,,,,,,,ODN0002984860,z,right_only
F0E13BA5-DC37-4383-A85A-AB96FC472C85,,,,,,,ODN0002791940,z,right_only
39B1741E-309C-4A95-9B24-14E8BF94B3D1,,,,,,,ODN0002729528,z,right_only
ADF97A65-0653-49EC-BF98-F12D2F518EDC,,,,,,,ODN0003277042,z,right_only
A65EA782-25E0-4D08-B7DF-FAE66A5D94D2,,,,,,,ODN0002776528,z,right_only
27802B3F-04AF-491B-8BBE-B5D34BB9782E,,,,,,,ODN0005238756,z,right_only
ED1F5ED8-F081-4337-AA01-A9E8BFECD081,,,,,,,ODN0002984871,z,right_only
B3A584BB-3194-460B-83AF-1632128C76FD,,,,,,,ODN0004706349,z,right_only
CB6E8E0A-0212-4321-8255-40F8794B2711,,,,,,,ODN0005183887,z,right_only
21273C14-D53E-452B-A77F-7D2DD3E127BA,,,,,,,ODN0002791994,z,right_only
D7009E8F-ABC8-4D0F-8678-86734D298AE0,,,,,,,ODN0003562060,z,right_only
77770FD1-6533-47D5-86A3-39ADFADD7E46,,,,,,,ODN0002979412,z,right_only
03B1E0DC-00CB-4CEB-A632-34A9FC09BA53,,,,,,,ODN0004515915,z,right_only
0DBE476A-3708-4AC7-9880-EE97D6E66320,,,,,,,ODN0002776653,z,right_only
2FF67C6C-3761-4C4D-B879-8B1EDF8A8B16,,,,,,,ODN0003931492,z,right_only
9F86D5FD-75FB-464F-8FA5-C157868B5880,,,,,,,ODN0002984883,z,right_only
BE4842A3-A2FB-460C-9B1A-495EC78274CF,,,,,,,ODN0002729665,z,right_only
23E2D6D8-7C99-428C-9B0F-2CECB3E06419,,,,,,,ODN0002776677,z,right_only
8FEE883A-B1E8-42E5-8032-AF2FCAAA6BD9,,,,,,,ODN0002729679,z,right_only
BB388E08-141C-4CAF-ACDE-8EB71D7E7FDA,,,,,,,ODN0003452177,z,right_only
37FB0801-7E39-4476-B2E9-2B8885297158,,,,,,,ODN0004958531,z,right_only
3D135426-F669-4A1F-B1A6-BCDBA8E351B9,,,,,,,ODN0004991964,z,right_only
497C8A1C-FAC7-4B89-A7A9-BA6901AE67E7,,,,,,,ODN0002729715,z,right_only
B40B73F3-5703-4042-B41B-AF9FD1E7EB4E,,,,,,,ODN0002729738,z,right_only
951D66B0-E0F4-4285-9076-4EBF85C2AE6F,,,,,,,ODN0002984895,z,right_only
E8122E80-B2BB-453E-AC8C-B3FE3E235D37,,,,,,,ODN0002776780,z,right_only
903B10C1-E74D-4E5B-889E-AAF61EEFC3DD,,,,,,,ODN0004814489,z,right_only
47C1B0BD-BAB6-4A93-AA38-77E8939BA378,,,,,,,ODN0002776876,z,right_only
FAC7AF48-7C03-434B-84D9-817431BA264B,,,,,,,ODN0002979514,z,right_only
29807F75-3C85-4135-B940-A67E8DFF1D1F,,,,,,,ODN0005062085,z,right_only
E0E1BC96-847B-44F6-9374-EC08B650E71C,,,,,,,ODN0003193446,z,right_only
87DB0CC1-EDCE-44D2-833C-8B9AEF9F0654,,,,,,,ODN0003387656,z,right_only
D5A28CB0-45F9-4683-B6B6-6CC76FCFF9C2,,,,,,,ODN0002729872,z,right_only
9BE18576-248A-4618-90E8-1FF9B595B199,,,,,,,ODN0002729880,z,right_only
488B0EBD-AEAE-4563-BD1D-9E4107C01964,,,,,,,ODN0002838412,z,right_only
A20C5848-7744-4390-A0DB-A6E220A291C4,,,,,,,ODN0004854741,z,right_only
F55631A9-F85E-4BC6-A92A-D11BD49884E6,,,,,,,ODN0002984930,z,right_only
36B983BC-88E9-49A4-B71E-1FC07C4E3D4A,,,,,,,ODN0002984931,z,right_only
C6C9C618-521E-437A-B27E-C9704F6E0372,,,,,,,ODN0002984933,z,right_only
25AF3434-E04E-4A7C-9646-C6EC56A731DC,,,,,,,ODN0002729969,z,right_only
24C7756E-D223-4EC5-92A2-9D63A629BDC6,,,,,,,ODN0002984934,z,right_only
3362D594-3FB9-4DD0-8081-6907840A7D82,,,,,,,ODN0002777184,z,right_only
44DF45B8-5DC6-421E-8FA1-E613256213E3,,,,,,,ODN0004555923,z,right_only
54017F9C-DDF9-4D21-BFB5-9D66A44EB5A2,,,,,,,ODN0002777276,z,right_only
DBDD9D2E-20FE-4895-8CFF-EE2BCE26AF00,,,,,,,ODN0002984946,z,right_only
6ACA31E4-91D6-464E-89DC-E0FD6E9580DB,,,,,,,ODN0003931519,z,right_only
5F76772C-9536-4007-86E4-86388C13FFD2,,,,,,,ODN0002979676,z,right_only
35DCA070-4849-4226-98A1-950BF51CBECE,,,,,,,ODN0002777279,z,right_only
EF55C3ED-5D4C-4B60-98B2-F059B770C61C,,,,,,,ODN0004454187,z,right_only
AFD4238A-DA22-433C-B00E-D1AB5E06E4C8,,,,,,,ODN0002730158,z,right_only
7CF3DFF2-A2EA-4E0F-A085-DB682CEECC5B,,,,,,,ODN0004854755,z,right_only
E75D8B4C-9F5D-46D2-A5AB-EE1CA73441E3,,,,,,,ODN0003154539,z,right_only
4591E2F5-DD2F-460A-AF08-739D8DA6E15D,,,,,,,ODN0002984958,z,right_only
1415B23A-F199-4E98-AE39-84D8C8E4C3FD,,,,,,,ODN0005100588,z,right_only
3FF13681-824D-4C1C-8896-3D18BACA9CF1,,,,,,,ODN0004589740,z,right_only
80360B25-34DD-47F7-A494-1F8E5BA9D77B,,,,,,,ODN0002730299,z,right_only
1AC1F8F4-D0D2-458A-8494-183A95D1B8D4,,,,,,,ODN0003154559,z,right_only
074C7B2E-F2ED-44CD-864F-C5F5E2346945,,,,,,,ODN0002984966,z,right_only
0A0C8034-D147-46BF-885D-01F5267D3DF9,,,,,,,ODN0002730331,z,right_only
00EF6CA6-F16B-4450-B399-D59A40F14C5B,,,,,,,ODN0002979820,z,right_only
3E483E29-3939-4781-9A4D-E580E0A3E418,,,,,,,ODN0005304546,z,right_only
F5D56F7B-2082-4BD7-BBE0-0E77ECB859A4,,,,,,,ODN0002984970,z,right_only
7003B459-8F46-4DD5-A84F-58E0E2CE1294,,,,,,,ODN0004454217,z,right_only
4E9F0D36-7CBC-4A2B-B956-C323ACC62333,,,,,,,ODN0004958581,z,right_only
C4AAB3F1-6A2B-4789-B614-A658E37CB1F8,,,,,,,ODN0002730450,z,right_only
27381C74-8BD2-43B7-BCF2-571A266987DB,,,,,,,ODN0004307153,z,right_only
6EB56757-ECEE-425C-9037-211152EF5320,,,,,,,ODN0002777594,z,right_only
D288B0D0-8E3B-4402-B639-B7911118CA5D,,,,,,,ODN0004555939,z,right_only
66B97384-8588-4E33-938B-6531E5357653,,,,,,,ODN0002979890,z,right_only
6FF33C32-A9B9-48AD-A96E-BFCA0799ADE2,,,,,,,ODN0002979900,z,right_only
53512E97-9BFC-4300-ACFC-2177E6CA3710,,,,,,,ODN0005145154,z,right_only
3862756E-9C98-4204-8F11-ADB925C0F716,,,,,,,ODN0002730497,z,right_only
0FBE7153-3000-4091-8A2C-DF043D9FDC77,,,,,,,ODN0003154590,z,right_only
3E1DA679-DDF4-45F7-8A80-DAA88732FEEF,,,,,,,ODN0002777664,z,right_only
26DC3C2A-FF88-4EE0-89AE-3BA2A40BB25D,,,,,,,ODN0003154598,z,right_only
0CDAB00C-6167-4900-949E-5EC460FBB0B6,,,,,,,ODN0002984985,z,right_only
F64F74A1-470D-4E4E-A860-3E62D2929F6D,,,,,,,ODN0005204836,z,right_only
368A6858-7827-40CF-B2E7-F6B1127D3E58,,,,,,,ODN0004358835,z,right_only
1A799B8E-2D56-485D-98C9-63A4BD6E1AAC,,,,,,,ODN0005073428,z,right_only
6BB8E952-CBFA-419B-8B6E-068BF1EFCFF3,,,,,,,ODN0004902917,z,right_only
900323E9-8E73-46C0-B1A6-2194B4FAD139,,,,,,,ODN0002984998,z,right_only
DE954C92-9795-4F68-A0D0-425C895C1A82,,,,,,,ODN0004854772,z,right_only
7670879A-70E4-4A4C-9443-20489EC2D4F7,,,,,,,ODN0004680438,z,right_only
BD71C21F-3A48-4B72-A76E-338A1DDDC13C,,,,,,,ODN0002730826,z,right_only
B46E7FCF-99D9-473F-8646-0CF54D95047A,,,,,,,ODN0002730904,z,right_only
B754BB53-3976-4F18-A3F9-61ECB218DCD7,,,,,,,ODN0002985007,z,right_only
A0EC3F9A-42BC-46B3-AA76-752AC49B2A6A,,,,,,,ODN0002730940,z,right_only
1CEC4506-5516-4C0B-8EA9-75779F380682,,,,,,,ODN0005304581,z,right_only
78E78AF0-C30C-41F9-9F6D-CB67AA842625,,,,,,,ODN0002730955,z,right_only
11F29C7F-480C-41F0-8A46-6E49D1FD2B23,,,,,,,ODN0002730991,z,right_only
0A580D0B-66CD-431C-A4B1-BC34FDA50695,,,,,,,ODN0002731051,z,right_only
92D843A6-8092-4613-B215-5DA01336C549,,,,,,,ODN0003165508,z,right_only
F68C6485-5EBF-4704-81F0-07D4578E389E,,,,,,,ODN0004454258,z,right_only
C11D7AAE-9E06-4B1A-90A5-5F9DBA9249C5,,,,,,,ODN0004639134,z,right_only
876F7A1C-84B2-48D2-8389-BFD94E345D1E,,,,,,,ODN0002985015,z,right_only
5213A4EC-80F7-4CD1-9B6A-2861AECA4E1C,,,,,,,ODN0002985026,z,right_only
100AA8E2-F083-45C9-9788-F99905E0D1C5,,,,,,,ODN0005281471,z,right_only
01E8E866-4126-47F9-9258-9ED22FFB94AC,,,,,,,ODN0002792446,z,right_only
056BB4D8-236C-4E19-A017-F0AC08C0BF0C,,,,,,,ODN0004390907,z,right_only
04D5D754-9634-4B62-91FB-5C0DDCCF850E,,,,,,,ODN0005336981,z,right_only
6C7EB5C4-CEA0-438D-88C2-9EF2642C17EF,,,,,,,ODN0004706529,z,right_only
47734891-1BF6-452C-9A50-7DD8B78764E2,,,,,,,ODN0002731332,z,right_only
2F2BA51C-F9A6-4581-B800-3C7CBCDE24A1,,,,,,,ODN0005336991,z,right_only
8DEC1D2C-D992-4E78-8486-49B0F163D376,,,,,,,ODN0005424866,z,right_only
1DC9D8E1-0D27-48ED-B4E4-1CE44A3BA48A,,,,,,,ODN0003388754,z,right_only
08475F7C-CE60-4A42-87DC-FD4FFAD0325E,,,,,,,ODN0005184095,z,right_only
F8E04ACE-D4C4-4F35-B5A9-9084B45FD4CA,,,,,,,ODN0005184096,z,right_only
E1A14994-09D0-4D2A-BD1E-DD852AC73BAA,,,,,,,ODN0005184097,z,right_only
76ACA8CC-E187-4E80-AB5D-9DB35BACFD0F,,,,,,,ODN0005184098,z,right_only
028A607F-5C61-43BA-BD60-332B5D2D23E4,,,,,,,ODN0003133362,z,right_only
C488965C-CECA-4F49-80DE-D1C90F050C5B,,,,,,,ODN0005145397,z,right_only
3FDE935C-4FA6-4572-90DE-5EADB2573A57,,,,,,,ODN0004225309,z,right_only
214C8048-C147-4D54-BC61-0B125E15588F,,,,,,,ODN0002731538,z,right_only
ED5C7110-6A75-4D1E-BBF7-9CF4A212CBA0,,,,,,,ODN0002731543,z,right_only
6EF061B1-26DB-45AA-8CAD-425BD7F8B3F4,,,,,,,ODN0002731549,z,right_only
890C54B6-ABAF-45D1-AEA4-59D45C6AD278,,,,,,,ODN0002731587,z,right_only
0284B769-A1AC-42FE-92A0-E3D445527F09,,,,,,,ODN0002780055,z,right_only
81B4AB14-D24B-4640-B789-3AD3C950A245,,,,,,,ODN0005204881,z,right_only
5DF72EE9-183C-42AE-8393-03974F653993,,,,,,,ODN0005100714,z,right_only
602B4884-E9DA-4B12-9E52-645DDB5C75C1,,,,,,,ODN0002792542,z,right_only
09350459-9957-4305-AB82-C6B03DF46A06,,,,,,,ODN0002731690,z,right_only
A8469CAC-A9A4-4DF6-93B5-0D50D298E463,,,,,,,ODN0002731691,z,right_only
8D7E1F9D-EB17-4795-8083-BE27979CB72E,,,,,,,ODN0002731694,z,right_only
F6F7E159-5A76-4F80-B0C0-C7D4A5865743,,,,,,,ODN0002731698,z,right_only
27233073-4960-42FD-AE02-C32BB79979A6,,,,,,,ODN0002731701,z,right_only
F860FDA7-0220-49C0-B84B-BD05779D1CE1,,,,,,,ODN0004628835,z,right_only
05DE3253-E047-42C7-8FEC-566D0A062903,,,,,,,ODN0002985082,z,right_only
0E280899-0ADB-4B36-BCD1-E3E7210BD21F,,,,,,,ODN0002985083,z,right_only
3BE3B2C6-57BB-4AB7-8AE6-5735C8990E19,,,,,,,ODN0002731727,z,right_only
55542A63-33CD-44AC-BE8E-1A84201F64A6,,,,,,,ODN0004902954,z,right_only
F7F6E6DF-4791-42D8-9B19-9B9C9617C0B7,,,,,,,ODN0002698760,z,right_only
8F4D97AF-B080-447A-989A-D2B034F5433E,,,,,,,ODN0005038723,z,right_only
1C0A6511-3DB4-44E5-9FC1-068E707B52DD,,,,,,,ODN0004943438,z,right_only
48244E36-87DD-4AD1-84F3-C2C52DCEA8D6,,,,,,,ODN0002731817,z,right_only
BACE30D8-E7EB-472E-8E15-0D1531AEA3F2,,,,,,,ODN0004628837,z,right_only
0A4C2D22-CE60-4645-B3C5-E566DF2C20C9,,,,,,,ODN0002985098,z,right_only
277790A9-EF70-487F-AF5E-B2C056EAF51A,,,,,,,ODN0005204891,z,right_only
B52FC389-798B-40B7-B64E-74E08086B839,,,,,,,ODN0002731871,z,right_only
A56C1991-B968-4777-B651-FE4604625C8A,,,,,,,ODN0005304640,z,right_only
20D03836-D2BD-4BE5-9985-13C805CBA597,,,,,,,ODN0002731917,z,right_only
966DA483-6321-43A4-8B09-136835BD6236,,,,,,,ODN0005304648,z,right_only
B36635C9-F3C1-4905-88F8-DBC6A4F56D6E,,,,,,,ODN0005409922,z,right_only
4784E34F-8AED-4594-85C2-F1B405BA2211,,,,,,,ODN0002732106,z,right_only
10754F57-7BCC-4ABF-903F-DE6AFF935FCD,,,,,,,ODN0004863833,z,right_only
1F0F376B-AD04-4762-9BE9-558626056183,,,,,,,ODN0002985130,z,right_only
C033B94B-B94D-4D8C-B22F-657486249CA4,,,,,,,ODN0004765299,z,right_only
7DD97FCD-BE81-4F8A-8394-67943063171E,,,,,,,ODN0005409924,z,right_only
80A04751-A2C0-4455-B6C2-11E9ACC0D75A,,,,,,,ODN0003154771,z,right_only
0240EB26-3325-44C1-98A3-3D00DA43D6AE,,,,,,,ODN0002838917,z,right_only
6A9F8067-5D10-4142-9CAA-825058886731,,,,,,,ODN0004569938,z,right_only
BF6AD254-C508-4395-8E93-D588680B2558,,,,,,,ODN0005238915,z,right_only
DE843260-E90B-4FE8-9EA4-A50D516BDC39,,,,,,,ODN0002985138,z,right_only
EB26902C-BF76-49CC-9296-C3ADD06C3CA9,,,,,,,ODN0002732284,z,right_only
82D326DE-5C63-461E-902E-63A55205687C,,,,,,,ODN0005424923,z,right_only
3C8F6D3A-6390-49B5-8D6A-3569F6028F31,,,,,,,ODN0005262418,z,right_only
9D67600D-14A5-4A2A-9899-3FE4C06FF609,,,,,,,ODN0003358202,z,right_only
48F96BC7-9C4C-4365-8776-61908543638D,,,,,,,ODN0004958644,z,right_only
94655109-C3C5-4F3A-8754-B89FB6A16449,,,,,,,ODN0005304679,z,right_only
A32B6B07-4A6F-45D0-AD0A-71C37405171D,,,,,,,ODN0002985152,z,right_only
8708C671-691F-4461-92D4-9A0C0C376CE7,,,,,,,ODN0005381704,z,right_only
2F5323A6-20AD-41FA-9994-68D75F2F2AAD,,,,,,,ODN0002985156,z,right_only
8854DF96-0183-47FA-8F11-B5EB4FD5CC72,,,,,,,ODN0005462620,z,right_only
5F1ABA17-DF6C-4163-9276-130CFB338284,,,,,,,ODN0002985158,z,right_only
057B1413-1589-4198-92C7-9767813FD70C,,,,,,,ODN0002985159,z,right_only
3C0CC6B4-13FF-45AA-AAFE-3655FAC96DF1,,,,,,,ODN0005145677,z,right_only
625431A1-BAD8-4519-970E-93258C4CE14F,,,,,,,ODN0003388949,z,right_only
A19A32F2-6D81-42CA-B2B1-D8B668FAA600,,,,,,,ODN0003154808,z,right_only
904A4A3A-E391-451C-9735-C005F52CD422,,,,,,,ODN0005304682,z,right_only
6DD9A2FC-B720-4640-8BED-CDC4A733A3D0,,,,,,,ODN0004496310,z,right_only
9477CF64-D5AB-4EFE-B4AE-BFF6B2C698BB,,,,,,,ODN0005281518,z,right_only
19585B88-F5B2-4489-9B90-273EBCED5A59,,,,,,,ODN0002732538,z,right_only
F0D82ED2-FC78-4269-B3CE-58DF88162F23,,,,,,,ODN0002980659,z,right_only
DFDC3DE4-12D1-40F4-AC87-1E0B375AE9E2,,,,,,,ODN0002732582,z,right_only
02447E6E-3BEA-4815-9EE7-5EA38E641907,,,,,,,ODN0002732592,z,right_only
4E945308-EF78-4A47-90A4-F7D72C8BEA67,,,,,,,ODN0004814545,z,right_only
65E8BF80-C118-405B-BE2B-A1FD13AB76EA,,,,,,,ODN0002732596,z,right_only
6FFB97BC-2C0F-4594-AF31-56CFFA22C19C,,,,,,,ODN0002985179,z,right_only
8ECF3173-A431-496E-866C-EBFA9E74ADF3,,,,,,,ODN0002732634,z,right_only
C52AC4C9-A217-4F80-BC5A-BE41541974FD,,,,,,,ODN0002781210,z,right_only
A49D1B50-6CC9-4390-A808-09D574C803C8,,,,,,,ODN0004669035,z,right_only
580A9BCC-F5B2-4AA6-8B0E-7023049A02ED,,,,,,,ODN0004617073,z,right_only
EA3DE93D-6831-4B85-9CB0-40F20F032342,,,,,,,ODN0004183425,z,right_only
32B13363-2E30-45B7-97AC-69FEEFE45D85,,,,,,,ODN0003154846,z,right_only
F363DFE3-E4AE-43FE-BB56-D5D1AFC17367,,,,,,,ODN0002732755,z,right_only
774E4170-25F6-41F4-8633-8D92C8D78CE6,,,,,,,ODN0004879496,z,right_only
0062CE29-BE76-49FF-A80A-D9A375A4DC9A,,,,,,,ODN0005381031,z,right_only
13621386-FA62-43F0-97DF-176B5E305993,,,,,,,ODN0002792830,z,right_only
252752FA-40FD-463D-8056-587FF3F2DA36,,,,,,,ODN0004903001,z,right_only
C4EF664F-5599-4304-A81B-1B974174DCB5,,,,,,,ODN0002732817,z,right_only
AEA1C42A-EC93-47CC-9C48-76C232C4E32D,,,,,,,ODN0002985227,z,right_only
51CECBAD-4998-4538-9391-719BB4C134E0,,,,,,,ODN0002732891,z,right_only
E19F7DDD-309D-4585-B2ED-2179CE41D91A,,,,,,,ODN0002985231,z,right_only
6EB9777A-3AD3-45B4-895E-40E54E927528,,,,,,,ODN0005204968,z,right_only
D48428B7-9EE5-4B9C-8D31-3B913ED8193F,,,,,,,ODN0002980854,z,right_only
9E6B38CF-E98A-4586-9574-F402FD7666B1,,,,,,,ODN0005238963,z,right_only
F42FA679-F3DB-4960-8F84-5F00CE1F57E3,,,,,,,ODN0002985247,z,right_only
EF500F18-E37D-4529-AF2D-81B541477B6A,,,,,,,ODN0002985248,z,right_only
FDFEA7E3-BE6B-48B8-ADFC-E71ABD2F4752,,,,,,,ODN0002985249,z,right_only
F6720C86-6CEA-4328-AB34-F49D63A8A9E7,,,,,,,ODN0004326844,z,right_only
2A48DD18-5BB9-4564-873D-EA6A85D90DF6,,,,,,,ODN0002732956,z,right_only
CE98AA40-C67C-4A1A-AB19-7FB78ED48FDB,,,,,,,ODN0002732959,z,right_only
5C00D079-B328-4691-9151-1A11549EDE5A,,,,,,,ODN0002732960,z,right_only
DCFA0DE8-6223-42A2-907D-AFD27513B85D,,,,,,,ODN0002980883,z,right_only
91AE826D-CEA2-4A51-84A8-567454E18D23,,,,,,,ODN0002985257,z,right_only
410D16F5-017D-40C5-BB0A-68A0BB623088,,,,,,,ODN0002980958,z,right_only
A526A41F-0A39-4684-B801-2B743AED1ED1,,,,,,,ODN0005424976,z,right_only
8889A639-9221-45D8-93F6-5D75AD0ECC65,,,,,,,ODN0002733017,z,right_only
33FF9514-2909-4113-95C0-B5526F5ACD29,,,,,,,ODN0002733049,z,right_only
DC4FCCC2-D4DB-4E1C-9300-57B13D6B9F88,,,,,,,ODN0003154927,z,right_only
C436F0CA-3601-47B9-8965-C2E31EC1447C,,,,,,,ODN0004903022,z,right_only
68D33814-CB92-4ECC-BE54-565F91FB851A,,,,,,,ODN0005205018,z,right_only
500A1083-FE49-42F8-9E9D-AF71BD99A39E,,,,,,,ODN0005145983,z,right_only
25BC3DDA-DFD9-43FF-A8B7-AA2102E1D8E4,,,,,,,ODN0004958683,z,right_only
BCB33D64-9D8F-4504-B15B-E988B9D2AB99,,,,,,,ODN0002733159,z,right_only
AD7AC862-091E-4B88-BA59-A0B6CBADE597,,,,,,,ODN0004639228,z,right_only
38865CA8-B2CD-42A6-B31B-6301C69A1814,,,,,,,ODN0005146127,z,right_only
F7323A9E-3286-47D4-8A54-F179CCB0A286,,,,,,,ODN0005398992,z,right_only
C281A35A-FA7D-40D9-AF14-8D01EDEFA0F1,,,,,,,ODN0005281555,z,right_only
59EAD6C5-3976-42EF-99DC-B567365014BE,,,,,,,ODN0002733218,z,right_only
08657BFC-6A11-4DA3-877A-FA5BDF6D039F,,,,,,,ODN0002733224,z,right_only
92ADB64B-B02A-478C-BD1A-F153EEB250DC,,,,,,,ODN0003154966,z,right_only
D09D140D-C412-4196-B6CD-5F7B1B5684B5,,,,,,,ODN0005356981,z,right_only
A9981CD0-6A16-42F5-A6CF-EE930C408C9B,,,,,,,ODN0003154978,z,right_only
F3C4C385-4F14-46B8-9930-CAC89A0F8BA1,,,,,,,ODN0005038793,z,right_only
64D68C21-0286-44D5-85DA-CE7300E75560,,,,,,,ODN0004055889,z,right_only
B1AD1EBC-D7B8-4035-9181-779E2293519E,,,,,,,ODN0002985338,z,right_only
9B1985BA-24F8-4E05-A4E2-EDD0825822B3,,,,,,,ODN0002782418,z,right_only
64A612E3-1890-4A9F-92BD-CA9F5C335C83,,,,,,,ODN0003133367,z,right_only
E13B00C9-EE45-4924-9BC2-EBAF49A5E309,,,,,,,ODN0002733241,z,right_only
32C8C69F-F0C5-4A3E-9D2D-A9C2C4FCB6B3,,,,,,,ODN0003154982,z,right_only
AC96D9E4-A461-4A31-A099-A0F0DF5ABCE1,,,,,,,ODN0005146189,z,right_only
97BEFA51-1FFA-4339-8BBB-F2F6179DE33B,,,,,,,ODN0002985345,z,right_only
8F976B51-E701-472D-B425-827AD97EC16D,,,,,,,ODN0002985349,z,right_only
459F63C1-35FB-4879-81A2-D0612E5E4E1E,,,,,,,ODN0002733278,z,right_only
4CD2886A-6984-4FC6-9724-483C5DC1E868,,,,,,,ODN0004765478,z,right_only
3C4D08D7-A855-4F29-A271-4964B8351D2E,,,,,,,ODN0002985362,z,right_only
20110610-198E-49DA-9493-D99F336816EA,,,,,,,ODN0005381745,z,right_only
7F9BA356-8652-405E-9381-3EC9B05424B9,,,,,,,ODN0004714406,z,right_only
D9FB46EC-E521-4424-BFFE-ABF78454F256,,,,,,,ODN0002985365,z,right_only
E8352A0F-63CA-40F4-9300-0857DA8A475B,,,,,,,ODN0005248091,z,right_only
FB47A143-2646-4CFE-B674-5C0CC41AECA7,,,,,,,ODN0005381132,z,right_only
7BD5C1E1-F543-4890-AEDB-3D8ACE088676,,,,,,,ODN0002985373,z,right_only
9D73F7C0-F7C7-4716-BF0A-7DD3024700EE,,,,,,,ODN0002782844,z,right_only
A0E34D0A-381F-4632-9A10-7EFA2FBE95B7,,,,,,,ODN0004516397,z,right_only
61963B87-D7BC-457A-87B1-794487F34ECA,,,,,,,ODN0002786868,z,right_only
D436A9C7-2AA4-450B-A385-857E4B56AF78,,,,,,,ODN0002981518,z,right_only
13FAF321-093C-4219-AD02-4B0B7428C77C,,,,,,,ODN0004658880,z,right_only
9047626D-F9D9-4091-83D8-19B974047728,,,,,,,ODN0005205814,z,right_only
32728548-5AC5-47D1-9D00-5895C7793D3B,,,,,,,ODN0005019338,z,right_only
573459DA-E47B-496F-A127-9CBBD8D8694C,,,,,,,ODN0005462775,z,right_only
EA2BC3D7-25D4-4D16-BF1D-4FEC3249CD62,,,,,,,ODN0005205816,z,right_only
D498EFA1-20F5-4C5A-888E-AC9A9A70745B,,,,,,,ODN0002985383,z,right_only
25E8CA09-49C1-4A73-93C9-0C870F9739EE,,,,,,,ODN0004854900,z,right_only
FA336AF5-87F0-449D-B983-36566BF12589,,,,,,,ODN0002733535,z,right_only
0C128446-51A6-4674-95B3-52C941544C6F,,,,,,,ODN0002733538,z,right_only
283AA1FE-D756-457D-8356-009C0E2F5748,,,,,,,ODN0002733573,z,right_only
5360D631-AA9F-477A-841C-9247BDD2C8DF,,,,,,,ODN0002985389,z,right_only
FF7D3CFD-7990-42A4-84E4-46A8416B4593,,,,,,,ODN0004854905,z,right_only
4AF4FAD3-7395-42F9-BFC1-46CAB03DB249,,,,,,,ODN0005304831,z,right_only
E155CE7F-2907-4CF2-BD19-831F10C67D96,,,,,,,ODN0004454482,z,right_only
8F4D260B-9E5B-4675-964A-9D3D079CC1C5,,,,,,,ODN0002985396,z,right_only
6957A7D0-D81C-475D-BB92-65C24040F704,,,,,,,ODN0004873435,z,right_only
030AD273-11A4-48AC-AD54-3A664F828F94,,,,,,,ODN0002985397,z,right_only
B59E516B-E42E-4E96-8396-FF71B5050DD0,,,,,,,ODN0002985398,z,right_only
E36F8C39-7656-4825-AC26-511CC17176E1,,,,,,,ODN0002793225,z,right_only
3D311221-82F5-4A37-8C37-B95DF0EE06C7,,,,,,,ODN0005281591,z,right_only
973E515C-1CA1-478D-9AE2-633FFE7A7482,,,,,,,ODN0005205848,z,right_only
55296685-ACF9-442E-9C56-80BCCEEBACCC,,,,,,,ODN0005409963,z,right_only
40C4E248-6313-4F99-8D83-AE1B411C3DBE,,,,,,,ODN0002733654,z,right_only
1D0E0D88-0FB2-4395-9FA2-F169D0813B7F,,,,,,,ODN0002733656,z,right_only
FE76259F-FC35-4D67-8467-ABC20CBA7F24,,,,,,,ODN0002733661,z,right_only
9E7C3BBC-8507-46FA-932E-E9FA7ED513C2,,,,,,,ODN0004607296,z,right_only
C8653BB9-6106-41E6-AC87-A0FE9E2D99B2,,,,,,,ODN0004691587,z,right_only
F20497F7-05EC-4442-A613-8033ADF51A31,,,,,,,ODN0002733710,z,right_only
38816370-A8CC-47DE-8FDE-FC3000A8A473,,,,,,,ODN0003562840,z,right_only
BA0E1F09-4B25-46CC-AE94-F4B14A2FFC1B,,,,,,,ODN0002733757,z,right_only
4A67ACE6-89ED-41D4-9FA2-E107D1ACF176,,,,,,,ODN0004580592,z,right_only
0AD4CAD5-69DD-4CD7-BC70-47E14661790A,,,,,,,ODN0004765519,z,right_only
72FDAFE4-3D88-4152-87B8-505F8A473DAD,,,,,,,ODN0002733821,z,right_only
0F73758C-FF5B-4002-B8DB-1F5E0CD9CF93,,,,,,,ODN0002733840,z,right_only
25EE95F6-CD42-4E17-AABD-A60916DC91EA,,,,,,,ODN0004847391,z,right_only
028AC141-66C9-4B3A-8ED2-B23AA00E5037,,,,,,,ODN0002985432,z,right_only
E2D4A3B1-74AB-42CA-A2B1-4ACBEB158CCE,,,,,,,ODN0003155091,z,right_only
DA821867-AC12-4E29-89BE-DB1DCD4C6871,,,,,,,ODN0005337407,z,right_only
53D4719D-0E84-402C-8441-635ADF056623,,,,,,,ODN0002733960,z,right_only
C7F87309-2452-42A6-A96D-A133385897C0,,,,,,,ODN0002985440,z,right_only
C671281B-5694-458C-AFCD-9D68FED66B1D,,,,,,,ODN0002985442,z,right_only
BC91FCFC-DF5C-4F57-BBB5-B126DB80B78C,,,,,,,ODN0002981969,z,right_only
3C725294-9B13-4892-ADE1-B8F2B095213C,,,,,,,ODN0005205920,z,right_only
68CDA8DB-5063-4398-8A00-A806507094A7,,,,,,,ODN0002985451,z,right_only
204AD50E-DA41-4713-8170-87021FC2A9DC,,,,,,,ODN0002734041,z,right_only
4971E64A-2861-40E7-AF3E-7049DD6E103A,,,,,,,ODN0002985454,z,right_only
0A1B8D3A-9AD5-4865-90B6-641C116797D8,,,,,,,ODN0002734066,z,right_only
D6146671-2E55-4B9E-8ECF-216973425638,,,,,,,ODN0004527977,z,right_only
032E3C6C-4E7F-4990-ACDD-26E310C21304,,,,,,,ODN0002985463,z,right_only
B078F9D1-6D5E-4731-82B9-25648C3CCB48,,,,,,,ODN0005409981,z,right_only
BD3AE007-C35C-4780-A42D-E7EA6F11CFA6,,,,,,,ODN0002734137,z,right_only
62601240-CA2C-4004-A4E2-66092004CAA3,,,,,,,ODN0005409984,z,right_only
E3956BBA-57B4-4D50-8E9D-2A1CE6790E25,,,,,,,ODN0004706829,z,right_only
337D1FEC-0E4E-49D8-8B93-FCFBBA064790,,,,,,,ODN0004570061,z,right_only
E71471BA-8293-4A99-ADA5-7FA31AC88D4C,,,,,,,ODN0002982069,z,right_only
4133F90E-B8D4-478D-9ACA-8DF73140E01C,,,,,,,ODN0002734167,z,right_only
F5674C9A-032B-4E34-B618-C4E8E07D989D,,,,,,,ODN0003791016,z,right_only
A672017B-E0CE-419A-91AE-809B703D9C52,,,,,,,ODN0002982090,z,right_only
CB6C7C09-0F82-4A62-9BC3-3F81168459DD,,,,,,,ODN0002985109,z,right_only
743AEF9F-CC77-4CDC-8DC9-9FCAA3F5A8B4,,,,,,,ODN0003155163,z,right_only
BF5ADE23-F888-42A1-A74D-D3B2CABF47D5,,,,,,,ODN0002734215,z,right_only
B4A16018-BF84-4FEE-A531-F7857DC3B757,,,,,,,ODN0005381194,z,right_only
F22130C6-E1BF-4856-89B1-B49279F2C00A,,,,,,,ODN0004706847,z,right_only
83998C89-6205-4DD5-A489-EF845FF0399B,,,,,,,ODN0004383370,z,right_only
DAA4AC7A-EE84-489F-8648-D748DF0023C3,,,,,,,ODN0002985489,z,right_only
C9F11566-02D3-4498-AB07-AE955014EEAD,,,,,,,ODN0003894511,z,right_only
3C803BEE-B093-4048-8931-F76DEA27ACFF,,,,,,,ODN0002985492,z,right_only
439DC09F-D2E5-4B3B-94DB-29DB7559AAAB,,,,,,,ODN0002982205,z,right_only
5FFB9FF6-DA1A-42A2-B4E0-B7811A5532B8,,,,,,,ODN0004854960,z,right_only
26DBDCAB-A2DF-471D-9F23-0608626B6C7E,,,,,,,ODN0004462911,z,right_only
BC72BB21-D36B-4492-A32D-833992068B59,,,,,,,ODN0002985494,z,right_only
BBB822E9-BA00-4070-96E0-A3B3A8B12523,,,,,,,ODN0002734378,z,right_only
0FB23F8F-EF8A-40ED-A46D-62D2031AF4FB,,,,,,,ODN0002734385,z,right_only
10E4B6BC-5396-4FF8-9AD1-9FE30BC1704D,,,,,,,ODN0003155195,z,right_only
BE2DA75C-E996-4F3A-8C84-65D9CD710AC5,,,,,,,ODN0002734402,z,right_only
229B4B31-6DF7-49BF-A729-1BD9FB3EDA3E,,,,,,,ODN0002985503,z,right_only
E3298D25-4B8B-4BCF-8AA2-E9D88DFB4D19,,,,,,,ODN0003155197,z,right_only
27F13277-D204-42DF-8EE0-D3D0E5334E38,,,,,,,ODN0002734411,z,right_only
2EDCB9F1-9EC0-45C8-9FE7-2853F02C7ABB,,,,,,,ODN0005337473,z,right_only
0136F574-C111-4C96-907B-EC5016BFFD36,,,,,,,ODN0002734422,z,right_only
5B73F32E-6A42-4605-B03A-5241F8C5F761,,,,,,,ODN0002985509,z,right_only
ACAFA025-2B01-4279-B50D-19B45BB50246,,,,,,,ODN0004345035,z,right_only
E7C8EF20-D59D-45FE-81EE-3764ECC4EDBE,,,,,,,ODN0004893548,z,right_only
A3550B6C-712E-46A5-B31C-08398D166F91,,,,,,,ODN0002734438,z,right_only
F40A5C20-FB2D-4AEA-82B3-5C18DFCFB0F3,,,,,,,ODN0005223957,z,right_only
D06DA468-7ECE-4409-89A3-D186BB57711E,,,,,,,ODN0002734470,z,right_only
F74864D2-93EE-472D-860E-5A770CB91C82,,,,,,,ODN0004863917,z,right_only
862C0299-5C84-44C3-AE74-BD0AD0B75B2A,,,,,,,ODN0004827533,z,right_only
392683ED-2CB9-4E7C-AB61-E4A44A0C094F,,,,,,,ODN0002734493,z,right_only
5568F2C1-2A81-47A0-AD8E-B6625F99F7B4,,,,,,,ODN0003155217,z,right_only
9019D6A8-9B58-4017-969C-3DC3BA46FF70,,,,,,,ODN0002985526,z,right_only
C9FAFDAB-0C36-409C-B5ED-23141837EFC6,,,,,,,ODN0002985529,z,right_only
041F49AD-B615-43A1-A8F5-B5B9B0EE7DB7,,,,,,,ODN0002734553,z,right_only
3552337C-912B-4ED9-B9C8-8397F55293CF,,,,,,,ODN0005073634,z,right_only
D977077B-AF7A-4D25-8F1E-747351E2481B,,,,,,,ODN0002982419,z,right_only
35C2F691-964F-4F84-9540-95A87A6409B4,,,,,,,ODN0002734574,z,right_only
169E5B64-8F56-4301-883B-2F76C41FFE9D,,,,,,,ODN0002985537,z,right_only
677578AF-9F6E-4870-9313-2E008DAE5CCD,,,,,,,ODN0004540340,z,right_only
07F31CE5-18EF-4B56-8AE0-3DB543462AD5,,,,,,,ODN0005112227,z,right_only
658D2311-3D92-40AE-99FE-B5ECEAB41DB8,,,,,,,ODN0002734605,z,right_only
36640FA3-19E4-4C55-95A4-413DF8F5E0CA,,,,,,,ODN0004680678,z,right_only
71D386D7-7380-44A5-A4B8-C16D404F0B69,,,,,,,ODN0002786901,z,right_only
B337CF7A-34C2-4949-8F30-ECCA92E7E3A4,,,,,,,ODN0003165525,z,right_only
D5BEE4BB-081A-4C04-97AD-A56BA869712D,,,,,,,ODN0003165524,z,right_only
3424C1BB-4040-4327-B232-C750C24018BD,,,,,,,ODN0002786897,z,right_only
A34B86E3-6B86-4FFC-851A-FAAA6DFE4364,,,,,,,ODN0002786898,z,right_only
4C46F753-B654-4154-BB77-CDBB12D80DA5,,,,,,,ODN0002786899,z,right_only
9814B41F-8BDA-464D-9F59-EB678E68A91D,,,,,,,ODN0005410013,z,right_only
75CA1FA1-AEAD-468A-88A1-F3426AD474C0,,,,,,,ODN0002985541,z,right_only
DA05B490-D918-491B-84CF-F15E8F4F18F1,,,,,,,ODN0005206056,z,right_only
F14016C9-9327-4D4E-A688-0A1E55DC3991,,,,,,,ODN0002734635,z,right_only
5013865B-2C97-4FCC-B5F6-AC4F4570A2D8,,,,,,,ODN0002784748,z,right_only
49379EE0-31B0-41E9-B667-73AB5990380D,,,,,,,ODN0004153967,z,right_only
47B9AD31-E9BA-4450-B67A-3E94079B9127,,,,,,,ODN0004814624,z,right_only
2FDBAAB1-2CE5-4E59-B6FC-2E3767AF431F,,,,,,,ODN0005206060,z,right_only
A6B750D1-27D5-4BCB-AF3D-93AC58BA3C9E,,,,,,,ODN0002982492,z,right_only
C7148908-4E96-4D8B-930F-DB13C34BAE29,,,,,,,ODN0005462963,z,right_only
161B0C69-2043-4019-8F97-5668C2FDD1C1,,,,,,,ODN0002734715,z,right_only
8842A686-653D-49F2-8C51-B265CA667F2D,,,,,,,ODN0005239121,z,right_only
90857FF2-82F6-4C1D-A10E-BF29CF2F8D0A,,,,,,,ODN0002734754,z,right_only
B538DC1D-994D-4250-8257-3016173C862D,,,,,,,ODN0002982529,z,right_only
5F603042-AF3F-4AF0-A708-202EC482450F,,,,,,,ODN0002734783,z,right_only
F125CA2F-B89D-4E5A-90BD-B84E5E1E0FF0,,,,,,,ODN0002985572,z,right_only
09ABE481-4E7E-46FB-BC59-AFF9AFCE9B68,,,,,,,ODN0005146797,z,right_only
DC995D28-8F24-4D7B-9E30-13587482E09E,,,,,,,ODN0004488015,z,right_only
1C79CF51-78D4-4560-8A49-F8B073B1C4E0,,,,,,,ODN0005262571,z,right_only
49FE106D-D986-4664-9DDE-7CC51DDD9FF0,,,,,,,ODN0002698929,z,right_only
81F235D5-EC91-4705-B70B-1473C5FF76C2,,,,,,,ODN0005146805,z,right_only
F1239B49-B755-4671-AF38-80E178BEC9E8,,,,,,,ODN0004516577,z,right_only
422CC855-F127-4120-B2F4-4D8275605938,,,,,,,ODN0002985583,z,right_only
BBDE8E1E-3C89-4184-B44A-1B823FAFE5D6,,,,,,,ODN0002985584,z,right_only
544F477B-C4A6-4923-BD8F-A07F4C038726,,,,,,,ODN0002734848,z,right_only
0BC7E98C-617C-4689-BCA1-72E0B6F304B1,,,,,,,ODN0002985586,z,right_only
D12B17F4-1207-4A3E-A17F-DB424D076127,,,,,,,ODN0004516584,z,right_only
10859E1D-ED1E-439D-9D6C-2EDF74C05E4B,,,,,,,ODN0002985587,z,right_only
FFA2D057-BFC2-4023-A47B-DC81FB5C3E9B,,,,,,,ODN0005462988,z,right_only
367EC90A-F46F-4D7D-A4B9-5C0D17BA7460,,,,,,,ODN0002985599,z,right_only
E8A9A6F6-9791-4174-91FE-5F57AC1E129A,,,,,,,ODN0003155297,z,right_only
8C2D155C-8FE5-40BA-9D91-D0A5B057CFBC,,,,,,,ODN0003155298,z,right_only
E392253A-592D-4578-90AC-DEDF3CB1F8DF,,,,,,,ODN0002985609,z,right_only
C7C409A3-0E91-4474-8E6C-F1EFA7BC408F,,,,,,,ODN0005357213,z,right_only
519CA4AA-F17A-4A93-AD17-D89C77644A26,,,,,,,ODN0002985612,z,right_only
F9246AEC-2A4C-4F02-96F9-8D3502C29CA0,,,,,,,ODN0002982609,z,right_only
76800478-FC06-4A03-9AFC-92DE8EA50F28,,,,,,,ODN0004055867,z,right_only
3C192FF5-0B84-4194-B99E-E079094CBF28,,,,,,,ODN0002985621,z,right_only
950229DB-0BBD-498E-B250-F43876D2241F,,,,,,,ODN0004589962,z,right_only
938C64E2-1AB8-4BDF-B05B-B123B66E1871,,,,,,,ODN0002985627,z,right_only
33D41CFD-BA83-48A8-BD68-BA6B95B79150,,,,,,,ODN0005038922,z,right_only
A6D7B376-C106-4BB7-B4CF-A7A0BF2A3898,,,,,,,ODN0002734974,z,right_only
06075EA4-4388-4303-88CB-3A00ED62791E,,,,,,,ODN0002982650,z,right_only
387AE806-9AA8-4AAC-BDEA-4D2F4180018D,,,,,,,ODN0004607375,z,right_only
1417E7EB-0E35-4BBF-9CB6-D54CA87ED076,,,,,,,ODN0002985632,z,right_only
0C755ED2-EE4F-471B-965B-223AADEA6085,,,,,,,ODN0003920414,z,right_only
96227560-43A3-44B3-BDA3-670FD0760029,,,,,,,ODN0004496425,z,right_only
4F20DAFD-5DF0-4151-BD42-F560F48FC6D2,,,,,,,ODN0005381271,z,right_only
10DFB3A6-90DE-4A3B-83D1-63C675F281AB,,,,,,,ODN0005357233,z,right_only
734399F5-FCC9-45CA-B191-059DCC227526,,,,,,,ODN0005019462,z,right_only
AAD6FCFB-C788-4A38-95A9-DA79D0487DCE,,,,,,,ODN0002985638,z,right_only
90EF818B-54D4-40ED-B44B-9E2BC564B36F,,,,,,,ODN0002985639,z,right_only
2760450D-C875-4B07-973F-33B30E17A5D7,,,,,,,ODN0002982693,z,right_only
D24BE37A-3F45-470F-8A74-06D24D0EE3CC,,,,,,,ODN0002735090,z,right_only
87958BED-D8B2-4DC2-8530-D70264750D20,,,,,,,ODN0002812108,z,right_only
ADBD3585-491C-401D-9584-3D1642D4D2A7,,,,,,,ODN0002735133,z,right_only
7452DC84-067D-4DB8-A43A-F11E628D94A8,,,,,,,ODN0002735134,z,right_only
AB10EA1B-B0E8-427E-B072-A7068F45A383,,,,,,,ODN0002735135,z,right_only
AA234C26-8DC9-4EA0-8E97-609DD64B1634,,,,,,,ODN0002735136,z,right_only
C1ABC821-66A9-4F90-8652-453E1ED2719F,,,,,,,ODN0002735137,z,right_only
44DB912C-649C-4141-87F0-F474DACCB94C,,,,,,,ODN0002982716,z,right_only
269486CF-BF0F-4EDA-8980-1C93B704FD7B,,,,,,,ODN0004903173,z,right_only
0A6E992D-8BFB-4A1E-A89E-F9242B603CCF,,,,,,,ODN0004879603,z,right_only
48B98469-FE56-48C9-BC1E-0B78608A3271,,,,,,,ODN0002735138,z,right_only
BD21D6BC-5699-40FB-980C-231B830A50BD,,,,,,,ODN0003315783,z,right_only
27F3F9C2-C95A-4C84-AE9C-C9EDEBBB4F36,,,,,,,ODN0004935183,z,right_only
BE4D6994-2564-4C75-AFC1-D52D0D99363B,,,,,,,ODN0004863946,z,right_only
5F5EE75C-999D-4DB9-BA18-D066B4649825,,,,,,,ODN0002735139,z,right_only
D23550A5-39A7-4AC7-ABA6-124089249171,,,,,,,ODN0005206153,z,right_only
99835813-AEE1-4114-B54F-8E70CEBF03D0,,,,,,,ODN0002985650,z,right_only
9957B753-D32C-4BDB-9A91-573E53F24326,,,,,,,ODN0005399164,z,right_only
2C3B8504-7344-4B20-9648-173F70A0B5EF,,,,,,,ODN0002985654,z,right_only
2EF06B10-37B2-48F4-99A8-293EC171E8D3,,,,,,,ODN0005101149,z,right_only
10D8373C-841B-4BEF-A90D-55A0DB630EC1,,,,,,,ODN0002982846,z,right_only
1E1D3E23-2007-4098-85FE-55CF2639BE2B,,,,,,,ODN0004409671,z,right_only
BA976756-811E-4CED-AD5D-796A8222ED2D,,,,,,,ODN0002698968,z,right_only
989953BD-F01D-41D8-92A7-2010A5D136B7,,,,,,,ODN0002985664,z,right_only
7880809A-8EE5-41DA-AA3C-1D41FEB6B866,,,,,,,ODN0002785636,z,right_only
1E785F2D-C6CE-4650-BE2E-AF3194567545,,,,,,,ODN0005248140,z,right_only
38989800-87A5-497F-BE85-AF9A93A4DFDC,,,,,,,ODN0002785691,z,right_only
9E4E4E42-076A-48EB-8BEB-644F26B5C932,,,,,,,ODN0002735342,z,right_only
BBB718D5-1E20-4ABF-9469-2C5164EAF06E,,,,,,,ODN0005206336,z,right_only
FBF0C925-F65E-4228-B5F4-2AEA0A2C0EAC,,,,,,,ODN0002985672,z,right_only
5417B304-4C54-43A4-B962-682801F93995,,,,,,,ODN0002735380,z,right_only
A851CBA8-62AB-4383-87F6-1B10DD2F6A2E,,,,,,,ODN0002735391,z,right_only
C4C0234D-CCFD-4D65-8655-DEEB354B0826,,,,,,,ODN0004639337,z,right_only
7535EE59-95DA-46E2-A55B-5E13048BEEB3,,,,,,,ODN0004706936,z,right_only
D4BD332C-8123-465F-BF5C-3548C1A6C506,,,,,,,ODN0002735405,z,right_only
61000CE5-9E37-416B-9DFC-DAFE4FEFD150,,,,,,,ODN0002753512,z,right_only
6C9512B8-819F-4866-B26E-EC1C25BD71FF,,,,,,,ODN0004847476,z,right_only
E2F321F4-0D2F-4D74-ADDB-D318DBE11F72,,,,,,,ODN0002735430,z,right_only
AF63C138-B631-487C-AB33-31A3D187058D,,,,,,,ODN0004516666,z,right_only
8F579D51-DD7B-4E3E-9AB1-9D2CEC937E0D,,,,,,,ODN0002735448,z,right_only
4C419586-45C0-498F-A171-6D586E797E95,,,,,,,ODN0002785834,z,right_only
5813B5D3-87A2-4A40-B13A-8E46A7A2FD7A,,,,,,,ODN0003164702,z,right_only
63510536-F138-4C88-964F-6C7084213B70,,,,,,,ODN0004863863,z,right_only
30385967-9107-4BE6-BE11-631BD4828708,,,,,,,ODN0002810893,z,right_only
757F4C05-4A45-4BA7-B783-ABFE05D73E6C,,,,,,,ODN0002763597,z,right_only
D2377D2E-FF5E-459C-80D8-8A1F96233B7A,,,,,,,ODN0002719954,z,right_only
6F5033CD-0AC7-43D8-9083-94D0E3208898,,,,,,,ODN0002721193,z,right_only
529514E5-6049-492F-913C-A8FBE838CF25,,,,,,,ODN0003268108,z,right_only
99A39BC4-3CF5-4B43-8E3D-86702A4CE5FE,,,,,,,ODN0002723862,z,right_only
68632968-7DF9-4130-9C7C-74487BD91A5A,,,,,,,ODN0002724896,z,right_only
FF734D9A-7BCB-4386-80D2-0ADEC4A2B159,,,,,,,ODN0003153989,z,right_only
37219F22-8341-49A8-BF02-2218A1C5866A,,,,,,,ODN0002726940,z,right_only
CF023AEA-8038-45B1-AC0E-501F2C553B29,,,,,,,ODN0002728300,z,right_only
BAC1B2BF-2858-4CB0-9AD3-B21915B12428,,,,,,,ODN0002728641,z,right_only
DA88957C-FB2E-479A-B28F-8E98862DD7F2,,,,,,,ODN0003920077,z,right_only
E592B957-28FF-4A33-A10A-A4203EA25F93,,,,,,,ODN0002776860,z,right_only
7AC2E322-53BA-446C-83C7-E55BB2559FD8,,,,,,,ODN0003254002,z,right_only
70BAD2CC-15A7-4007-8CC1-E5B36D7B38C0,,,,,,,ODN0003562131,z,right_only
AD0B3E57-080B-42C1-B45A-D7CDA9F1EE5E,,,,,,,ODN0002981839,z,right_only
D4F59B86-94B7-4D48-A3C7-3BEF93E67AE6,,,,,,,ODN0002734513,z,right_only
9C067AB8-F73F-48ED-A0EF-80E87BBCC439,,,,,,,ODN0002982696,z,right_only
D2A9ACE2-B1A4-4437-9F7B-AEA5A6C0586C,,,,,,,ODN0002725673,z,right_only
CD07620B-E94C-4C80-9D6D-2B3A12787695,,,,,,,ODN0002760664,z,right_only
B741CD35-93C9-48BA-8C9D-64798113B241,,,,,,,ODN0002762052,z,right_only
EB71A2C3-8D76-479F-B521-806A7DB160EE,,,,,,,ODN0002767139,z,right_only
5A72B0B5-350F-4E36-A384-11D96890E380,,,,,,,ODN0002767393,z,right_only
9B8C865D-5829-425B-B22A-B34C602D0320,,,,,,,ODN0002770491,z,right_only
BC16B552-BA8E-473B-94F5-645F2B517097,,,,,,,ODN0002771213,z,right_only
E2E71FF6-7D58-4DAC-8858-F28A6C634297,,,,,,,ODN0002783517,z,right_only
E488D4A9-0BD1-4060-A929-F3AA76DD4841,,,,,,,ODN0002785370,z,right_only
713C8965-A4A4-409B-B8F0-3289DBFBDD0B,,,,,,,ODN0005398942,z,right_only
1A157652-F638-4255-AAAE-C7398B46CDAB,,,,,,,ODN0002837997,z,right_only
51AFDA1B-69CD-492F-A4DB-277C20700276,,,,,,,ODN0002786735,z,right_only
8D58217F-2595-4B9D-853F-B07FF591B065,,,,,,,ODN0003222176,z,right_only
3D62697D-D365-47BA-9690-A0B2754AC8AF,,,,,,,ODN0002764413,z,right_only
5EEB0549-42F4-450B-BB65-D50E04E53D70,,,,,,,ODN0002723061,z,right_only
7449F7A7-1B50-462D-A1E2-73038E37EF9A,,,,,,,ODN0002767678,z,right_only
D7C9AF08-9646-4D61-8316-2C83D1460998,,,,,,,ODN0002768779,z,right_only
FCAD883E-475A-443A-8634-9F47FD029DFB,,,,,,,ODN0002769102,z,right_only
33B19CAE-DD93-4B0B-B905-61262C9138DA,,,,,,,ODN0002725676,z,right_only
84918E02-9A4A-4D8A-A2AA-480CFF22A54D,,,,,,,ODN0002769143,z,right_only
39CFD574-E769-49A8-9285-EA736C9DAC4F,,,,,,,ODN0002698435,z,right_only
D450AD8B-849F-4DF2-87CA-5F869E435E28,,,,,,,ODN0002726931,z,right_only
8C20519A-B656-4C0C-B94E-C6566B5B49B5,,,,,,,ODN0002774593,z,right_only
B9192BC8-66D3-4ED0-88C0-F468C9B8CF8A,,,,,,,ODN0002838173,z,right_only
BB58E9E0-947C-4BDA-9EBA-F4FA343710EB,,,,,,,ODN0002728658,z,right_only
BFF0FAF4-FFAC-4476-8F6F-367E6D288289,,,,,,,ODN0002775517,z,right_only
1AE2C0F2-7718-4A33-B477-3E0E3FB814CB,,,,,,,ODN0002775608,z,right_only
B482EC5F-30F8-4D61-BB07-8A5A6EAC962F,,,,,,,ODN0002775680,z,right_only
D0CE914E-EC5C-4C9D-AECE-DFCF280B6D20,,,,,,,ODN0002791903,z,right_only
06BB6E91-2006-4BCE-A2E7-4E0352A72E48,,,,,,,ODN0002776478,z,right_only
71E79297-2B1D-47F5-B9B8-B0AADB956008,,,,,,,ODN0002792259,z,right_only
E7FBDC6A-D225-4DBC-9ACD-CEB1656A9069,,,,,,,ODN0002811218,z,right_only
C3653ACE-15ED-4A40-B358-510375052F31,,,,,,,ODN0003155219,z,right_only
8B55EF0A-0151-4E44-AFAF-4AF2AD67E92C,,,,,,,ODN0003155220,z,right_only
B5994FEB-E1DE-4A79-994D-65BAF5F0E897,,,,,,,ODN0002812551,z,right_only
0BEE4FAB-B4F4-4A62-8C87-77AC953BE60D,,,,,,,ODN0003155390,z,right_only
5CEEAADB-CA7E-48DA-A923-55B9BEF5846D,,,,,,,ODN0002985681,z,right_only
02470602-9CA4-48BE-81DE-3E6F8172AF43,,,,,,,ODN0002772578,z,right_only
8444154D-1063-4FAD-BFF6-52198F12238D,,,,,,,ODN0002984526,z,right_only
063A5774-8ED3-4EAE-BB98-68B157BCD3A6,,,,,,,ODN0002985353,z,right_only
D5FC4F90-2438-4A77-9A28-5168E35318FD,,,,,,,ODN0002764151,z,right_only
C179259A-FA7F-4F9E-9721-507C28FFF159,,,,,,,ODN0002764483,z,right_only
526D6194-CCD9-4CC0-94E7-7BF8746FC50C,,,,,,,ODN0002764546,z,right_only
BA1FF3BF-F82E-4725-BF3D-016C5822C37E,,,,,,,ODN0002768680,z,right_only
BEAB1BB0-8D36-4440-9A59-72D1C55C8079,,,,,,,ODN0002772673,z,right_only
F12EE7E3-BF9A-4532-BCD3-67E9B180424A,,,,,,,ODN0002984546,z,right_only
C8EFC41A-4D02-4995-94F3-5BF06ED79ECE,,,,,,,ODN0002978287,z,right_only
673CF84B-30AF-411B-8F78-F3BD694E0821,,,,,,,ODN0002777399,z,right_only
CBA6E25C-3420-48D7-A2AD-169A3882660F,,,,,,,ODN0004162471,z,right_only
FBC7B47D-F822-4DC7-8D38-F9B93A21E461,,,,,,,ODN0002775320,z,right_only
A2905C77-BF4D-4F4C-B89A-C3A568B37AD9,,,,,,,ODN0002775321,z,right_only
415D76AE-D25D-464A-9C78-62FE2CA67115,,,,,,,ODN0002769067,z,right_only
2DD8F0AD-E93C-4ABC-9DA5-A44AD6E3E35C,,,,,,,ODN0002770535,z,right_only
DB65B55D-4FE1-4FAC-9312-A715400A66C2,,,,,,,ODN0002772323,z,right_only
ABEE040D-DA95-4A2A-B94C-8CD5A8892E38,,,,,,,ODN0002737773,z,right_only
F7F4AAD6-6739-48FF-B240-DB32206F7932,,,,,,,ODN0004055317,z,right_only
E2CD2246-07DD-447C-8565-264C791D10C8,,,,,,,ODN0004863383,z,right_only
F23D0B54-D121-4A3F-B964-34377365D872,,,,,,,ODN0002769145,z,right_only
449FA746-AACB-4489-8528-845BFEBA9136,,,,,,,ODN0005424460,z,right_only
E74734CF-BC0A-427A-84E8-34E9BABA1B44,,,,,,,ODN0005424464,z,right_only
E1636D6F-A23B-4FAE-9AA9-0B1877E3E6D2,,,,,,,ODN0002772669,z,right_only
4CEB29B0-6E76-4987-83EB-42BDB10024E7,,,,,,,ODN0005462176,z,right_only
A7FDBA31-A69C-4C2A-A6B8-1A8174171EAC,,,,,,,ODN0005424861,z,right_only
9C4A69A4-8569-432D-A74A-1B3A7E69892D,,,,,,,ODN0005424863,z,right_only
58B23C8F-9556-4877-BD25-C0EF64FCEA28,,,,,,,ODN0005204876,z,right_only
78F06B1A-E2C0-4758-BC70-4A3DC7667E8C,,,,,,,ODN0004055736,z,right_only
3F792D70-14A8-4557-93E4-03867F90D4B4,,,,,,,ODN0005425100,z,right_only
0F0708E8-6B11-428C-9F84-B190EE50BFC2,,,,,,,ODN0004873537,z,right_only
DFFA5DF7-9D61-43EF-AE2A-4A3590B25CAE,,,,,,,ODN0002760421,z,right_only
6D7E6942-1ED3-4F10-8F10-28A3336965B7,,,,,,,ODN0005099299,z,right_only
5C85D18E-4F49-493B-B7F9-3A4980FCA5E8,,,,,,,ODN0004892578,z,right_only
24BFCA8B-05CC-45D7-A13C-74851A9933CE,,,,,,,ODN0002778373,z,right_only
99F857DE-B34B-4476-8226-0B18DB1D4B87,,,,,,,ODN0002779932,z,right_only
9E536D61-4D09-4C7E-B3BD-9A53A8E0519A,,,,,,,ODN0002779941,z,right_only
044D148C-8A1D-4E93-AD84-0CBCA5746CA5,,,,,,,ODN0004580530,z,right_only
22D3DFA6-0534-48E9-AC7A-05ECD7C4F64F,,,,,,,ODN0002752784,z,right_only
3E6764FC-E048-4F3F-9EC7-3786C4101614,,,,,,,ODN0002800195,z,right_only
42409C08-F9EA-41F6-9749-9640B7D95947,,,,,,,ODN0005397644,z,right_only
3ABDF1F4-8731-4DBD-BAE4-84013BE48EE6,,,,,,,ODN0004892459,z,right_only
681305C8-BDAD-4762-A142-B962D6C37751,,,,,,,ODN0004657887,z,right_only
C8E8655D-BE37-4414-B326-CF9D1A15B451,,,,,,,ODN0002760763,z,right_only
5D68CA39-AB53-4896-B8FD-3AA112D31D13,,,,,,,ODN0005261746,z,right_only
F83F1367-1086-43FA-9ADA-3149A1F6B433,,,,,,,ODN0002760766,z,right_only
3B7B828E-497E-4DF3-86D8-4003289EA499,,,,,,,ODN0002837123,z,right_only
2562AE05-281C-4907-8ACE-6FF036E8BD42,,,,,,,ODN0002800701,z,right_only
D0A9077D-6B28-4F61-97E3-6E8C38639FEA,,,,,,,ODN0004658046,z,right_only
5ED54B11-E4B2-44BA-A970-79CE6E67A3CD,,,,,,,ODN0004658085,z,right_only
035F1696-4FEF-40F5-B140-C06A98A758B0,,,,,,,ODN0002764285,z,right_only
EC7BE06B-660E-4EC2-AC77-048384E44ABF,,,,,,,ODN0002764554,z,right_only
0D4837AF-9AE8-45F6-9242-4F084FCA702F,,,,,,,ODN0004658160,z,right_only
21117ED5-3FD3-4B69-A828-168DE0ED07C7,,,,,,,ODN0004658161,z,right_only
BB170393-200B-4F5B-9D78-71CD89B6660C,,,,,,,ODN0004658163,z,right_only
CF75EDB1-A763-4359-A720-24369F543E45,,,,,,,ODN0002765030,z,right_only
03ACBE55-0663-426A-9BC2-98643D64E69F,,,,,,,ODN0005204351,z,right_only
B418EE73-8B67-42CF-9C2A-E68607CA47F2,,,,,,,ODN0003448385,z,right_only
2A13B2E3-9598-4F8F-8682-8A694380B62C,,,,,,,ODN0002769086,z,right_only
8274EA0E-5B9F-4456-8191-4701EDB6A834,,,,,,,ODN0002769190,z,right_only
28EE8DDE-F7AB-42D5-B1C6-73F56022F734,,,,,,,ODN0002769864,z,right_only
54B07533-912D-4235-9CCB-F404E4602D34,,,,,,,ODN0002770172,z,right_only
9EBE08F9-E3AD-4E0B-8C23-6EC965781982,,,,,,,ODN0002770541,z,right_only
4B2DB294-8B15-4F79-B007-CA397935499C,,,,,,,ODN0004893039,z,right_only
0BD5AE40-E72B-40A3-91E8-ACC863C4B467,,,,,,,ODN0002772354,z,right_only
59C28936-7660-426F-8039-52731A59239A,,,,,,,ODN0002746239,z,right_only
091F76DB-578D-42D1-B57B-D3378186AD1A,,,,,,,ODN0002773491,z,right_only
40CFEBAA-7017-4EFC-BA02-99FDB526BB74,,,,,,,ODN0002773512,z,right_only
595291D3-43B9-47CF-8987-1FBC1397D896,,,,,,,ODN0002773771,z,right_only
DB90533A-CC21-4504-8BAE-769E2F2881E5,,,,,,,ODN0002777677,z,right_only
0A6AB378-0AEC-4ED7-B37B-A5BD0490E366,,,,,,,ODN0002778745,z,right_only
93DB693E-CB09-4671-AAD2-38F97DF5B95C,,,,,,,ODN0004225305,z,right_only
B74EEDB8-EC83-48EE-AB00-D01A88ACB435,,,,,,,ODN0002749960,z,right_only
00FADEB7-26D9-4E1C-89E5-CD664B4FB4D3,,,,,,,ODN0002780248,z,right_only
39752D49-6B18-4BD1-8B0D-CF45A955A7BB,,,,,,,ODN0002780848,z,right_only
3A6204C6-10F1-42B4-BD93-6CD89AF8D332,,,,,,,ODN0004580510,z,right_only
ECC85838-D206-4529-A4AB-0539AC3BDA48,,,,,,,ODN0004580534,z,right_only
BDE60C9C-FA4B-408D-90F6-1197EDAABB5A,,,,,,,ODN0003689079,z,right_only
C6D34E5A-5D3E-4E32-9D73-4DF2EA3F67C0,,,,,,,ODN0004658942,z,right_only
6CB82184-700E-44FE-94C7-1593C3D62591,,,,,,,ODN0004863916,z,right_only
9FFE0D37-ABCA-4F69-A246-C7EE1FEA9079,,,,,,,ODN0004580669,z,right_only
263A5858-8DD6-4486-9DFC-FF4B520EB0FF,,,,,,,ODN0004580697,z,right_only
F41CB033-9113-4EED-96F4-B2BB0195EC3B,,,,,,,ODN0002785377,z,right_only
C79DA30B-5A02-4E00-8E6D-8EEE0D953D0E,,,,,,,ODN0002769189,z,right_only
E173E87E-47E0-46C4-BD46-B0C42A4FBDFE,,,,,,,ODN0002772356,z,right_only
DFB76593-E969-4E4F-A012-5B6784B5FE92,,,,,,,ODN0002783575,z,right_only
03A9937B-C632-40DF-86F5-1233D73F212C,,,,,,,ODN0004390466,z,right_only
EA2B837C-69DA-4F03-80CD-8085816D056B,,,,,,,ODN0005461385,z,right_only
58C84349-3EF2-4362-B9BB-DC74BB14DB70,,,,,,,ODN0003194118,z,right_only
FC2912D2-3C24-490E-BD85-E4ED8D2143AE,,,,,,,ODN0002766336,z,right_only
3CDAD02A-10F2-4AB2-91E7-565D45DB76EE,,,,,,,ODN0004863461,z,right_only
1710FFD9-9DF2-4570-AEB8-13DC7BA780D5,,,,,,,ODN0004774272,z,right_only
F5480F9B-44CB-4213-946E-2146FB86859A,,,,,,,ODN0005204607,z,right_only
2E4C48B3-486E-4754-B657-686FCFCEE5AF,,,,,,,ODN0005380692,z,right_only
120D9DBB-9058-433C-915A-307EDE4F81AC,,,,,,,ODN0002979059,z,right_only
C6BCB538-FE91-4282-8CBA-6D4820EC1D36,,,,,,,ODN0005204775,z,right_only
5D83EE48-FDD8-4B1A-9F98-BFE63C5844FB,,,,,,,ODN0005204784,z,right_only
EC6F008C-E86A-45B6-AE97-4480BE1465B7,,,,,,,ODN0005304519,z,right_only
C2C7B3A9-A797-4F4D-8270-5FCDC80FE647,,,,,,,ODN0004835776,z,right_only
92E2EBBB-1849-4608-A4FE-D52827289C82,,,,,,,ODN0005205863,z,right_only
A20AD8D2-D07F-44C4-9C35-D00DA2A5AA02,,,,,,,ODN0005239125,z,right_only
6147113C-C2C3-4A33-9601-A872455DCA97,,,,,,,ODN0005206098,z,right_only
A58426AD-46D8-41E3-A411-D5112871C03C,,,,,,,ODN0004774627,z,right_only
EE776081-D706-4E5C-A7C7-F9615103642C,,,,,,,ODN0002766520,z,right_only
042E2E57-03F7-4B38-8BD9-0B42A09E7AA9,,,,,,,ODN0005397652,z,right_only
3ECE5F5A-E33C-451B-B4F3-6C0E269BBFA3,,,,,,,ODN0004658040,z,right_only
C7E7EFC5-61DA-4048-8DAA-569292797395,,,,,,,ODN0003485322,z,right_only
99BA0799-3EE0-47EF-8A8E-9AEA2194D104,,,,,,,ODN0002765883,z,right_only
C57096A9-EA80-45E0-8616-EF957AE73D66,,,,,,,ODN0002772696,z,right_only
372B73C2-3B0E-46B5-82F9-77D170EEE1B7,,,,,,,ODN0002777712,z,right_only
D1B19C78-8767-4A60-8292-EED55893EB43,,,,,,,ODN0002779930,z,right_only
2D73D6A1-FF2D-453D-A484-930DFD6F2FF4,,,,,,,ODN0003388821,z,right_only
8E32C0B7-119D-4486-B9F9-276A75559FDE,,,,,,,ODN0005281584,z,right_only
E6B4C825-7D1C-4AFB-94EB-26730C86B495,,,,,,,ODN0002784583,z,right_only
F322D5DA-B473-46F8-A4A4-70DD3CE52130,,,,,,,ODN0002771694,z,right_only
AB258655-A3E8-40A2-91B8-1511D028944F,,,,,,,ODN0002762618,z,right_only
32223C09-2257-4670-B653-A4EFC68B05B3,,,,,,,ODN0002766289,z,right_only
D6B98AD5-6A2A-4457-96F9-B8A502E2C2EF,,,,,,,ODN0002837760,z,right_only
2523C279-2733-44AE-8023-66DB81662571,,,,,,,ODN0002777750,z,right_only
02413EA3-F3D8-4652-84CC-29DDFBF3E63F,,,,,,,ODN0005672314,z,right_only
3F96C02E-DFB7-4661-B91E-A17DA718B1AF,,,,,,,ODN0005806598,z,right_only
C90D66B2-C141-4CF7-A086-06C35598E014,,,,,,,ODN0005505989,z,right_only
DFF041C4-605D-4931-9E3A-C1F1B42B10CB,,,,,,,ODN0005263429,z,right_only
ACDF5767-261E-4577-9EA5-0D514D46AD3C,,,,,,,ODN0005399295,z,right_only
2B48DC97-5B15-45AF-90A7-655736BF3FFE,,,,,,,ODN0005584308,z,right_only
9ADD1400-6670-4F87-B8FD-C9F565F5F2C5,,,,,,,ODN0004784882,z,right_only
6C98BC52-FB2E-4C59-A3A0-11CEA3766295,,,,,,,ODN0005399365,z,right_only
1D1C111D-6262-4CE7-8054-EB7B96BDD2DF,,,,,,,ODN0005727592,z,right_only
B8455504-E40C-474F-BCB2-E7AF8409747D,,,,,,,ODN0005806700,z,right_only
95232FBC-CE32-440D-ADF2-F720CE7002AB,,,,,,,ODN0005806716,z,right_only
272475E6-195D-42C9-9CE0-3E434D76A584,,,,,,,ODN0005555769,z,right_only
2F854B8A-AFC8-4420-B0F4-182033FF7868,,,,,,,ODN0005616399,z,right_only
C9E02C25-1D18-4B6A-9A10-8E9B7DC3BCA1,,,,,,,ODN0004877634,z,right_only
C0152CCD-4DD2-4CB7-B5FC-3EDBB55969B7,,,,,,,ODN0003750012,z,right_only
3DEA7760-C59A-4A79-B8B5-242F60FB0B1A,,,,,,,ODN0003373745,z,right_only
74A0886C-AFE8-49CF-8292-07EDDBBB7657,,,,,,,ODN0003373754,z,right_only
A289A367-01E8-4322-9D3D-944753E87773,,,,,,,ODN0003373770,z,right_only
4ED40BD4-A08D-44B7-BEFB-159E7B34DF2E,,,,,,,ODN0003283519,z,right_only
53722F9F-B4F6-46AE-9C6F-BEA0978CD947,,,,,,,ODN0004878084,z,right_only
3346777C-85F5-4C45-8698-5724248824EB,,,,,,,ODN0005095552,z,right_only
5D28B9E0-DA47-4791-B64E-CE46E38C69C6,,,,,,,ODN0005095554,z,right_only
BF587AE4-C7A0-4971-8C46-F51CE009D878,,,,,,,ODN0004346297,z,right_only
DCCB0B12-0EAD-41D3-A1D7-3CF8055EE364,,,,,,,ODN0002950585,z,right_only
D263DFA0-B164-49D0-9A88-04231CAC5288,,,,,,,ODN0002950594,z,right_only
42E55EA9-1306-45FA-853B-3B698181C75C,,,,,,,ODN0003355944,z,right_only
2DB67215-2D55-42B3-A297-93EFAFC885DA,,,,,,,ODN0003993299,z,right_only
7D9A6BE8-EBB1-4C34-8A48-E732D421862B,,,,,,,ODN0004878088,z,right_only
19FCB27F-37EE-4BB5-ABAE-206ACE1F42F4,,,,,,,ODN0005296721,z,right_only
43E0D3E6-6648-49DA-9755-5149640FF757,,,,,,,ODN0002950647,z,right_only
F4E102FA-2C1D-4B38-80CC-7060C7692CCC,,,,,,,ODN0003514518,z,right_only
1A86E786-5179-4B80-9E10-ABFB83B1042F,,,,,,,ODN0005095607,z,right_only
71EB14E9-04A6-4F6B-B700-37545715C3EC,,,,,,,ODN0005446479,z,right_only
175E4F98-A12C-4687-8DCF-87B910CDABB4,,,,,,,ODN0005446483,z,right_only
3676C811-B9CE-442C-9910-A6D468EDC306,,,,,,,ODN0005446484,z,right_only
918BC189-C9BA-44EC-8612-A94EA17F5DFA,,,,,,,ODN0005446485,z,right_only
BB45356C-2F38-4E1C-A0A3-E001D191582A,,,,,,,ODN0005212487,z,right_only
F5C36593-5E2A-4F77-B5BE-19305BE3327C,,,,,,,ODN0005509603,z,right_only
DE9FB003-A078-4E7F-802D-C1D6B6F91A9A,,,,,,,ODN0002620210,z,right_only
21529A32-9CAC-4462-B7ED-E3480D08855C,,,,,,,ODN0003967853,z,right_only
300FF8D2-BE54-420C-B269-4D2495F4F36D,,,,,,,ODN0003922848,z,right_only
068027BE-5A08-49FE-B666-C600295BF2D7,,,,,,,ODN0003968521,z,right_only
866163F3-06EE-403B-8380-1F2DA8E400F9,,,,,,,ODN0005095586,z,right_only
6A81D61A-66D3-4D06-A255-9A7F8F9C07FE,,,,,,,ODN0004253852,z,right_only
49072CA8-845D-4EC9-9ACC-93BEA5E212D8,,,,,,,ODN0003922905,z,right_only
6CF134E7-3760-42AA-91D6-CB28D2B16959,,,,,,,ODN0005095604,z,right_only
44E35F36-EB2C-4058-B58F-BEC8822BD03D,,,,,,,ODN0005522203,z,right_only
7A9C9184-2653-44EE-946D-B853114BF85E,,,,,,,ODN0005522204,z,right_only
B6FBD632-0567-4FD4-B8B4-0BEEFDADF3AF,,,,,,,ODN0005522205,z,right_only
85BF8513-BAA6-4E40-9840-FB31740828BE,,,,,,,ODN0005522215,z,right_only
8C117456-F04A-4C5B-AB31-48E708984409,,,,,,,ODN0005522219,z,right_only
DA3C51D3-0FC8-43D0-B218-F7D3A356DD1F,,,,,,,ODN0005522220,z,right_only
2E7AFAD4-6C8A-4840-8213-BFD683F2613C,,,,,,,ODN0005510322,z,right_only
5E2C52E1-4D82-4EA3-8AFA-E1A6A32808FF,,,,,,,ODN0002620267,z,right_only
649E8DCC-3293-41C3-A317-0F8CF2ED0548,,,,,,,ODN0002620282,z,right_only
3F687E5C-11C3-4BCA-9818-FCDA60DF9E2D,,,,,,,ODN0002620298,z,right_only
F240F645-983C-43DB-9677-4D19B90A38C8,,,,,,,ODN0002612992,z,right_only
054EDDE5-79FD-4A7E-9152-696719614F25,,,,,,,ODN0002635213,z,right_only
380FB98E-D103-4BF4-97A8-3F59D11046F9,,,,,,,ODN0002605130,z,right_only
B6B138CD-1399-469B-BE15-F51122792C9E,,,,,,,ODN0002616304,z,right_only
AC52A2B9-F197-44EF-9012-9BDCE9D75FE5,,,,,,,ODN0002620250,z,right_only
F2C13897-EFAB-4649-941D-561D232BEC16,,,,,,,ODN0002603147,z,right_only
62C1C0B3-A631-4995-8EA8-1D1BE9BF6D04,,,,,,,ODN0004753991,z,right_only
6E24F94C-980D-4221-A401-BBFC6D202FE0,,,,,,,ODN0004092070,z,right_only
D9DCC501-978B-4DE8-A20D-AFCD96C745B4,,,,,,,ODN0004092071,z,right_only
2528F8E0-F2E0-402A-8909-3BBB226E6F17,,,,,,,ODN0004092072,z,right_only
A5ED7ADB-A7C8-4B6B-B17B-CD3FDFAD7AAF,,,,,,,ODN0004092073,z,right_only
6501CF14-E92C-4E07-8829-14D7B1BAE6D7,,,,,,,ODN0004092074,z,right_only
EE60A16F-E11C-4E42-8F50-939DAECF9589,,,,,,,ODN0004135668,z,right_only
0A1EE040-9F54-4F6D-8DE8-DC31EF40EC4B,,,,,,,ODN0003033772,z,right_only
18517768-08DA-4DD9-BEDC-4803D1638C49,,,,,,,ODN0005463790,z,right_only
BD0EA5EC-A38C-48FD-BA13-1B0F33CA10BE,,,,,,,ODN0005463794,z,right_only
F4C38590-6D13-4161-9D3F-3E3B2F96CA2B,,,,,,,ODN0003233221,z,right_only
2BAE8985-3522-497B-BF90-6D840B940A88,,,,,,,ODN0003399592,z,right_only
AD96B85B-EC30-4587-B379-563BB4D7FE5C,,,,,,,ODN0003091084,z,right_only
B919224F-D65A-4C12-A851-2BB31877B4F6,,,,,,,ODN0003233225,z,right_only
2C797651-5C24-459C-A4F4-F724255F65D9,,,,,,,ODN0005463838,z,right_only
F9A75741-5012-440A-9FD7-EFB9BF10CD85,,,,,,,ODN0005463852,z,right_only
A106FDD1-D59B-47BF-B057-EF7D2993FC1D,,,,,,,ODN0005463854,z,right_only
53044953-4245-4ED8-A2EA-393DD23ECD66,,,,,,,ODN0005463857,z,right_only
90833798-23D5-43E7-A25D-7747FF4FD41A,,,,,,,ODN0003091089,z,right_only
62327EAF-4366-4CF1-98ED-D23E02047909,,,,,,,ODN0005463862,z,right_only
D1F56EA8-71BD-4450-8422-FB3A35EBED5D,,,,,,,ODN0005463864,z,right_only
BD16F805-EF2D-49D8-BE5B-7F78D8A5692F,,,,,,,ODN0005095608,z,right_only
9414D0E7-99A4-42B8-A519-3F8DF412A2C0,,,,,,,ODN0003399543,z,right_only
1318F41A-9BD1-4A02-8D69-AA410C667BFA,,,,,,,ODN0005095519,z,right_only
EAB9C681-3037-4F87-BBE9-761180ECB047,,,,,,,ODN0005095465,z,right_only
21341070-D151-4042-B5B9-E4DB155303E2,,,,,,,ODN0005095475,z,right_only
E85BB58E-3F26-4FD0-B582-F1D294B9DBC9,,,,,,,ODN0005509354,z,right_only
DFA23718-A215-4E33-BC8D-BFF145DA0F98,,,,,,,ODN0005095561,z,right_only
2F856B08-FFB3-4EEB-B36A-1B88329A5EF7,,,,,,,ODN0005510393,z,right_only
DA44C286-6A9E-4126-BA66-568341EDAF46,,,,,,,ODN0004753356,z,right_only
9702D12F-C2E9-461A-9DBC-05FCECD26EA9,,,,,,,ODN0005432494,z,right_only
B5C927A0-B781-4087-BB3D-ED03E2E98130,,,,,,,ODN0005432538,z,right_only
71DDFD34-A856-41A8-BF8B-7CF3655D5852,,,,,,,ODN0005307832,z,right_only
F5B0D8A7-D0F9-4607-A867-98C8F32C6A41,,,,,,,ODN0005307833,z,right_only
5405C3F0-40A0-4513-9ED0-000B9B98E827,,,,,,,ODN0005095458,z,right_only
4A59C80F-ECB6-496F-B6D3-746DE07CB396,,,,,,,ODN0005095518,z,right_only
D86081CA-A982-4B94-892D-D8A47A80DB75,,,,,,,ODN0005307839,z,right_only
527A8463-24CC-48BB-A5D6-138C958E58A4,,,,,,,ODN0004878085,z,right_only
6AD9272A-E5FE-4219-B1E0-AE0130C84927,,,,,,,ODN0005307854,z,right_only
B23ECAAB-3BF2-4FCB-BEC7-65E5545F599D,,,,,,,ODN0005432771,z,right_only
E3255F65-995F-46CC-8DFD-5CF3DE006E8E,,,,,,,ODN0005095599,z,right_only
DB5568C9-DB9D-4926-BDFE-0B8EC4006439,,,,,,,ODN0005307896,z,right_only
2FC22EF3-89F9-40C7-918E-9710C5231FCD,,,,,,,ODN0005234790,z,right_only
F5551E25-5DB2-4A81-8D00-E75B0AEB2F84,,,,,,,ODN0005243720,z,right_only
10827AF3-9018-4F0E-B313-659BD7DC0026,,,,,,,ODN0002614932,z,right_only
DF7AB3C3-CE4E-4A13-AE72-8011B3564461,,,,,,,ODN0002602906,z,right_only
2EDC5401-329B-414A-B239-030C4EE0DC67,,,,,,,ODN0003321271,z,right_only
FAC25496-AA57-428D-B353-93B4F4691F3F,,,,,,,ODN0005296752,z,right_only
FC008F03-BC2D-4364-B38D-3A762065D019,,,,,,,ODN0003603221,z,right_only
8019DB19-7749-48B2-A5EF-6C567037959B,,,,,,,ODN0003633692,z,right_only
A172FEB1-71E9-41B2-BFA2-A6F37489E74B,,,,,,,ODN0003603270,z,right_only
70D507D1-2D14-4FDD-AF50-9ED77EF4CF24,,,,,,,ODN0003603280,z,right_only
831A6E5B-666F-46DE-A25C-CA0581856391,,,,,,,ODN0003633746,z,right_only
7402B6D9-9C93-469D-A1E7-95966E55AD48,,,,,,,ODN0003442342,z,right_only
EF0A6346-998B-40A6-AE6E-4E851260236C,,,,,,,ODN0003603333,z,right_only
0F1CDA33-7158-4407-AB43-EE05FBA1A968,,,,,,,ODN0003633913,z,right_only
D99DA5D8-997C-4A17-8A1C-034BD207D4F4,,,,,,,ODN0003633916,z,right_only
A56EEE06-D3C4-43C0-8716-1BDC986AC1E9,,,,,,,ODN0002557810,z,right_only
9B70B70D-6962-4DA6-B246-32F7D181700F,,,,,,,ODN0003231527,z,right_only
2C7B8C60-25C6-43F1-BE0C-4F7DF195C1E5,,,,,,,ODN0002557650,z,right_only
FE937A7F-A857-4644-B5EC-6CB11F3BE1B1,,,,,,,ODN0002557648,z,right_only
2C64B9FF-81F4-4811-9884-6AA9D15F83F4,,,,,,,ODN0003254760,z,right_only
7FF44830-9673-4243-BD3D-8C0BC3672DFB,,,,,,,ODN0004131638,z,right_only
0EB4A237-F752-4376-B55C-6DB8310D2381,,,,,,,ODN0003254755,z,right_only
82649A7D-B207-48D6-9FC2-BF8D4F7A6EC2,,,,,,,ODN0002875165,z,right_only
41E79224-17E4-41CA-B77F-33134B10D16A,,,,,,,ODN0002557548,z,right_only
AC92C526-FD59-4136-BF1E-42DF337BFB57,,,,,,,ODN0002557560,z,right_only
3E678A09-358C-4856-8339-F1A47B2D09EF,,,,,,,ODN0004131642,z,right_only
9009A4B3-ABB6-49D4-995C-2B0147E12DB8,,,,,,,ODN0002557584,z,right_only
5654E72C-107F-4B0D-8CDF-E44A38981424,,,,,,,ODN0003254758,z,right_only
563E59E1-B004-4D41-8D61-00BEF24C3093,,,,,,,ODN0003627705,z,right_only
19BB7E9E-7264-4FB0-BA7A-C8965AFE346F,,,,,,,ODN0003254759,z,right_only
EA2FB338-0B9B-4D15-BCC5-95CE2D435E7A,,,,,,,ODN0003231526,z,right_only
521A0F1B-669E-4962-9653-0BE1F20872B0,,,,,,,ODN0002557693,z,right_only
691D6F47-52CD-4FB9-8B15-A98DED208A60,,,,,,,ODN0003466950,z,right_only
51489984-632D-47D1-A60D-C66B2A7C42ED,,,,,,,ODN0002875189,z,right_only
FB7DD8BB-13D6-40AD-A980-C1F66E8CC6AF,,,,,,,ODN0002875195,z,right_only
1F1D1835-142A-413B-A285-D3DEA815CFF3,,,,,,,ODN0003627836,z,right_only
8B056F49-1449-4344-AFC0-B7C181130A11,,,,,,,ODN0003254764,z,right_only
232D414F-E788-4968-8738-303D221FFD8F,,,,,,,ODN0003726135,z,right_only
4D1D306F-732F-4ACF-B6FC-DD1B9DEFFC8D,,,,,,,ODN0002875196,z,right_only
81CE0BC9-9584-4640-8A69-B4B56FF7DE47,,,,,,,ODN0002875194,z,right_only
88D0F764-D699-4CED-8637-18C53E9874B2,,,,,,,ODN0002875201,z,right_only
FFC686E4-0E7D-43D1-83F9-9A667B90360A,,,,,,,ODN0002875208,z,right_only
E6D20655-1D75-47A3-A900-68D6533E9A71,,,,,,,ODN0003627879,z,right_only
2C7B017C-19F6-480D-9F6C-4773D2F9D83C,,,,,,,ODN0002557802,z,right_only
75AAB661-0F35-49CB-96B6-1DBDEA163308,,,,,,,ODN0003466954,z,right_only
600541A0-C37D-4671-BE49-67AE65A2EAF5,,,,,,,ODN0003231520,z,right_only
CE637988-1E6E-4485-A6F4-B769E1DDD963,,,,,,,ODN0004131640,z,right_only
DBDAC64D-B384-4F9C-80BF-6A382BB61048,,,,,,,ODN0002557598,z,right_only
F6EEAEF3-2875-4FAE-A94F-41D2E612FDE8,,,,,,,ODN0002875177,z,right_only
773E3EEA-33C9-4258-B3FA-5EE965A9A455,,,,,,,ODN0004131647,z,right_only
49485117-2DB9-444B-A878-A4EC244FCC2F,,,,,,,ODN0003627647,z,right_only
1FA33270-5300-4FC8-A666-CBC8569CE4E3,,,,,,,ODN0002557571,z,right_only
293E6DEE-6A4B-427C-ACED-AA26F3A97DB7,,,,,,,ODN0002557622,z,right_only
0BDE9453-C6D0-4794-8915-79BDA0DE2910,,,,,,,ODN0003436929,z,right_only
6178FEB8-5D81-4EF7-857C-337DD97F7B2A,,,,,,,ODN0003627752,z,right_only
C5EB48DA-4542-4433-8C76-230C7C51E9B8,,,,,,,ODN0003254754,z,right_only
F43CEF8C-F996-4D44-906D-9CDEDF770372,,,,,,,ODN0002557820,z,right_only
D00C9E68-26DD-4105-AA91-33E611CCCCAD,,,,,,,ODN0004367779,z,right_only
9770E415-00CF-40AD-A55E-E80815C9B5B2,,,,,,,ODN0002695368,z,right_only
633DFFCE-36B6-4AC4-97BF-01BD8848AC33,,,,,,,ODN0002690245,z,right_only
672BA40F-4E62-4E18-960D-60D175A3C623,,,,,,,ODN0002691415,z,right_only
C1F7B04B-2A46-484B-A674-4DF39BF1CAF5,,,,,,,ODN0002693137,z,right_only
80E095D8-C551-4635-BE01-577A637EB1F2,,,,,,,ODN0002693353,z,right_only
AE838304-D820-454D-8718-C399DFBE49F4,,,,,,,ODN0002693427,z,right_only
C2BBEBF9-6827-4C37-A7E5-9F5D172537DF,,,,,,,ODN0002694086,z,right_only
23FCA832-67BF-4710-80B6-95F2CDDE4372,,,,,,,ODN0002694240,z,right_only
195D7E70-9E5C-48C4-BA47-C9FD487CEBC5,,,,,,,ODN0003763417,z,right_only
5A44CE96-96A4-442F-A2C3-673BAA8FE07D,,,,,,,ODN0002691359,z,right_only
576D3B37-CA31-4C68-9721-3BB9647B86A5,,,,,,,ODN0002694594,z,right_only
FEA897A0-D679-4A1D-875B-500D1C7FBD18,,,,,,,ODN0002694065,z,right_only
93D37BFB-8CB6-480E-AAC6-B62328DD58CC,,,,,,,ODN0004633985,z,right_only
204653FA-4003-42AB-91F2-BB78F69DFB72,,,,,,,ODN0004987045,z,right_only
4FEE67F4-9B84-4F50-B7F3-C28504354760,,,,,,,ODN0004633987,z,right_only
486A72E7-330B-4BEE-B965-13C5BEE679D8,,,,,,,ODN0005013893,z,right_only
F13144F0-176E-43EB-B5E4-85E39F2DCD2E,,,,,,,ODN0004183721,z,right_only
FDD9A9FB-4543-4D04-B8C9-B7AEA5F605C2,,,,,,,ODN0004223463,z,right_only
49C28C49-E7F2-4834-BE1C-FFC7C9E9BBC3,,,,,,,ODN0004633996,z,right_only
22E63234-AF77-4DA0-AA57-96C64D135875,,,,,,,ODN0004634000,z,right_only
2B6963A3-8CE1-4CED-A348-50BF2895731F,,,,,,,ODN0004634002,z,right_only
981DD4AC-50B6-48FC-86AC-FD46A92B8F7F,,,,,,,ODN0004675038,z,right_only
3D8A4864-B88A-4945-97EC-F7C1F91231B3,,,,,,,ODN0004634011,z,right_only
6F4E5B4D-BBA4-4F30-A121-A579D5CA3FE4,,,,,,,ODN0004634015,z,right_only
CD5C6826-87CD-408C-8B96-E42983C9FC46,,,,,,,ODN0004634017,z,right_only
8165EE91-F4BB-4F7E-AEC2-0B2B56002F0F,,,,,,,ODN0004634019,z,right_only
D86A3253-8709-47F3-8C66-B9283C04F630,,,,,,,ODN0004634021,z,right_only
2915C347-CC40-46FE-8980-2ABBF0584DA4,,,,,,,ODN0004634024,z,right_only
41D9BED3-769D-4F0B-A7EC-41C4822D4F8F,,,,,,,ODN0005526637,z,right_only
DE51CB19-BD0B-46DB-9FCB-261555EB2ECF,,,,,,,ODN0004634029,z,right_only
5B43A8E4-9CC4-40E5-B185-EE41BD04FB83,,,,,,,ODN0004634032,z,right_only
6B05267B-5061-4B64-9434-74FB4EA20B32,,,,,,,ODN0004634036,z,right_only
E1C5A896-A770-4F32-A321-9F16F9DDC043,,,,,,,ODN0004675058,z,right_only
1AC573EE-EE4F-42C8-A7B1-42D514FA9B45,,,,,,,ODN0004634041,z,right_only
749883FD-3030-415E-BB35-ABA3B33AB144,,,,,,,ODN0004634043,z,right_only
9A144E01-F3FC-462F-AEAD-EFA0F15AA8FC,,,,,,,ODN0004634047,z,right_only
6346E33A-8324-4D60-81AE-90270E641838,,,,,,,ODN0004634050,z,right_only
E2299B8D-394A-413D-9A76-C25619BD77AC,,,,,,,ODN0004634052,z,right_only
B06459D7-157C-4EAA-89E2-557B9EFDB756,,,,,,,ODN0004634054,z,right_only
E93DA71E-65C3-4157-9D0F-C50402CF8D72,,,,,,,ODN0004634056,z,right_only
0D884D11-09EA-4152-B4FF-8E2827EF90A8,,,,,,,ODN0005108858,z,right_only
7E82AF7D-438F-40CD-BD20-DE7B013FBEA3,,,,,,,ODN0004634058,z,right_only
22D8635B-87A5-4B23-B61C-13F948E8ABF8,,,,,,,ODN0004634062,z,right_only
9F91A879-D3C9-4FDA-A0D3-0A48890E47D5,,,,,,,ODN0005108859,z,right_only
A16D3CBE-E749-46EE-86FF-4AD3B8B0B739,,,,,,,ODN0004634064,z,right_only
0D40CC10-3907-40E7-AF7E-9E7667571946,,,,,,,ODN0004634066,z,right_only
FBD3ABEB-1569-4A47-8BE4-BDC25023F0F0,,,,,,,ODN0004634067,z,right_only
FC821B92-5C89-4B5C-9E22-20407DBA68DD,,,,,,,ODN0004634071,z,right_only
6EC687C1-E5F5-4EC6-A512-9C609B79C4B8,,,,,,,ODN0004734188,z,right_only
AB5154D2-D1B4-4196-BCD4-A25041CC04FD,,,,,,,ODN0005140002,z,right_only
F7E8B310-8F42-4B9F-8E53-7F1A0ADAD42B,,,,,,,ODN0004634073,z,right_only
021A06DB-E503-455E-8A97-C63FE46EBB15,,,,,,,ODN0004634075,z,right_only
092E1FE2-4A31-4A99-8D62-7966090E8B33,,,,,,,ODN0003954403,z,right_only
1165EA50-D03E-48E3-97BF-EDF3FB51436F,,,,,,,ODN0004634077,z,right_only
C207906E-F49E-45C5-8F15-4EF7EA5A231C,,,,,,,ODN0005108861,z,right_only
65208865-EF25-4FDC-A52E-595EF36AB8F2,,,,,,,ODN0004634080,z,right_only
281F118D-88B5-4A86-B0C6-A8734F70E68E,,,,,,,ODN0003954878,z,right_only
F486648F-AC45-4A6C-8DBD-40E0897A19B0,,,,,,,ODN0004829353,z,right_only
A3697D0F-D8CE-492F-9554-61DA2BA03CD8,,,,,,,ODN0004634086,z,right_only
144DE706-7DFF-4070-82E0-91CF7F9C6474,,,,,,,ODN0004634090,z,right_only
571E6E18-5673-45E2-A74F-05A966F8F9AA,,,,,,,ODN0004956687,z,right_only
68E72C07-0F0A-4AFC-B586-83804452038E,,,,,,,ODN0004634093,z,right_only
A3029B7F-19CE-4813-8CA4-E03DFBE59D90,,,,,,,ODN0004634096,z,right_only
0D74519B-E5FF-42C6-BF03-60989C742BD5,,,,,,,ODN0004634099,z,right_only
A2095FE0-BC70-46E7-A2B3-9DCBBF0FD665,,,,,,,ODN0004685305,z,right_only
3CF565B3-20B7-4CBC-BA01-2C0F0A23C574,,,,,,,ODN0005432418,z,right_only
F143C64A-D6D0-4723-BDAA-B816AD8BAD1F,,,,,,,ODN0005108878,z,right_only
4F2244B8-DC3E-4A1A-B989-F2DFB565529F,,,,,,,ODN0005108880,z,right_only
04D8AFA3-C073-41F7-9D0C-99BEA1965A79,,,,,,,ODN0004634108,z,right_only
22424ABB-7014-4FF5-8135-0E495C0069B7,,,,,,,ODN0004634111,z,right_only
B5606CF6-D414-4BBB-BA0E-FF064AB53C04,,,,,,,ODN0003974818,z,right_only
008C22EE-8493-40E5-A626-562B3F4A02FA,,,,,,,ODN0003954264,z,right_only
170A488A-AF85-4D8F-992E-3338EE10B869,,,,,,,ODN0004260965,z,right_only
E9E309E4-056C-4D91-B240-E19AD657ED24,,,,,,,ODN0003954873,z,right_only
E53E26BB-4126-4888-8B56-13DE935F27E9,,,,,,,ODN0004071836,z,right_only
1B92590B-8285-4EBF-AA78-1793809DA361,,,,,,,ODN0003955232,z,right_only
11AB8C34-D715-4C09-9C9F-7B479F68CEB9,,,,,,,ODN0002689522,z,right_only
6AFB9060-00AE-445E-A2E2-4D4B08A4D94B,,,,,,,ODN0003763404,z,right_only
93D900A2-106E-4340-B247-D48FAD2CE11D,,,,,,,ODN0005454133,z,right_only
22CE82B6-2C21-4FAA-9D15-018DBEE6CF6C,,,,,,,ODN0004744032,z,right_only
FFD51DE5-2F5E-4620-97F8-96B1355DF4DC,,,,,,,ODN0003064456,z,right_only
DADC80BA-079A-454F-B4AD-725F2486385C,,,,,,,ODN0005435482,z,right_only
1A597EFF-ED64-44E0-B9B4-AB6C5E85CF1D,,,,,,,ODN0005435326,z,right_only
7FE12433-6314-43DE-9D90-A76740A0CEA8,,,,,,,ODN0002189711,z,right_only
33CCC6A4-CAE5-4D0E-A921-4DFBF7FDE804,,,,,,,ODN0003572324,z,right_only
88AFE929-9970-47B6-94A8-2A8997A49DB1,,,,,,,ODN0004860239,z,right_only
5576EEA6-3875-4882-A51A-A6537F569DA7,,,,,,,ODN0000646788,z,right_only
0884CA34-219C-4C63-8B7F-3006D8553244,,,,,,,ODN0004919005,z,right_only
2F8B7AC5-E192-4498-B544-F613D124A7DF,,,,,,,ODN0001916384,z,right_only
FE90156C-56AA-424D-AE43-189C5D24F643,,,,,,,ODN0005299040,z,right_only
5EA1B0DF-C1E0-4AA1-AF4D-9B743239F71E,,,,,,,ODN0002619955,z,right_only
14B88A95-B30D-4A61-B81E-00B02F7F0E9E,,,,,,,ODN0004860343,z,right_only
411FEB10-741E-4DEE-BE96-797841898598,,,,,,,ODN0005300217,z,right_only
32A53A0B-DA4E-4C54-AEA2-7CCF5C550CF8,,,,,,,ODN0001928456,z,right_only
826EB18A-FD17-4DAD-8B84-667367E48A22,,,,,,,ODN0005298935,z,right_only
5C1F41A7-2C93-44E0-9AD8-66838E8B46B3,,,,,,,ODN0004860235,z,right_only
ADC5E549-D8EA-4CC9-8FC7-6EC0B9D48D6C,,,,,,,ODN0005333139,z,right_only
AD6DF06F-D874-4541-BF4D-78DA8C7BE1F0,,,,,,,ODN0005057544,z,right_only
DB6FC36F-4F26-4D49-86F2-86B3D56452F7,,,,,,,ODN0002115451,z,right_only
D01574BE-7E6D-4C2E-93D5-6DC2143D01FE,,,,,,,ODN0002019242,z,right_only
35153782-A3C3-4117-8E87-322579777950,,,,,,,ODN0002022187,z,right_only
3B0FB814-660E-4D8D-88BB-05FE943AA025,,,,,,,ODN0004539346,z,right_only
33B941CA-600D-40E4-A500-96C897FA3694,,,,,,,ODN0004708089,z,right_only
020E9351-C6AC-46CF-A30A-D91B7FD9D3FD,,,,,,,ODN0001728737,z,right_only
B5C40CAA-7F02-4B7B-9CE0-01512BB2AEAE,,,,,,,ODN0005287133,z,right_only
985197ED-5BD7-4BBD-909D-1E799C42F513,,,,,,,ODN0005068797,z,right_only
61F60EB0-6D40-40FD-8301-6957CECDB29E,,,,,,,ODN0005276197,z,right_only
E6121FE0-7938-472E-8E9C-15520EA5AC1A,,,,,,,ODN0005276198,z,right_only
0D242AB2-AAE9-48C7-8CF9-D9C2072F02F5,,,,,,,ODN0004755275,z,right_only
CAADCE88-E0C9-430A-A294-4F63CCEA14FC,,,,,,,ODN0005276271,z,right_only
33B6AE87-94EA-4B0A-B073-2B2114BFD66B,,,,,,,ODN0005068785,z,right_only
AFF3A9A1-ACE1-47A0-8633-ECCCA3C5DEC9,,,,,,,ODN0005276306,z,right_only
B9306448-18F4-426B-BA61-C0A5EC99A3DE,,,,,,,ODN0005217769,z,right_only
E44523A1-02EE-4ADF-92AD-58152A0E0AD8,,,,,,,ODN0005068843,z,right_only
9AE81B15-2B4B-4C77-8059-26DE31D7E942,,,,,,,ODN0004258111,z,right_only
40E6BDC9-5652-4C28-BE4A-71DBCC59DFCC,,,,,,,ODN0005098157,z,right_only
2A8F5A51-AA50-4735-86E3-B1B8BCC29ED0,,,,,,,ODN0004744208,z,right_only
331E7D75-3FD7-4028-8256-97576E51B498,,,,,,,ODN0000865625,z,right_only
B315A8EB-AB7F-42DB-8863-F5FD5F53FF6A,,,,,,,ODN0001777612,z,right_only
60CDFF4B-21CE-4CB4-A7BF-F255EDAC397B,,,,,,,ODN0000621772,z,right_only
F2109181-60EF-4747-98A7-71D0411386D5,,,,,,,ODN0002014399,z,right_only
6D7A37B5-8A1E-41A7-8F91-C9436F364AA8,,,,,,,ODN0001276281,z,right_only
A1AC5B44-B670-41B7-A9A1-B7320BD09F7D,,,,,,,ODN0005435057,z,right_only
F87FC674-E25B-47F0-AEE5-F28F1A16D3D5,,,,,,,ODN0005565673,z,right_only
C374C9EB-BDA4-4C84-B345-F3EF596EE253,,,,,,,ODN0001811184,z,right_only
65849367-8478-457A-A885-2D35A6CF01E2,,,,,,,ODN0001811544,z,right_only
BF507DEB-4D05-44F0-8CA4-61D673C931A6,,,,,,,ODN0005565836,z,right_only
106F1C6F-2B0F-4B2D-9011-7F9181FD7F11,,,,,,,ODN0005367453,z,right_only
E7233E56-F698-4D33-A040-EE34A4D3223D,,,,,,,ODN0005343602,z,right_only
D1118536-0F80-47A1-AD0E-33B5ADC26141,,,,,,,ODN0002115457,z,right_only
AFC64D57-1756-4398-BB7B-1B5FAB8ED2FB,,,,,,,ODN0002115528,z,right_only
EA4539A6-43DC-47F7-9DDC-1564212BFC0B,,,,,,,ODN0002115708,z,right_only
F7C1CBA8-EF0B-42B3-9F2B-B92A5FDDF80D,,,,,,,ODN0002116610,z,right_only
9543147C-B5A8-4528-8294-54EA79817756,,,,,,,ODN0004860256,z,right_only
DF5EA522-7BC3-4C0B-9E40-F4A6236AF477,,,,,,,ODN0003281425,z,right_only
3CBFE8D3-B05C-464C-A569-92E113710813,,,,,,,ODN0005034046,z,right_only
D9628383-AB81-4E38-A6AC-E26636E4ED31,,,,,,,ODN0004505608,z,right_only
793B6162-E323-44A6-ABBC-708DA2DF7844,,,,,,,ODN0004505875,z,right_only
32C9D989-AA8E-476F-AFF4-BF8299CDF8C1,,,,,,,ODN0005276283,z,right_only
DFAB7858-D6C2-4A54-A71B-F7B0A6EC16E0,,,,,,,ODN0005080226,z,right_only
E0353042-72F5-4ABF-AE76-C77BEC34BBD7,,,,,,,ODN0002629019,z,right_only
48185304-AFA0-4552-AABA-FE5B035ADBB2,,,,,,,ODN0002115715,z,right_only
B6ADEB6C-C27E-423D-A6C7-0D799258DF4E,,,,,,,ODN0004776590,z,right_only
2E494B69-C8A5-4A6B-BC48-6A6092306783,,,,,,,ODN0005493365,z,right_only
071C668C-2890-43AA-BCBD-8C729D2A5A80,,,,,,,ODN0004957695,z,right_only
6AFFEB8A-7F41-4EC4-84A0-590B28C53562,,,,,,,ODN0005023239,z,right_only
289A6706-5043-4509-81E2-662EB12CBD05,,,,,,,ODN0005454294,z,right_only
B7D3B558-CE60-4303-8C81-556D545C531B,,,,,,,ODN0005034027,z,right_only
3A07FE70-F21C-46CA-AE89-16D5EEACB6B6,,,,,,,ODN0004986258,z,right_only
32C353C3-2C4B-43D9-9A35-4427C7E771ED,,,,,,,ODN0004708134,z,right_only
463224E3-7CE1-4E0A-8E09-9E4FA3C765D4,,,,,,,ODN0003314177,z,right_only
0C4C5EED-360C-422E-B699-7EC65AF218E1,,,,,,,ODN0001269694,z,right_only
2D18CD1A-EBF3-4B25-B422-CF11D8AD4A3A,,,,,,,ODN0004682433,z,right_only
46AACF09-00EC-442F-A6B5-8162BF480144,,,,,,,ODN0000887886,z,right_only
B7C33D06-D5FC-4A86-8AB2-3DEB3B866188,,,,,,,ODN0000482103,z,right_only
2F9C52F4-78BE-42EA-AED7-D3308265B045,,,,,,,ODN0000482090,z,right_only
D7B14D01-8D4D-4845-A266-008A54C65855,,,,,,,ODN0005524431,z,right_only
BF750792-9DE8-4E16-AA88-58EEEE359A5B,,,,,,,ODN0005162320,z,right_only
9DA32EB7-B721-4BD2-B234-066D657C7863,,,,,,,ODN0001267135,z,right_only
903B80C1-E6C7-4DC2-BCD6-4144D4EC9B56,,,,,,,ODN0001423288,z,right_only
2E72B4FE-1719-438E-BC39-60ECD68D35DD,,,,,,,ODN0002028261,z,right_only
0379DE45-BFB5-4AB5-B99C-6A313DAAC761,,,,,,,ODN0001267524,z,right_only
C33B7C8D-2257-4CE9-A16F-3D13FFA84C97,,,,,,,ODN0001487705,z,right_only
B4B508D9-5D6D-4E88-AD56-E528691F72C8,,,,,,,ODN0000779119,z,right_only
0B4A96D9-8355-4DC3-AEE8-908C782665D8,,,,,,,ODN0004701602,z,right_only
8BD1B99E-EAD7-4A9A-86D4-CE7D48862A0C,,,,,,,ODN0002854933,z,right_only
493A6BD6-B4F3-4577-AF54-F39EF26B7647,,,,,,,ODN0004718563,z,right_only
5F381ED0-8572-4DD5-BB77-7B3CFBA54C47,,,,,,,ODN0001273567,z,right_only
DECD8BB7-C4FB-4218-9286-E7EC279DC7E9,,,,,,,ODN0005097521,z,right_only
4FF7488D-052D-4531-A418-A01AE53B9408,,,,,,,ODN0000989245,z,right_only
EFB5BC63-7A59-4629-BD31-1AD005EA2FAE,,,,,,,ODN0002570933,z,right_only
F2B7BEE4-E6B6-445A-B8CF-D39EC45BC8AC,,,,,,,ODN0000718763,z,right_only
9A9B5A43-36D9-4DBF-8A11-73B2E9B0953D,,,,,,,ODN0005162352,z,right_only
F0EF4857-F9C9-4922-AE1F-35402748DA6E,,,,,,,ODN0001582442,z,right_only
612CB38C-9F14-42DB-AF00-C03E08ECDA5B,,,,,,,ODN0000685820,z,right_only
B8F786D6-FE5F-43A4-A06F-14262CFA34F7,,,,,,,ODN0000860026,z,right_only
6E8CBFA1-E748-4F50-824C-03BA022EF0EC,,,,,,,ODN0002014728,z,right_only
8EF886DB-9C45-4075-89DA-90488D8672F1,,,,,,,ODN0005103872,z,right_only
D01B4E7A-9BA3-4C2F-BB0E-818FBEFE5004,,,,,,,ODN0001015066,z,right_only
B54185A8-FE9D-401A-8D9A-C86CAFCF25F3,,,,,,,ODN0001761128,z,right_only
328A7FBE-2731-4D1E-8C96-07C206B0151C,,,,,,,ODN0000887891,z,right_only
C6BA6CCB-329A-4E3C-AA5F-D0AA86A765BE,,,,,,,ODN0004707983,z,right_only
523B1101-31DD-4321-B037-039408E3F1B4,,,,,,,ODN0004718597,z,right_only
2EDDF6A7-9B07-4FA2-985C-87A248A66C86,,,,,,,ODN0000627902,z,right_only
652F9AE3-4E95-4AAA-B9C7-DA0D0115836A,,,,,,,ODN0001274423,z,right_only
4AF4FCF3-FAB8-4B99-9751-CA522805E56B,,,,,,,ODN0000716227,z,right_only
09BF6D04-A6DD-4F23-90C8-BA7C2DE39B71,,,,,,,ODN0001274462,z,right_only
0F828C40-1C79-4554-AC80-02A8E1B281DB,,,,,,,ODN0001015086,z,right_only
964B4883-AC83-49DB-8BB2-71795A90E14D,,,,,,,ODN0000860102,z,right_only
930C7784-63AF-44A1-B595-D2DCB7CC46BD,,,,,,,ODN0001272678,z,right_only
123FBBC2-D191-42AE-9493-6775F7570A89,,,,,,,ODN0001955201,z,right_only
CF30764D-BCEA-4B88-9AA4-72F051B7CB5A,,,,,,,ODN0001977466,z,right_only
EA26B83E-3CD2-4685-A1E5-5555692F37B6,,,,,,,ODN0001274610,z,right_only
533CBFAE-8360-4759-993F-A07293474F1F,,,,,,,ODN0000800932,z,right_only
791FE616-CD70-4057-A2FC-A5645A4CA6C7,,,,,,,ODN0004718683,z,right_only
FDCE076C-D5CE-48BC-B6D6-26C5BCA0CA95,,,,,,,ODN0005080435,z,right_only
B79B1761-4463-4CB6-B08B-2885BAEA4C84,,,,,,,ODN0005254992,z,right_only
49697EFB-CBF4-4123-A4FD-C631ECFC916C,,,,,,,ODN0005300382,z,right_only
B5C6A927-C0DD-4CA2-A2FA-57388A086965,,,,,,,ODN0004899809,z,right_only
2E4F111B-DAAC-4A1E-9C47-BC51F97BC3F4,,,,,,,ODN0005097004,z,right_only
D7F25B33-4B86-4951-8B33-BF792A16BA99,,,,,,,ODN0000354431,z,right_only
7B702C60-ADD0-4DA4-846E-5DBB74E32021,,,,,,,ODN0005245250,z,right_only
371315C7-777D-41FA-8282-E3A38A4CC1D8,,,,,,,ODN0000718727,z,right_only
22DD2B64-3647-48C0-9D4C-EE2B6C9527FD,,,,,,,ODN0003374079,z,right_only
F0BD8CBF-7B18-451D-B4C1-B850B72B0A79,,,,,,,ODN0004505854,z,right_only
C81D8C23-999A-42C6-BE5B-57DFAAF5D1E1,,,,,,,ODN0000468473,z,right_only
DF767828-FC0E-4ED9-955D-C6F610DA2D43,,,,,,,ODN0004744176,z,right_only
01B132DC-DD5D-4503-8D43-76DF6798FF71,,,,,,,ODN0001271447,z,right_only
64BCDAC7-F3E6-4695-9690-6ECBB4663E3B,,,,,,,ODN0002842078,z,right_only
0980F321-9522-4A2C-9164-0363E5EB392B,,,,,,,ODN0002855745,z,right_only
A861213C-1154-4FE8-B8F8-90C7F185BF87,,,,,,,ODN0001816892,z,right_only
D508D17E-BFD5-4E5E-A1DA-63C32B05A88B,,,,,,,ODN0001927674,z,right_only
5471F474-793C-463A-A2AB-0298D708138C,,,,,,,ODN0004552724,z,right_only
A8D8F365-D082-4C2E-B901-DFB40A2CADC6,,,,,,,ODN0003057928,z,right_only
0A500E76-D767-4E84-9B7E-6A87A921F84A,,,,,,,ODN0002192406,z,right_only
286BC543-EEDB-453A-A77C-645C2C00E4E5,,,,,,,ODN0005189867,z,right_only
F8A5B621-9FE8-4F17-AD85-A9BA74313078,,,,,,,ODN0002120245,z,right_only
C34B87C3-E447-47EE-BEE2-8BC616B59FC0,,,,,,,ODN0005190557,z,right_only
2358FDA9-2A01-4BA8-9AF1-A827E16996D0,,,,,,,ODN0005739971,z,right_only
C88F28AC-4303-4AF3-9660-2F0C193A5719,,,,,,,ODN0002116311,z,right_only
9F411165-BF7B-48E6-BAF0-4CED5A1C0F85,,,,,,,ODN0001072276,z,right_only
8A18429A-4213-4A44-A98B-E3B851CEBAD3,,,,,,,ODN0002013148,z,right_only
78B1221C-852E-4499-8DD1-19854981A494,,,,,,,ODN0002019261,z,right_only
509F726F-439D-4A12-BF9A-F7F8C23D537E,,,,,,,ODN0004524893,z,right_only
6085308D-D897-4A62-ADF0-739CA3725EB0,,,,,,,ODN0005467495,z,right_only
0BA86716-4FBA-4635-B5C3-F653CFB1F7C5,,,,,,,ODN0002632405,z,right_only
2C976B26-16FC-4F8B-A76A-002480C5FEC2,,,,,,,ODN0000471655,z,right_only
B5FBB3EE-57CA-41DE-B7B0-BC4A20D440E3,,,,,,,ODN0003748804,z,right_only
28764D5A-E6FF-474C-B0E7-ECC7EB4AB4C6,,,,,,,ODN0001977151,z,right_only
F361A375-0BAE-41A4-B789-13C03EAEE161,,,,,,,ODN0001977474,z,right_only
135F3E04-B500-498B-8F3A-68A476097199,,,,,,,ODN0002158022,z,right_only
B50FF653-3EEB-4F73-9B3C-6A0EA7FA1F31,,,,,,,ODN0001977484,z,right_only
E43E8176-B6D8-4D48-9221-DD8184060CA6,,,,,,,ODN0001977293,z,right_only
7B30B929-FA5C-42CC-87E3-FF327042C877,,,,,,,ODN0002188925,z,right_only
9F8BF3EB-AA2E-4F6C-86C5-07238B6368F9,,,,,,,ODN0001977359,z,right_only
E1F3AD8C-D419-492B-B5AC-BFF86207A2FC,,,,,,,ODN0002159366,z,right_only
819D3E85-AED6-4FE7-917E-B3D4CCA7F5B4,,,,,,,ODN0001977530,z,right_only
A501A4DC-F011-43B9-8B2C-60D5CE325A5C,,,,,,,ODN0001977531,z,right_only
9B3C0004-F7DF-4D30-A0F4-9C304514C6B6,,,,,,,ODN0001977462,z,right_only
B0C0AFE2-7134-49B2-8BEF-196E0EAFFF5D,,,,,,,ODN0001982201,z,right_only
9199951F-2B37-454B-8975-04CBE6D0666E,,,,,,,ODN0001008905,z,right_only
55895104-8273-4138-B8F6-2B71FF3CF369,,,,,,,ODN0001201388,z,right_only
031C203A-D501-4F76-AA20-D621B3EDA4D1,,,,,,,ODN0004744338,z,right_only
E5D27CC6-5E24-41DA-826C-787364312809,,,,,,,ODN0000966134,z,right_only
07E2B34F-A82A-4171-8225-75D1014255BA,,,,,,,ODN0003042401,z,right_only
C413CF92-6EE2-4F8F-9A66-A743452EEE35,,,,,,,ODN0005420290,z,right_only
DB803439-231E-44C0-B214-99C40E9FA0EA,,,,,,,ODN0000990262,z,right_only
FD76EADF-1FDC-4BB5-9339-8FF66CB66C67,,,,,,,ODN0004874675,z,right_only
DBEB1AC1-B802-4E5B-9A86-30B5FC1B4CDD,,,,,,,ODN0005234019,z,right_only
B2B883CE-86D2-4C04-A1E0-63F18D213A5E,,,,,,,ODN0005234269,z,right_only
353796AB-B35A-44F9-AB45-263012F810FB,,,,,,,ODN0002996737,z,right_only
53584C24-2849-47D8-B61E-34EC1305EE46,,,,,,,ODN0001330679,z,right_only
457E43EE-5EC2-4BB5-AFD7-277B2608FE99,,,,,,,ODN0001270009,z,right_only
4271BCB8-530C-458C-9980-F2F047FDFAF9,,,,,,,ODN0001994736,z,right_only
BF41B7A2-2C21-4FB8-81B3-029D7E37E099,,,,,,,ODN0005300472,z,right_only
339ED6CF-BA7F-4504-96B6-0BE34EECD8AE,,,,,,,ODN0003114479,z,right_only
99BA8C9B-F44D-4B48-8DB1-D114902BC780,,,,,,,ODN0002155948,z,right_only
0E98BE99-9509-4050-857D-201BA7627402,,,,,,,ODN0005116321,z,right_only
591FAA88-0691-470E-9500-02B04871E9BD,,,,,,,ODN0002876112,z,right_only
F69CB5B0-855F-482E-915F-CE73E80025B4,,,,,,,ODN0000391532,z,right_only
5FB1EB2E-9BCF-4766-A531-8542793DBBD1,,,,,,,ODN0002306179,z,right_only
5C6BC888-5EBF-481B-B148-3F2DB6707FBF,,,,,,,ODN0005233633,z,right_only
E12E1259-CFDC-40CF-A9E1-680DA5085E55,,,,,,,ODN0003281614,z,right_only
DD86F00C-247E-4B42-A51D-CFB7216FCE99,,,,,,,ODN0003136656,z,right_only
9583B3C2-CEE4-43A8-BDFC-0F08A9B3AC8A,,,,,,,ODN0002127970,z,right_only
8538A923-E2FC-4167-966B-14E40FDA9923,,,,,,,ODN0001746011,z,right_only
AF9D2E8F-E437-4EC2-A8A3-BEC38FE124A4,,,,,,,ODN0005245157,z,right_only
641A85D9-F0BE-4E58-984B-DF618A414B79,,,,,,,ODN0005217707,z,right_only
E5ABF587-3A3E-4185-8C20-D51F9BC6D217,,,,,,,ODN0005168424,z,right_only
33C2732C-5634-4159-A8BD-78B40F253F61,,,,,,,ODN0005255020,z,right_only
7022C068-411D-4606-BC43-77ACBF0BBAAA,,,,,,,ODN0000352782,z,right_only
75322DA6-7152-43C5-BD67-F2FC8CD0F49E,,,,,,,ODN0004682391,z,right_only
2EBFDB7F-75E3-41B9-8F07-355CAE6509E8,,,,,,,ODN0004682392,z,right_only
45220115-919D-41B1-803E-42CCC7295246,,,,,,,ODN0004682393,z,right_only
63DF3856-3083-4FE8-9094-1608EAF28B02,,,,,,,ODN0001554011,z,right_only
9E6945DC-8CBB-4DAC-9743-D8AC92954C43,,,,,,,ODN0005332887,z,right_only
E1985B79-921C-4058-B708-4CCE1FBAD5EF,,,,,,,ODN0005412644,z,right_only
09D769B5-F001-49B7-8E5E-5223A1FC2064,,,,,,,ODN0001898689,z,right_only
5EE21D5F-8B16-48E9-9677-8A1B3E1CE77C,,,,,,,ODN0000861023,z,right_only
02FE8CF9-DEB6-4771-9C08-670008C28741,,,,,,,ODN0000934530,z,right_only
5CF69E7C-A4F0-492B-9000-34F580C8326C,,,,,,,ODN0002686674,z,right_only
7C84815E-74D1-450B-B602-5DA513FBCC70,,,,,,,ODN0000528797,z,right_only
FB2F179A-11B8-4D1C-A2CB-539B6D8F385D,,,,,,,ODN0005245165,z,right_only
218C43FC-A1EC-41A9-8307-13C121FB0273,,,,,,,ODN0005287287,z,right_only
8B8BC1D7-2F18-4A59-B981-C379E8784CB7,,,,,,,ODN0005068807,z,right_only
0EE4B48C-3336-40A5-9BB9-AEEC6A43EBDB,,,,,,,ODN0004874690,z,right_only
38BB8CE1-5F8E-4267-A6F8-FA7D3A496FA5,,,,,,,ODN0005245221,z,right_only
B66C55C6-18BB-4206-8D10-2F4E9ED67678,,,,,,,ODN0005140439,z,right_only
97FCFC89-EF39-46FC-8A2A-A4E592739C2C,,,,,,,ODN0005233537,z,right_only
FA04785F-AB45-4B8A-8EF7-D3EA084079D5,,,,,,,ODN0005233538,z,right_only
AEED4970-6D71-4555-8750-D087142EF9F1,,,,,,,ODN0005006846,z,right_only
FC680692-5284-4E7B-8341-A29BE9E8FBDD,,,,,,,ODN0005245281,z,right_only
3FAE1464-3C00-4AB2-9429-78A3A3DA7394,,,,,,,ODN0000535334,z,right_only
C39132A3-FEBB-431E-B6D9-8EFDABF79F72,,,,,,,ODN0001275914,z,right_only
532BAC06-D890-49A2-9247-CC36DC995CA0,,,,,,,ODN0000900308,z,right_only
BE489BF0-825E-4A93-8D12-89BD8032AE33,,,,,,,ODN0005298982,z,right_only
5F93C691-E18D-4AED-993E-DDBE7EFDF15C,,,,,,,ODN0005300313,z,right_only
49BB9ECF-3885-4BF8-9035-7A2602AAD0A5,,,,,,,ODN0005217775,z,right_only
3D8F577C-BF68-4374-A330-C808098A8738,,,,,,,ODN0005298925,z,right_only
D8048A55-01DD-46A3-B9F2-E62C70E5B39A,,,,,,,ODN0005300461,z,right_only
846876F5-9EF6-44FD-9D19-1BC55E4593BC,,,,,,,ODN0000084985,z,right_only
5C542AFD-17A4-4DAD-BA32-78AC73050F27,,,,,,,ODN0000084712,z,right_only
1E7FFF18-6699-44B6-8403-97CB1DD42FED,,,,,,,ODN0002027865,z,right_only
3B007637-ED95-480B-A5A3-272304AAAA9C,,,,,,,ODN0001977393,z,right_only
C5DE1D4C-6484-43DB-950D-9DDCCBA959F7,,,,,,,ODN0005298946,z,right_only
3F7649C0-7DC5-4BA1-A8F7-9CE99D6AE236,,,,,,,ODN0005189719,z,right_only
5952BBAF-F463-4442-9712-D2C4B95D1FA7,,,,,,,ODN0002115608,z,right_only
04F38FD1-711C-4600-8D2B-27FDCD8DD6C0,,,,,,,ODN0005190124,z,right_only
5D242E5E-DE39-4F1F-947C-C298718031B8,,,,,,,ODN0005190293,z,right_only
182943B5-B14A-4A97-9D9B-6187C65549AD,,,,,,,ODN0005190295,z,right_only
30BB705C-D2DA-4E68-B2A1-AA645E884811,,,,,,,ODN0002116614,z,right_only
D64A52B2-E26F-48BC-9BAB-001CDDB41666,,,,,,,ODN0005190953,z,right_only
BD432B6D-A0D1-432A-961F-F47147A1F235,,,,,,,ODN0002217100,z,right_only
2842774E-B8B3-4DFD-8312-4B2A5F912A7C,,,,,,,ODN0002019234,z,right_only
BBEC526A-DA38-4CD5-949E-73B6D99342AA,,,,,,,ODN0005189626,z,right_only
53BBAAFF-DEFF-4818-9F0C-73E098E91C81,,,,,,,ODN0001994718,z,right_only
1B145E7D-7E87-4509-929C-9F4D52C8A015,,,,,,,ODN0001140534,z,right_only
75DC13C9-97FB-4F50-B7C7-D490305B5E8C,,,,,,,ODN0005190495,z,right_only
7F3BDF71-38C8-4AA0-9D4F-81EC1F437C87,,,,,,,ODN0005190498,z,right_only
CA0D740D-DF8B-4E87-88DB-85308174A629,,,,,,,ODN0002019237,z,right_only
AB2B14C6-B4A9-4FC1-A600-5A57E941D1D8,,,,,,,ODN0002115497,z,right_only
ED956ECA-B012-46D2-80C7-2BC9AA840F9F,,,,,,,ODN0002019238,z,right_only
35DC27F9-33C5-45CE-AE84-01E8BBFABEED,,,,,,,ODN0005800959,z,right_only
7D6C5F27-5FC0-450B-9605-E0D114108152,,,,,,,ODN0005189472,z,right_only
09F0120D-1088-4C42-AC46-CEE6DB8BDEB0,,,,,,,ODN0005189746,z,right_only
EEF81243-F7F8-4DEE-A9DA-41673E9789D0,,,,,,,ODN0002115507,z,right_only
19E4F55B-AECD-409B-B032-B5A921249079,,,,,,,ODN0001994723,z,right_only
F85A1BA2-5FF2-422A-82BC-8AD2FE3F249B,,,,,,,ODN0005333063,z,right_only
496F3D88-B1FF-4F4C-8C74-2FAB66D8105A,,,,,,,ODN0005189837,z,right_only
647778F9-D993-4F55-9DDA-CFE5D709FC83,,,,,,,ODN0002115595,z,right_only
B0E907B6-D0EE-4D73-AB01-BD2D960C71FC,,,,,,,ODN0001994724,z,right_only
9466614C-4DA6-4175-8EF4-A9DF9541F44F,,,,,,,ODN0002217128,z,right_only
4972D141-668E-4696-BFCC-D7C51C9BE382,,,,,,,ODN0005190015,z,right_only
1DC0D56D-E4F3-429D-9579-1DFE152009F4,,,,,,,ODN0001994730,z,right_only
0423B508-FD04-4D21-8F78-97B6E7459986,,,,,,,ODN0002066834,z,right_only
63C593D5-499D-46B5-B264-6C7BED6C2FC2,,,,,,,ODN0005080198,z,right_only
9146D4B4-4E82-46AB-88E5-D87DACE68E5E,,,,,,,ODN0005332889,z,right_only
20C69D48-B600-4917-861D-3CA5741DC71B,,,,,,,ODN0002115911,z,right_only
265A2BF3-81B6-4D06-A0F4-710D17C36209,,,,,,,ODN0000528913,z,right_only
BBE5EDA0-ABD1-4CCA-A61E-32A4A527493A,,,,,,,ODN0005190287,z,right_only
5F65CF2F-AA7D-4D16-B6AB-80C8A92023EE,,,,,,,ODN0005771298,z,right_only
3FE60004-DD09-4F5E-B944-65610FC502CB,,,,,,,ODN0005080212,z,right_only
551C8FE3-F9A8-449C-81A7-93D543BC550D,,,,,,,ODN0005333384,z,right_only
E409ABC1-B2DE-4F79-AA74-ED343E6C9A77,,,,,,,ODN0005189504,z,right_only
B9973EE5-C0A1-4168-86F7-01470A3289A1,,,,,,,ODN0005322975,z,right_only
FCC751BC-5126-495D-AC4C-570BAB918B18,,,,,,,ODN0002019256,z,right_only
32549929-2F91-4CF2-8657-5A68CCC61288,,,,,,,ODN0005080235,z,right_only
CCC50B00-20CA-42FF-9BC8-5E4F8E1A8724,,,,,,,ODN0001994715,z,right_only
B16E0668-2378-453C-8D97-822136540169,,,,,,,ODN0001994743,z,right_only
ABC0A921-E6A5-4181-8DCD-A4073DC7551C,,,,,,,ODN0001994756,z,right_only
CAA7CE92-1154-4E17-B63B-8BBC99787B1C,,,,,,,ODN0000579010,z,right_only
DD410D68-F5F4-4F0E-B360-4EFD55EDF6CB,,,,,,,ODN0002120689,z,right_only
DA2692D3-D6EE-4303-A788-7938D828E157,,,,,,,ODN0005190878,z,right_only
5E3A5BAE-ECF9-48FA-92A0-BAE2D5E0461D,,,,,,,ODN0000579015,z,right_only
6DFCA589-97E3-4FB0-BE8F-A5913AE2E364,,,,,,,ODN0002019236,z,right_only
D9D76140-2D6F-4E9D-A2C2-EE08B9A67920,,,,,,,ODN0001994738,z,right_only
125B0DBB-878A-47FA-9EA4-1EC1816C9496,,,,,,,ODN0003281535,z,right_only
FA499E25-838F-465B-B206-C94F710FB3FB,,,,,,,ODN0005287248,z,right_only
4B6C6CE6-4199-4922-8FC4-217961E41EF5,,,,,,,ODN0002334923,z,right_only
F42F3AB4-7F43-473F-8133-FF3BC00F0C26,,,,,,,ODN0005299131,z,right_only
D9DA1AD4-7CE5-4587-BF82-5BC88504A3AE,,,,,,,ODN0005044491,z,right_only
C488A4C8-6641-429E-A452-7B330C0E181A,,,,,,,ODN0004887467,z,right_only
564A19CF-6399-4DD9-877C-57B4C511B496,,,,,,,ODN0001539435,z,right_only
295F8A64-B5DC-4242-BF31-A50FAC515FC8,,,,,,,ODN0004985020,z,right_only
00F98B69-26F6-4612-AEFB-FF6A0DDBB0E6,,,,,,,ODN0004817039,z,right_only
64C6DB54-313E-4D1C-90C7-6D93EF69BDDA,,,,,,,ODN0005057553,z,right_only
401C2ACE-12B1-4834-9BA1-B748D50B5025,,,,,,,ODN0004957767,z,right_only
DEE49408-21F8-42C8-BB7E-1B19F255174C,,,,,,,ODN0004887694,z,right_only
2936A155-79D4-4CB8-8B00-C991D13EFAFB,,,,,,,ODN0005057585,z,right_only
6A90E4EA-6FB6-4623-9617-131A0C4E0976,,,,,,,ODN0005057598,z,right_only
B6FFB06C-84FC-433B-9F86-CE0F02C3D920,,,,,,,ODN0004851513,z,right_only
37EA3597-306B-474E-A0CA-0DC1F7E7BE41,,,,,,,ODN0001988245,z,right_only
5C5C5886-005C-4B97-87FD-09A0B5C3885C,,,,,,,ODN0002121242,z,right_only
D77DFABE-427E-4641-95D8-9CF95222C7DB,,,,,,,ODN0002121244,z,right_only
1A064DA6-2075-4EB8-AF2B-8CD94C1FF793,,,,,,,ODN0002115468,z,right_only
13A42562-E8C8-486B-90F8-FFF4068A6D9C,,,,,,,ODN0002121249,z,right_only
7C6C5A42-BDF6-4D14-B995-92563E92B0E1,,,,,,,ODN0004835188,z,right_only
134B43E2-51A6-42BB-B8CE-52995504C818,,,,,,,ODN0005190025,z,right_only
A4DB5CF6-578B-43FA-9B84-C4D113C40DD5,,,,,,,ODN0002115706,z,right_only
64A153CA-D5F1-4B58-B75E-D401F6F5FD76,,,,,,,ODN0002278160,z,right_only
2ED8A7E0-87A1-4CEE-8E5B-61813725302D,,,,,,,ODN0001584033,z,right_only
4DD3DB5C-CEC0-4678-B8A5-013DF50009A4,,,,,,,ODN0003280736,z,right_only
3029675D-448E-4F85-BECA-7F0531B9EA36,,,,,,,ODN0004887517,z,right_only
0CF2A418-4D6D-4383-951C-332587AF3538,,,,,,,ODN0002903070,z,right_only
AD229139-F122-4C93-8E86-B4E18C3F1E00,,,,,,,ODN0003280673,z,right_only
9EE045F5-1432-4F20-B605-3473713A9E10,,,,,,,ODN0005233504,z,right_only
F40D3237-5FD9-4653-911E-F50BF55EC298,,,,,,,ODN0005454155,z,right_only
9956387E-9A5F-4B6A-85E6-19F5D6F5B704,,,,,,,ODN0005467250,z,right_only
1305D2BE-F56F-45E7-85F7-F5FD25BA5B96,,,,,,,ODN0005314117,z,right_only
CA3D9382-A2F2-49AC-A6EE-67CD33A0F27C,,,,,,,ODN0005276216,z,right_only
86B11992-F83A-4092-AB04-3D8886E82B55,,,,,,,ODN0005393211,z,right_only
AA59505A-8C9D-483E-8F9B-3D6EEF16B224,,,,,,,ODN0005412554,z,right_only
79214239-182E-441E-997E-AAB4DE71A55B,,,,,,,ODN0005276316,z,right_only
C71A539D-11E3-47A7-AA10-DDE08C33C726,,,,,,,ODN0001927679,z,right_only
3BBA4E5D-2375-4B69-8B05-A0A10639A4DE,,,,,,,ODN0000718842,z,right_only
C7013E9B-7E50-4E03-9B7A-6B65552A3213,,,,,,,ODN0000718848,z,right_only
B382B9B6-BBFF-48E3-9A1B-F7A8C00FA907,,,,,,,ODN0003147726,z,right_only
6984D02B-A2C0-46EF-A47C-293BA11ED7CF,,,,,,,ODN0005217755,z,right_only
7C36B802-4ABF-44FF-B639-64755B3A2ECB,,,,,,,ODN0005217717,z,right_only
B1A5067B-5C23-4A40-A047-E4B577A024E4,,,,,,,ODN0005217724,z,right_only
50D2E801-1B5C-424A-9634-20A93C9D8342,,,,,,,ODN0005097670,z,right_only
01039C0D-C2D7-4342-938C-E05187097376,,,,,,,ODN0005565848,z,right_only
8942BCF8-1AE8-412D-8F4A-CBADDF92D308,,,,,,,ODN0005140052,z,right_only
CFE6337C-0A3C-4F00-89DD-F0C1B53FE1C8,,,,,,,ODN0005140054,z,right_only
3E98443E-2E99-424F-A591-32893AE50A4C,,,,,,,ODN0005140421,z,right_only
053A87CA-43C6-473E-A96A-2A055351EFD2,,,,,,,ODN0005140187,z,right_only
1BB80ED4-887D-4CD4-820A-837C5E00B134,,,,,,,ODN0005140332,z,right_only
A16CC73E-0DEC-409E-92B4-09896D8B4B95,,,,,,,ODN0005140334,z,right_only
575790C3-534A-4AC9-BF04-36B5175986B3,,,,,,,ODN0000869445,z,right_only
DA4A8BAC-EA70-4919-B263-7851F083E563,,,,,,,ODN0005189620,z,right_only
2253EEC1-EE03-4C74-B9CF-6727C33C4D19,,,,,,,ODN0001452157,z,right_only
D1CD9EC4-696F-4432-808F-95B00F90BB98,,,,,,,ODN0005190705,z,right_only
4D8B615A-6BEF-42B6-8C62-70F1709F232F,,,,,,,ODN0001927520,z,right_only
FAC92098-BC54-4BAD-B65F-8BC9CBE541BF,,,,,,,ODN0000887947,z,right_only
D5BA12F4-8C1D-4D85-BC4A-82C2E9102DC3,,,,,,,ODN0002021081,z,right_only
F127DD8C-8D7E-4653-B266-1A8B3425031E,,,,,,,ODN0005162332,z,right_only
DE08DF8C-1456-40CF-BFA6-C47DBCCC63E8,,,,,,,ODN0001982032,z,right_only
6E9CC870-E1A4-4775-9E43-E437718A7981,,,,,,,ODN0001988037,z,right_only
14C87285-C9AA-4C8F-869E-47EA0B3BB95C,,,,,,,ODN0001987515,z,right_only
18EEC8A3-853D-499F-8449-771825AD3EA8,,,,,,,ODN0005116308,z,right_only
7D8C1E74-2E7F-436B-A085-F451A3700B92,,,,,,,ODN0005162392,z,right_only
7733A5E3-4BD1-4C77-A639-90CFA2D558F6,,,,,,,ODN0001987582,z,right_only
F1B43F88-EBC8-431C-AEE1-D35044A908AF,,,,,,,ODN0005116144,z,right_only
3D424EA5-93AA-49AA-A7EE-7606A78D8C5F,,,,,,,ODN0001988052,z,right_only
5C622331-1794-45E7-8C6C-B6664D1418EF,,,,,,,ODN0001987874,z,right_only
E6C41161-B4BF-4F49-ABE7-E72E4B5B9291,,,,,,,ODN0001988236,z,right_only
9FD151C5-048D-4C97-9E8C-27C386BCF561,,,,,,,ODN0004957771,z,right_only
169A6F42-5768-46F0-9F8D-118F8ACA00C5,,,,,,,ODN0004489788,z,right_only
2E0DCCFE-49E4-4C65-A208-FAC3E292B2C2,,,,,,,ODN0003147546,z,right_only
6490EED0-EA31-438A-B643-404164C93447,,,,,,,ODN0001928529,z,right_only
F2EC8B5A-AA4F-4B03-B0BF-7AFA69CE55CD,,,,,,,ODN0001576069,z,right_only
13257F12-0608-4304-876D-04E13EF251F8,,,,,,,ODN0004560612,z,right_only
304991D4-1EE4-4528-B3E3-AD98D8427EC3,,,,,,,ODN0002120015,z,right_only
CC6AF89D-9164-4E7F-99B0-19937B32D2DD,,,,,,,ODN0000586722,z,right_only
8DF7724F-DBCD-4017-A714-E8F5FB2D3C8A,,,,,,,ODN0002115561,z,right_only
9F284E1F-B248-4EC9-BC93-EDCF0D2F1885,,,,,,,ODN0002115611,z,right_only
4B14FCCC-B53A-4768-9D59-7F5C17687124,,,,,,,ODN0002019231,z,right_only
A55C4E92-8CA4-4966-9416-B8E7A584202B,,,,,,,ODN0000578986,z,right_only
59185DFE-EE54-4FD7-9E47-A60300179684,,,,,,,ODN0002115691,z,right_only
D7CF01E0-04EC-4526-AC7E-05E980B25DB5,,,,,,,ODN0000578992,z,right_only
8606F2E3-ABFE-488D-91EF-64AAB047152F,,,,,,,ODN0000588457,z,right_only
FA46BF56-209C-45BF-91CB-DF81D597257B,,,,,,,ODN0002019248,z,right_only
8F2E9103-0B68-42D1-AB0C-C7500E061525,,,,,,,ODN0002205680,z,right_only
FAC36783-9574-4B18-AC22-2E80394F4624,,,,,,,ODN0000592634,z,right_only
DA486B36-0FD9-42C1-BD80-92AA64B29CE5,,,,,,,ODN0000608906,z,right_only
F0B53A6D-214F-4C58-90ED-9AFE9C019449,,,,,,,ODN0000579012,z,right_only
5F30EF37-9599-4ECA-84F7-271941C5E527,,,,,,,ODN0004701620,z,right_only
FD70E036-A9EC-4961-A020-BB9A2CF5EF5A,,,,,,,ODN0002155843,z,right_only
7BB7C1E7-71A8-4BB3-B8DF-5D16B6E30E50,,,,,,,ODN0000715901,z,right_only
36ED83DC-D6CB-4CA1-B2E8-2AD406F06324,,,,,,,ODN0001387624,z,right_only
0D41BBC6-216D-419B-AEB3-73438F9D9310,,,,,,,ODN0002915126,z,right_only
CD665F12-DA32-47FA-BD02-B200014617E5,,,,,,,ODN0005367670,z,right_only
25415BDF-2385-4264-8131-3D99F33BEEE7,,,,,,,ODN0002625690,z,right_only
64C7D4FE-4E0A-410D-87D4-CBA8BE91D9F2,,,,,,,ODN0005022979,z,right_only
DD393A8C-46FC-48B3-9F74-58197E758322,,,,,,,ODN0002434944,z,right_only
72FCD9D0-F830-4A3E-8BD0-D458D04D520B,,,,,,,ODN0005468399,z,right_only
F19C4B5E-1FE5-4A08-8853-EF8A296D563A,,,,,,,ODN0005023281,z,right_only
9F7FF1B0-135A-4D4E-94DC-CA617F5EEA0F,,,,,,,ODN0002399465,z,right_only
A0963D58-7957-43AA-AD32-C68F0C67426C,,,,,,,ODN0001286466,z,right_only
423CB1A7-421F-462C-B075-15B14F123325,,,,,,,ODN0004874717,z,right_only
0C96F71A-2C5A-419C-925A-23707E471381,,,,,,,ODN0003658085,z,right_only
1BEE93AA-973D-4A44-A0AE-5ED6CED8794F,,,,,,,ODN0004529166,z,right_only
05DFDA6A-58E8-46D4-A42E-E7B7F14D51A3,,,,,,,ODN0001907314,z,right_only
32D68110-6782-4302-8713-3BB62FDD7541,,,,,,,ODN0001907193,z,right_only
B44B7244-A749-4AFF-A7CC-04E9792A9BEA,,,,,,,ODN0001907203,z,right_only
63AD5879-E792-4011-A581-110C90F19E6F,,,,,,,ODN0001907395,z,right_only
21B03FE6-8694-4A1F-9F95-4097D4FE39DB,,,,,,,ODN0001273320,z,right_only
7E4E3B34-2B54-48C8-8CC7-BBE33ECA6C26,,,,,,,ODN0005245183,z,right_only
EA02EEE9-8573-4ED8-944F-F81F2A92F27D,,,,,,,ODN0001966551,z,right_only
8FD239C1-08D8-4678-B5BF-FEC8767DBA7D,,,,,,,ODN0005162315,z,right_only
8F6AAD9A-4FA1-4F2F-B99C-9A65D8B284E0,,,,,,,ODN0004874534,z,right_only
F31CB127-B223-4CF3-8D51-ADD9FFCDE58C,,,,,,,ODN0003507692,z,right_only
CDED4683-8847-483B-AA73-01C75EEDA2D4,,,,,,,ODN0005209177,z,right_only
E76BDD7D-D1CC-4567-A7ED-09140FAFE8ED,,,,,,,ODN0004860718,z,right_only
9FAEFABE-23AE-44CE-B4DA-2F9FCDEC6119,,,,,,,ODN0005209189,z,right_only
8F09BBE6-8552-4A67-9781-DE10F8C9E40D,,,,,,,ODN0005209193,z,right_only
BF73E64F-6BB2-4D63-8C8B-3E7B1E918E07,,,,,,,ODN0001268805,z,right_only
086811D7-3B53-498A-888A-B4BBF6726BBE,,,,,,,ODN0005140047,z,right_only
828242CD-186C-4274-8ACF-8CE1F5297B78,,,,,,,ODN0002014634,z,right_only
A9C9A652-6784-4803-863A-DC145A4D910B,,,,,,,ODN0005435150,z,right_only
6201C1FD-F272-4754-9B08-A861F893BE2D,,,,,,,ODN0005468380,z,right_only
320C8FAF-033D-41DA-9B89-BD127C3BE167,,,,,,,ODN0001400781,z,right_only
BE525AE9-F9A1-49D8-B645-2A1F018962D3,,,,,,,ODN0002630038,z,right_only
18601FC2-F009-40F9-B309-FC614F482A84,,,,,,,ODN0005080274,z,right_only
9A353EC4-CE3D-4B02-8FF4-96A71DA0018C,,,,,,,ODN0001549578,z,right_only
338D887C-76AA-4C37-B6BC-8AD584F87BD3,,,,,,,ODN0004568704,z,right_only
015683C3-A01B-416D-BD4F-6DC23B875737,,,,,,,ODN0002131664,z,right_only
E35FF8BE-34F9-4672-B338-E2C39C53F528,,,,,,,ODN0002469157,z,right_only
F4E48D33-A8E9-4EBE-AB0C-3D261098D55B,,,,,,,ODN0000593782,z,right_only
CB27A764-01BB-445C-BC98-3FA53340B9D7,,,,,,,ODN0005728958,z,right_only
1EE88FF6-7685-422A-9AF8-1A621BD06AAB,,,,,,,ODN0001439324,z,right_only
49D017B5-F7E3-4257-8F7E-1EC6B4499374,,,,,,,ODN0001907399,z,right_only
6DE82783-038F-46DA-A233-B5283E995150,,,,,,,ODN0005245129,z,right_only
F0693185-29D2-4F72-96DE-9BA1B0996A31,,,,,,,ODN0004882661,z,right_only
120A3A1C-9CF1-4104-A728-C7B61E7624AB,,,,,,,ODN0004887465,z,right_only
E51B25F9-8AAA-4214-9823-65A3B1BE7B52,,,,,,,ODN0005245137,z,right_only
1AFAA4A2-BC5E-44E9-8BDC-EA8DF9BB214D,,,,,,,ODN0004874611,z,right_only
4DCCE2FA-BE28-4EF9-B50C-31C5FE07DD57,,,,,,,ODN0004874549,z,right_only
F5388CD0-2D47-46A9-9602-BD4CDB8EBE08,,,,,,,ODN0001270080,z,right_only
381573CE-8F97-48B9-A2CC-9AF4F44F3903,,,,,,,ODN0004231125,z,right_only
74A1D71B-9A20-4349-9075-4DFD73F3CA9B,,,,,,,ODN0004874684,z,right_only
F1CA4CC7-9B8A-4163-8FC9-01215077FB87,,,,,,,ODN0000718872,z,right_only
D16EFECF-8EC3-4576-988A-32E44E0E6404,,,,,,,ODN0004231155,z,right_only
B32B2B13-0106-47B1-BEFD-458BBC992F2E,,,,,,,ODN0001271539,z,right_only
5C007765-BC71-4BDE-BD1B-3F71CC0AC2DD,,,,,,,ODN0005245259,z,right_only
536E008B-E84B-45EE-B87B-7A843BEFA37A,,,,,,,ODN0003281845,z,right_only
5A0ABDA3-4852-4154-ADF7-EE5D0FAD9A27,,,,,,,ODN0004957813,z,right_only
EEC22B7F-CECE-414E-944A-E3A0DDE492C8,,,,,,,ODN0004986292,z,right_only
0B44B661-F8F0-46EE-A364-ACD7ACAC803D,,,,,,,ODN0005378946,z,right_only
C2C5C6E6-9B94-4F99-A0FD-EA1BE7A63B23,,,,,,,ODN0003313167,z,right_only
5AC086FC-0DBF-48F9-ADE5-4D485DA85FC8,,,,,,,ODN0004755291,z,right_only
C61468F8-A0CD-4258-9713-340820F897A1,,,,,,,ODN0004756783,z,right_only
22358A96-1C60-4960-9F4B-310C30B27C1D,,,,,,,ODN0004756792,z,right_only
F5F6A797-3A36-45AE-BB9A-3F639372E5F5,,,,,,,ODN0000718810,z,right_only
9A58F661-01F8-413C-896D-E8CEC80AFBB0,,,,,,,ODN0004985744,z,right_only
17C08C74-7EF6-4048-98F8-41333C8F991E,,,,,,,ODN0000718832,z,right_only
5C917310-3B92-429F-866D-5F4476EA4EC7,,,,,,,ODN0000718903,z,right_only
1414F411-8727-40B2-89A7-E193870D29A3,,,,,,,ODN0000719355,z,right_only
FF80C51E-C85A-48DB-B076-8304BF0C4002,,,,,,,ODN0001927655,z,right_only
4C73CA6C-8E69-4E29-BEE7-C350C09876A3,,,,,,,ODN0005245143,z,right_only
4495B3AF-F707-4EE1-97D8-B26A96AD2D64,,,,,,,ODN0005343441,z,right_only
B565530E-9F50-43F1-B993-F7636B927409,,,,,,,ODN0005287231,z,right_only
1AFC8DD1-6445-4D77-89A1-B1D7CD8E3C20,,,,,,,ODN0005276241,z,right_only
352407BF-F60A-4573-B428-394FECB714D0,,,,,,,ODN0005276284,z,right_only
9C5F230C-1789-4E23-92EC-A71707F302AB,,,,,,,ODN0000586057,z,right_only
2F5B67B3-EDBE-4A37-B52A-238F7DD778C5,,,,,,,ODN0001270645,z,right_only
168425F5-23A2-420C-9BB4-B00DFF38075D,,,,,,,ODN0001015027,z,right_only
ADB8EBA0-3644-4344-8076-D869D1CBCD89,,,,,,,ODN0000593796,z,right_only
CD9C5B74-6F32-4E3F-9EC9-58E191E8A57E,,,,,,,ODN0002028180,z,right_only
F83E4E71-C2CB-4DF0-80F8-127D10D304E1,,,,,,,ODN0002021807,z,right_only
4C15917F-FBCD-4D76-9CC2-55F8C227330F,,,,,,,ODN0005057481,z,right_only
9961956B-7782-4057-B875-870D387D8F5C,,,,,,,ODN0005209007,z,right_only
C0203CF5-9D4F-442E-AB2C-246386F53167,,,,,,,ODN0005469395,z,right_only
1C39A762-63AB-4A58-8BDC-A2F7C8B2C40A,,,,,,,ODN0005162412,z,right_only
058018A7-6849-4B29-B05E-BA036F242965,,,,,,,ODN0005333757,z,right_only
A4324FB4-2BB4-4DC1-A8D4-B38CCE5596E1,,,,,,,ODN0005420411,z,right_only
C53F4654-D37E-41BC-ABF1-B469A4F6AF85,,,,,,,ODN0005583824,z,right_only
D8C41CBC-15C2-4F46-8220-7E807E4F0BCA,,,,,,,ODN0002928288,z,right_only
3C06786D-56AF-42F4-B504-58D9F2A9DA86,,,,,,,ODN0002629153,z,right_only
A602F9E8-993C-450E-8DD1-1F11EBD6BCB9,,,,,,,ODN0005080421,z,right_only
EE7C2AFA-F9E4-444D-9308-1B65C9CE16D8,,,,,,,ODN0005104209,z,right_only
C7B54119-66D8-4B48-9FC5-95333A373DB3,,,,,,,ODN0000566832,z,right_only
C19D57CA-AF43-4D6D-A89B-2D100484FEDE,,,,,,,ODN0000566845,z,right_only
59D4070D-7903-4825-91A9-40F13FA6B9D6,,,,,,,ODN0001222056,z,right_only
CEA73B91-5838-41FB-8D91-A8375F167317,,,,,,,ODN0000528915,z,right_only
FCFB5D64-8893-42F8-AE15-A48271327055,,,,,,,ODN0000553183,z,right_only
10CC40E5-9C69-41E5-93BE-17158DA09298,,,,,,,ODN0000553184,z,right_only
9106A150-20DC-4071-B900-20EF01A0F241,,,,,,,ODN0000566827,z,right_only
E0D2E0D0-63E2-4F3C-AFC3-C415E7D53577,,,,,,,ODN0000608874,z,right_only
F49D89BC-B0AA-49E2-8D5F-2802D7F946E0,,,,,,,ODN0002120256,z,right_only
8B6077C2-E692-4DE1-89B8-E740644FD4F6,,,,,,,ODN0004835184,z,right_only
431D3B82-F60E-46A0-BAB5-344D51DDDC69,,,,,,,ODN0000619440,z,right_only
D4E65BF2-FF3C-4341-888A-1AC1C53412BA,,,,,,,ODN0000608877,z,right_only
AAB263E6-DD27-4E5E-9A5B-1A4A37410390,,,,,,,ODN0000628283,z,right_only
9056B294-2159-4560-999A-99C9D9D870DA,,,,,,,ODN0000553202,z,right_only
AAD52B78-2C3A-4BF3-8285-5C864BF2D409,,,,,,,ODN0000566838,z,right_only
D82D72C0-4708-4EEA-8156-4708EF5E41F4,,,,,,,ODN0005762749,z,right_only
7A083BD9-B15B-4F2B-9DD2-0E44A94F23A9,,,,,,,ODN0000553203,z,right_only
FE52E9A3-D1E5-488F-944E-D94611EC3EBD,,,,,,,ODN0002019251,z,right_only
0E113B62-EFBA-4A70-A3EB-88AEF66B1FAE,,,,,,,ODN0000628279,z,right_only
BF6E6744-EEA0-4CEB-8863-312650AC7B43,,,,,,,ODN0005762702,z,right_only
5C57ACB5-FF14-4563-A0DD-7A93CE2C80A1,,,,,,,ODN0000566849,z,right_only
6848286A-C31C-4864-A1F8-BC7310075AC3,,,,,,,ODN0000553200,z,right_only
1E892BEC-91C0-459A-86B9-5930824FB9F6,,,,,,,ODN0000566839,z,right_only
3771E395-F025-4B3F-8CF4-0115791FB966,,,,,,,ODN0000608905,z,right_only
D25CF598-5336-4A66-9F3A-BA36E813F94A,,,,,,,ODN0000522699,z,right_only
28050ED5-3161-4D9A-ADF1-325F5BA8FD06,,,,,,,ODN0002019235,z,right_only
D3E78C47-DCF6-4176-9097-26E37108ADED,,,,,,,ODN0000566828,z,right_only
AB6A3D8C-80F3-4D9F-A6D2-CBD9B6075B0F,,,,,,,ODN0000566829,z,right_only
0E1CC261-88BB-4D7F-BDAC-9601DBFA4636,,,,,,,ODN0000628269,z,right_only
D3C856DD-E004-4E3A-B8B1-16DD9CDD45E3,,,,,,,ODN0000566835,z,right_only
6F9EAF59-4270-49FB-B996-61028E13413E,,,,,,,ODN0000553195,z,right_only
E230C412-D066-496F-A74F-61FED935288F,,,,,,,ODN0000522688,z,right_only
BF86C75F-5492-40D6-8861-6650072510BA,,,,,,,ODN0002019249,z,right_only
83CA5202-C02B-4324-B38A-B62991528DFF,,,,,,,ODN0000566848,z,right_only
1C087D0C-40A7-40C3-A336-CD361BCE6941,,,,,,,ODN0000522694,z,right_only
38CFEBCA-A520-440E-9BD7-7566502B075F,,,,,,,ODN0000564295,z,right_only
F900C35B-8B89-40EE-B726-5ECD97B1B576,,,,,,,ODN0000619456,z,right_only
80772134-4313-430E-90AD-A66FA3AC15DE,,,,,,,ODN0000619462,z,right_only
2E7116CC-8C6C-453E-B43C-83E4D1B3B623,,,,,,,ODN0000608909,z,right_only
3B4B5EED-ECEF-41D2-BCE9-21D942DE821D,,,,,,,ODN0001260225,z,right_only
0947C3E9-FEAC-4ED8-A98B-B29558925517,,,,,,,ODN0000566831,z,right_only
813637E9-60C2-4274-B096-5006C346AE00,,,,,,,ODN0002121248,z,right_only
87112A1A-611A-47E0-BB44-A95FD27A736C,,,,,,,ODN0000628266,z,right_only
5DB540D5-218E-4A7F-9BAB-65E91AFA8DC2,,,,,,,ODN0000578982,z,right_only
775504D8-BA5E-464E-8AEA-2A6BE192FC2D,,,,,,,ODN0000628271,z,right_only
646AFAE8-8AB7-43D8-9E16-5539A7C7C6D1,,,,,,,ODN0000564283,z,right_only
1E46E59F-6017-448A-B641-99DCC699ACEF,,,,,,,ODN0000619450,z,right_only
63E50E39-046D-4CDE-B547-84CEC8BFC7E8,,,,,,,ODN0005762663,z,right_only
26DDCBBF-3A59-4DD9-BDC1-5D75A9597C95,,,,,,,ODN0000566842,z,right_only
250F09C9-27C2-4653-B572-F7DD10C6DB1D,,,,,,,ODN0002019257,z,right_only
9AA82AF4-13B2-4159-A8B1-328FFB9BA71D,,,,,,,ODN0000628276,z,right_only
04B57C1A-5420-4A4A-A1C9-D93ECAF60877,,,,,,,ODN0004835053,z,right_only
7C2550DA-9A62-403C-9FEC-74CD13412C90,,,,,,,ODN0000566850,z,right_only
4B7C18F8-6885-485C-A33A-527628E43925,,,,,,,ODN0002626161,z,right_only
69008C97-395B-405E-A704-5ABC704D2AFD,,,,,,,ODN0002626867,z,right_only
DB91A078-92D1-43A5-B722-CEFE6A256285,,,,,,,ODN0002628928,z,right_only
37332F7C-1F12-4857-850C-D7A5D305FCD8,,,,,,,ODN0003114978,z,right_only
C4BE610C-7B6B-4E23-A7DC-FE8900393C7B,,,,,,,ODN0002628150,z,right_only
1738C8E2-AC75-4235-9535-A938D69C24B3,,,,,,,ODN0002628160,z,right_only
9CFB90DE-CB20-4F8B-A759-E50850401CB1,,,,,,,ODN0002628442,z,right_only
1E995F55-92D7-42D4-AE1F-F9817CBB3BB4,,,,,,,ODN0003281656,z,right_only
C5DACB1C-519F-4FE2-A8C8-E8B392734754,,,,,,,ODN0004572254,z,right_only
D0FA82E0-CE84-4894-9CFD-D2F354C2EBBB,,,,,,,ODN0005314021,z,right_only
C62DCFFB-F6F0-46C7-908E-B90F10F1E29F,,,,,,,ODN0005524744,z,right_only
231F4911-D0AA-49B5-A34F-B674C255C3C5,,,,,,,ODN0005524761,z,right_only
6A8CAB24-2BD9-430D-AE91-5FE674169A6C,,,,,,,ODN0005524646,z,right_only
FA9551B2-BD8C-4FCB-8930-C2340C797E49,,,,,,,ODN0005044659,z,right_only
2CC5F8CE-8012-4108-B1F3-CF9F81378D79,,,,,,,ODN0002629598,z,right_only
92048FF5-A34E-4E35-BC9B-4D455FC6C182,,,,,,,ODN0005367677,z,right_only
FAB1574D-B084-43EF-8567-8560D6535FB4,,,,,,,ODN0005310914,z,right_only
FBCF7D5E-1809-46D4-94FE-D224F3416F6E,,,,,,,ODN0002201912,z,right_only
B89DBB2A-F270-432A-B929-73FA268E9113,,,,,,,ODN0002019233,z,right_only
758FE930-6EFA-4204-B6E9-3F8A7ADC1FBE,,,,,,,ODN0005189749,z,right_only
BE441C4A-7B9A-4701-95E6-A84A14DE4997,,,,,,,ODN0002019240,z,right_only
608F55F0-BD27-4097-A924-BD91EEBD9FD4,,,,,,,ODN0000471368,z,right_only
0314FD8B-B104-40A2-B02C-A850A25338F5,,,,,,,ODN0000165932,z,right_only
FECA3E92-1635-47A6-8B14-196DD48D1D75,,,,,,,ODN0000564278,z,right_only
8C37E726-8754-44B8-9A17-5F1C8CA78545,,,,,,,ODN0000155291,z,right_only
F2A78C8E-D71E-4241-8160-8977424FB686,,,,,,,ODN0001046674,z,right_only
F1C731CE-0A1D-4F48-A63B-91B7B82BAB39,,,,,,,ODN0005190121,z,right_only
0A7A7A0C-74ED-4DBC-81F1-35DCB4705019,,,,,,,ODN0000578987,z,right_only
1986138C-BDFD-43ED-8F63-FCAD8B06F2EB,,,,,,,ODN0001175705,z,right_only
A278C5D4-8AB5-4FAC-B5A9-338D0539EDC7,,,,,,,ODN0001994735,z,right_only
8AEED1AD-31FB-454A-9D3B-724BEAE36A88,,,,,,,ODN0000579009,z,right_only
1153F494-D86B-4B20-B386-527B5427F15F,,,,,,,ODN0000588455,z,right_only
901919E9-F271-4E39-B07A-9E007F834044,,,,,,,ODN0002121255,z,right_only
3AAB39E4-6A6C-4315-83F1-76824F4A23D7,,,,,,,ODN0005190354,z,right_only
E4C8C102-C997-42B0-86F6-C48188B6E7C9,,,,,,,ODN0000471433,z,right_only
63A4FC47-D473-4753-96E4-7F28F30D0147,,,,,,,ODN0001057749,z,right_only
8771A850-D8EA-4972-9DB4-AFB5BB9D5218,,,,,,,ODN0000588458,z,right_only
AF44AABC-3963-427C-ABE3-1D94CC8E3D8D,,,,,,,ODN0000579000,z,right_only
6B2FA30D-BA30-4251-9DA2-C6C4A603DD6F,,,,,,,ODN0002121257,z,right_only
F3A44C2D-E694-43D1-91B1-178DAA2A68F7,,,,,,,ODN0000592628,z,right_only
92228B56-5F6D-436F-82B1-8ECCB462FF35,,,,,,,ODN0000619453,z,right_only
AA9BDF75-FEF1-498F-848B-11C2B3B6C845,,,,,,,ODN0002019258,z,right_only
1306F8FA-AD1F-49F1-8EE5-D72AF15F182A,,,,,,,ODN0001401067,z,right_only
DCDC803E-842D-420B-BC40-78FF6A5DE1DA,,,,,,,ODN0005190759,z,right_only
92F68914-D25F-4B7B-9CC7-47D47974DE22,,,,,,,ODN0001994758,z,right_only
0B889DC0-4C07-4BE4-B8FA-7B1639F0D693,,,,,,,ODN0005123701,z,right_only
88A903D3-3630-489B-AD06-D17979F7B003,,,,,,,ODN0005123743,z,right_only
C6A17ABA-51D7-4626-94D2-A27BA62818B5,,,,,,,ODN0005163137,z,right_only
7EC291A1-9E29-46FA-91D0-AC0E9BBB0B8B,,,,,,,ODN0005763404,z,right_only
93294B51-7B52-40BB-A61D-38B05B9733AC,,,,,,,ODN0005081756,z,right_only
327B108C-AF89-4012-9D77-AAAFABB09753,,,,,,,ODN0005735966,z,right_only
0E7FDC1C-70AD-4914-92A0-DB3A6015496F,,,,,,,ODN0005418961,z,right_only
D12BE955-6AB8-45CE-9618-612677AF0C47,,,,,,,ODN0004757969,z,right_only
35702FD0-6151-464A-BE5D-73F541818E1A,,,,,,,ODN0003144649,z,right_only
11A34EBA-5E9C-45F0-A4E2-E2666C1D3CE7,,,,,,,ODN0003144855,z,right_only
6347778B-DB2C-4F6F-AB1A-C8BBC4A402AA,,,,,,,ODN0003145104,z,right_only
6EFAC80A-2343-4188-A250-EA45BDDF7753,,,,,,,ODN0003751512,z,right_only
CE51BDF6-F540-47B7-B486-2228D5C16790,,,,,,,ODN0003145535,z,right_only
9DFC40B8-18C1-4444-A2A4-86E1DB52075C,,,,,,,ODN0003944212,z,right_only
22FB8886-0F1A-4193-B20E-7762CFC7744A,,,,,,,ODN0005293426,z,right_only
72B4E45D-547F-418B-A64D-4B291CE0EFE3,,,,,,,ODN0005026010,z,right_only
6ACCA350-1FA2-415C-BF16-61F2A0553F36,,,,,,,ODN0004800720,z,right_only
85A4525E-F2D7-46CD-9786-D1F9081C93CC,,,,,,,ODN0004842690,z,right_only
6925ED3E-FAC1-482B-8C48-C1B685019CB7,,,,,,,ODN0003892053,z,right_only
77F0EB04-E0CA-4F44-A268-C7696DA5B292,,,,,,,ODN0004842703,z,right_only
0293FC79-FEE5-4EB1-AE71-DABD0B5A0853,,,,,,,ODN0003892054,z,right_only
6E0001FB-77F7-4352-8677-238BE1E3D8AC,,,,,,,ODN0005446657,z,right_only
CBF99F80-B9B9-408B-9FA8-4C8D7162F6CD,,,,,,,ODN0003452118,z,right_only
EF9688F2-85BE-4131-A46C-CB65B0266346,,,,,,,ODN0003452120,z,right_only
55795923-F322-41BE-B26A-8E5DEC622940,,,,,,,ODN0003892056,z,right_only
4C7A89EF-D0D0-41C4-BA3A-E26401DC57A6,,,,,,,ODN0003744955,z,right_only
6303EDB1-93F8-492A-835B-581F0F173547,,,,,,,ODN0003744956,z,right_only
FC6E0504-9B75-49AD-B611-3738A5B7498B,,,,,,,ODN0003744957,z,right_only
86C41671-9E3D-4688-967E-C7628E46CD7A,,,,,,,ODN0003744961,z,right_only
C78BD0D2-C133-49DC-BDA2-095631078AEB,,,,,,,ODN0004794290,z,right_only
5B1B318C-2230-48D1-BF2C-3448524C8883,,,,,,,ODN0004795103,z,right_only
7519013A-CABC-4A95-8E0F-54F92006EC1F,,,,,,,ODN0004795327,z,right_only
B9137AE3-EE1E-4C0F-8042-E1FA2B012A20,,,,,,,ODN0004798053,z,right_only
061613CB-C084-4132-8EFD-C6838BA8072D,,,,,,,ODN0005258081,z,right_only
D50ACF00-E49B-422F-B555-F0A0932735FA,,,,,,,ODN0005259003,z,right_only
EE76FF25-B9C0-4882-BA97-7497AECD6CA0,,,,,,,ODN0005260550,z,right_only
4AE24919-7417-4312-B393-579312F45619,,,,,,,ODN0004792385,z,right_only
17D73A04-21DE-4EBC-AEBC-D6433D49EEC0,,,,,,,ODN0004190508,z,right_only
E601B0CA-F21C-467D-A81A-B4BDC843994E,,,,,,,ODN0004916778,z,right_only
5125E89C-7380-430C-B1F9-868074DB4AB2,,,,,,,ODN0004870392,z,right_only
9A130AE5-1FE7-4823-8559-76B2951E87F3,,,,,,,ODN0004987535,z,right_only
633B0228-F633-4FCF-8B83-B80612941328,,,,,,,ODN0004988506,z,right_only
F080EC2A-D6EB-4F50-9664-DEEBF36CB9BF,,,,,,,ODN0004989653,z,right_only
334A0737-AEBE-4D42-BEB0-0D7022438A8B,,,,,,,ODN0002804639,z,right_only
E713A4A2-5DB7-4638-819B-23C9C4DC090C,,,,,,,ODN0002804644,z,right_only
3FAF8A62-71C9-43B8-A645-A74CD3BF477D,,,,,,,ODN0002804642,z,right_only
C024CA9E-5C5D-49CC-8F8A-E794A23F8F5E,,,,,,,ODN0002804643,z,right_only
40829650-F9F2-4203-9A2D-B95C6046378D,,,,,,,ODN0003513789,z,right_only
78564B8C-77FE-4E78-B263-FCF0D454A468,,,,,,,ODN0003513805,z,right_only
7726F861-CFD8-46D7-9F46-7874F2EB74BF,,,,,,,ODN0002668361,z,right_only
D41EB52C-44D5-4CE2-9120-BB90DBCC21EA,,,,,,,ODN0002911033,z,right_only
2D1F8E32-7CCC-4F91-B01C-FB6F6AFC74BD,,,,,,,ODN0003714438,z,right_only
985E4765-2540-4BFA-82E3-3E112B63C60A,,,,,,,ODN0002910999,z,right_only
33B086BC-757F-4CA7-91B3-001B7804D7FC,,,,,,,ODN0002911037,z,right_only
98E8CC1C-024B-4E03-9EE8-DA44CC199FAD,,,,,,,ODN0003513847,z,right_only
8D00EC1C-32D6-4890-A4E3-78AFFF3F904A,,,,,,,ODN0002911003,z,right_only
6D2DB831-C2F9-4809-840A-7824DCED7EB3,,,,,,,ODN0002911030,z,right_only
E99F37C0-7477-4B63-AF64-72D9645B02F9,,,,,,,ODN0002825896,z,right_only
415107C7-88A0-4443-8335-1D9CCCDF2420,,,,,,,ODN0002825899,z,right_only
F1C6BAA8-3B5E-4F89-9606-332E5E9B2FAF,,,,,,,ODN0002825911,z,right_only
2CABDCED-F9B3-4B01-AAD0-249F43D01086,,,,,,,ODN0002825914,z,right_only
5E9F1FA8-B4DF-42CF-8A3E-40A008FBA8C9,,,,,,,ODN0002825938,z,right_only
662DA9AC-6AA1-4C21-9BEC-D493EBA9387D,,,,,,,ODN0002825940,z,right_only
80DFEE9B-F08E-44C2-9EB4-74F6C6811B97,,,,,,,ODN0002825941,z,right_only
E3A17551-4DF9-4009-AF97-6D0D0E49BDFE,,,,,,,ODN0002826026,z,right_only
C7365657-10CA-4A82-9BFC-CC8A97C32A33,,,,,,,ODN0002826028,z,right_only
2B5EABD6-05B2-4A96-AF52-B3E3A79C2AE9,,,,,,,ODN0002826041,z,right_only
24B10A90-4048-41D5-B200-539760E72516,,,,,,,ODN0002826044,z,right_only
4D47E3D8-0F84-4BDB-98E0-545D604B3C72,,,,,,,ODN0002826052,z,right_only
46B740CC-2CB7-4B3B-A0E9-4C946AA93270,,,,,,,ODN0002826058,z,right_only
7B9B5FA9-525E-40FB-960A-E317FE9EAE70,,,,,,,ODN0002826083,z,right_only
45F9125B-3DA3-4E36-B3F3-6F13C0616503,,,,,,,ODN0002826121,z,right_only
49EF3631-8460-4EFE-917B-E6A8ED2C8931,,,,,,,ODN0002826133,z,right_only
146B49F7-0C92-4BAD-A439-A58A6F18AFF9,,,,,,,ODN0002826149,z,right_only
911E7F35-D9C8-4026-A51A-108B806EAC5D,,,,,,,ODN0002826154,z,right_only
02EDA1CA-7F3A-4C6B-892E-99105A075A15,,,,,,,ODN0002812683,z,right_only
2F66FB85-9A6A-49E1-8881-C1DF608746F1,,,,,,,ODN0003582185,z,right_only
8140C23A-C045-4A1E-B80A-F6B0719080DC,,,,,,,ODN0005371415,z,right_only
39B605F3-AA3D-4FE2-84B3-065ACA77BA9C,,,,,,,ODN0003168018,z,right_only
CEE38F74-A412-4EF2-981B-E647F5D10515,,,,,,,ODN0004243296,z,right_only
6D12278A-B6E5-499D-AEB7-AC504E677881,,,,,,,ODN0005305207,z,right_only
485B80A2-C1D3-4489-A8D9-6B062B9954D5,,,,,,,ODN0004189660,z,right_only
75DB7166-01F6-4942-AD06-43F018992335,,,,,,,ODN0004903996,z,right_only
1BC32445-A123-4644-9DC1-201C22874290,,,,,,,ODN0003200330,z,right_only
620332B9-F83D-4367-A6E2-EA5BE81D8DAC,,,,,,,ODN0004902239,z,right_only
4D501DA7-5CA5-46B5-9417-F2E4118B7DD1,,,,,,,ODN0004559091,z,right_only
70D4730B-FDF5-463E-8853-A2AD084A2BE2,,,,,,,ODN0003768322,z,right_only
7455DF32-4445-4BF8-A467-F6805D14533D,,,,,,,ODN0004637498,z,right_only
A86760A3-BDD2-4285-B4A9-90A604C516C3,,,,,,,ODN0004637514,z,right_only
34983326-0518-4CC9-9B0D-20BD9305D2CA,,,,,,,ODN0005129003,z,right_only
FE4F756E-7A78-4EFE-BAC4-337900EC6E92,,,,,,,ODN0003038285,z,right_only
4883EB81-BDC2-4514-82F2-437ED7C55820,,,,,,,ODN0003566247,z,right_only
9E841DE0-0FC8-4F7E-BEAD-4E22CC68B9FA,,,,,,,ODN0003038287,z,right_only
48EE4DFD-D6DD-45B8-9C35-0D3C75895E34,,,,,,,ODN0003171674,z,right_only
E8318679-CC2B-4B26-A829-33FE1799AB77,,,,,,,ODN0003682299,z,right_only
CB0D312D-1C90-4A9B-AAF7-32C08AEFEADA,,,,,,,ODN0004637499,z,right_only
2210A00E-0C1E-47DC-A5E7-6898412E73BF,,,,,,,ODN0003171676,z,right_only
5CA39864-062C-4397-B18F-35FAF77C6C87,,,,,,,ODN0003682302,z,right_only
3882B4C8-95F5-48A6-90E3-DEEA82CF2222,,,,,,,ODN0003247742,z,right_only
40C103FB-9864-465A-860F-0D5C498AA11E,,,,,,,ODN0003682303,z,right_only
05EFF856-A1BB-417F-AFFB-492AC81CE86A,,,,,,,ODN0004671398,z,right_only
CB83BA97-BEE8-409D-874A-55EDCE225055,,,,,,,ODN0003038288,z,right_only
4C822FC1-26E4-4CD0-8A99-5196EC4A56F5,,,,,,,ODN0003682873,z,right_only
E6988037-C737-47F7-968C-593A0E7D8BDA,,,,,,,ODN0003038289,z,right_only
C69B8622-8B13-4C28-BFB7-F6ACD127464C,,,,,,,ODN0003566248,z,right_only
1AE8294E-5473-444F-9C2A-947BF80A9A1E,,,,,,,ODN0003247744,z,right_only
C24E253E-A420-4D4A-93E0-AC3CCE19900F,,,,,,,ODN0003171679,z,right_only
6837623C-F148-496C-B930-47F3E8ADE584,,,,,,,ODN0003038290,z,right_only
52E3E8C6-0A9C-4BDE-A0A8-F9AE638D8F60,,,,,,,ODN0003038291,z,right_only
15837FAC-E23C-479C-8ECB-A1818F60D0BE,,,,,,,ODN0003171680,z,right_only
75D4D5B2-7992-428C-A8A9-25B50013FACD,,,,,,,ODN0003171681,z,right_only
C0A0B3D6-71AA-43B1-8299-137702D59D6A,,,,,,,ODN0003171682,z,right_only
4E320283-519A-49FF-BFAB-3459E662CFB7,,,,,,,ODN0003566249,z,right_only
1FE52194-A660-4A58-8859-47DF6373A0FC,,,,,,,ODN0003247745,z,right_only
799D9FB5-6EA4-42D2-83B0-13B489430C9B,,,,,,,ODN0003682876,z,right_only
CF3F4A15-37D1-4241-A5E4-54CBE4D1BA5C,,,,,,,ODN0003682877,z,right_only
32880D10-F766-4D63-B898-84594AF0C5C5,,,,,,,ODN0003038292,z,right_only
96BF7624-3638-405E-A94A-41315BEE7037,,,,,,,ODN0003566250,z,right_only
4030DAE7-60AB-4718-AD19-7303697A929F,,,,,,,ODN0003064543,z,right_only
722D42F2-ADAE-478D-B669-2022B51194AF,,,,,,,ODN0002947691,z,right_only
406027AF-E1FA-4937-832B-F525628708B7,,,,,,,ODN0003466987,z,right_only
ED016996-9278-49D4-B9FB-CAD279B024CB,,,,,,,ODN0004637504,z,right_only
78C80CDD-6982-4ABD-A859-126F4AE34D79,,,,,,,ODN0003038294,z,right_only
97463F7A-A5AA-4C12-A6B9-229054315A96,,,,,,,ODN0003566251,z,right_only
79F67745-2FC3-4802-B098-E3CDE40344F3,,,,,,,ODN0003466988,z,right_only
6AAD7104-D30A-4A4A-8602-F4C6F3A00B68,,,,,,,ODN0003247746,z,right_only
97639F3D-5BFD-4E71-83EE-B0B1EE95182B,,,,,,,ODN0003466989,z,right_only
92947D63-1C0D-403E-82C0-3ED3518E8C94,,,,,,,ODN0003566252,z,right_only
3E96E51B-07CD-4638-BAEA-392D66680EEC,,,,,,,ODN0003682878,z,right_only
A9057E88-9726-479A-9FF3-EA5361CE00DA,,,,,,,ODN0003566253,z,right_only
4A0B05E0-6CA9-46A1-9B5D-CCC49D745446,,,,,,,ODN0003466990,z,right_only
1E7286E6-78B0-44F1-8A5B-DAF005566EFF,,,,,,,ODN0002947692,z,right_only
28BEC63A-1F9C-4876-91D0-0DD1DFCE2F06,,,,,,,ODN0002947693,z,right_only
B1E3F0B0-D321-4F03-88A8-ED77BFE14AB5,,,,,,,ODN0003247747,z,right_only
E4AA8816-021E-46F1-8081-EFBE5C5B3685,,,,,,,ODN0003682880,z,right_only
A36364EE-1166-4BBC-B391-21ED3548126A,,,,,,,ODN0003466991,z,right_only
B34C3C0A-181B-44E0-9CE5-F984863566DE,,,,,,,ODN0003038296,z,right_only
B649973D-B7A6-4AB5-9CE1-23320199EFD0,,,,,,,ODN0003064544,z,right_only
F5F14F51-942F-4F46-A4B1-6A010F53AA20,,,,,,,ODN0002889147,z,right_only
B23813CB-BA77-4B05-B446-C633D312240A,,,,,,,ODN0004637507,z,right_only
F63925FC-468D-41BF-8113-2541D6B25BE1,,,,,,,ODN0003682882,z,right_only
090CB352-911F-4A84-B826-A92CF8C898DA,,,,,,,ODN0002889154,z,right_only
B2029750-E60C-4165-A344-C5F3C0B24DEF,,,,,,,ODN0002889155,z,right_only
A5907AEC-D8E0-448D-8B77-0F7B2D1A16FB,,,,,,,ODN0002889157,z,right_only
6C520CE1-B164-4971-890D-2FB96CF5272D,,,,,,,ODN0003247748,z,right_only
D9AB351D-FC1C-4E00-A7C1-505EF4947A72,,,,,,,ODN0004671405,z,right_only
B00F3484-87FE-42F1-85D3-5D8684D94A27,,,,,,,ODN0003038297,z,right_only
846E9260-E417-464C-B569-5306205592AE,,,,,,,ODN0003682883,z,right_only
E19B0B19-4ED2-4087-A237-B422E8E3E611,,,,,,,ODN0002947694,z,right_only
CA4E7980-A7D9-4191-818B-BBD5F17CA23C,,,,,,,ODN0003682884,z,right_only
BE898DD3-E089-49CD-B408-D794C7167D00,,,,,,,ODN0003064547,z,right_only
205605D7-0F35-4D9F-9C6B-F8AD6927F391,,,,,,,ODN0003064548,z,right_only
64B6E5E9-ECE8-4149-813F-345F0D22A27C,,,,,,,ODN0004637497,z,right_only
AFDF74EB-07B7-4A02-8DB9-5F42B65732DB,,,,,,,ODN0003038298,z,right_only
969C03F4-F12E-495F-853E-CAEEAE2BB51E,,,,,,,ODN0002889183,z,right_only
248A7CF7-C523-439E-ABC9-8565F533AD6C,,,,,,,ODN0003064550,z,right_only
7FD73834-149B-4182-AED2-F16A189180FF,,,,,,,ODN0003466992,z,right_only
2D44AB4B-4F1F-4CBD-A36F-2DB56E632D41,,,,,,,ODN0003038301,z,right_only
D0CEE28E-EB04-44E2-B9A2-E4A76666C1DC,,,,,,,ODN0002889192,z,right_only
B6F0813D-5CEF-4AE3-9E1D-7CEFABC7F8DC,,,,,,,ODN0002889193,z,right_only
812FB3BC-FAD7-4574-AE44-12F0A000BFD3,,,,,,,ODN0003566255,z,right_only
07DDB80A-ED22-4116-B4E8-A1BACE66E49F,,,,,,,ODN0002889195,z,right_only
7A9FC246-F9DB-4B42-8B98-5A31E41E0A01,,,,,,,ODN0003682886,z,right_only
4271819E-9392-476A-B0A8-0CF166C8F6FA,,,,,,,ODN0002889197,z,right_only
372A0614-D7FB-4BC2-AC87-58403D9A6249,,,,,,,ODN0002889199,z,right_only
3D173A0A-9C60-49AA-BCE6-1D748889FC93,,,,,,,ODN0003171687,z,right_only
92544B04-7166-4128-B3BB-A800AA91079A,,,,,,,ODN0004637513,z,right_only
7E3F74FC-1278-4CF6-B396-BBB448E62BF4,,,,,,,ODN0003682887,z,right_only
1AAEFA34-1B3B-4DFE-B3E4-D2F036DB1C2E,,,,,,,ODN0002889208,z,right_only
DE1C5ECD-1709-43CE-8961-BE3FD4D87614,,,,,,,ODN0002889209,z,right_only
6D2DD1A8-380C-4195-84B7-B4252ADCE101,,,,,,,ODN0003038302,z,right_only
70C15427-5754-4F88-A8A0-DD74527DF38A,,,,,,,ODN0003682888,z,right_only
B433C126-BF7A-4BB9-AFFC-A521B1E85FBD,,,,,,,ODN0003682889,z,right_only
8A6E4AF1-3BF9-4525-A971-A5DFE93250F7,,,,,,,ODN0004671411,z,right_only
6776D6ED-C3F9-47F3-9627-25141F042F97,,,,,,,ODN0002889213,z,right_only
A03959F7-F3E1-4A0D-B962-78FCE6D65103,,,,,,,ODN0004671412,z,right_only
0A379951-0B1C-45DE-B659-A32A8608EFE0,,,,,,,ODN0002889216,z,right_only
EC8E2965-60FD-4A9D-93DF-F442E85DB3BA,,,,,,,ODN0003038303,z,right_only
36CDE7B1-A34B-4F3E-A8D5-D22D1D837410,,,,,,,ODN0002889218,z,right_only
EDDF2AFB-A23C-4B5A-A87A-C27DBA657593,,,,,,,ODN0002889219,z,right_only
42022A4F-9D8F-41A2-9591-636E815FC02F,,,,,,,ODN0003682890,z,right_only
F3E85852-56C4-482E-AE0C-0500FCAC1CEE,,,,,,,ODN0002889220,z,right_only
138D4C91-DD0F-4D22-8C6D-33F995150013,,,,,,,ODN0002889222,z,right_only
092BBA3C-81FA-4B29-8D19-BEB8B1F81BDA,,,,,,,ODN0003038304,z,right_only
F30F3015-E8DB-4411-8C77-F3211F4657C5,,,,,,,ODN0002947695,z,right_only
61914E41-7C9D-414C-BA99-F5DCA36E732E,,,,,,,ODN0003171689,z,right_only
5A231A47-6E5D-43B6-B1B7-8A2A90D40018,,,,,,,ODN0002889226,z,right_only
3374CE7C-93F6-4689-9D46-CB20C020B48D,,,,,,,ODN0003566256,z,right_only
47C5E0E3-8D11-4917-AD08-EBAACB4DCBED,,,,,,,ODN0003566257,z,right_only
EB0BE5E9-F7BE-4EEA-B40B-4C2EE1F1D3E2,,,,,,,ODN0003038305,z,right_only
72A34657-4FE8-480E-A052-6D9681B9C29F,,,,,,,ODN0003682893,z,right_only
524AA7C3-D5FB-4F09-B84A-A23BDF95532F,,,,,,,ODN0003566258,z,right_only
0C6DE057-BC6A-4BA8-AD3E-CB91867C0BD7,,,,,,,ODN0002889230,z,right_only
5B198724-709A-4A96-A8CC-C53386D42AE8,,,,,,,ODN0003682894,z,right_only
4D9A91AD-EC37-430F-986B-1AF390D0854B,,,,,,,ODN0002889232,z,right_only
722FD19E-BF36-4744-B048-7F1627423C48,,,,,,,ODN0002889233,z,right_only
7FE84669-111D-4753-BC26-93BA3AB05A6E,,,,,,,ODN0002889235,z,right_only
61830629-65D3-43A3-8491-7B48D69B8F11,,,,,,,ODN0002889236,z,right_only
E824FD6A-A4E3-4EFB-8AB8-FEA3723B7A5F,,,,,,,ODN0002889238,z,right_only
C3591476-6655-4727-AF51-D0D5DB19AB7D,,,,,,,ODN0003682895,z,right_only
518D419E-6E93-4B28-A7E5-2B5FB188BFCB,,,,,,,ODN0002889239,z,right_only
3C6340CE-1FEA-4E86-B62F-E8A3ED4916A4,,,,,,,ODN0002889242,z,right_only
8428EF0F-3A39-4734-92DF-E251FACAC83D,,,,,,,ODN0002889243,z,right_only
31886456-0C32-4283-AFA4-71B2E096FCFC,,,,,,,ODN0002889245,z,right_only
216D5C98-0764-47DB-B3C0-E2EC7E0B92C8,,,,,,,ODN0002889246,z,right_only
749C94AE-34DA-4BF7-999E-313880A0FAA5,,,,,,,ODN0002889248,z,right_only
460A0A61-30CE-4F26-82BA-47FD5512E3A0,,,,,,,ODN0003247752,z,right_only
C0FDE3FA-FAF7-49DC-8E62-C0C89390A290,,,,,,,ODN0002889250,z,right_only
6A50F36C-2C7A-42BB-AD5A-421B2E113C48,,,,,,,ODN0003064552,z,right_only
CA1A36BC-23E9-4D92-8A7F-CE13BC1F66C9,,,,,,,ODN0002889252,z,right_only
0D20B3FB-2FAA-4C34-B6E9-DD733A3106E7,,,,,,,ODN0003247753,z,right_only
C24DA2D6-8305-4FD4-9BA2-1B8AC4C6A5A6,,,,,,,ODN0004671415,z,right_only
7DDE1F1D-D9A9-4BA9-B944-275D12ABCE53,,,,,,,ODN0002889254,z,right_only
BE733B34-277B-448F-B830-0F0F525CD38A,,,,,,,ODN0002889255,z,right_only
3FE5DDD7-049B-443C-B58C-9B48D6670400,,,,,,,ODN0002889258,z,right_only
E520CD25-AAC8-4A55-91EB-E12D60044C39,,,,,,,ODN0004671416,z,right_only
3FF1CCA1-5F88-4F2A-978C-F3768A570C97,,,,,,,ODN0002889263,z,right_only
89A23623-955E-4431-893D-6212B8A19787,,,,,,,ODN0002889264,z,right_only
BD393E89-5267-4E2B-8ECC-5A438A59C1E5,,,,,,,ODN0002889279,z,right_only
AEC2AAFA-1F61-41A3-8C32-A0343152103F,,,,,,,ODN0002881414,z,right_only
9019D9E5-C546-4103-B16F-FFC3E26FF82A,,,,,,,ODN0004617585,z,right_only
64D2AD53-618E-48D8-BF37-5A17937C6C1D,,,,,,,ODN0005187329,z,right_only
AA72C7D0-4A0A-4BB3-8979-57E2452C8408,,,,,,,ODN0005169445,z,right_only
97C19180-2464-4408-830E-8EC050A95E1A,,,,,,,ODN0005504585,z,right_only
563AE9E8-C048-4DCE-A4CF-A2EA3B255758,,,,,,,ODN0005504653,z,right_only
AF004BF9-381C-42BE-A11D-B89AFDF1BE52,,,,,,,ODN0004283721,z,right_only
31246459-5F12-4786-83E4-F41137225DA6,,,,,,,ODN0005130874,z,right_only
BDC83D2B-2098-4776-8D42-5CCF3B6529E9,,,,,,,ODN0005044396,z,right_only
268FAD60-8288-400A-8B49-F8F8C9DB9C4C,,,,,,,ODN0005504148,z,right_only
171F8AA9-F723-474F-A7AB-6F8086116F99,,,,,,,ODN0005501577,z,right_only
9CFD37A1-514D-48EE-B824-E24B3922A5D9,,,,,,,ODN0005077885,z,right_only
3A7B6FED-3255-49B8-B8F9-CDD8CD3056A1,,,,,,,ODN0005077886,z,right_only
79BF5D75-7DB4-41B0-86A4-A2A7E6380C63,,,,,,,ODN0005077887,z,right_only
71B3EEBB-B14B-4204-B68F-1D48463D2C24,,,,,,,ODN0005077888,z,right_only
90432AA8-AE0B-47C5-AEE6-D97DE791FB65,,,,,,,ODN0004127028,z,right_only
960F89A7-4F3D-448B-B044-52FA00586CED,,,,,,,ODN0004127029,z,right_only
565EAA3A-B412-4EC8-A9A0-642B5C58F706,,,,,,,ODN0004127030,z,right_only
5AD548AC-122A-4976-B4A0-2FC79B7E87EE,,,,,,,ODN0004127031,z,right_only
56F95FCD-1502-4149-9500-63280CB6D532,,,,,,,ODN0004127032,z,right_only
CB66912A-5B63-498B-B6F1-F859DAE0E110,,,,,,,ODN0004127033,z,right_only
0C55DCCA-D541-4F15-B819-FE246E83472C,,,,,,,ODN0005497465,z,right_only
90569B77-01E8-42E5-8B24-8EAFA624DC3F,,,,,,,ODN0005215903,z,right_only
951443A4-05BF-44C4-90CF-5471A8506387,,,,,,,ODN0004955193,z,right_only
FD8FCCC0-71C9-4251-946D-5359EE130F2F,,,,,,,ODN0004817152,z,right_only
B33EC552-39A7-4630-B095-0C93CAB8DF8D,,,,,,,ODN0005154040,z,right_only
A4EB06A5-3CD1-4C35-BD07-FA54B609B83A,,,,,,,ODN0004817256,z,right_only
071CD6DC-1562-4A9E-82D0-8D40928B9482,,,,,,,ODN0005541560,z,right_only
513ECAA8-A815-44EA-82DE-7EF71BCF10F5,,,,,,,ODN0005169193,z,right_only
F7D5C7AD-D993-4C38-8F2C-0C644A4C2FE5,,,,,,,ODN0005531243,z,right_only
9B46FE1B-49D6-48A2-AF94-8233C87ADE50,,,,,,,ODN0005187242,z,right_only
A1EDF6CE-EA39-4DF5-9169-C0F84001DAA9,,,,,,,ODN0004257005,z,right_only
16B0F80D-8DD3-4891-BE28-64082E30A312,,,,,,,ODN0004257091,z,right_only
46D42DA6-127C-4FC2-A6D6-58EC7A93711F,,,,,,,ODN0004284377,z,right_only
982B5ED4-D597-475E-BA3D-243A4FC326C1,,,,,,,ODN0005169443,z,right_only
099A182A-EDA9-4A9B-AD80-C9EC5A1D73A9,,,,,,,ODN0003938754,z,right_only
BA107137-7F04-4B2B-9D39-40D2786721DC,,,,,,,ODN0005307142,z,right_only
DB574F72-638B-483A-A53D-5FC519D03C71,,,,,,,ODN0004908072,z,right_only
22B09D6F-753D-4D29-B92F-7258C4C579E7,,,,,,,ODN0004955189,z,right_only
DD1FF4B8-08C7-47F9-B38B-5D9AFF74881F,,,,,,,ODN0005504960,z,right_only
F0776325-1D74-4CAA-910E-B24F598722A5,,,,,,,ODN0004126910,z,right_only
70AED739-A1D6-4DF6-885E-1D8D190EFAB0,,,,,,,ODN0005020463,z,right_only
1130AA1B-6402-488C-B33C-814D72E89B1F,,,,,,,ODN0004717229,z,right_only
568FBEE4-4526-4438-B374-42A3666DB52E,,,,,,,ODN0004061761,z,right_only
FC7EDF62-331D-4297-AD1C-647575DC8F08,,,,,,,ODN0003961970,z,right_only
C61D1455-91A7-4709-B657-3531849830A9,,,,,,,ODN0003961971,z,right_only
3191B73F-DCF7-4D87-BA3D-4D2CBC3D4B2C,,,,,,,ODN0004630130,z,right_only
6EF299D4-7846-41AD-9B74-F11FE0EDC749,,,,,,,ODN0003590312,z,right_only
5DABCC90-DF2C-4D90-A922-3A874FFAC71D,,,,,,,ODN0005498043,z,right_only
B5C14D4D-6FF4-4D7A-A2D8-8BA8C6209E61,,,,,,,ODN0005530982,z,right_only
5807E697-F10D-43FD-AE09-876A63733D53,,,,,,,ODN0005541570,z,right_only
ABAA6293-B9D0-46F2-999F-49F48A452520,,,,,,,ODN0005541571,z,right_only
C47B9F85-165B-497D-9FCA-1244EA3D99E9,,,,,,,ODN0005504428,z,right_only
902EACD7-9262-4629-920E-46D3A725F710,,,,,,,ODN0005342117,z,right_only
EFD04872-0724-4604-A0B0-B5C72CEF50B1,,,,,,,ODN0004559452,z,right_only
C675C475-8071-4E0D-9C81-DD041FE0E71D,,,,,,,ODN0005601931,z,right_only
D7EB8B8A-CFEC-4853-B017-918483D2DABB,,,,,,,ODN0005498693,z,right_only
FF0CDAB8-1C50-4444-B932-4830B3B41590,,,,,,,ODN0005329552,z,right_only
368EE727-8BC3-4674-A19E-F722E217B87D,,,,,,,ODN0004941624,z,right_only
3789F14C-43A6-416F-9685-5413872732A8,,,,,,,ODN0004756761,z,right_only
257DA51B-151E-47F2-8CAE-AB074286D468,,,,,,,ODN0003972541,z,right_only
18D60AC0-DACF-4E02-B820-CFE7EFF648FE,,,,,,,ODN0003972542,z,right_only
FE5E0105-CB3E-4C0F-B497-D8C97F40F1C6,,,,,,,ODN0003972543,z,right_only
F0EFA9E9-4B9A-4C77-A236-54BAD68F1153,,,,,,,ODN0003972545,z,right_only
07810378-8BF6-4BD2-AD14-434D487A9270,,,,,,,ODN0003972597,z,right_only
00280173-F078-4343-B929-48236870D6C0,,,,,,,ODN0003972606,z,right_only
DD140130-3D2A-4DBB-BBAD-396257E68C99,,,,,,,ODN0003972616,z,right_only
90F926A5-A635-4A00-B0D2-A3DA4EEA6E1A,,,,,,,ODN0003972618,z,right_only
377178BE-B7CE-4303-9192-4688219E90E4,,,,,,,ODN0003972633,z,right_only
A3D26CC1-B640-4AE4-ADFE-750A19A6C726,,,,,,,ODN0004338056,z,right_only
3D5B7F04-4327-47C0-993E-F43C0D35BCCF,,,,,,,ODN0005208157,z,right_only
4D91FEBD-960D-4091-AAE6-9E895DC34AD5,,,,,,,ODN0005541567,z,right_only
9E972270-2ADB-444F-884D-4AB85857794D,,,,,,,ODN0005530991,z,right_only
2D2E98B9-9D2A-4612-B850-40E2F9CC6861,,,,,,,ODN0005711814,z,right_only
19EE009A-6B82-4618-AC27-CD3750F6B83C,,,,,,,ODN0004285163,z,right_only
6D16F9F2-6B06-47FA-8086-441803A905EC,,,,,,,ODN0005647657,z,right_only
8677286E-6CCD-48A9-8078-0C9BE24678AB,,,,,,,ODN0005504506,z,right_only
CE709CCA-5FB4-4F48-B372-46B6C4E3283D,,,,,,,ODN0005154311,z,right_only
3BD2D268-698A-4092-87F3-F2F981835F1A,,,,,,,ODN0005154340,z,right_only
869E0225-5F2B-48A9-AF93-52B8AD76C320,,,,,,,ODN0005006484,z,right_only
3C145801-4846-449F-8656-CEF8AEC23DA9,,,,,,,ODN0005437358,z,right_only
A0267D69-0073-446D-88D2-BDCE6DE99B9D,,,,,,,ODN0005531398,z,right_only
D464F6DA-619C-4A3F-91C0-7BDE266FCD62,,,,,,,ODN0004898498,z,right_only
0A2B0AC8-CFF9-43F8-A763-AB6AA9E592FD,,,,,,,ODN0005130779,z,right_only
63851967-B5F6-4AAC-A441-D162F518AF7B,,,,,,,ODN0005130804,z,right_only
8F390B38-D626-4FF8-AE84-9745D7EBC4DA,,,,,,,ODN0005090250,z,right_only
27C2A8CC-BFEA-47C0-91F4-151BF3457BBA,,,,,,,ODN0005215945,z,right_only
E1F9882A-F495-4D8F-A417-52E82A76E413,,,,,,,ODN0004324399,z,right_only
1CED6335-9C72-4121-B1D4-69BF29070C15,,,,,,,ODN0005077857,z,right_only
4F31491F-595A-4A84-9BA6-FD69307D4F18,,,,,,,ODN0004421853,z,right_only
C63161E7-A088-4D30-9746-178D82572172,,,,,,,ODN0005501831,z,right_only
7A0E7CDA-90B5-4BCC-82A9-D1FEEEFC5DC7,,,,,,,ODN0003939352,z,right_only
BA2401B4-57FB-40F7-9960-33541E2B840B,,,,,,,ODN0003939360,z,right_only
8FEB7510-441E-4D3E-A744-6DDEF116938F,,,,,,,ODN0005504938,z,right_only
D8B96D99-EAE9-47AF-A3E0-275BB48B6D24,,,,,,,ODN0005504976,z,right_only
77DFC194-3F0C-40C5-A850-537CD41AA226,,,,,,,ODN0005504979,z,right_only
49EF317B-99B3-492B-A9AD-D8EE2AA9427A,,,,,,,ODN0003962042,z,right_only
6C2BCC6C-9852-4C2F-B1FC-5CE0F04E0397,,,,,,,ODN0003939355,z,right_only
D5750D77-2897-4DAF-BF69-8E5B35FA105F,,,,,,,ODN0003939363,z,right_only
15E7F96E-68A7-46B5-BEFD-F3E2C3816B98,,,,,,,ODN0004817588,z,right_only
A1CECAD9-C24B-4C71-93C3-C70E20E1FDFD,,,,,,,ODN0003000061,z,right_only
9628486E-9251-4C53-A77E-437EB9EDFA4B,,,,,,,ODN0002999716,z,right_only
FF6721EA-E675-421D-A3D5-99469CABD421,,,,,,,ODN0002998028,z,right_only
42B1F789-41E1-48B3-AEF2-642D606E1D63,,,,,,,ODN0003216727,z,right_only
CF4B6C90-72F1-4583-B5F4-D3F136F4BEA8,,,,,,,ODN0003216607,z,right_only
8A79FE04-D08E-42C2-93DA-B584D346F513,,,,,,,ODN0003216619,z,right_only
26EDD838-A1CA-4D25-88B0-4E53220D1C6A,,,,,,,ODN0003216620,z,right_only
94F7844B-3AD4-4CDD-A0E3-AEE30B8D5028,,,,,,,ODN0003216698,z,right_only
96CEDD57-C317-4A9D-8111-84BE5CAC7937,,,,,,,ODN0003216699,z,right_only
AF7E9715-F2B6-47EA-A7C4-3615A51666E4,,,,,,,ODN0005538518,z,right_only
F51AB830-7DEE-48FE-B641-14002A5588EB,,,,,,,ODN0005538554,z,right_only
1A3DAE71-DFDC-449D-9685-4A5A9D05D877,,,,,,,ODN0005083332,z,right_only
4D2DC386-1221-489E-9DD4-02ACF3DCABDF,,,,,,,ODN0005225456,z,right_only
8B7E4098-6B2E-4A9C-8F27-2BB810B7E39D,,,,,,,ODN0005083320,z,right_only
C70A0319-A6DF-43F4-882F-04CA946B7B6A,,,,,,,ODN0005147849,z,right_only
1BF35724-8B3F-41D4-AD46-B1D558BD060A,,,,,,,ODN0003086305,z,right_only
77DC082A-0868-4943-A08D-A00BCB9A2A08,,,,,,,ODN0003086506,z,right_only
DCE42C01-C411-4663-A019-F434C13B263E,,,,,,,ODN0003086672,z,right_only
4E07EAF6-6E10-4A93-B1A5-2F2A75B2E152,,,,,,,ODN0003086707,z,right_only
D5236258-4929-4F8D-8DA4-E7959E504037,,,,,,,ODN0003087062,z,right_only
196B09E7-1C9D-4BC7-8CC5-FC358853565E,,,,,,,ODN0003087123,z,right_only
1FDB4232-2F0D-4875-B613-0D8FA8A62F1C,,,,,,,ODN0003087437,z,right_only
191B6766-8724-423D-8618-CAD607C5BCBF,,,,,,,ODN0003087472,z,right_only
F955E603-C5A0-4D74-A5A7-4E5E5EC73DF4,,,,,,,ODN0003087526,z,right_only
46CDBF4C-9862-4C43-9FEB-CD5092229434,,,,,,,ODN0003087549,z,right_only
A5CD91EB-D04E-4CEE-B064-C619C3BB99B3,,,,,,,ODN0003087558,z,right_only
B366FC05-68C6-4393-A6F6-FF24C14E2BFB,,,,,,,ODN0003087585,z,right_only
C7817CC7-EBA2-4B15-A3A7-714DA8ECF1D5,,,,,,,ODN0003087590,z,right_only
9F195319-961B-4B3A-B019-2D4035A35567,,,,,,,ODN0003087598,z,right_only
0F973B9A-41E1-4739-9783-AF085FD254B0,,,,,,,ODN0003087607,z,right_only
F34A0012-CA0E-4FA7-847E-402FC09149EE,,,,,,,ODN0003087628,z,right_only
4D39927A-8E26-4BED-82C1-50FCFDB0AF8E,,,,,,,ODN0003087722,z,right_only
59E4CCCC-6FA0-4BCC-9E17-6EC208F20E0B,,,,,,,ODN0003087739,z,right_only
D1CC902D-7B74-4DB3-87A4-6C47A7C72E35,,,,,,,ODN0003087764,z,right_only
3F7BCE3C-C6C3-4B6D-B066-7031FCEB0D21,,,,,,,ODN0003087785,z,right_only
F290728E-89F9-465D-A9E9-96E2F4E4FECD,,,,,,,ODN0003087831,z,right_only
C29BDEA8-9EA0-475B-9201-DCBA47B7E7C6,,,,,,,ODN0003087833,z,right_only
ACBADBA6-8F25-4CF5-90F3-0ECAC7343D7D,,,,,,,ODN0003087837,z,right_only
CFD4EFD8-7AC7-48D6-B846-2089E928CCDF,,,,,,,ODN0003087886,z,right_only
59D6E692-94FD-498A-A436-5247117337C2,,,,,,,ODN0003087903,z,right_only
584EB1FF-D440-49DC-9CFF-4DDBBFE6DE32,,,,,,,ODN0003087940,z,right_only
D82260F3-6263-451E-90E2-7BB74BE7C54F,,,,,,,ODN0003087941,z,right_only
E89C2CC4-4357-47C1-9C54-27FD138457E0,,,,,,,ODN0003087942,z,right_only
9EB1BA83-7B7E-4F0A-8E4B-15D82AC2B93A,,,,,,,ODN0003087943,z,right_only
95C5BEB9-D995-4B2E-B46D-C858FF99606F,,,,,,,ODN0003087944,z,right_only
09BB8B2F-D6D3-495B-AF74-2EE0C225895B,,,,,,,ODN0003087945,z,right_only
89C6AD1C-3DC9-440F-8C3A-C24762BAF0B2,,,,,,,ODN0003087946,z,right_only
4609E579-2B9E-454C-A9DA-6D690BD6603D,,,,,,,ODN0003087947,z,right_only
A2259043-3D17-49FF-8814-2B5E17BFBEC2,,,,,,,ODN0003087948,z,right_only
2DC16B2A-734F-4080-B979-D12E2398339B,,,,,,,ODN0003087949,z,right_only
9207586A-63FA-491D-9C46-05E8498ED396,,,,,,,ODN0003087950,z,right_only
8BB2F49F-590F-4FF0-B4A5-6E0A66C47352,,,,,,,ODN0003087951,z,right_only
8A96679D-7639-49A9-B139-0138FA1DBAEF,,,,,,,ODN0003087952,z,right_only
F954EDDE-77A6-4EE8-A3C4-74EE07049146,,,,,,,ODN0003087953,z,right_only
B8AE399E-E28D-47A0-9ADC-A8F4C87DF50A,,,,,,,ODN0003087954,z,right_only
69B1A459-015D-4202-9320-CA11970F5BD4,,,,,,,ODN0003087955,z,right_only
6520E6A1-48DB-4C7A-B74F-587E046F7D77,,,,,,,ODN0003087956,z,right_only
F5AC4EEB-2ACA-4155-AD36-AAA9801E4255,,,,,,,ODN0003087957,z,right_only
EFDE13DC-B8AE-414A-B242-D05F2B210C55,,,,,,,ODN0003087958,z,right_only
857664F3-018F-4663-B837-861544E97084,,,,,,,ODN0003087959,z,right_only
309D430C-8242-48A5-BD84-D18C9E54D37D,,,,,,,ODN0003087960,z,right_only
0850235C-9E59-4347-9913-B5F340376AF0,,,,,,,ODN0003087962,z,right_only
5DDC631E-AEF3-4365-A8B8-0E8182C99EEC,,,,,,,ODN0003087963,z,right_only
96ECAC00-1D58-46E1-A060-8809D81B803C,,,,,,,ODN0003087964,z,right_only
74784C5E-AA92-437F-8BB9-E19A90A8461C,,,,,,,ODN0003087965,z,right_only
D75B8A4E-E3DE-40AF-953B-0A6BD63C9B0B,,,,,,,ODN0003087978,z,right_only
51DD33AD-BEEC-4C67-91DA-6EF19FC5FC12,,,,,,,ODN0003088009,z,right_only
CE6EDD6A-16C4-4507-B6FC-856A2E25A408,,,,,,,ODN0003088031,z,right_only
17CF250D-7622-4D39-9FB6-F61182529107,,,,,,,ODN0003135248,z,right_only
96BA1C99-1888-447A-B91C-109BFFBD1F51,,,,,,,ODN0003135262,z,right_only
35BE4E7F-E8A2-4BAE-AEE5-9790079E9E45,,,,,,,ODN0003135365,z,right_only
3662D7DF-0865-4B86-A28C-F46B0EB0C552,,,,,,,ODN0003135366,z,right_only
661D8ABA-826C-479A-A0C7-C03D8AA92E45,,,,,,,ODN0003135367,z,right_only
0C817976-496F-4697-A35E-F21E5A621F1C,,,,,,,ODN0003135368,z,right_only
16F9025C-6CA5-4166-8D67-96F3E681C9C7,,,,,,,ODN0003135369,z,right_only
27F23DCC-723A-490F-B95C-2BFB55D7D9DA,,,,,,,ODN0004160057,z,right_only
3834B81F-3400-427D-BE2A-0E87E9EA089A,,,,,,,ODN0004160058,z,right_only
9C3CEFC1-ED0E-4E7A-B507-F46C5440FA37,,,,,,,ODN0003923709,z,right_only
C8F1000F-968C-4A85-A87C-291C6DAAAE96,,,,,,,ODN0003578596,z,right_only
AAF7A4FE-9131-44FF-8245-4F956EBDFB3F,,,,,,,ODN0005102682,z,right_only
D8FB87F4-BDD3-4DD9-9795-65A32728B19B,,,,,,,ODN0005102683,z,right_only
AB6A95F3-DAEB-4781-8F9D-A7F958041658,,,,,,,ODN0005102684,z,right_only
95942924-0755-4603-A758-6437D99C13E5,,,,,,,ODN0005181647,z,right_only
93B698BC-A7F1-4A6D-8FF3-80224557BA9B,,,,,,,ODN0005181648,z,right_only
C05F653D-E0F5-41B4-A080-8AD25D7232FA,,,,,,,ODN0005181649,z,right_only
3BBAE0BF-44AC-411D-90C4-27E5DBC95A66,,,,,,,ODN0005181650,z,right_only
AD73390D-D1B4-4DA9-B1FC-B9D8DCFD437D,,,,,,,ODN0005181651,z,right_only
A5C36AA9-C903-4E5A-BC70-EB815BC3D809,,,,,,,ODN0005181652,z,right_only
3F8BAAEE-DCCD-468F-A43B-0D1FAF59E1B1,,,,,,,ODN0003923713,z,right_only
746C7837-FFC2-4B6E-BDC3-3AC4B5C27C9C,,,,,,,ODN0003923714,z,right_only
9C89A48A-EBB7-4792-B7BA-552FEF73705D,,,,,,,ODN0003923715,z,right_only
E1D8A5A5-2125-4992-8DA9-D08FCC95B126,,,,,,,ODN0003923719,z,right_only
749EB002-621A-4A63-93CA-B2F83FA68BE2,,,,,,,ODN0003923721,z,right_only
97367DAE-AE12-4115-8E6D-7C45CED80C3E,,,,,,,ODN0005102685,z,right_only
2F23142B-F73B-435E-BFA1-DE4C660411D7,,,,,,,ODN0003347766,z,right_only
F74B6895-DF10-4723-B390-56DED71296A7,,,,,,,ODN0003911358,z,right_only
1D46198A-2D9E-429F-A7D0-D204FAE425AB,,,,,,,ODN0003347768,z,right_only
9735AD10-23C4-4B34-A9C0-350A2DEAA0E4,,,,,,,ODN0003347771,z,right_only
32C0EA85-F764-4BCA-82C9-22B97B5482E8,,,,,,,ODN0003347773,z,right_only
0CDC93CE-165C-4FD8-9256-07D47E8BF9BE,,,,,,,ODN0003911369,z,right_only
8246E1CD-ABB3-40D8-AF4A-4EC068398A46,,,,,,,ODN0003347774,z,right_only
F900A1B7-3D20-413F-BF12-B794DFC59502,,,,,,,ODN0003911370,z,right_only
072A90E9-6B27-41BA-B736-8EFA0440E26F,,,,,,,ODN0003911371,z,right_only
4F73E9E0-DD89-4EB1-9822-1206EAD8A248,,,,,,,ODN0003911372,z,right_only
79E8EEC4-1AE3-4CB9-BD63-072B394620DA,,,,,,,ODN0005181657,z,right_only
24CC3504-4F55-45A7-9DB4-87C9633D2B25,,,,,,,ODN0004690101,z,right_only
06B91B1E-3347-4868-9D41-40A697E2A51B,,,,,,,ODN0005181658,z,right_only
24A7F120-7929-4BB0-9FF6-1541A600F5BE,,,,,,,ODN0005181659,z,right_only
2D0EC182-BBAC-4BE5-BBDB-BEBE20DB16FC,,,,,,,ODN0003923727,z,right_only
08980220-D51A-4A78-8314-163DDBF26ABF,,,,,,,ODN0005181660,z,right_only
43F77D7A-6567-4A5C-A2DE-6A0FB99AA6A6,,,,,,,ODN0005181661,z,right_only
45A24CE6-7506-4431-8F9A-0D18FB1BEE4A,,,,,,,ODN0003923729,z,right_only
A3A92342-7F70-457E-89BD-705A64715D6D,,,,,,,ODN0005181666,z,right_only
1CA91DEF-5D51-4964-A0A8-6AE47CE7562B,,,,,,,ODN0005181667,z,right_only
73B05CE0-2559-40D6-B8A1-0BF0A42999BA,,,,,,,ODN0005181668,z,right_only
C897D9C2-9B7D-44D8-8C09-41FB2AE21277,,,,,,,ODN0005181669,z,right_only
AB3073DD-A574-402B-A386-EB23B3838154,,,,,,,ODN0005102679,z,right_only
8CC67F9A-342F-4C03-9E6B-1842485E0B0A,,,,,,,ODN0005102681,z,right_only
63DBF033-4A11-4EBB-BDD0-BA87B5FC71C3,,,,,,,ODN0005181645,z,right_only
83E40DF7-CB8C-4548-A17A-D5E218C30D3C,,,,,,,ODN0005181646,z,right_only
C92B09CB-CE15-42F8-BD0A-723B3DAF1F1F,,,,,,,ODN0005181653,z,right_only
D9098956-2DC2-41F1-A78E-967AB9FF0F54,,,,,,,ODN0005181654,z,right_only
8C8DDE7F-F6AF-44C2-B20A-6CAB1B19A449,,,,,,,ODN0005181655,z,right_only
AD79FC5D-73B3-4BD1-9614-4A60F86BB317,,,,,,,ODN0004690099,z,right_only
FA67FF34-30F3-4621-96FC-1C5401B8098A,,,,,,,ODN0005181656,z,right_only
2718A143-4852-40D6-94E5-CE2472DB97C5,,,,,,,ODN0004690100,z,right_only
D193C567-B226-422E-A2A6-E0799F1AF3A9,,,,,,,ODN0004690123,z,right_only
9D92C1D0-BB47-4BDB-9950-E03948DCBE8C,,,,,,,ODN0004690124,z,right_only
D722B7B0-F3C4-4498-8023-088A9E1CD074,,,,,,,ODN0004690125,z,right_only
E3CDBF5D-63B7-4A83-8FFC-C7F2D6E9B4FD,,,,,,,ODN0004690126,z,right_only
8F891850-8EF1-4814-9CDF-1190FB79E2C2,,,,,,,ODN0005181663,z,right_only
2EAF7BD2-73FF-402A-B4EA-94E2FED83DC0,,,,,,,ODN0005181665,z,right_only
ECFBE4E2-F39A-4E8F-B68C-BA02C6D09A78,,,,,,,ODN0004690127,z,right_only
5BCCA7E2-135B-47C8-BA05-9A9E6F5F2C8F,,,,,,,ODN0004690128,z,right_only
B6FFF777-9BDA-4F4B-9406-6A30E2CC4C12,,,,,,,ODN0004690129,z,right_only
5350C6CE-F053-47A1-BD2C-19EE50E0AD17,,,,,,,ODN0004690130,z,right_only
4328C8F6-3B4C-4865-82F6-BC5A5E13E4EC,,,,,,,ODN0003347754,z,right_only
5ED12E81-0473-4FA0-8661-849D5F9768ED,,,,,,,ODN0004570631,z,right_only
05B69F74-FC28-431E-AB9A-4F030B88E814,,,,,,,ODN0004570632,z,right_only
64DA0BE3-9EF3-4EE3-8DD3-D165160F96F6,,,,,,,ODN0004570633,z,right_only
AEC556D0-DB57-4591-968C-7543C9FEB921,,,,,,,ODN0004570634,z,right_only
EA9DED83-7A35-436F-8BC6-A49AB2CA2460,,,,,,,ODN0004570635,z,right_only
1434A687-92DE-40A4-AC98-16D7361A2CB8,,,,,,,ODN0004570637,z,right_only
69B30ECF-3F26-4C8D-8D11-ED3D897AF11B,,,,,,,ODN0003347777,z,right_only
57DDA60C-1E74-4BFC-8B2A-F9FF13FC9AEB,,,,,,,ODN0004570639,z,right_only
4FDA45EC-43EF-4FCC-B665-9E19133C6EA1,,,,,,,ODN0004570640,z,right_only
6B610CC2-853D-4950-9824-0EB0564BBA87,,,,,,,ODN0003347785,z,right_only
471DF7BD-AE12-41D1-AEE0-5C3820993431,,,,,,,ODN0004570641,z,right_only
68A697A3-8660-4EAC-9997-9DD0039F1445,,,,,,,ODN0004570642,z,right_only
406FAC06-00BC-4F8E-A8FD-E1D413BF495C,,,,,,,ODN0003768460,z,right_only
958BEFE4-6006-4C73-8C9A-8236731405EB,,,,,,,ODN0003347755,z,right_only
1B73128A-B6F6-46E9-90DF-35706262E6D5,,,,,,,ODN0003768463,z,right_only
387F84AA-AAB6-49F0-B5D9-84AE6A87F6C8,,,,,,,ODN0003347757,z,right_only
8FE1E6A2-40E2-4CA2-AC04-1A884048C8A9,,,,,,,ODN0003768465,z,right_only
EF937569-85F7-4B13-89DE-4BF72B75385B,,,,,,,ODN0003768467,z,right_only
B0F2FCF6-B383-4FE3-98ED-DDCB19C34906,,,,,,,ODN0003768470,z,right_only
7531AF57-3085-4F20-A2C6-216334F2B414,,,,,,,ODN0003347760,z,right_only
A0534B4E-4A4C-47DB-A8B2-CB85C36E422E,,,,,,,ODN0003347763,z,right_only
04A1737E-7266-4D90-B032-739F4989422C,,,,,,,ODN0003347782,z,right_only
81002B0A-9C4C-4635-819D-D04DA79C9CD7,,,,,,,ODN0003347783,z,right_only
A5477A28-3667-44F8-8510-5D61E6C7C71F,,,,,,,ODN0003347792,z,right_only
42E57346-0F20-4099-8CBE-0289909AD106,,,,,,,ODN0004637448,z,right_only
E9ADA92D-01AE-499E-95CF-AF62828413D1,,,,,,,ODN0004159999,z,right_only
E9694EC6-327D-4935-AD64-8308E4BCBA53,,,,,,,ODN0003146578,z,right_only
1E071DD2-8BDF-48F1-BBD3-03D3AF3A8688,,,,,,,ODN0004484739,z,right_only
AF0CD700-85DD-4677-B9D5-DF97DE3B647B,,,,,,,ODN0003146765,z,right_only
85659296-A574-4460-A214-FF97A3B3BAD0,,,,,,,ODN0003146819,z,right_only
D3655287-3F3D-4F10-96CA-4239F5468855,,,,,,,ODN0003146692,z,right_only
51EE82CB-1C2C-4FE0-8AB2-EB72225A08AA,,,,,,,ODN0003146686,z,right_only
EA1A156E-BBF3-43BD-AA38-7149699F872F,,,,,,,ODN0003146694,z,right_only
7C8F6969-48EB-4AEE-895F-A952CAD0BE1A,,,,,,,ODN0003146689,z,right_only
48788055-01B9-4F0E-B623-ED996600EDB7,,,,,,,ODN0003146696,z,right_only
BBAEEA2E-16AD-401F-A5EC-D02AA58F93CE,,,,,,,ODN0003146697,z,right_only
86EFE1C3-4064-4587-B5B2-F86F859F3EC9,,,,,,,ODN0003146693,z,right_only
2AAFB77B-9A92-4DDA-A783-490FE86C6C37,,,,,,,ODN0003146687,z,right_only
534B0BCC-E74B-4B13-A41C-254F21677C93,,,,,,,ODN0003146691,z,right_only
C7CCA849-E7C2-401E-8F7D-92B5F7DA746F,,,,,,,ODN0003135503,z,right_only
08C2CA83-04C3-4B6C-B61D-46E5C4EB942C,,,,,,,ODN0004159954,z,right_only
85A27126-A6F7-4837-A7B2-35F3207D905C,,,,,,,ODN0003146244,z,right_only
72248614-11E2-427D-A89A-2FE8945ACEE9,,,,,,,ODN0004252839,z,right_only
F7B97CD2-97E1-4EB5-B641-55F709D22D44,,,,,,,ODN0003146568,z,right_only
B0355330-F7CD-4DED-8711-19A1D04528E5,,,,,,,ODN0003135431,z,right_only
7F09BED3-1196-4403-A8D9-0EFB9F58985B,,,,,,,ODN0003135430,z,right_only
B9CCC4B8-2593-4334-BE7D-DA3F7EB6CA74,,,,,,,ODN0003135441,z,right_only
33EA93C1-B0D4-433F-BB0A-5C7A783E93C0,,,,,,,ODN0003898428,z,right_only
27BD6E96-3EA6-4E1E-8466-5EFB8D7A44EF,,,,,,,ODN0004846021,z,right_only
648771F9-4732-491A-A27A-998D05F5E7CC,,,,,,,ODN0003135723,z,right_only
2AEBFDE9-5E3B-4393-82D3-FBFE6B6B4BB6,,,,,,,ODN0003146031,z,right_only
D04208AB-1C82-4B78-A7E9-95A547B38426,,,,,,,ODN0003146033,z,right_only
2A6621DD-064B-4D5E-872C-2C875AA62713,,,,,,,ODN0003146032,z,right_only
94D7A90C-76F4-4A1D-91CC-D7C2C9A8C20C,,,,,,,ODN0003146135,z,right_only
24CB6FF3-B500-4D90-B596-6C7F2F28FA8E,,,,,,,ODN0003146134,z,right_only
56A4B9C0-B578-461B-B25A-D31C92F8DCF2,,,,,,,ODN0003146548,z,right_only
354C8024-4ED2-4031-89AB-586CE2CEB8B4,,,,,,,ODN0004846029,z,right_only
D5EB4FCF-3121-47E3-B99B-8C632FDFCC5E,,,,,,,ODN0004846031,z,right_only
1ED47F07-6ECB-4245-9419-6918F944BCF7,,,,,,,ODN0003146855,z,right_only
99036755-DDE4-48A6-B394-9366A2771D0E,,,,,,,ODN0003146866,z,right_only
81CDEAD1-1AD1-46DA-81DF-6FF7B897AD6B,,,,,,,ODN0003359041,z,right_only
219193D9-9E60-430B-B7CE-1753D6F74E30,,,,,,,ODN0004846032,z,right_only
698F637C-C471-4E05-85AF-BC54746C62F4,,,,,,,ODN0004160000,z,right_only
28A9B9CC-0A6F-49E0-BB21-C8BF254D58F8,,,,,,,ODN0003147312,z,right_only
13925608-1627-49F1-801F-D6B1297F68F4,,,,,,,ODN0003147411,z,right_only
69E43AED-F9FD-4B47-9454-7788245BCEFA,,,,,,,ODN0003704237,z,right_only
62C4D4A2-B658-4D25-90FF-DE23D4CDB4EF,,,,,,,ODN0003704238,z,right_only
F50F3B2E-7FCE-4B6A-B0F8-CF30773691CE,,,,,,,ODN0003704239,z,right_only
640FE0C1-570D-4D97-B8E0-CE793F54F453,,,,,,,ODN0003155916,z,right_only
1B8C52ED-4F2B-433A-A06C-988A2AAAAB9E,,,,,,,ODN0003359073,z,right_only
E9407A62-F843-4DAE-B1F6-812ED5AFE402,,,,,,,ODN0003146237,z,right_only
C5E122A0-588A-4088-81C9-75D5FEB7B97B,,,,,,,ODN0003146238,z,right_only
B77325B1-7BD1-4014-90C8-46CCD4FA7FCB,,,,,,,ODN0003146239,z,right_only
03D2B175-E2D1-4E9B-B158-648D1D33A758,,,,,,,ODN0003146240,z,right_only
DABB1476-C88A-461C-8892-A86D9F2ABA5D,,,,,,,ODN0003146241,z,right_only
A47A3204-0511-45FA-9362-023F55AC24EE,,,,,,,ODN0003155950,z,right_only
D61D346B-D1CF-43B2-8A9B-013F29814338,,,,,,,ODN0004308277,z,right_only
59F0C629-9BE7-4858-8B88-F5734EF1E496,,,,,,,ODN0004846041,z,right_only
B719A47B-5416-4A3E-BCDF-BEEF06492C2F,,,,,,,ODN0005099105,z,right_only
79ECCC24-73AE-4D5F-B64D-A3E8AEB5951E,,,,,,,ODN0003155894,z,right_only
D6CF1A1D-E237-4246-9CDE-BE3819496108,,,,,,,ODN0003155897,z,right_only
BC2E6AC6-C736-43BB-B78C-05EFF17514D1,,,,,,,ODN0003156244,z,right_only
B3E53E7F-8F2B-4F0F-A789-E09A2077E71A,,,,,,,ODN0003146043,z,right_only
682C5FFF-6C2C-4696-B50C-1D7550A15B1D,,,,,,,ODN0003146042,z,right_only
53077E55-C479-485A-B858-EA258B52465B,,,,,,,ODN0003146045,z,right_only
00EEE8DD-D0BC-4646-AD08-35FC30151AB8,,,,,,,ODN0003146044,z,right_only
9CB0029F-3EAF-4EA5-B690-482A17FBA97E,,,,,,,ODN0003155932,z,right_only
2C765997-20BE-4264-B4B6-4E1AC932F919,,,,,,,ODN0004637449,z,right_only
5042DEB8-46E9-45C7-B4D4-5F904CB93328,,,,,,,ODN0004637450,z,right_only
D95272D2-68CF-4C9B-BE82-BF70FC4EAD50,,,,,,,ODN0003661415,z,right_only
03C9A9A2-B347-4B23-AAF9-71665DF78DA9,,,,,,,ODN0003617588,z,right_only
43D9D9F1-7AB6-465E-8BD8-03334D3EB2B7,,,,,,,ODN0003437304,z,right_only
B6AB33E3-0B3C-47A8-A48F-613BC210E3C1,,,,,,,ODN0003146131,z,right_only
9F0A11B8-2055-4D7F-BACF-2C2285A6FED7,,,,,,,ODN0003146132,z,right_only
13D35178-5C29-4D3F-95EA-3FDE1F527D8C,,,,,,,ODN0003146114,z,right_only
0C87BAF9-69FE-4AFF-9094-722A95DC72DE,,,,,,,ODN0003135801,z,right_only
D0083A91-CA0E-4105-9A59-8C0E14051D65,,,,,,,ODN0003146365,z,right_only
5E469673-126A-49BD-A80F-432D1FBAA564,,,,,,,ODN0003156080,z,right_only
825FC1CF-FEA1-4BFD-AC4F-4CBDDA504811,,,,,,,ODN0003156079,z,right_only
42C8D735-41B2-4CAA-B4C5-F50F4F156042,,,,,,,ODN0003156085,z,right_only
E40190B9-641F-4501-81B4-70CD6DE4A93A,,,,,,,ODN0003156084,z,right_only
B5C24AF9-08FE-494C-9152-2EB79FB13468,,,,,,,ODN0003156083,z,right_only
39389A5B-BB2D-48F6-A28E-18059E30D9B1,,,,,,,ODN0003156082,z,right_only
4B7B46ED-F158-4639-9F3A-4C2E6B8546DC,,,,,,,ODN0003156087,z,right_only
DAA2E6E6-10BE-463B-BE24-1AEDEC83CACB,,,,,,,ODN0003156086,z,right_only
095B591D-BD78-4546-B631-3F74C694E21F,,,,,,,ODN0003359082,z,right_only
C87AB8DD-126F-4B2E-8FD2-6EB6780EB774,,,,,,,ODN0003359086,z,right_only
3543E946-E004-4101-96ED-7298F660B4EF,,,,,,,ODN0003359085,z,right_only
7CC6C6F2-6111-4E1B-992E-61B76266B7A4,,,,,,,ODN0003359084,z,right_only
5A706478-914E-4427-A18C-77F23C35404D,,,,,,,ODN0003359083,z,right_only
8FDE788B-C1C8-4B8F-9E59-7F00A8AC4A73,,,,,,,ODN0003135779,z,right_only
F2283B4D-0F7A-489B-A0A7-B7774093E263,,,,,,,ODN0003146089,z,right_only
4B1D4CCB-DDA4-465A-9767-017344367B7F,,,,,,,ODN0003146091,z,right_only
8C404029-9D1A-4E87-AD96-4C310C645271,,,,,,,ODN0003146401,z,right_only
CB98F9AE-BDCA-4229-9568-B5954E6D8D96,,,,,,,ODN0003146403,z,right_only
C1E0FEA9-2020-42DA-B734-E268F1C5AA83,,,,,,,ODN0003146402,z,right_only
FC9FBF6C-0B0A-41FF-978F-E6214C7221D7,,,,,,,ODN0003146426,z,right_only
9992B88C-3CC6-4137-AB4A-3BD3908B1956,,,,,,,ODN0003146407,z,right_only
EAF5722F-4917-49A5-9D83-2FCA284EFDEF,,,,,,,ODN0003146408,z,right_only
BFE4ECC6-F77F-4446-B67E-3AD4F183BC94,,,,,,,ODN0003146409,z,right_only
268FD418-1608-4EF4-BE0B-84DD2F414889,,,,,,,ODN0003146410,z,right_only
E2125F1C-0785-4EC2-A143-8929DF033D77,,,,,,,ODN0003146411,z,right_only
B7236EB4-D883-4041-9EBC-132FBB79ECE5,,,,,,,ODN0003147200,z,right_only
1C9C82FD-35D1-4A5E-AFEF-20CA4C17FDD7,,,,,,,ODN0004160001,z,right_only
174DDDAC-4DC9-4A8A-80ED-1AA5AD5F0859,,,,,,,ODN0003135579,z,right_only
742841A0-519D-409E-8780-7DE3D0EB4DF3,,,,,,,ODN0003147371,z,right_only
DDC2ABE5-3F93-4484-B155-2BAB241C6AEA,,,,,,,ODN0003147372,z,right_only
83616F2E-631D-4D57-B157-F9E64B81C7AB,,,,,,,ODN0004637467,z,right_only
6EF10C83-B430-4EFA-B733-D29400154CC0,,,,,,,ODN0003135661,z,right_only
94F0160E-0C9A-476F-90A1-A6AED91B1F89,,,,,,,ODN0003135660,z,right_only
1C4E4F62-EDE6-4CC6-AB26-A2D425AF8C6B,,,,,,,ODN0005147866,z,right_only
370ABC62-4C4C-4C3C-9375-66C51C988E70,,,,,,,ODN0003135685,z,right_only
EE8B6884-DC40-4145-A13C-4E2F9CFC6F93,,,,,,,ODN0003135550,z,right_only
CBCBFECA-85FD-42CA-B784-2A0208B4F069,,,,,,,ODN0003147381,z,right_only
C791E5A4-7175-4675-9926-CD3D857049D6,,,,,,,ODN0003147244,z,right_only
9D4F8524-1367-4429-9DA5-CDD885E7F846,,,,,,,ODN0003135415,z,right_only
029B4B83-7DE4-402B-96F9-D8D5ECB857E6,,,,,,,ODN0003135416,z,right_only
410B2EB2-B4B6-4C97-943B-39AA46C04AF1,,,,,,,ODN0003437310,z,right_only
517B9184-6652-4B54-B0EE-CABCDB71F4D1,,,,,,,ODN0004846028,z,right_only
FFC40E88-F6DE-4B3D-A5B6-5081050CD3B2,,,,,,,ODN0003146962,z,right_only
15B26A53-815B-4581-8892-5D21313FC681,,,,,,,ODN0003146961,z,right_only
44A44A09-5FA5-414E-91BE-DF068B9D97F5,,,,,,,ODN0003147042,z,right_only
9A74D552-E1AD-4482-BF3A-3F6E355E214E,,,,,,,ODN0003146017,z,right_only
9FE17817-46CC-4160-8100-239E7AAB29E8,,,,,,,ODN0003146020,z,right_only
3B7DCCB3-F780-4509-AF28-5E2A0997D106,,,,,,,ODN0003146019,z,right_only
13DD5261-22F4-407F-93BE-02C8F765D195,,,,,,,ODN0003155977,z,right_only
AA36593C-F847-41A3-9C7B-8B0B0801E195,,,,,,,ODN0005514156,z,right_only
2D4736F8-8C6C-40B8-9700-228DE301BFAB,,,,,,,ODN0005514162,z,right_only
CA8AD068-5793-45C9-9D17-0BA00EA511D6,,,,,,,ODN0005514189,z,right_only
C1984884-8893-4F0F-9683-89AAA11F560B,,,,,,,ODN0005514200,z,right_only
5535D4BE-121A-49E9-B95A-A25228A61E9D,,,,,,,ODN0005514229,z,right_only
2005948E-15F9-4B6B-8157-F9AE6E762DC7,,,,,,,ODN0004653451,z,right_only
28EE8049-1DD1-4B34-8DA5-4CF6F56294D1,,,,,,,ODN0004653840,z,right_only
34748A19-9981-41A9-9109-DCAC63DE5CC1,,,,,,,ODN0005526626,z,right_only
1747429C-0525-4873-806D-75D59BC796DE,,,,,,,ODN0005298643,z,right_only
C89084BD-54F9-4470-963B-8CF855E28C9B,,,,,,,ODN0004653075,z,right_only
3A798AD5-D23B-49D9-BE18-0F2EE265BDDE,,,,,,,ODN0005579101,z,right_only
3226C632-3109-4125-9CEF-7F3DEC6720FD,,,,,,,ODN0005540136,z,right_only
2F773432-D3C1-4736-B170-3E8DC4B652ED,,,,,,,ODN0004645462,z,right_only
DA301971-166D-4E5E-B743-C75EABEE15D0,,,,,,,ODN0004644966,z,right_only
C1BEDAC1-7C74-4F59-9619-3EA3B0AE37C7,,,,,,,ODN0005425188,z,right_only
27B135E7-01BE-4B6D-BF3E-9AFE4BA807E7,,,,,,,ODN0004645110,z,right_only
012AF348-3EF3-437F-8154-1EE8E9E00661,,,,,,,ODN0004645141,z,right_only
B65BB830-E342-43DC-85F2-566BBB786AEA,,,,,,,ODN0004645221,z,right_only
460C2F31-6D2A-41CA-88DC-B69ED923AD73,,,,,,,ODN0004645287,z,right_only
4D3C8DEA-8C70-490B-99B6-3C3F8870B1B6,,,,,,,ODN0004645302,z,right_only
AE7380DC-D4D6-4A44-AD0B-12E3C37F34CD,,,,,,,ODN0004645349,z,right_only
E66EE261-AD22-421D-BFEF-C9C7D0260C4B,,,,,,,ODN0004645350,z,right_only
A22F800B-92AF-4511-9667-7476A4DD484A,,,,,,,ODN0004645394,z,right_only
A81EDAB1-BE7F-4148-BD79-84B8D19EA397,,,,,,,ODN0004645410,z,right_only
5E84CB85-D5EC-4D45-81B9-630E71ED5A91,,,,,,,ODN0004645446,z,right_only
79957691-E181-49C3-A154-7AD7E2A0A399,,,,,,,ODN0004645535,z,right_only
1C39C63A-DB32-496D-A9AC-CDF182CAE36C,,,,,,,ODN0004645619,z,right_only
0EF492CF-E6E6-47A6-AA42-81585F3504B9,,,,,,,ODN0004645620,z,right_only
4891650E-DFBB-41BF-947F-CC1E82D22DEE,,,,,,,ODN0004645627,z,right_only
2DEAA6BF-3D10-47ED-BF6D-FBD860B52420,,,,,,,ODN0004646819,z,right_only
39FC1704-67CA-4FAB-8AFD-20ACEA2A51AD,,,,,,,ODN0005048320,z,right_only
44D0F1D0-7825-44C1-BAB8-98A1434826E4,,,,,,,ODN0005048328,z,right_only
9E54681F-F872-4827-9F91-E1627107450C,,,,,,,ODN0005048329,z,right_only
23B023CB-EDCC-4BEE-B258-7AAC747EA52B,,,,,,,ODN0005526627,z,right_only
F8576D20-4527-48F1-8B1D-D45694DEFBC0,,,,,,,ODN0005494619,z,right_only
C742184C-18FB-4D43-82DB-8E200F1CCC40,,,,,,,ODN0004655819,z,right_only
6904E28A-4E24-4219-A30C-E15872AD96D9,,,,,,,ODN0005526616,z,right_only
FA24DA84-CEEE-478D-BED9-FE0D62E7EAF2,,,,,,,ODN0005526617,z,right_only
0F7E897A-2E1B-42B4-BE84-F654DA407BD6,,,,,,,ODN0005526630,z,right_only
CFBA649C-7453-4F29-A5E4-129E0B44BBCE,,,,,,,ODN0004761692,z,right_only
F132A056-FE1E-457C-A19F-84E9DB5F47B1,,,,,,,ODN0004734345,z,right_only
CF697545-282B-4F96-98D8-9CF13199E034,,,,,,,ODN0005579107,z,right_only
0D64B67F-098C-4AD2-A881-E061E5600471,,,,,,,ODN0005062479,z,right_only
9743F161-2E13-414D-AFD2-8C818719792A,,,,,,,ODN0003915842,z,right_only
BF544564-F039-4238-B607-93EED4C11003,,,,,,,ODN0005367802,z,right_only
F40CCF13-9EEC-4793-A455-A150F7D42C25,,,,,,,ODN0004646374,z,right_only
6BA593E4-3F6F-455F-B736-FA8028EBDCB9,,,,,,,ODN0004182482,z,right_only
4A6C531D-2877-4BC4-A86A-E9ED2E91933A,,,,,,,ODN0005514151,z,right_only
96192D91-A1DA-40E9-8B56-F7CBB4BAB7F8,,,,,,,ODN0005540134,z,right_only
BE845160-8898-4FD1-B651-38BCA74DB927,,,,,,,ODN0003826569,z,right_only
D927FD00-936B-4232-8C54-42A2AB820E8D,,,,,,,ODN0005449148,z,right_only
FEA66966-73AE-41FF-9BD3-658B9A8B6BB2,,,,,,,ODN0005540143,z,right_only
9B9C9911-480D-451C-86C7-20B1B7C1A4BE,,,,,,,ODN0005540139,z,right_only
40F80265-FEFC-4181-A2B4-270A8AF8FE71,,,,,,,ODN0005540131,z,right_only
EAF61643-A9C1-408C-92A8-AC3D0ECB4770,,,,,,,ODN0005540148,z,right_only
871BADA8-AE13-46C0-97DD-D6DB471F4881,,,,,,,ODN0005579162,z,right_only
0C2C795B-3149-4BC5-8565-979D63D70E0B,,,,,,,ODN0005526609,z,right_only
3FECDA0E-D873-4380-8454-09F530FCCC91,,,,,,,ODN0005749683,z,right_only
12A5EC76-8AD7-4186-BFEF-C0118A8DC79B,,,,,,,ODN0004862305,z,right_only
8D30A0C3-BA13-457C-854B-3806D3F7C9AA,,,,,,,ODN0004678138,z,right_only
692FB3C0-51D1-435F-A947-755DE61605D0,,,,,,,ODN0005540150,z,right_only
67B002D9-2C6C-4E80-BAF8-8723271D0D52,,,,,,,ODN0005514211,z,right_only
1F18DEAF-A5E6-4A83-8D24-6A0B3B09F2E7,,,,,,,ODN0005048327,z,right_only
D7FCA8A1-A3BF-40F2-96AA-A840555A7E90,,,,,,,ODN0004646058,z,right_only
C17D9B5C-2350-4063-B71E-AC067AD0BF2B,,,,,,,ODN0003633462,z,right_only
96DEFBF5-64ED-4F8C-B9AC-2489A5365508,,,,,,,ODN0005341522,z,right_only
859E2F05-3B48-49E6-B676-8FFA0F6FF3F4,,,,,,,ODN0003633625,z,right_only
21ED058C-EE76-4F25-99CA-813512BCE6F2,,,,,,,ODN0005341636,z,right_only
84CD5E42-F33E-4736-BA9F-9CBB2A882E09,,,,,,,ODN0005341471,z,right_only
36558282-FED6-401D-9654-52E59A32EE44,,,,,,,ODN0005341472,z,right_only
A907A825-19C7-4089-9A32-AAD8E1702F7C,,,,,,,ODN0005341473,z,right_only
22B17B5A-E391-4587-96D6-5845D955EB7B,,,,,,,ODN0005341511,z,right_only
6F57F964-1CAB-43A3-AEC4-0F8EE20C43B2,,,,,,,ODN0005095834,z,right_only
70CD2920-0736-4DC5-9BF5-90E1E80F3125,,,,,,,ODN0005341603,z,right_only
01F895B2-B158-48BA-A2C2-8C95BD8980DF,,,,,,,ODN0005341618,z,right_only
E2CB3163-7454-4B49-A036-B70B28B89A00,,,,,,,ODN0005341642,z,right_only
BA1DD5D4-A69A-4E46-A920-3F92CCBCA6A1,,,,,,,ODN0005075104,z,right_only
DF53ABAA-EC5E-4878-A3DB-56F252F8018A,,,,,,,ODN0005075113,z,right_only
0F7D5F8E-BB7D-420E-B0DF-1DA3F6B39C79,,,,,,,ODN0005075128,z,right_only
6E627802-F1B1-4068-842B-6D6992F23A4E,,,,,,,ODN0005014158,z,right_only
05584E00-61D7-49F4-B32A-551B4C34375C,,,,,,,ODN0005014342,z,right_only
9FE5CD35-9C48-4D5F-BFB5-104071EAD654,,,,,,,ODN0005014344,z,right_only
EE2A051E-8E30-4EB0-B730-69E51C47695E,,,,,,,ODN0005014358,z,right_only
4202D470-99D5-4674-9F97-C1BCFADC4B0C,,,,,,,ODN0004152575,z,right_only
EB81FEB7-BB0B-4D26-81F0-8BEC9AAEC9C5,,,,,,,ODN0004152576,z,right_only
84A39CC5-74D6-4733-891C-72639D9039A3,,,,,,,ODN0004152925,z,right_only
746568F5-E434-4D61-A71B-F8D3080ADF11,,,,,,,ODN0004153341,z,right_only
D3C3D248-1AA1-4D97-897D-F6325A2A6383,,,,,,,ODN0003633425,z,right_only
75BFE359-D985-4937-B4F1-3DF58FCCE593,,,,,,,ODN0003633471,z,right_only
5567D27B-0AF5-4BC3-BC6A-8955ED5BB9DA,,,,,,,ODN0003633474,z,right_only
5DA84C34-41B7-412D-98AB-F3AA968624E3,,,,,,,ODN0003633475,z,right_only
E88D94D3-7AAE-456A-8013-6250D42931E4,,,,,,,ODN0005341553,z,right_only
08B68198-F5C5-43B5-9FA2-F685889A1A11,,,,,,,ODN0003633501,z,right_only
A0FACFFD-7596-47FA-A1A6-E9B14C854B9B,,,,,,,ODN0003633606,z,right_only
E3F5380D-DF2D-47C6-98CA-9A18665817D7,,,,,,,ODN0003633628,z,right_only
7392B366-8835-4C00-A2B0-01AED1E54BDD,,,,,,,ODN0005341545,z,right_only
80B566ED-9315-4C6A-8C49-F52B1F6CE857,,,,,,,ODN0005341557,z,right_only
DABA14DB-E6B9-4CBC-BD77-CB7A02EF11C1,,,,,,,ODN0005341650,z,right_only
5A421BA4-9EAC-47F9-8C93-C3C8A42CB709,,,,,,,ODN0005341666,z,right_only
02BA186F-2849-4FFF-BEB9-32A3903E1502,,,,,,,ODN0003633400,z,right_only
2348F4C3-DF46-4266-8797-3303E01DB072,,,,,,,ODN0005075078,z,right_only
41C85D85-F6E2-4E28-B0D6-60F62A79DB6E,,,,,,,ODN0005075079,z,right_only
A578C244-8B71-4C5C-96D3-4AC334AC2E83,,,,,,,ODN0005075096,z,right_only
A1DE94AB-6930-442C-B301-C37F0F497F17,,,,,,,ODN0005075126,z,right_only
45886EF3-8242-4103-A3F7-07A79610ABBC,,,,,,,ODN0005028429,z,right_only
62F7C07D-D230-4219-AFAA-DBA75B7C5515,,,,,,,ODN0005028430,z,right_only
52813F26-97DE-40F2-9ADB-51B25240D239,,,,,,,ODN0005028431,z,right_only
30F91E99-54E3-4EFA-9C48-7D73C48E523B,,,,,,,ODN0005028435,z,right_only
2D1759B2-1D0C-4C01-BCA2-11BC9B981CBC,,,,,,,ODN0005028436,z,right_only
EA046BE2-70E9-42E4-8A65-F9505EEE8064,,,,,,,ODN0005028438,z,right_only
FF51AF7A-FC7C-4AD2-8476-A46A4529B5C0,,,,,,,ODN0005028443,z,right_only
99DC6481-A13B-4DF4-B3D2-ECB7167356DC,,,,,,,ODN0005028444,z,right_only
6155D2D1-6386-40F4-94C4-B0FF8DC3D65D,,,,,,,ODN0005028445,z,right_only
9F8203C0-6BAF-4C4A-B2F3-C236B45CD518,,,,,,,ODN0005028446,z,right_only
37EAF937-A78F-4DC9-B2E1-87CD79E44D19,,,,,,,ODN0005028447,z,right_only
5CC6EDB6-5433-4D32-AC48-0A3365FF10EA,,,,,,,ODN0005028448,z,right_only
5F6166CE-123E-4980-A44A-CD9046BC1A67,,,,,,,ODN0005028450,z,right_only
5588BB74-7B65-4531-8614-B765A67C453F,,,,,,,ODN0005028455,z,right_only
642742A1-633D-4F4B-9B15-590BC68CAA42,,,,,,,ODN0005028456,z,right_only
EF38D4E6-B403-4636-B484-89B25844C3BB,,,,,,,ODN0005028457,z,right_only
66C0761D-1BCB-478B-BDFC-6893D4A59D9D,,,,,,,ODN0005028462,z,right_only
1A5EBE34-AC43-4378-A1CE-CB3CE51C6D92,,,,,,,ODN0005028463,z,right_only
017ACEF3-AE58-4F21-9F2E-FA352307B679,,,,,,,ODN0005028464,z,right_only
CE596E16-9802-4B0D-B20B-260CFAD81F7A,,,,,,,ODN0005028465,z,right_only
523DAF9F-41B8-4381-891F-B983D70CC3E3,,,,,,,ODN0005028466,z,right_only
61F04001-CFEE-4F5D-B91A-DC142E61050E,,,,,,,ODN0005028467,z,right_only
EF25D269-C03B-449D-B955-D567117B9CE1,,,,,,,ODN0005028468,z,right_only
6E6D78A3-755B-462A-853B-E73B26D9DD05,,,,,,,ODN0005028469,z,right_only
ABD09AAC-1B24-4CE1-9BDC-BA024075DE9B,,,,,,,ODN0005028470,z,right_only
BE5B5155-FC26-41AD-9933-D7CFF4A96261,,,,,,,ODN0005028471,z,right_only
C9A68B3C-DCEC-44B1-8AEF-009AB6BEAD6C,,,,,,,ODN0005028472,z,right_only
CBF1E982-2CCE-4E58-8A21-A167E20AD623,,,,,,,ODN0005028473,z,right_only
AE08FEF0-6B1B-4BDB-BCBC-4BF2580E1A44,,,,,,,ODN0005028477,z,right_only
C6D6E86B-1444-400E-9D6F-544BC6CCD7C2,,,,,,,ODN0005028479,z,right_only
7E3DC480-7992-4A6C-99BB-C0E04C0A1380,,,,,,,ODN0005028481,z,right_only
48FAB7CB-EBAB-4137-B8CA-E600ACB9B8B2,,,,,,,ODN0005028482,z,right_only
EF447EA7-255C-4A13-BB0C-99BEAA8AA2D3,,,,,,,ODN0005028483,z,right_only
C00C0B7B-643C-4C51-AE44-3D32943E965F,,,,,,,ODN0005028484,z,right_only
F78B713F-6311-42C0-8E64-1FC00765AC50,,,,,,,ODN0005028485,z,right_only
98B30B33-443B-44C0-971F-D91F61AC2D8C,,,,,,,ODN0005028487,z,right_only
8829A389-DC6E-4E71-BEB1-EE6C4E70C08D,,,,,,,ODN0005028488,z,right_only
4477DB40-90F3-4032-B163-6D9D52F374DF,,,,,,,ODN0005028489,z,right_only
49973B3D-096A-4575-9D49-FF2014980C04,,,,,,,ODN0005028490,z,right_only
3924132B-BE2D-43D6-8CD1-B4F8A4F9BB83,,,,,,,ODN0004152580,z,right_only
E0E71C6F-905A-4B8D-9ACD-90EC6D633BF2,,,,,,,ODN0003844807,z,right_only
F5132A3D-0A39-4DE8-85AE-8C2F972433A4,,,,,,,ODN0003808981,z,right_only
70252060-98CE-4447-B1B9-A61C0AF0F3C3,,,,,,,ODN0004152667,z,right_only
E108DC81-7F79-43B3-AC9F-8D52E51C2E32,,,,,,,ODN0003809023,z,right_only
273B9BED-8937-4154-8641-56F501EC8A57,,,,,,,ODN0004152756,z,right_only
5C7574CB-5415-46D1-9C05-967BFDE87580,,,,,,,ODN0004152757,z,right_only
93163F6B-332F-44C6-81F3-FD0BD70977A8,,,,,,,ODN0003809030,z,right_only
A42D1C14-865D-4C83-8B87-48B81C0529CF,,,,,,,ODN0003844810,z,right_only
EED7D73C-FCC8-444E-8514-6CEAD73A6707,,,,,,,ODN0003844811,z,right_only
D572513A-0C7B-4EA1-BE85-2C396FE94C09,,,,,,,ODN0003809034,z,right_only
2E629813-AA60-45CF-A926-5F4F0F5DFFDE,,,,,,,ODN0004152786,z,right_only
84CEB52F-421C-4633-AB53-5963464703BD,,,,,,,ODN0004152788,z,right_only
43BAAC26-41AB-4FA4-A92B-D67673EEEDE9,,,,,,,ODN0004152794,z,right_only
1B2232DA-FF84-41DF-AF11-6BB9ACB4AB77,,,,,,,ODN0004152829,z,right_only
01387666-899B-4360-8C01-FD2F382CCFB1,,,,,,,ODN0004152900,z,right_only
C3441E68-8A10-4D41-B764-D2A6C366773B,,,,,,,ODN0004152911,z,right_only
C2086EF1-0361-4285-B696-50C65D191A74,,,,,,,ODN0004152947,z,right_only
71507A06-3215-4E57-9F26-CBA6407615F8,,,,,,,ODN0003844818,z,right_only
D929C0F4-0C03-4489-80B8-35584CD9417E,,,,,,,ODN0004153063,z,right_only
6BCDCF93-F884-4C28-A58E-271626EDE190,,,,,,,ODN0004153069,z,right_only
B10E1C33-8E61-4B1D-99F9-A9AF296EC386,,,,,,,ODN0004153110,z,right_only
FEA4DBFB-0225-41E3-8A33-F1F51D4B0BD7,,,,,,,ODN0003809272,z,right_only
667E7790-89F6-4D84-BA8F-A8CF7CCBBF79,,,,,,,ODN0004153125,z,right_only
272E523F-7ECE-4042-90F6-ACA0BADC6E3D,,,,,,,ODN0004153126,z,right_only
0887564E-3EAB-4EE2-B84F-0394A2D26428,,,,,,,ODN0004153147,z,right_only
2EE66499-51E9-4391-9566-9C86D4217F27,,,,,,,ODN0004153167,z,right_only
B4C44C3A-2282-4207-B55A-031773B54275,,,,,,,ODN0004153168,z,right_only
44FD52E7-07C6-4042-96C5-C5F0A23DFA57,,,,,,,ODN0004153193,z,right_only
526B56F5-271F-426C-88B9-0919103F2411,,,,,,,ODN0004153195,z,right_only
E8E54119-FFCC-4FB9-B69B-AE93E4C71DB4,,,,,,,ODN0004153202,z,right_only
7A86310F-F37B-41A8-982C-9D1BF6ADD0D4,,,,,,,ODN0004153203,z,right_only
CFB2FEE6-4C1B-403C-9194-6BFD54FAA5EA,,,,,,,ODN0004153204,z,right_only
992207A0-2F4B-4BF7-A22C-686A9B1D7E61,,,,,,,ODN0003809353,z,right_only
FBC5B652-839E-4BC9-97AB-0DEDE9319698,,,,,,,ODN0004153205,z,right_only
A3348F1F-F0D3-48D7-947D-014924396D52,,,,,,,ODN0004153206,z,right_only
90C85C7D-98BD-4C83-A195-139CB6AB5678,,,,,,,ODN0004153207,z,right_only
FA423736-CF59-4821-8493-74044ECDC45F,,,,,,,ODN0004153222,z,right_only
B4C6F30A-588F-4B17-8F07-195B045E1FF8,,,,,,,ODN0004153225,z,right_only
F2FB4FC8-B80D-45C7-BFD8-3F2ACB7EF985,,,,,,,ODN0004153230,z,right_only
F0D1830C-F687-424A-9397-7E4C0C7013ED,,,,,,,ODN0004153255,z,right_only
85A19CF6-1D51-4C89-BCEA-6336039E9EB8,,,,,,,ODN0004153256,z,right_only
64CD8EFB-0011-49D7-87AA-24025B0804E2,,,,,,,ODN0004153267,z,right_only
BC77F5E6-B97D-4E91-BEDC-2311D0054660,,,,,,,ODN0004153268,z,right_only
1A283196-C62D-4A4C-9527-B0B57FD73D09,,,,,,,ODN0004153270,z,right_only
044A5CB3-F777-431D-8E9A-F9603AA1C607,,,,,,,ODN0003809445,z,right_only
88548281-CAEB-4F05-8902-01494697051A,,,,,,,ODN0003809464,z,right_only
2695C0A8-AFAD-4D80-9F17-3C68424A68C2,,,,,,,ODN0003809467,z,right_only
DD880EAF-3602-4FDD-947A-6CB36A1B8421,,,,,,,ODN0003633405,z,right_only
D3046D38-A5F2-497E-A1FD-5C1AB82B0B15,,,,,,,ODN0005357463,z,right_only
C5323A70-E41E-4119-8490-D5B81FBB9629,,,,,,,ODN0005357469,z,right_only
35CC0B4E-6743-498E-AEBE-EA92453AFD04,,,,,,,ODN0005075107,z,right_only
E21E6E8B-22F2-4D3C-99A2-20F3FEB4F5D0,,,,,,,ODN0005341529,z,right_only
E3871F3C-38A9-4930-8EBD-9DBAAC9F3D29,,,,,,,ODN0005075118,z,right_only
18D1FBB4-85D8-4374-B27C-E62F983DD021,,,,,,,ODN0005341445,z,right_only
BBBF9EF5-FF59-4596-A751-85EBE5806B12,,,,,,,ODN0005341446,z,right_only
9BC4065D-2ECB-43A9-822A-702EE5829711,,,,,,,ODN0003633399,z,right_only
2F940CA9-6FD0-43FC-86C4-BF6468502DEB,,,,,,,ODN0003633404,z,right_only
6A154B5C-583C-4B61-B9FD-078E96B0CDEF,,,,,,,ODN0004152640,z,right_only
9F350A29-FE9D-4C57-892D-64E8D4610BCA,,,,,,,ODN0004152643,z,right_only
A69F2515-CD4A-41B4-B036-BF9593DFF124,,,,,,,ODN0003633424,z,right_only
12197F10-B717-4C05-B2CF-8544BFD0654B,,,,,,,ODN0005341474,z,right_only
60285705-FD4A-48DD-9B7A-19C2D685A233,,,,,,,ODN0003633432,z,right_only
BF10533C-2E21-4B72-A593-71E33A299ECB,,,,,,,ODN0003633434,z,right_only
7A87F174-48DA-4CB7-BD39-A675C89F145E,,,,,,,ODN0003633438,z,right_only
008FAA97-D6A4-4C77-A18B-EA9D3F89E481,,,,,,,ODN0003633450,z,right_only
1267060D-CD31-479A-A4F4-02B0A5A04ED7,,,,,,,ODN0003633451,z,right_only
CC625E6C-BAB9-4F54-82D6-E0FF64EF9D2C,,,,,,,ODN0003633456,z,right_only
94B7FAD4-0D76-4C41-9CF1-09F09267C96B,,,,,,,ODN0003633460,z,right_only
ED593223-D2E3-4D3A-A4F5-EAE6AE01FAAD,,,,,,,ODN0003633472,z,right_only
4897A38F-A71C-4464-99C9-5079EBA5DD33,,,,,,,ODN0003633479,z,right_only
B4665096-9BAE-4CFB-8C4A-D88D7CA1B18A,,,,,,,ODN0003633481,z,right_only
BB0ACCF0-CEFB-4860-AA47-FC8413DC2158,,,,,,,ODN0003633482,z,right_only
41E99486-41FD-489E-8839-93B57B085770,,,,,,,ODN0003633491,z,right_only
65AA1F61-7C33-4938-98A8-5A4DA4DD977E,,,,,,,ODN0003633505,z,right_only
21EE3E6F-D9CD-445A-BCAE-894D190102E7,,,,,,,ODN0003633514,z,right_only
8A6FD6CB-B829-490E-8F8C-8942048BAC94,,,,,,,ODN0003633515,z,right_only
E6F53886-AEF4-460A-9A90-C91C01FB9C77,,,,,,,ODN0003633516,z,right_only
AC202EDE-F205-46E8-8CAD-DCC133A2F215,,,,,,,ODN0003633539,z,right_only
3AFFF7B6-79BC-4DD2-AE8E-2CAE0BF56240,,,,,,,ODN0005341621,z,right_only
FEA7071B-ABB9-4466-802D-B14696EDEF53,,,,,,,ODN0005341622,z,right_only
123F7AF6-A245-4615-9E63-3A229D358CDA,,,,,,,ODN0005341623,z,right_only
2C27812B-6934-4ACD-BDCD-40E8C573E447,,,,,,,ODN0005341624,z,right_only
5C96AD03-46E2-46AF-A8C4-EB350B83C407,,,,,,,ODN0005341625,z,right_only
61220449-E794-4E15-926D-7DA4B8BED191,,,,,,,ODN0003633590,z,right_only
3AD91671-F469-46B9-8C54-BF2442D3A863,,,,,,,ODN0005341628,z,right_only
D41E2BCC-10A2-401C-ABD7-27E8FBF7A3E4,,,,,,,ODN0003633598,z,right_only
A0B725B4-613A-4755-8CD3-45AB64C96604,,,,,,,ODN0003587993,z,right_only
C339ECF0-05C1-491C-9361-24623F6BD1B7,,,,,,,ODN0003633601,z,right_only
257B8F79-125A-487D-AAA0-299B3D7D7442,,,,,,,ODN0003633620,z,right_only
31040DBB-2761-4720-BC80-7DF2BE845BCD,,,,,,,ODN0005341652,z,right_only
53076FD7-CBF2-4CD9-A3CB-88BFC1670CB5,,,,,,,ODN0005341675,z,right_only
4C46C6CF-6BED-47D5-8CC1-43C5D4A3280B,,,,,,,ODN0004153283,z,right_only
00AFAE93-37E2-42BE-8E68-C619C6526762,,,,,,,ODN0003633661,z,right_only
B684CEC6-4C28-49DC-AEEC-5A401359C263,,,,,,,ODN0003633668,z,right_only
6222FB3C-927A-4ACA-B32B-B37629A0C65C,,,,,,,ODN0003633669,z,right_only
0DD3B9CE-04AE-4A10-984B-9BC537E0E2E1,,,,,,,ODN0003633709,z,right_only
A062B883-BAD6-453E-8510-9C8471FBC064,,,,,,,ODN0005341683,z,right_only
C50D2AC5-79DA-49FC-9358-D5C4FC5659DB,,,,,,,ODN0005262615,z,right_only
DE943A93-ACC2-4964-AF31-C7CD3DF058DE,,,,,,,ODN0004153312,z,right_only
D41156D3-986F-4FCA-A81C-461A5161CB54,,,,,,,ODN0005262614,z,right_only
9203ED37-3EDE-439A-B7A2-D976152037B8,,,,,,,ODN0003633464,z,right_only
CD5561DC-2099-467B-9ECF-FB0241B478C5,,,,,,,ODN0005095799,z,right_only
B77C6F4B-A213-488F-9B7F-5C5F34C74ACD,,,,,,,ODN0003633422,z,right_only
F190FA0C-96CF-4281-AE1D-179981ACE990,,,,,,,ODN0005075112,z,right_only
1254429F-54A5-4AAC-863A-0179181F4603,,,,,,,ODN0003633395,z,right_only
2FE1BBC8-BF9E-476E-B35D-C4D2212AA7C6,,,,,,,ODN0005341462,z,right_only
E302084D-95F6-4176-A987-2859A24F97C3,,,,,,,ODN0005341463,z,right_only
62032D19-5227-4B06-8F42-1BF106E8C66B,,,,,,,ODN0003633452,z,right_only
3BF05452-00BF-4637-8FFF-8C72A76F2765,,,,,,,ODN0005341530,z,right_only
71A49F83-82BC-4FDB-9738-000A46A2103D,,,,,,,ODN0005341555,z,right_only
F53E1811-527D-44D5-9ED8-48BED5C23FF1,,,,,,,ODN0005341562,z,right_only
0FE9BEA5-0AEF-48AA-87DA-2C8463DD983C,,,,,,,ODN0003633503,z,right_only
FAA43FE6-E6C3-462E-B491-25DA94262728,,,,,,,ODN0005095833,z,right_only
5D5278E0-1271-4D76-A433-502226D050A9,,,,,,,ODN0003633507,z,right_only
3139E763-488B-409D-942A-1541E44E3D1C,,,,,,,ODN0003633508,z,right_only
5508B927-0ADF-4ECB-8ACA-929F8C3794E7,,,,,,,ODN0005341630,z,right_only
6ACC0B6C-5FBC-44B1-A531-45F722ED9FF5,,,,,,,ODN0003633610,z,right_only
93705AA9-B706-4991-B8EE-4F6EF9E5802E,,,,,,,ODN0004152689,z,right_only
D9472AC9-96C8-47A3-94E4-E8452D0E9B62,,,,,,,ODN0005357472,z,right_only
58AC2866-DADF-4A3D-A1AD-4E71D60792AF,,,,,,,ODN0003940082,z,right_only
EC8B86A3-6553-4191-8DD5-0C3E2A437075,,,,,,,ODN0005538304,z,right_only
55695BF1-154F-4FCC-A5A8-391B8E57A0E7,,,,,,,ODN0003489844,z,right_only
D1DD4D42-663A-4DAA-9986-22A1961537F6,,,,,,,ODN0004430693,z,right_only
9958AFE7-51FA-4E91-B0BF-0E8F82F44586,,,,,,,ODN0003643942,z,right_only
E27529DF-C28D-4C5D-A0CB-1694935FE7F4,,,,,,,ODN0005055573,z,right_only
2F2BA40B-BBAD-40DD-A915-1DAD183959C6,,,,,,,ODN0005577243,z,right_only
98298F3B-15F8-4F04-B2C2-9B7869A46A54,,,,,,,ODN0005376465,z,right_only
9925B630-23D1-4844-9E31-C7116A8E4AC0,,,,,,,ODN0005283493,z,right_only
415B029D-5030-48FF-A60A-70474F45850E,,,,,,,ODN0005252500,z,right_only
AC4A9916-8AA1-40E3-B710-9A3CAE2AE549,,,,,,,ODN0003527143,z,right_only
DD0523ED-CA81-491D-8E70-7AB537ADA144,,,,,,,ODN0005267707,z,right_only
496DFBD7-0462-4644-BA76-C08B1FA131D4,,,,,,,ODN0003754916,z,right_only
F9346546-A6BF-4EBB-849B-34B0DEA9DDE4,,,,,,,ODN0004772980,z,right_only
31D1C54E-5AD9-4A58-89B9-7DA21A6AAA4D,,,,,,,ODN0004786724,z,right_only
D77669D3-06A8-4C52-8F44-DE51635EFF6C,,,,,,,ODN0004361450,z,right_only
0B83F4B7-FE64-4A51-BB6E-2692E936EA96,,,,,,,ODN0005241477,z,right_only
EA4DEE7E-7FAF-462D-B8BF-ACB3F389839A,,,,,,,ODN0005241478,z,right_only
F5D37C3B-A4CD-4ECA-B785-1F309789411E,,,,,,,ODN0005241482,z,right_only
FA2A066F-2527-47A3-BE1B-3C7AF5901410,,,,,,,ODN0004715376,z,right_only
E4A9960E-2160-4CFD-BC0C-39B4108BD447,,,,,,,ODN0004154528,z,right_only
DEBB918B-48C8-49B6-B5DF-61E2FA1EC5B6,,,,,,,ODN0004749850,z,right_only
B088CD89-38AE-4240-8DF4-28CEEA949E44,,,,,,,ODN0005411205,z,right_only
CAB63CA2-5357-4A58-A486-2617D35AAA99,,,,,,,ODN0005358051,z,right_only
FC4B2D64-AB18-495D-992F-5188B4052AE2,,,,,,,ODN0005076477,z,right_only
27744A26-EC12-4DF9-A762-2BDD19B97F4E,,,,,,,ODN0005358052,z,right_only
BF38D9A8-AF75-4221-8160-A3BCDE75BFF8,,,,,,,ODN0005421494,z,right_only
B849EA2B-38A4-4F61-BD3A-FF33777AE6E6,,,,,,,ODN0005376430,z,right_only
B00D5B26-3EAF-4FB5-8D72-DB6BA8C5D152,,,,,,,ODN0005376431,z,right_only
2FB3A1F0-2CE6-40B8-A44B-B9F784DC8DD5,,,,,,,ODN0003911197,z,right_only
012F6DEC-EF59-4DA0-9A6B-70C9CBC735B1,,,,,,,ODN0005086483,z,right_only
02A08E21-F0C0-4D27-9B77-A74F3FFBF994,,,,,,,ODN0005376432,z,right_only
33C03E3F-3FE3-4C96-8CF5-9C7D89BA1E5C,,,,,,,ODN0005076478,z,right_only
CF3692BD-A0B9-4394-A9CE-BC08242F830A,,,,,,,ODN0005376433,z,right_only
660AC58B-A5F1-4B85-8549-50CFFDFA197D,,,,,,,ODN0005421496,z,right_only
CE72D03B-33CC-4A30-9B1F-1B9BE621718C,,,,,,,ODN0005152159,z,right_only
3684CB8B-76E3-4AD3-898B-9BE3BE7B6BCE,,,,,,,ODN0004882078,z,right_only
F53B6687-64AC-4EA3-90F1-626C73E91657,,,,,,,ODN0003788979,z,right_only
340F2665-FE00-49B7-84C3-114B9D5054FB,,,,,,,ODN0003768324,z,right_only
6B09ABCB-CDF4-4E0C-AE91-EB551C8DC420,,,,,,,ODN0003768325,z,right_only
F6C52867-2B81-4CFF-8E3A-824197E84A96,,,,,,,ODN0003768326,z,right_only
C86A15B9-0262-49C0-B909-964AD51234EA,,,,,,,ODN0003768327,z,right_only
FF1FB721-DE36-429C-8E8D-44844654F1E3,,,,,,,ODN0003788981,z,right_only
A41A147A-42CA-4AC3-9B1F-5541E219A1C1,,,,,,,ODN0003768328,z,right_only
1F854E58-FD4A-4040-9432-81953F8D075F,,,,,,,ODN0003788982,z,right_only
D3E4431E-955C-45C4-96C9-2A10B74AB78D,,,,,,,ODN0003788983,z,right_only
94153953-C883-4897-875F-6F6E774B6A14,,,,,,,ODN0003768329,z,right_only
387CB15A-2C2C-46CC-8323-F0F93041DF23,,,,,,,ODN0003768330,z,right_only
82ECF7DC-B7CD-47DF-82ED-9ADF54091520,,,,,,,ODN0005505973,z,right_only
7CC5FBC2-F5E1-4835-AE0F-498090C94292,,,,,,,ODN0003768331,z,right_only
F965CB66-FD7E-4932-B5CD-027EB66994F0,,,,,,,ODN0004881974,z,right_only
CF8CDDDA-0D03-494C-B7EA-0B59D45E5B39,,,,,,,ODN0003788984,z,right_only
38FE751D-526A-43BF-96BB-916F6634E409,,,,,,,ODN0005339336,z,right_only
DBA32EB3-716A-45BA-A1B4-2BBAD8C7A81B,,,,,,,ODN0005443378,z,right_only
29183FDD-FEAB-4778-9C8B-8EBEAF98E8A6,,,,,,,ODN0005542849,z,right_only
930E2AD3-814D-45E3-9511-A3204316DBE3,,,,,,,ODN0005543421,z,right_only
2A9C728A-687E-4D51-907A-F458E15E92F4,,,,,,,ODN0003411042,z,right_only
440CE1F4-09EC-4192-9DCA-BBD3F4C9C96E,,,,,,,ODN0004715377,z,right_only
3903DCDE-C4F9-4F4A-9E3B-A693D1467766,,,,,,,ODN0005543193,z,right_only
34437CFD-711A-444B-B238-A31C289DCA44,,,,,,,ODN0005526040,z,right_only
B36A4831-BDB3-4FC1-AF09-68773E842121,,,,,,,ODN0005443723,z,right_only
536D78FE-CA16-4067-9C46-73B415CA2D3F,,,,,,,ODN0005543298,z,right_only
F7864883-1843-48D0-8CA9-96D582C9428D,,,,,,,ODN0005543714,z,right_only
D2B7EF80-5C8E-4859-8457-CED7108D141C,,,,,,,ODN0005543719,z,right_only
691074D0-4BAE-431C-933E-95D3A94C136A,,,,,,,ODN0003600542,z,right_only
5B3FA2A1-AE29-4D8B-B448-905C17A16365,,,,,,,ODN0005443532,z,right_only
8EC98D6A-B847-4641-BE6C-92C80F3FBDC8,,,,,,,ODN0005443533,z,right_only
D3F867F7-BDD9-4576-B13D-4487E9CAAE58,,,,,,,ODN0004413975,z,right_only
396F494D-C995-42BB-B682-A3E29DF226D9,,,,,,,ODN0005611480,z,right_only
E7C9B1AD-13D8-42C2-830C-1ECCFB067170,,,,,,,ODN0004874888,z,right_only
DC2FE8C0-708A-4006-9101-AD3276FFC7CD,,,,,,,ODN0004998828,z,right_only
8163FF74-31A8-46D0-8CFF-C22C1C5F4A30,,,,,,,ODN0005282774,z,right_only
D25E5CB5-5F17-4379-840E-44EBDE712793,,,,,,,ODN0004945895,z,right_only
A2522E0E-AA40-463D-90E0-3F100DF35CCF,,,,,,,ODN0002481003,z,right_only
4A108761-3C07-4B81-9AFA-3DF6B238CD0B,,,,,,,ODN0002024232,z,right_only
3F0850F3-E340-420D-92BC-A52514522CD3,,,,,,,ODN0002024236,z,right_only
985B183B-9350-4698-AC8F-90A47D2B8B80,,,,,,,ODN0002024240,z,right_only
C0D4E929-7466-4BB0-9442-AA1373C85ED6,,,,,,,ODN0005076493,z,right_only
764D933D-1549-4C5D-821E-744CEF0C0D22,,,,,,,ODN0003680208,z,right_only
F7B22219-CA12-42AB-B2C4-828EBC2AA66B,,,,,,,ODN0003405564,z,right_only
E1E9383F-CA25-46F1-BF30-E436B806F45A,,,,,,,ODN0005542518,z,right_only
587B92B5-0639-4FD0-AE35-81BCE9AC34B4,,,,,,,ODN0005542456,z,right_only
EB79AB14-2AE5-41CF-8E3B-F18864B442C3,,,,,,,ODN0005544156,z,right_only
41B7A981-1BBF-4C35-947F-AD6AC684426D,,,,,,,ODN0005544157,z,right_only
A06CF45F-7F16-4B7B-AEF4-4A38BD2105A2,,,,,,,ODN0005543715,z,right_only
09319528-21AB-41C2-873B-F69C0B7C86AF,,,,,,,ODN0005543716,z,right_only
2113118B-9697-43A9-8B3E-41B045CF241E,,,,,,,ODN0005543717,z,right_only
5F99C665-F5BF-4D36-B188-B4B7528EF605,,,,,,,ODN0005543718,z,right_only
AAC54BCA-80CC-4257-A9C5-60652969A88F,,,,,,,ODN0005640714,z,right_only
23E64B0E-8078-4A9A-8B35-7B88C599BC31,,,,,,,ODN0005357920,z,right_only
D4D5619D-CCBD-4DD7-9075-1A0196412893,,,,,,,ODN0005737064,z,right_only
F8EEB8C1-8835-4AF3-9026-6813CE23C564,,,,,,,ODN0004875559,z,right_only
11F4E4AA-0E65-4894-97C9-256C072CC644,,,,,,,ODN0004727950,z,right_only
F9D933BD-A876-4F96-A3A1-515E588E1DC6,,,,,,,ODN0004185334,z,right_only
3E8854A0-AF43-470A-8CC0-F37EF48E8F68,,,,,,,ODN0003921373,z,right_only
B36E3E4D-B50C-4330-AD60-EB08A315717B,,,,,,,ODN0005000566,z,right_only
E804318A-85CA-4793-ACB8-815AD305B28F,,,,,,,ODN0004839627,z,right_only
CFC191E6-4C4A-47E9-9A55-E67C6C9BFEAC,,,,,,,ODN0005086702,z,right_only
947B2BD8-79C4-420C-9E33-6DEF258ABB5E,,,,,,,ODN0003357929,z,right_only
5CF62157-3124-4776-9CB1-D24BA2A6D077,,,,,,,ODN0005162647,z,right_only
5C8A8B19-72B0-41C9-8C17-4EE8D05CB443,,,,,,,ODN0004191548,z,right_only
6A197DC0-0383-43A4-BFCC-789546486B05,,,,,,,ODN0005427490,z,right_only
336C6412-1FF6-4F50-B4DA-C23188211B93,,,,,,,ODN0005555916,z,right_only
B19AC4E0-32DE-4474-9014-47B8B6D2FE80,,,,,,,ODN0003400079,z,right_only
638D79E2-A345-4D04-AEE7-C1CDDA71A07C,,,,,,,ODN0003400363,z,right_only
0317D375-A07E-416C-94A2-E2C4EE69FC43,,,,,,,ODN0003400364,z,right_only
48F41DE4-2D5E-4503-96A7-33007CA437D7,,,,,,,ODN0004935942,z,right_only
2B9CB4E3-7FDA-49C5-ABA4-2937FD6AAFA5,,,,,,,ODN0003400435,z,right_only
C70B4BDB-2814-46A9-B3D7-D83F967E5C9E,,,,,,,ODN0003400813,z,right_only
2674252D-78EB-4FEC-AAFC-499B5FB6CC34,,,,,,,ODN0003400303,z,right_only
91606F10-8475-48F1-8E03-D9CFB5AAF0DC,,,,,,,ODN0004936277,z,right_only
1C9A2E16-25BF-4400-8665-1D40AB1FFF1A,,,,,,,ODN0004936372,z,right_only
F3EF6814-AAE0-4046-817A-25118EFF98A3,,,,,,,ODN0004936374,z,right_only
8D490020-239F-4C79-A284-3E5F8DB7BB63,,,,,,,ODN0004935997,z,right_only
2DC2085A-5F98-4977-83B5-74CB4A134FE0,,,,,,,ODN0004936329,z,right_only
31A0FAE8-A7D7-46FE-A94A-30524BD47887,,,,,,,ODN0004936344,z,right_only
31ECC4AB-116E-4D20-A884-3302E3ECFB69,,,,,,,ODN0004936279,z,right_only
77780B05-56DA-45BD-9E5A-68AF1AE42820,,,,,,,ODN0005318531,z,right_only
647A7712-C233-435D-B785-A579A00B7B7A,,,,,,,ODN0005318543,z,right_only
29B4AEDE-ECD7-4E36-BFFE-EF15DCDE65E5,,,,,,,ODN0005188197,z,right_only
D2222195-6D89-4C85-AE31-4601ADB92528,,,,,,,ODN0004395488,z,right_only
88538B00-B982-41DD-AC00-7AC9499500F2,,,,,,,ODN0005188224,z,right_only
8CC2288B-1D2B-4F88-930C-F1C6980E6C6F,,,,,,,ODN0003964173,z,right_only
AAC23A3F-2821-4033-878B-279F26C1EA17,,,,,,,ODN0004585715,z,right_only
FE7C5992-55F3-43D0-B49A-7EF7CCF9126E,,,,,,,ODN0003964177,z,right_only
039AE3BC-AA7A-4597-81AC-E665572E6B6A,,,,,,,ODN0004131186,z,right_only
307DFC35-FA09-4DCC-B845-505454D30D95,,,,,,,ODN0004895675,z,right_only
320B0982-C7C2-4A5B-AB98-ED23BF7F065D,,,,,,,ODN0005188245,z,right_only
93020770-60B7-4D62-B488-36F53DEFE07C,,,,,,,ODN0003964247,z,right_only
924CB99C-97F1-4E15-99FE-95D18C72CFA0,,,,,,,ODN0003918511,z,right_only
14F8502F-BA15-4DF1-BAC8-573DA84E2D94,,,,,,,ODN0003918512,z,right_only
CB7EDC60-2AE8-4B48-BE26-08DAB5C680A3,,,,,,,ODN0004895823,z,right_only
4F536A63-8C45-4C16-95EA-EE247698968C,,,,,,,ODN0004131290,z,right_only
BB4FA17F-9B3F-4914-AC67-CDF89188DB99,,,,,,,ODN0003993532,z,right_only
D4872252-1553-4C44-B684-0781523BFF4F,,,,,,,ODN0005188318,z,right_only
E3EE34A6-B9A0-4393-BF3E-1AAF9566B464,,,,,,,ODN0005188319,z,right_only
DC7A6BA1-E546-4F56-97A3-C0610ACFB886,,,,,,,ODN0005318748,z,right_only
559DCF82-A2FA-4901-9FF8-3358DA6957AF,,,,,,,ODN0005318751,z,right_only
CF2D38BE-2858-47B1-A294-74F636669999,,,,,,,ODN0005318752,z,right_only
C5F49719-3C5C-4BA9-A673-0ED02E6FD5B9,,,,,,,ODN0005318753,z,right_only
CC9D4F0C-4828-4233-A523-988DCE2A5E85,,,,,,,ODN0004131426,z,right_only
ABA083D9-5FD0-4866-864F-52AB526A8F2F,,,,,,,ODN0003964435,z,right_only
F7F5F022-E7A7-4DA4-845A-19AD5B4695DF,,,,,,,ODN0005188335,z,right_only
21A7B336-2C57-4F8F-AEF0-90AFC27E1E8D,,,,,,,ODN0005188336,z,right_only
C8F7AB07-7B93-442B-B209-6EAC3B5D58CE,,,,,,,ODN0005188337,z,right_only
3FDB4840-FD13-472B-8216-710BC4733BE5,,,,,,,ODN0005318755,z,right_only
9F9A8CF4-C58F-4137-BB99-4AB66AE4C1C3,,,,,,,ODN0005188338,z,right_only
AFBC2F46-9774-468E-AFDD-C0B47EE7C3E8,,,,,,,ODN0004131162,z,right_only
BC30BB93-2A38-454A-A4B7-1CDF296EFC4E,,,,,,,ODN0005215065,z,right_only
A6D158CE-212A-4BD6-AA88-FD64663535E8,,,,,,,ODN0004239684,z,right_only
0AC7D93A-5A31-4982-9B81-0957B36D2AE3,,,,,,,ODN0003993346,z,right_only
AD344083-EBC5-4A0E-8D83-D703CAAC0E88,,,,,,,ODN0003964389,z,right_only
3FCFA630-E257-44C2-BE57-58AD036601EF,,,,,,,ODN0003964266,z,right_only
DCA99290-A78D-4C5D-81C0-4B00511C42A8,,,,,,,ODN0003964274,z,right_only
1D7FBC0C-A6E1-4FBC-BD3D-4EAE3B5C2C23,,,,,,,ODN0003993633,z,right_only
E08EBF9D-6AE9-48E3-8082-71F8240F90ED,,,,,,,ODN0004131132,z,right_only
806DD871-A69C-4550-91E4-05E555742662,,,,,,,ODN0004239574,z,right_only
F5E646F6-BF3D-4363-84CF-E5AE633ED198,,,,,,,ODN0004239584,z,right_only
E660A98D-311E-4F68-B2E6-DC3517D9EE94,,,,,,,ODN0003993431,z,right_only
C551A191-3A1A-4DC2-A8D4-436EEA4E4367,,,,,,,ODN0003993455,z,right_only
93269D84-C856-471B-A4C3-6F12D2F75442,,,,,,,ODN0003993462,z,right_only
CACE6FCF-584C-4668-A160-808423018B58,,,,,,,ODN0004286424,z,right_only
141B4DC1-2322-44D7-8ECA-714AD75C89C0,,,,,,,ODN0004239606,z,right_only
2A245B67-6140-4F8F-8A98-F971C6E1EA54,,,,,,,ODN0004239681,z,right_only
2443485A-66EB-40B1-9E3B-4D65AA563346,,,,,,,ODN0003964204,z,right_only
9D1B3944-0C33-452D-8F86-61995C6B211A,,,,,,,ODN0003993555,z,right_only
EC6D490B-95E2-4562-B8A6-57AFDC64AA56,,,,,,,ODN0005318484,z,right_only
AA8E61A9-CCE7-47DB-95EA-4B980B6C6983,,,,,,,ODN0005318486,z,right_only
EAD63650-8FE4-4AB2-BCBD-F4D2E5263EDA,,,,,,,ODN0005318495,z,right_only
6708EB5B-9B9B-4F28-A6BE-296EC8099FC0,,,,,,,ODN0005318496,z,right_only
5194C251-6310-4A5E-B8C6-53189D4C9774,,,,,,,ODN0005059257,z,right_only
BD7A67EC-E0A1-41A6-97CD-18200EEA092D,,,,,,,ODN0004189588,z,right_only
AF80C525-CC30-4E37-B680-38C7E4E1E40D,,,,,,,ODN0004634982,z,right_only
FA0512AA-77A9-453F-ADAD-E58B06AF5704,,,,,,,ODN0004634983,z,right_only
63CE0851-A838-454E-9836-793434DF7812,,,,,,,ODN0004634985,z,right_only
0CF8DD8A-FCD2-4788-A94C-2C68F14172BE,,,,,,,ODN0003923010,z,right_only
76483B4C-8664-45BA-817A-171CDB4E0CCE,,,,,,,ODN0003923012,z,right_only
82E4040B-3B31-4446-A5F7-11A90F0F1813,,,,,,,ODN0003923013,z,right_only
E4F268CB-5C6F-4184-9F2A-83C6C16F2B8A,,,,,,,ODN0004189597,z,right_only
0C577991-0E07-4880-B4DA-5840402FF6E2,,,,,,,ODN0004189599,z,right_only
B00AD91F-30E5-4CB3-BE93-F41E6730E3F7,,,,,,,ODN0004189601,z,right_only
B651C62F-225E-4366-A216-AFF72400F961,,,,,,,ODN0003923018,z,right_only
BF831CDE-FB37-4C83-BEC8-502576C006A3,,,,,,,ODN0004189604,z,right_only
50F8F998-87DA-47CE-BFBD-1224F8033B9E,,,,,,,ODN0003923020,z,right_only
17085280-32AF-4C7D-A34A-5ABD96EE4283,,,,,,,ODN0003923022,z,right_only
2BC1E599-12AB-4761-ADAB-FBEE05FD2EF0,,,,,,,ODN0003923024,z,right_only
9724DA1E-C768-4D39-86BD-918CC54296EF,,,,,,,ODN0003923027,z,right_only
ABD96991-4B90-4322-84FA-B601CC531C7F,,,,,,,ODN0004634999,z,right_only
A4E24079-04D4-4921-A116-1CB64F4ADD3C,,,,,,,ODN0004189607,z,right_only
D30C0D35-2BAA-499E-ADA4-25006D37B028,,,,,,,ODN0004189608,z,right_only
BCA76FF5-B159-4DF4-9A3E-E6EF525EF981,,,,,,,ODN0003923030,z,right_only
5510F39F-FB9F-459D-B977-83FEAE944B01,,,,,,,ODN0003923031,z,right_only
86A737C1-21F6-4131-9F64-09495123FFAE,,,,,,,ODN0004189611,z,right_only
6EAD4BDD-2602-49D8-9F29-5C609F66D2AE,,,,,,,ODN0003923033,z,right_only
5D2FCDA7-A991-4F1D-A9BC-A5A0AAD6ED4B,,,,,,,ODN0004635003,z,right_only
514BCF8F-A335-4DA1-B8BE-A0E851DF9AD7,,,,,,,ODN0004635004,z,right_only
EEE2628A-26D6-4FED-AAAF-B0F730E0B23A,,,,,,,ODN0004635005,z,right_only
75145E4D-3059-4593-84FB-76FE4F43147E,,,,,,,ODN0003923035,z,right_only
565767DC-65E5-48B9-A5CE-765E3B93E813,,,,,,,ODN0003923036,z,right_only
5EC30B4F-246B-448B-93B4-061C3712E20F,,,,,,,ODN0004189613,z,right_only
48EA9563-54A8-46FB-86B8-35245B087E8C,,,,,,,ODN0004635006,z,right_only
AE9720D6-B132-4B7D-9C5D-63AEBD7C6F3E,,,,,,,ODN0004635007,z,right_only
845F3B4C-E160-4D20-B2EA-D07C5DE220A8,,,,,,,ODN0003923037,z,right_only
986B13ED-69BE-4686-BF3D-B71EE0AE922C,,,,,,,ODN0003923038,z,right_only
736A5B4E-6F3E-41EE-8AF6-A5C4E31A86AF,,,,,,,ODN0003923039,z,right_only
AD2FA74B-2585-46B2-B379-7678F5F8B17F,,,,,,,ODN0004635012,z,right_only
F31CA553-03AE-4276-8C27-821B148EBB75,,,,,,,ODN0004189616,z,right_only
E1FF5BED-4BE2-4987-8A9A-6B4C3D8E0654,,,,,,,ODN0004635014,z,right_only
4B1F0102-1233-40BF-9FC2-6B69730F2D6F,,,,,,,ODN0004189618,z,right_only
7E5442DE-D3A7-4798-B5C3-5EA5BD87D8F8,,,,,,,ODN0004635016,z,right_only
9F19FA98-01E3-4E0A-8E94-ED1B60AAB60A,,,,,,,ODN0003437156,z,right_only
A85FF8C3-D932-451C-AA2A-CDB1D1E933E0,,,,,,,ODN0003436969,z,right_only
9A69B6DA-94B7-4CA0-8B9E-CF6FE82DAA95,,,,,,,ODN0003436965,z,right_only
8C7A4A8C-1EF1-4240-8D19-FB6974F739DD,,,,,,,ODN0005074713,z,right_only
2D94A485-F098-411D-80BC-A15A5DD2AB5C,,,,,,,ODN0004150734,z,right_only
FADBB928-BEE2-41E6-9DB2-FF4EB89AC191,,,,,,,ODN0003395098,z,right_only
5295D28F-AEFA-42D1-A15A-C6236ACFA983,,,,,,,ODN0004318407,z,right_only
A6270304-F2E2-452A-B733-4A84F4EE089E,,,,,,,ODN0003435879,z,right_only
13FB3A75-CB27-4C05-AE01-E1EC523143D7,,,,,,,ODN0003436199,z,right_only
A88BE261-8DCF-4396-A576-F8C4BB7C75AB,,,,,,,ODN0004880151,z,right_only
D269D6C6-EFFB-49BE-B596-DD227AEDAAD8,,,,,,,ODN0004506536,z,right_only
2240E9DA-3B22-420D-9126-CE7B78995CE1,,,,,,,ODN0004317735,z,right_only
136BD76A-3810-403A-BC62-C851E7E81C24,,,,,,,ODN0004936822,z,right_only
061C1BD1-46FF-45E2-8BF2-D89417B7EF5B,,,,,,,ODN0003394977,z,right_only
95E09A68-3BA2-4FA1-AD3C-E13B8A8BF7AB,,,,,,,ODN0004360432,z,right_only
0E1DE1DA-F878-4824-98BD-23566A892BBB,,,,,,,ODN0004360469,z,right_only
DBDF714B-DEBF-45C9-841D-1C53B3992D15,,,,,,,ODN0005288395,z,right_only
200C8BFC-0812-4AA1-9B01-A10CC9D52210,,,,,,,ODN0004670986,z,right_only
487F68C9-359C-4EA5-8010-5B630C023081,,,,,,,ODN0004880202,z,right_only
F2BFB516-AA26-4005-B197-B8AEDFBE8B5D,,,,,,,ODN0005074610,z,right_only
DC57CA1D-6099-4C09-B7DF-AE75FE6527AE,,,,,,,ODN0004543554,z,right_only
0BBD41B3-86BC-49C0-B823-27CF6C72CDFA,,,,,,,ODN0003395184,z,right_only
71880BDD-55CA-42A2-8BAA-F2C9A8761AA4,,,,,,,ODN0004360599,z,right_only
0D32F0F4-D04D-4BD7-968D-D91B64894FF4,,,,,,,ODN0003395203,z,right_only
C465B9A9-28FD-4B96-BEEE-2448100A1358,,,,,,,ODN0004543619,z,right_only
DC3084F3-871D-46C0-9A7F-1D2FC3DEEB02,,,,,,,ODN0004671018,z,right_only
49BD3566-8566-4274-BC82-11DEC2E076D5,,,,,,,ODN0003395300,z,right_only
0850E94F-186B-4D83-B4C5-BDFB674B991A,,,,,,,ODN0004880340,z,right_only
56C8BB30-FFE0-45E0-BAED-179AE318BB30,,,,,,,ODN0005288460,z,right_only
9C71C6B9-3FFC-467D-A697-84E0EC01861C,,,,,,,ODN0004936896,z,right_only
B6A2501E-D519-47B4-8F62-3BC71236C88D,,,,,,,ODN0004360691,z,right_only
A60BE98F-05E6-418F-9758-86C23A285189,,,,,,,ODN0005288384,z,right_only
8DA7B62B-4FD0-4764-AEB8-2BFB8A0A0F9E,,,,,,,ODN0003395133,z,right_only
20946CC3-1F3B-4A05-947C-30DCC8EF8016,,,,,,,ODN0004360465,z,right_only
ACFAC4B1-9AE0-4182-9495-031E82D08E1D,,,,,,,ODN0003394881,z,right_only
35F2C014-CADA-4E97-BDD2-1A11ACED9EFC,,,,,,,ODN0004543457,z,right_only
1E3A8F5E-6244-4709-A34C-0663E7311681,,,,,,,ODN0005074399,z,right_only
09E76ADE-8D96-4D25-9D72-608D2D619142,,,,,,,ODN0003395110,z,right_only
9647C425-1ED4-41AD-801A-F4ECCB7BB79C,,,,,,,ODN0003395318,z,right_only
1229BA23-C85C-4252-A6D9-DAE1B895FFD5,,,,,,,ODN0005074583,z,right_only
986CF300-3DCB-457B-81F0-B8F53FA35C75,,,,,,,ODN0004543315,z,right_only
9F20F82D-F0E7-45BE-9494-F20521E8EA1F,,,,,,,ODN0004360404,z,right_only
DE30FDF4-D1F6-4D27-89A0-797B52682277,,,,,,,ODN0003395051,z,right_only
E997AFEE-D4CC-4ABA-AB05-0B5FC45D8E11,,,,,,,ODN0003394959,z,right_only
EA2F2E78-5648-4C71-9D6F-D1A04044701E,,,,,,,ODN0003394958,z,right_only
203DB882-5F28-4630-BEB4-CE1828550573,,,,,,,ODN0003394999,z,right_only
1EB4511F-01DA-44E9-968A-166B7C676A8E,,,,,,,ODN0004360411,z,right_only
88C98BD6-B770-4F99-8150-6E05A8C9B715,,,,,,,ODN0004360546,z,right_only
6C2FA2F5-F45B-4134-8BC7-EAC956665054,,,,,,,ODN0003394950,z,right_only
F00BA023-FE4E-4B34-A6EA-F92565E23D55,,,,,,,ODN0005165157,z,right_only
7989EABA-2A95-4DF0-9D4A-DD82160844E4,,,,,,,ODN0005074504,z,right_only
F4C455D9-8081-450D-8154-2C6AEE766E40,,,,,,,ODN0004360430,z,right_only
17E8A1E3-13C2-4C62-8891-1A566B9441A3,,,,,,,ODN0003394862,z,right_only
C6A5E947-57A3-4E55-A45F-B752E4525CC8,,,,,,,ODN0005074418,z,right_only
51315C86-B43D-47F9-A4FB-4A8AFE31D87A,,,,,,,ODN0005074729,z,right_only
181D05D6-38CD-4AD6-A144-09AE980F7959,,,,,,,ODN0004360574,z,right_only
4E7384FB-7A1E-4BBB-9E28-E15A06926DD3,,,,,,,ODN0004360576,z,right_only
24E147E2-9D70-4584-B989-9A43AE6F0032,,,,,,,ODN0004360388,z,right_only
35576C1E-6E2F-4985-823D-AEC7AB78E1D8,,,,,,,ODN0004880120,z,right_only
747279BA-3543-4E8A-AC7D-C84BA144880D,,,,,,,ODN0004360555,z,right_only
A1021945-C013-41A9-8E05-145BE9384A51,,,,,,,ODN0004360539,z,right_only
CD2E6235-D92D-430C-B320-EF7D0E7E43D1,,,,,,,ODN0004360356,z,right_only
6FD5BAAF-AB87-44FF-B3B2-20BFC79285B5,,,,,,,ODN0005288433,z,right_only
88A3E2F3-EA1B-41EE-9DF3-E41542EA67E3,,,,,,,ODN0004360591,z,right_only
C3B54EB2-5E14-4267-8979-28320D6CC870,,,,,,,ODN0003394900,z,right_only
3ED07068-9EA6-40AC-B48F-381336984DA0,,,,,,,ODN0003395142,z,right_only
9373AC27-C39B-49E8-8F14-E9281D12D30E,,,,,,,ODN0003395136,z,right_only
CF8F2D1F-B348-45A5-9BBB-14E3D00459FB,,,,,,,ODN0003395135,z,right_only
F672DAE2-E35E-4190-93B5-791414127DE7,,,,,,,ODN0005164868,z,right_only
DA1E7C33-709D-47EC-9B76-29E7D3A833BC,,,,,,,ODN0005288459,z,right_only
4078D1A7-D8EE-4003-BEF2-CCE3223B7CFC,,,,,,,ODN0005268513,z,right_only
D678AE88-CDD9-426B-9B49-157DDDC001D5,,,,,,,ODN0005268572,z,right_only
CAB6D6EE-9A1B-4EB7-BF54-182A1AD27CA6,,,,,,,ODN0005269021,z,right_only
FAC5BDEB-8646-44AD-99A2-D1EA275BC5EC,,,,,,,ODN0005269328,z,right_only
6AFEAC97-4948-4C38-9E69-E2D976CF364B,,,,,,,ODN0005269837,z,right_only
CC41B83C-4A8E-4CBD-9B24-F2AF9AD6D84F,,,,,,,ODN0005269913,z,right_only
31872596-4BC2-4CC5-9DC6-8985ED40DDF3,,,,,,,ODN0005270178,z,right_only
40CB7AD6-5D37-4F45-A398-F2E8B895AB69,,,,,,,ODN0005270321,z,right_only
FB94D87A-FB48-4058-9CB7-421672BC07FF,,,,,,,ODN0005271906,z,right_only
A78C4711-DD3C-46EC-8C7C-68412ADEFB77,,,,,,,ODN0005272249,z,right_only
ABDC7662-0D2C-4BF8-A3BD-361D3F4D98B5,,,,,,,ODN0005272320,z,right_only
2DDE49C0-45E3-4BDF-82D4-5FE9BC535F88,,,,,,,ODN0005295797,z,right_only
B0D23805-0E8F-4394-BBA0-29A4807497EE,,,,,,,ODN0003859123,z,right_only
BC089B35-01F1-4FFA-83E1-E83786B0A784,,,,,,,ODN0004071957,z,right_only
5D01B8D2-93F5-4986-B2F1-9CA45A37C60E,,,,,,,ODN0005239931,z,right_only
8304447E-C83A-4B97-9B04-A3CD85E06903,,,,,,,ODN0005239942,z,right_only
D11ED8E2-69C7-44D2-A70A-45D7E3A31F3D,,,,,,,ODN0004824066,z,right_only
5541D5C5-7670-4DE2-A857-04AF20D92A82,,,,,,,ODN0004746811,z,right_only
C21B4787-E54A-469D-9225-A21AF76F0559,,,,,,,ODN0005429773,z,right_only
E2DF1D0D-50AC-4BD0-A80F-0CC623656E75,,,,,,,ODN0004354178,z,right_only
CF7FDA34-C0F4-4EFF-8E15-0C35CB0AD6C4,,,,,,,ODN0004281881,z,right_only
B47878D2-6A5F-48E8-9BF8-83C3DB2D4988,,,,,,,ODN0004952613,z,right_only
1AF0D6CB-2FED-4592-A6D7-B13A04EFBD2D,,,,,,,ODN0004952614,z,right_only
9BAE6B87-472E-4241-8DEE-9FC7123AC816,,,,,,,ODN0004952897,z,right_only
E1943052-24AB-4FA3-B1E0-C70B39AC000A,,,,,,,ODN0004022943,z,right_only
137D4224-DA93-4C58-81DA-F775EC55CF16,,,,,,,ODN0004022949,z,right_only
50C696B3-29F6-436B-A2CD-4EDA513EA9DC,,,,,,,ODN0004022952,z,right_only
1C598B4E-A085-40B9-98A0-C5D2D1D9B51B,,,,,,,ODN0004022954,z,right_only
9F069FD2-020E-4501-867D-020AD1D8352B,,,,,,,ODN0004022956,z,right_only
00A9CB67-6D1F-49D6-9423-05F8144BAA59,,,,,,,ODN0004022958,z,right_only
4223BF0F-6429-4B8F-A744-68F20D4D7DAB,,,,,,,ODN0004022960,z,right_only
FC04E6FB-AADF-4327-8259-49624E457F10,,,,,,,ODN0004022962,z,right_only
7D140538-44D8-433F-A429-B2CEA1D48983,,,,,,,ODN0004022964,z,right_only
20DF96C9-E56E-4759-97F2-62EF17611AB3,,,,,,,ODN0004022968,z,right_only
E363FA33-BF68-4292-A464-B47D4196A04D,,,,,,,ODN0004022969,z,right_only
E975BC7A-FD49-489B-ADCA-77DF789E795F,,,,,,,ODN0004022971,z,right_only
F82A10CD-6EEB-4FC0-AAC8-09925F339832,,,,,,,ODN0004022973,z,right_only
152F6549-C4A4-4A8F-80E8-ADCFD8513E47,,,,,,,ODN0004022975,z,right_only
35C353B0-82FC-4AA5-992C-DB376E476B61,,,,,,,ODN0004022977,z,right_only
84099AC4-0BDD-4995-9F55-529274B58664,,,,,,,ODN0004022980,z,right_only
AE359E74-813D-4D34-AF7A-63CA6049DE09,,,,,,,ODN0004022982,z,right_only
E26FDE82-479E-41CB-8262-517D1C90E3FD,,,,,,,ODN0004022985,z,right_only
0BC04E62-87AC-4313-8ADF-26FC721B2D87,,,,,,,ODN0004022988,z,right_only
6D795C6E-B750-4796-B67C-1B5E30529857,,,,,,,ODN0004022991,z,right_only
5506165E-DE07-43C7-8F0C-A63852AF13D1,,,,,,,ODN0004022993,z,right_only
0B1F582C-8A91-47C1-85D6-95AE41960BB9,,,,,,,ODN0004022996,z,right_only
98FC37B3-7D29-444C-841E-90DBF59996E6,,,,,,,ODN0004022999,z,right_only
6F81F890-0B81-45F6-B8C0-573AA39E3854,,,,,,,ODN0004023001,z,right_only
D511B997-040C-4853-84C8-125CF2D8DBD7,,,,,,,ODN0004023004,z,right_only
DA447BF0-97C9-47DF-8C30-F0049D0B33A6,,,,,,,ODN0004023007,z,right_only
A27329B9-B966-495D-B9C9-B8FBD588C285,,,,,,,ODN0004023010,z,right_only
E9BA7A9F-4ECD-4CFA-8D73-382863F2BF63,,,,,,,ODN0004023013,z,right_only
79516430-CB98-4C8A-84C7-387E5FF16352,,,,,,,ODN0004023018,z,right_only
30909AF6-17B2-4613-B887-6FF83DE9FA4E,,,,,,,ODN0004023021,z,right_only
820C8F3B-1BE3-496C-8EBC-23049CEA65F0,,,,,,,ODN0004022184,z,right_only
5E075ABD-A5CE-4EAF-B72D-47CB750A66F2,,,,,,,ODN0004023026,z,right_only
7AFD7594-1E44-47EA-9541-B339491023BB,,,,,,,ODN0004023030,z,right_only
2D80FF25-9099-4795-808C-46237F39059D,,,,,,,ODN0004023034,z,right_only
8DA6B60B-783A-46E6-9AA7-63F2666F9443,,,,,,,ODN0004023037,z,right_only
FF38EBA1-6E5A-41B8-AD2D-7967377A2AA1,,,,,,,ODN0004023042,z,right_only
48FE299F-F0F5-42AF-8837-44B459A25294,,,,,,,ODN0004023044,z,right_only
D72A68DD-52D1-4DBA-B59F-9A4E9DF67423,,,,,,,ODN0004023048,z,right_only
A5A6326D-89FA-489F-A09F-EF52B5CC3D1F,,,,,,,ODN0004023052,z,right_only
0C9DB667-E6FA-452F-90FB-3671EBE28542,,,,,,,ODN0004023054,z,right_only
FFBECDF4-34A4-4B07-AC35-2266D38A0068,,,,,,,ODN0004023058,z,right_only
8DF3F59A-6895-4868-8C3A-A6C6EB5490F5,,,,,,,ODN0004023061,z,right_only
8BDAE539-EFA5-4F7C-9259-BF074E8B7D6B,,,,,,,ODN0004023064,z,right_only
E7FA3DE9-F6EE-4B1B-8B0C-C0DA65A3360F,,,,,,,ODN0004023067,z,right_only
9EE95AD2-9E42-40DD-97F6-051910E51D66,,,,,,,ODN0004023070,z,right_only
7C9A153D-7969-4FC9-B364-E5ECE3D161E2,,,,,,,ODN0004023074,z,right_only
5C5EDBDA-614B-430E-AB68-3D3FFFF20C58,,,,,,,ODN0004023077,z,right_only
A209255B-B395-4AC8-8780-3DB6EF3D669C,,,,,,,ODN0004023079,z,right_only
427C1D58-F336-4F79-811E-8260664D5A95,,,,,,,ODN0004023081,z,right_only
E573EAD1-4C86-4928-B1DA-C46850753DEC,,,,,,,ODN0004023083,z,right_only
B765E8DD-6274-4717-8F12-DD2C012456F6,,,,,,,ODN0004023087,z,right_only
9504E489-496F-4BF5-BFBB-D0E5F845492B,,,,,,,ODN0004023089,z,right_only
006316B0-6218-4A67-A60F-4ACF579820AC,,,,,,,ODN0004023092,z,right_only
FCF98A70-FC20-4737-9B8F-76F7F42AA94C,,,,,,,ODN0004023095,z,right_only
E8AA406B-74BD-48DB-B342-2B32E18F82CB,,,,,,,ODN0004023099,z,right_only
9C2AFCCE-1C25-4153-8D93-2F8B28CCC8BF,,,,,,,ODN0004023101,z,right_only
1BC651D9-90ED-4F34-9A18-4616273D44F6,,,,,,,ODN0004023103,z,right_only
3C00FF54-5FCD-413B-B958-E7962BCF8820,,,,,,,ODN0004023106,z,right_only
CC161A2C-FFB1-4636-AFB5-3B08F704920E,,,,,,,ODN0004023108,z,right_only
7C8BE907-772A-4FFC-8FDE-587332DE3E4A,,,,,,,ODN0004023110,z,right_only
A08246B8-4CFA-4D07-B3D5-580BB3CC497B,,,,,,,ODN0004023114,z,right_only
7F00518C-7EF8-4183-8005-34FA7CC479AF,,,,,,,ODN0004023115,z,right_only
850740AE-23EB-44E9-81E5-E0B64FC34CB5,,,,,,,ODN0004023118,z,right_only
2E3C693E-1F3C-4461-9687-5C4DDEB2764D,,,,,,,ODN0004023121,z,right_only
866C2891-A052-4A86-98A9-C7AD3C5E61F5,,,,,,,ODN0004023125,z,right_only
1D95B618-6A0E-4445-97B1-1CD152339C69,,,,,,,ODN0004023128,z,right_only
3AC7305F-D7C8-40B7-942D-D6178CF5C691,,,,,,,ODN0004023129,z,right_only
81E6BDC2-4D9B-45C3-8E33-115EA1C7A92C,,,,,,,ODN0004023132,z,right_only
C9F7E380-B135-4AE5-AB4E-D8711F69183C,,,,,,,ODN0004023134,z,right_only
CC4A4090-093F-4BFA-B376-26E3DB04171A,,,,,,,ODN0004023137,z,right_only
4C5D7001-F2E2-4CCC-95D8-6FD9A11F7369,,,,,,,ODN0004023139,z,right_only
7AE7A5AB-CF8C-4B68-ADC3-5DC05F87A246,,,,,,,ODN0004023141,z,right_only
D6E6DB2A-F5B2-4EE6-8F00-5FBB71FE1126,,,,,,,ODN0003512607,z,right_only
996E4C87-34B7-42D3-9AFD-85BF2CC6EC24,,,,,,,ODN0003566510,z,right_only
BA0365A5-A6E7-4E9F-9060-B906C1FEFA9C,,,,,,,ODN0003566551,z,right_only
74B298FE-8E08-4CF3-8E27-F10C91BC25C8,,,,,,,ODN0003566552,z,right_only
43EA5CDF-E41B-4C15-9CC3-206AA7FD7759,,,,,,,ODN0003566573,z,right_only
A3F64570-7EE4-4969-BB2B-06C5B1013010,,,,,,,ODN0003512673,z,right_only
095AC201-C4F5-41BE-BBEC-7A30E95D3C20,,,,,,,ODN0003512677,z,right_only
F846BA06-F767-4EE3-9694-22D9BDE119BE,,,,,,,ODN0003608228,z,right_only
8DEDCE47-62AF-4966-9BB7-B8149E4DAE46,,,,,,,ODN0003923786,z,right_only
A12A54BB-6574-4EAF-B9A7-54AFBF9E0521,,,,,,,ODN0003512703,z,right_only
72D0CC9B-A143-4E97-BE1E-2422268A0D55,,,,,,,ODN0003608392,z,right_only
0BBC7F96-2296-4DBC-9AD6-C8A668C5749D,,,,,,,ODN0003512729,z,right_only
0CE198B0-4FF5-4E94-BC06-1C25B3E5EC15,,,,,,,ODN0003608239,z,right_only
C85F1437-04A1-449D-BCC9-E9BE0E987207,,,,,,,ODN0005574003,z,right_only
4CD6EA75-6A42-44E2-8817-59FC39176274,,,,,,,ODN0005535885,z,right_only
8CA4CCF4-ADB8-401F-9A11-3CDA9BBB306B,,,,,,,ODN0005459968,z,right_only
DB481556-B5D5-43F6-8EF2-8D12CCD49E61,,,,,,,ODN0005434801,z,right_only
8F0E2E15-5042-4499-B69B-3EE314E09417,,,,,,,ODN0005459969,z,right_only
3E82A9F5-ABEC-4F27-B82C-493E85484855,,,,,,,ODN0005434796,z,right_only
15DF24C1-32A0-41D7-A4D5-91B778F8FD7B,,,,,,,ODN0005459973,z,right_only
FCE44D22-C32E-421B-B5D5-DFA16C6D1DF7,,,,,,,ODN0005434798,z,right_only
0DCE36DD-A152-4146-84C3-DBF5380DED8B,,,,,,,ODN0005535890,z,right_only
1F774EC2-F13A-45BE-B37A-7DD04E2BAB54,,,,,,,ODN0005547031,z,right_only
71A40DB8-5A3F-467C-BB66-A8906D381B0F,,,,,,,ODN0005547032,z,right_only
127B86D7-29D5-4336-B87E-C0EA72CBB227,,,,,,,ODN0005699300,z,right_only
D0E8E7BE-D36E-4C3C-9D90-E48671276752,,,,,,,ODN0003898253,z,right_only
71ACBA5F-64C1-4450-962C-C12EE06277F9,,,,,,,ODN0003898254,z,right_only
C65C4AB4-B093-4754-A090-C894CA1B6D81,,,,,,,ODN0004278822,z,right_only
963C1A3D-1284-49C7-88D2-0A7FAFB2966B,,,,,,,ODN0004229707,z,right_only
92632F1A-9312-4B9B-885B-2984C9CD9201,,,,,,,ODN0004229708,z,right_only
1B9ADEE3-5A12-4BBC-B86B-B17A5E0318E9,,,,,,,ODN0004229709,z,right_only
894036F5-5E38-4F99-9F90-F5BDFFA83FFC,,,,,,,ODN0004229710,z,right_only
2218452C-3025-48A0-936E-F423B428A0B4,,,,,,,ODN0004229714,z,right_only
4677B0D5-5607-4365-BF79-80CA4FDCE86F,,,,,,,ODN0004229716,z,right_only
257888C2-C30A-4A2C-86D5-87E86AFE6D6C,,,,,,,ODN0003959510,z,right_only
984FA929-F896-40B5-845E-50581B49F9C5,,,,,,,ODN0005676347,z,right_only
15E682E6-00F1-419A-929D-E5AE3E2BDE70,,,,,,,ODN0005676346,z,right_only
F9FA6D6C-2692-4E23-8E41-1A1E8A738BDD,,,,,,,ODN0004703164,z,right_only
AE4979C1-691A-4691-BB9E-8F2A458535A4,,,,,,,ODN0003625998,z,right_only
2263E65F-CE0F-436D-AF47-6839E21FEFA6,,,,,,,ODN0003817244,z,right_only
D312AD4E-2955-49A2-83D2-C2F2A722A26C,,,,,,,ODN0003760865,z,right_only
1C026108-5B1A-4CE9-91EA-D2FF78607DE5,,,,,,,ODN0003760869,z,right_only
7431C607-C573-4271-B8E8-5AFF357FFF3B,,,,,,,ODN0003760873,z,right_only
8B5E9D99-5214-4B58-8125-C8F900FBBC35,,,,,,,ODN0003760886,z,right_only
D083A03C-8FF1-4482-90B5-ABDC524CFB1F,,,,,,,ODN0003760897,z,right_only
5A643FF8-E0DB-4682-AF14-9C0983657AB1,,,,,,,ODN0003625990,z,right_only
71298A8B-A6FC-4A7F-BC81-8FBD8DF8DACE,,,,,,,ODN0003696631,z,right_only
410187A9-7949-4BA8-A53E-6982411283CB,,,,,,,ODN0003625799,z,right_only
D4926728-6D99-4F80-B0E2-149E432A4683,,,,,,,ODN0003625842,z,right_only
16F04F94-1A90-4D5C-87A0-48D4F625D1E6,,,,,,,ODN0003625984,z,right_only
7F9086D5-F85F-44DF-BFD6-A6218A315A75,,,,,,,ODN0003625986,z,right_only
FF669CF0-361B-47DB-BFF4-094CD2B6F450,,,,,,,ODN0003625987,z,right_only
DD1A6DB4-A4D1-46DF-B660-CA243C969EBB,,,,,,,ODN0003625655,z,right_only
CEADA6E7-A659-4EE7-8B2D-1B9C1C8ED49A,,,,,,,ODN0003625657,z,right_only
36E34AA4-AA0B-4D2E-A98E-759E73AF5069,,,,,,,ODN0003625659,z,right_only
0E742B9D-92E1-412F-95BC-93FB5C8A65E7,,,,,,,ODN0003625660,z,right_only
8859C8B9-3408-46DB-A61F-B686B8E5E750,,,,,,,ODN0003625674,z,right_only
0D9DDAE0-6013-44C4-8EFA-F818514A467D,,,,,,,ODN0003625675,z,right_only
617B836D-3CEA-4789-8A11-2BD1265F5DD3,,,,,,,ODN0003625676,z,right_only
18D514B3-21F8-4E63-864D-62303E7441F4,,,,,,,ODN0003625677,z,right_only
6C692880-C74A-445B-96D7-551E0A2F59C4,,,,,,,ODN0003625797,z,right_only
10E209F5-59F1-48EB-A1B3-5CBE50026FAB,,,,,,,ODN0003625911,z,right_only
450AC1E1-3115-4BC9-9AF5-58C01F2D898D,,,,,,,ODN0003625968,z,right_only
E7B60B0F-E654-4A37-96F7-A72EEBFDA569,,,,,,,ODN0003625999,z,right_only
F2D2AF73-C972-4895-8F82-5A8697B275AD,,,,,,,ODN0003626001,z,right_only
2134E46A-E150-4BF2-A13D-3F1A21808D96,,,,,,,ODN0003626130,z,right_only
033B5820-874E-4B51-91FD-A52F83A775DD,,,,,,,ODN0003625834,z,right_only
4C304762-0B5B-49EA-A843-293E836D4C3B,,,,,,,ODN0003625953,z,right_only
C2696432-06CC-451B-8AD0-59505849E7B6,,,,,,,ODN0003626014,z,right_only
F7432C7E-E1D7-4AF9-91BF-9DC980E9D2C3,,,,,,,ODN0003625843,z,right_only
7D8DE224-0662-40F1-8CF0-ABB38F5EDA30,,,,,,,ODN0003881811,z,right_only
3BB2A2C3-98BC-4A3C-85FF-D13E08EEE975,,,,,,,ODN0003892728,z,right_only
043CBB27-673B-45EC-A727-A3250762DCE7,,,,,,,ODN0003892739,z,right_only
1EA91BC5-FA37-44F7-AE8D-1857222B89FC,,,,,,,ODN0003892740,z,right_only
BD8CF76E-8FD6-49FC-8E1C-B56BBBA809E8,,,,,,,ODN0003625701,z,right_only
DE2B6799-22F4-4140-A8AF-2E4A579FEA9D,,,,,,,ODN0003625878,z,right_only
AD1C9626-E32D-47FE-BF26-06490D7E58FA,,,,,,,ODN0004701558,z,right_only
B965A427-018F-443D-9CF4-A44694A64DC9,,,,,,,ODN0003669920,z,right_only
10C819CD-BCD1-4318-8679-4645CB93158F,,,,,,,ODN0004701559,z,right_only
37420DF5-DD6F-44DB-9D73-D086C87AC30E,,,,,,,ODN0004432296,z,right_only
D4FA1464-2A4E-4EE1-BA50-10909D8B9DCC,,,,,,,ODN0004297447,z,right_only
7452109F-ADC7-46F4-8C28-7F92D5F80037,,,,,,,ODN0004524250,z,right_only
A8D5A540-57F7-4EEA-9125-0FA94BD89DD0,,,,,,,ODN0004701561,z,right_only
90AF4979-2EDC-41B6-9692-A240988FEDAD,,,,,,,ODN0005286420,z,right_only
722014F0-A198-4EB5-8C97-E7EAA8921417,,,,,,,ODN0005286422,z,right_only
B57DF4F5-46C7-4CB7-944A-6691A735A066,,,,,,,ODN0004432323,z,right_only
65FA2F15-0139-4DF5-A89D-7F00C69BB811,,,,,,,ODN0004432334,z,right_only
4DD5C09F-A6B2-415D-A653-5F0B6E0B47C4,,,,,,,ODN0003705584,z,right_only
EF7C0FDF-5C0B-44C2-AED4-CEA6708934B4,,,,,,,ODN0004006859,z,right_only
65BAB4C6-6BBB-44E0-83EE-F6AFA002231B,,,,,,,ODN0004432349,z,right_only
E646A00E-925E-48BA-AA13-0A1656B742F9,,,,,,,ODN0004432350,z,right_only
E5A94EB7-32E2-4931-A53E-6FEDF3414104,,,,,,,ODN0004432357,z,right_only
922C8002-157F-4B9B-BA6B-FB1909786973,,,,,,,ODN0004524256,z,right_only
777AAA68-9477-4BC9-9AF7-6888C3A7116E,,,,,,,ODN0004524258,z,right_only
AEF89F38-F5B8-4D62-BA77-A694821B9309,,,,,,,ODN0004432362,z,right_only
9F41032A-3638-4D57-A95F-20EC5D46BE99,,,,,,,ODN0004701565,z,right_only
02B94192-5048-46E8-B9E6-5A441B9D17D7,,,,,,,ODN0004701566,z,right_only
1F45DE0D-FDD2-4807-8C2F-AA39D66C0955,,,,,,,ODN0004524260,z,right_only
CBB4E476-4495-4B0D-A24B-7FC766DF4F20,,,,,,,ODN0004701568,z,right_only
42E20277-4A2F-47C9-8456-141D0B307A75,,,,,,,ODN0004432366,z,right_only
6A34E6F8-6F53-48FC-BBC5-A5AE8E96CB7F,,,,,,,ODN0004701569,z,right_only
F2A1BC05-593F-449D-8D52-F3AF9CFE9D1B,,,,,,,ODN0004432371,z,right_only
908B69BC-89C9-42C8-BE65-85FE4A228650,,,,,,,ODN0004524265,z,right_only
9549541C-1CE4-43AE-AF9B-E19BC66D18AC,,,,,,,ODN0004524266,z,right_only
081A6F60-36B8-49D5-8B5C-96D6C4F863D5,,,,,,,ODN0004701570,z,right_only
C8ED2201-42BE-4A37-A750-FF74EDAF7276,,,,,,,ODN0004432374,z,right_only
B84F845F-64B6-400B-AF66-8B7AA710ADD4,,,,,,,ODN0004432386,z,right_only
EB634DF8-0BEB-49D0-B8AC-240CBAA583AC,,,,,,,ODN0004701572,z,right_only
5DE72ADA-4E4C-4423-A7B2-77D80C36E577,,,,,,,ODN0004432393,z,right_only
D6C4DB06-4847-4E80-89FD-91A36071C5F0,,,,,,,ODN0004006864,z,right_only
583A09FF-6647-41C3-8F7E-245896E5AB52,,,,,,,ODN0004524272,z,right_only
5BA6A125-3FDB-4B4C-B940-6FBEF82CA1F9,,,,,,,ODN0004006865,z,right_only
F780B2BA-24BF-4E7F-B0F2-8CF2DC823792,,,,,,,ODN0004432402,z,right_only
BD6A5605-92F4-499E-B7CC-CAC32315ACF9,,,,,,,ODN0004006866,z,right_only
85B982AF-9B98-4C5A-A96E-ECE3F2503805,,,,,,,ODN0004006867,z,right_only
177FA8E8-5AC8-447A-B901-C40FADBC09E0,,,,,,,ODN0004006868,z,right_only
272AC112-EB75-465A-8829-938E9F8C47CE,,,,,,,ODN0003669922,z,right_only
2857D98C-CBF6-4B9D-A8AE-3AE1DAD93C5A,,,,,,,ODN0004701575,z,right_only
CE032E40-6D2A-4E96-8C18-E13E76EAF107,,,,,,,ODN0004006870,z,right_only
93A365CD-C390-44C1-92C0-78B5C86CB725,,,,,,,ODN0003705585,z,right_only
4E0C27E0-704F-42D2-A09F-51C3AABF9A4B,,,,,,,ODN0004524277,z,right_only
89467447-0849-4A30-A670-0B98E6BECBB1,,,,,,,ODN0004701577,z,right_only
7D46F307-D0C1-4294-8C6B-1B94E069EEE3,,,,,,,ODN0004006871,z,right_only
80549AB9-B36D-48AF-B646-7A50AE4948CB,,,,,,,ODN0003962902,z,right_only
729ACE5F-99A6-4862-B037-9CD247A2B8AD,,,,,,,ODN0003962903,z,right_only
2614D063-93CB-433F-8D82-65197F02018C,,,,,,,ODN0004432431,z,right_only
E06AE664-5723-4C99-BC34-4AE75ECF5A78,,,,,,,ODN0004006872,z,right_only
4501965E-1D0A-4C8E-9F7E-DB268E527ACA,,,,,,,ODN0004006873,z,right_only
D4F4FD97-0A7C-40B4-9DBE-E40DB6277110,,,,,,,ODN0004006874,z,right_only
1F9F603B-36C6-4F25-9CCE-B3B00BB6BCF2,,,,,,,ODN0004432435,z,right_only
4A195EBF-DDB8-4132-A7D8-1F7E9A71AFC9,,,,,,,ODN0004701578,z,right_only
36E6F931-7D35-4757-BF8C-AB74B5C72CBE,,,,,,,ODN0004701579,z,right_only
F7937BF9-E575-40A1-A664-F3086475B68C,,,,,,,ODN0005286455,z,right_only
937FFF2C-9C9E-4D9A-8646-A60E2770731D,,,,,,,ODN0005286458,z,right_only
3970E4EE-CA9F-4CD1-9835-206117618B6F,,,,,,,ODN0004701581,z,right_only
C6F7DB99-2508-475C-82C6-FA9DF51A620A,,,,,,,ODN0004524295,z,right_only
E7890E8C-4B1C-4EC0-A5A1-7BD719B8E785,,,,,,,ODN0004524296,z,right_only
80513DED-E6EF-432B-AA3A-540DE90A9549,,,,,,,ODN0004006878,z,right_only
9F74AB59-1AE4-4DCA-AE34-453A8AC179AA,,,,,,,ODN0004297543,z,right_only
EF7F0ED6-E314-4D41-A390-58F26FBC4595,,,,,,,ODN0004297546,z,right_only
5FE6D7D2-BE8C-47A1-8238-D53F723DAC27,,,,,,,ODN0003705586,z,right_only
95642DE4-209C-4E3C-A0FF-3B655F2EB74F,,,,,,,ODN0004701582,z,right_only
F5890391-F9C1-4B96-A89B-0E28D6D6AE99,,,,,,,ODN0004006881,z,right_only
1623E288-DE13-41E7-9E98-70A738B8334C,,,,,,,ODN0004006882,z,right_only
8C4B7BEB-76A5-4DBF-99BF-B5951D0BE620,,,,,,,ODN0004006883,z,right_only
C118F550-66F3-4F7E-847F-A6D88A9D65BD,,,,,,,ODN0004006884,z,right_only
BF5A23AA-4A2C-4A46-A73F-84931A4A28C6,,,,,,,ODN0005286466,z,right_only
09784A6A-88D3-4F94-B27E-9AB9AFFB0940,,,,,,,ODN0004524314,z,right_only
454DE37D-DDBC-43BA-8E63-57978C3D1FB6,,,,,,,ODN0004006887,z,right_only
8A328E69-1116-4D26-B20F-1D22AA0F6DCB,,,,,,,ODN0004006888,z,right_only
2BFB55DA-0CC2-44F9-BFF9-34DE4BB3640E,,,,,,,ODN0004701584,z,right_only
71106C28-67E6-4C14-B569-76786EAB1798,,,,,,,ODN0004432504,z,right_only
9A6EA9DB-EEB2-4F6D-9688-85596AD3C838,,,,,,,ODN0004524315,z,right_only
C8C16392-6E08-417F-8010-7A474940B2BB,,,,,,,ODN0004432507,z,right_only
D860DDF7-E0E3-44B6-AD50-05391CB89D76,,,,,,,ODN0004297564,z,right_only
2AED7512-86D2-4944-B750-924AF364D92B,,,,,,,ODN0004006891,z,right_only
7099AAB5-0109-4B39-AFAE-9A2ECC5E5386,,,,,,,ODN0004006892,z,right_only
CB6F613B-78BE-402A-BDCC-4B6E2136A3FD,,,,,,,ODN0004701585,z,right_only
A82B0917-C45D-4756-B127-2CE701489D47,,,,,,,ODN0004006893,z,right_only
08D5152D-8B46-4F74-B811-86B304A6308E,,,,,,,ODN0004432512,z,right_only
8E2117F6-002C-4530-B497-513234CA5F50,,,,,,,ODN0004432514,z,right_only
817976B3-A711-4292-80D8-D7E4DE19C0D8,,,,,,,ODN0005286482,z,right_only
6861BF7C-F970-45B0-8672-AA23171DA789,,,,,,,ODN0004701586,z,right_only
05976B72-A2F9-4ACA-AF2A-DF2D7FC1FC78,,,,,,,ODN0004701587,z,right_only
80C0FAFB-7B3B-40AF-B2B0-2A1CB9E0D734,,,,,,,ODN0004701588,z,right_only
00AA6C60-9115-463A-9929-066F9D3A4B98,,,,,,,ODN0004524328,z,right_only
9EDC1F76-82D6-4C1C-B565-87C4938C5199,,,,,,,ODN0004524329,z,right_only
95627CDD-B2B9-44E6-BE64-FD717538678F,,,,,,,ODN0004006896,z,right_only
79C92619-B2C5-4045-B838-F574456FD59F,,,,,,,ODN0003669928,z,right_only
1832042C-31FD-4345-914A-A9F3EC60D9EB,,,,,,,ODN0003962906,z,right_only
5F6B4C29-7152-4BED-AC24-FC7057821FD7,,,,,,,ODN0005286491,z,right_only
7F02F640-BFC6-41E2-8B81-ADEE5C433329,,,,,,,ODN0004297585,z,right_only
0B1480E9-F85B-44F3-93EF-D1557EE978A7,,,,,,,ODN0004590273,z,right_only
AA916DF7-8C58-4663-9259-C9C30B6FADEB,,,,,,,ODN0004524331,z,right_only
FC785819-1B70-4B57-B8D8-D717D6A127B6,,,,,,,ODN0004006897,z,right_only
57C5D6DF-2031-42D2-86C5-FE9617C62F97,,,,,,,ODN0004297588,z,right_only
CEBD2335-4D15-4069-A77C-6E3F49B31B3A,,,,,,,ODN0005286449,z,right_only
AE812396-EC2E-4D91-A264-B3D3A077ED63,,,,,,,ODN0003734009,z,right_only
AFAB5E38-2244-448E-A98D-9523E7E0C760,,,,,,,ODN0004267835,z,right_only
6A4F551C-5888-43B0-A506-25A8A30E5170,,,,,,,ODN0004305637,z,right_only
16B2E764-12BD-4627-91B3-E5C07AFEE89B,,,,,,,ODN0004015157,z,right_only
BDDA0AB0-4B00-4EC7-9DF2-1D6508502869,,,,,,,ODN0005465387,z,right_only
0B92D2C7-9362-4700-85D9-F448D6E1DADE,,,,,,,ODN0005465388,z,right_only
50C4389C-DE80-4156-AEC8-908D821FB14B,,,,,,,ODN0004015162,z,right_only
5D08352B-1D7E-4E47-A4F8-4866260BEC7C,,,,,,,ODN0005465389,z,right_only
B462CD7B-6F2B-4265-8FE8-FF51EC414FBE,,,,,,,ODN0004015169,z,right_only
D23B2C67-13C8-467C-A9A9-0FE5BDF48FE0,,,,,,,ODN0004015172,z,right_only
B3CD7541-2330-4AC3-9829-13B5FA80AC74,,,,,,,ODN0005465391,z,right_only
1B19CBDA-F979-403C-ABEC-E748FB25AEFC,,,,,,,ODN0005465392,z,right_only
3329F48B-EBB7-44EB-A614-FDE926352272,,,,,,,ODN0004209752,z,right_only
6ABAADFE-2286-4E11-B62A-80BC4E3A20E0,,,,,,,ODN0004015178,z,right_only
635967EC-EE1B-4991-81C8-5E0C3F2B3B3F,,,,,,,ODN0004209753,z,right_only
903B89CA-EA4E-4B08-9F4F-5C14F7CDE499,,,,,,,ODN0004209754,z,right_only
40B4FE06-C9F3-482B-B558-EDE078C803A1,,,,,,,ODN0004209755,z,right_only
EE4551EB-ED7F-43AF-80C8-CCA18FA1724B,,,,,,,ODN0003786086,z,right_only
65B054BD-7E57-4AE8-B086-2D34D0EFF643,,,,,,,ODN0003786087,z,right_only
733A6680-558F-4FC9-8879-9A503B8A4FE7,,,,,,,ODN0004209758,z,right_only
B128FBC1-2E83-4D69-98DE-936C5D3F7D9C,,,,,,,ODN0005465397,z,right_only
2A3D1D03-C782-4655-A8AA-9F55823F1F77,,,,,,,ODN0004015186,z,right_only
96021B75-34ED-49D7-B297-35323D6F608D,,,,,,,ODN0004305649,z,right_only
85AF81AB-D96D-4923-BA30-B3C0B16F5F70,,,,,,,ODN0004305650,z,right_only
8E02A933-24BB-483C-B6CB-343C9916651A,,,,,,,ODN0004015192,z,right_only
1E65D87A-DE69-493F-91AD-2AA76614F2F1,,,,,,,ODN0004015194,z,right_only
803DD770-B6EB-47F9-BE0B-AAF40A633111,,,,,,,ODN0004209760,z,right_only
57FB07E5-3355-4EE1-9149-2500E8D08075,,,,,,,ODN0005465401,z,right_only
73E22B55-2D05-4796-A277-41CA09996017,,,,,,,ODN0005465402,z,right_only
9E26CA6C-C93F-4608-B3C0-36C5FD2C51EC,,,,,,,ODN0005465403,z,right_only
5948BE9B-02C6-4FCC-BA19-03624EBC7CC2,,,,,,,ODN0005465404,z,right_only
2A8C987D-78B2-4E0F-A23F-064EA956CC2E,,,,,,,ODN0005465405,z,right_only
E17ED17C-1A30-425E-BCAE-55D727BC0E3C,,,,,,,ODN0005465406,z,right_only
7709045D-5DD2-4FB1-9773-9B5E6DFE3DDE,,,,,,,ODN0005465407,z,right_only
58B65A55-2412-40DF-9549-85AD582B1052,,,,,,,ODN0005465408,z,right_only
93215152-CF81-433C-8D78-0E7E07D9DE11,,,,,,,ODN0005465409,z,right_only
A7ED5E62-BEC6-4295-B342-C1F23F2FDDC0,,,,,,,ODN0005465410,z,right_only
C2CD8691-B392-432A-84E1-C5B054BDAD85,,,,,,,ODN0005465411,z,right_only
6C9A31D3-93E4-4B19-BBC0-593C2AAEC611,,,,,,,ODN0005465412,z,right_only
6008D41C-6052-45B7-A859-ECB90EA8656F,,,,,,,ODN0005465414,z,right_only
5212A27A-BC47-40EA-AEFD-ABBF871B5A22,,,,,,,ODN0003786112,z,right_only
E2675265-E0E6-4474-A79E-42BC53634E7D,,,,,,,ODN0004015212,z,right_only
929D0D93-412B-4020-8C1A-81FE78A368D6,,,,,,,ODN0004305654,z,right_only
1AC7F094-7979-4E98-BF02-A18226AA6F68,,,,,,,ODN0004015221,z,right_only
5D4C7432-3FDD-4ABF-97E0-D4E7BC5A5D35,,,,,,,ODN0004015236,z,right_only
537002DD-73F2-435A-ABA1-F32AF2528CA1,,,,,,,ODN0005465416,z,right_only
782B1C77-EE37-4F52-833A-69C19A950E3E,,,,,,,ODN0003786124,z,right_only
CEDF2C14-05E2-4D85-85CF-B5939B5F378E,,,,,,,ODN0004015242,z,right_only
79D30EA7-79F1-4253-9566-30997635CE6E,,,,,,,ODN0004015263,z,right_only
6220454C-27FF-4A95-A150-861C3F55AE81,,,,,,,ODN0004015265,z,right_only
B54033F7-1747-495C-9D25-5134819CF17D,,,,,,,ODN0004015271,z,right_only
B121E94E-AECF-4134-B052-3CD4528D149F,,,,,,,ODN0004819689,z,right_only
B3328952-A83C-4EA4-BC06-E70B4229BC60,,,,,,,ODN0004819690,z,right_only
CE309D25-6887-4A5C-98EF-D3BB0D8B2EEA,,,,,,,ODN0004015276,z,right_only
B97B5DD5-ED10-40D4-A75A-1E9534603D1D,,,,,,,ODN0005465422,z,right_only
F7E9AE3B-AFC9-402D-B1B1-1DF162085858,,,,,,,ODN0005465423,z,right_only
5301E1ED-33B7-4EF4-BF73-24E4C0255F45,,,,,,,ODN0005465426,z,right_only
0574EFC7-48CA-406E-BD74-A32F35DAB4C4,,,,,,,ODN0004015289,z,right_only
64A2B5B8-2BD1-4BC2-B8B2-3CDC3377CDE5,,,,,,,ODN0005465427,z,right_only
00CC901C-0B97-4713-ABB4-ECD63FCE59AD,,,,,,,ODN0004015299,z,right_only
C5F26EF3-0521-497C-B0C5-DF586C6669C1,,,,,,,ODN0004015303,z,right_only
0BCE2A51-72F0-4005-9733-912BEA8ED7F7,,,,,,,ODN0004015312,z,right_only
778F23C3-41C9-4E89-84F1-0629666EC7BD,,,,,,,ODN0004015314,z,right_only
A0FA7094-FE75-43BA-BE51-EE0A1E9DDF85,,,,,,,ODN0004015315,z,right_only
0AAB685F-C993-4801-92E9-13A6C0143C33,,,,,,,ODN0004015317,z,right_only
A35E0AC8-288E-43F2-9352-87769A68258A,,,,,,,ODN0004015321,z,right_only
2C5CF3CD-1D07-4F6D-9BB6-F238F3A7364D,,,,,,,ODN0004015323,z,right_only
1A424C21-18A1-4988-820D-B91481216D84,,,,,,,ODN0004015324,z,right_only
5B0721F4-B68B-4B22-A13D-A4F177EDFE93,,,,,,,ODN0004015326,z,right_only
27864FE4-D0AA-4552-B242-DE08A9B9EB0B,,,,,,,ODN0005465432,z,right_only
743928AD-ECC4-46A2-A5B4-EED6E827F3D3,,,,,,,ODN0005465433,z,right_only
4DAD3C16-FE4F-4249-A7BD-BBA0884A3AE4,,,,,,,ODN0003786171,z,right_only
E7A6A386-6941-46DA-8E5C-DCE83047F25D,,,,,,,ODN0004015328,z,right_only
43423C15-BA4E-4DEA-A89F-FB1A912A9260,,,,,,,ODN0004015330,z,right_only
9DC8B60F-BB69-4DA7-BD34-AF3FC7E62BF1,,,,,,,ODN0005465437,z,right_only
76063D72-3979-4A9F-A19B-1A778F05440B,,,,,,,ODN0004015331,z,right_only
5F723261-9534-4DD3-93C6-6A85409B26E7,,,,,,,ODN0005465439,z,right_only
FEBC7C3D-97FE-40DA-8D9C-6817039240D0,,,,,,,ODN0003786194,z,right_only
B6A0822A-A056-4BB6-A883-70081EDBA64E,,,,,,,ODN0003333509,z,right_only
7E4E66BF-E741-49A6-A6D4-CA1A2047A27F,,,,,,,ODN0003744513,z,right_only
727211B5-8FAA-47BC-BFE4-5FBFDEA4BEA1,,,,,,,ODN0005242652,z,right_only
920CEFDE-2BE7-4650-AE8A-6136CD201DCA,,,,,,,ODN0003756205,z,right_only
EFF75884-24FA-45AE-9CA8-EB88C22C63FB,,,,,,,ODN0003756210,z,right_only
C156C0FA-3CDA-4AF6-98A0-581F1DFDEB41,,,,,,,ODN0003756214,z,right_only
F778DF90-26E9-4174-A36A-AA57BCF0F35B,,,,,,,ODN0003756213,z,right_only
22CAA650-6B0B-410A-94A4-8A67FB77AD5E,,,,,,,ODN0004415284,z,right_only
8F20CE4A-3040-44AB-B6FA-762AEA0F49C6,,,,,,,ODN0004099076,z,right_only
10ABAEC3-F059-40A8-A707-B0104320947F,,,,,,,ODN0004099077,z,right_only
0F1F222A-9413-4C64-BAC2-8FA574271C46,,,,,,,ODN0004999398,z,right_only
43A2D375-A0BB-49F1-9D67-39F303675327,,,,,,,ODN0004099078,z,right_only
9F8E8884-EAFC-4076-8A7C-17CF6FE33EDA,,,,,,,ODN0004099079,z,right_only
5969CE73-F1A0-43F9-BA32-2D4D0FD022DE,,,,,,,ODN0004099080,z,right_only
DBCBEABE-2CE0-4074-A8AB-FC634EE871A4,,,,,,,ODN0004099081,z,right_only
1A51FCAF-77AA-4548-8FB2-129FD762D889,,,,,,,ODN0004099082,z,right_only
0C10722A-9A2B-4618-8E52-7B11EF936BED,,,,,,,ODN0004999401,z,right_only
50FB8198-88A3-42AE-9FF2-A5B4CF163E20,,,,,,,ODN0004999414,z,right_only
2454A518-7A64-4E2E-8772-4A059E9C905A,,,,,,,ODN0004099083,z,right_only
3CB7ABBC-73E5-494E-A3C6-1916ADBE209E,,,,,,,ODN0004099084,z,right_only
FDF993B2-2F98-48D4-98EC-754D5ABF0867,,,,,,,ODN0004999421,z,right_only
C554C524-A32E-40AE-9704-4AE107CD91B4,,,,,,,ODN0004099086,z,right_only
73B895A1-B028-4444-83E3-767FF38D7F33,,,,,,,ODN0004999423,z,right_only
ADAA523E-2244-4F3F-A804-7378B964E1A0,,,,,,,ODN0004099087,z,right_only
265B6D15-5736-4F24-9166-92312B04280F,,,,,,,ODN0005181559,z,right_only
64DAE3A3-5A10-41D4-ACD4-3E4CE8FC0251,,,,,,,ODN0004999427,z,right_only
D6AE2BE5-F472-40F9-A307-B49837239EB2,,,,,,,ODN0004999432,z,right_only
A8E0DFE2-CF12-49A4-A43E-34E94FB3FEE9,,,,,,,ODN0004999434,z,right_only
CA3966C4-2140-421A-A0DA-0AB5B1DC1902,,,,,,,ODN0005181560,z,right_only
C65961F2-776F-43AB-B97C-C6AAA19E1F78,,,,,,,ODN0004099088,z,right_only
9011DC57-6CCF-4B6B-8D18-F9A8DE4312B5,,,,,,,ODN0004099089,z,right_only
1C042876-1543-43AD-A8D3-A2FA7EB1FB99,,,,,,,ODN0004099090,z,right_only
7FF137C5-D25F-4F56-84C3-C6E45E4EF061,,,,,,,ODN0004099091,z,right_only
2F7D5D2C-A629-408F-9C18-1DD2917D4269,,,,,,,ODN0004099092,z,right_only
CAEAB4B6-3B24-476A-A4CC-B6A14428E4F8,,,,,,,ODN0004099093,z,right_only
E23A636F-975F-4009-93D3-ED161D95A9E0,,,,,,,ODN0004099094,z,right_only
72A3A1D6-91C5-48FE-9D57-7C3BF79D8CBA,,,,,,,ODN0004099095,z,right_only
F1E2DF31-C5FB-4FBF-AC44-83F07C571A29,,,,,,,ODN0004099096,z,right_only
594F7881-CE91-4B43-A329-7A29A0CBB820,,,,,,,ODN0004099097,z,right_only
AB7BB2BE-A98C-4B5A-BF00-F4A918762065,,,,,,,ODN0004099098,z,right_only
B3965CA3-900E-4FE4-B431-0C43D1A14680,,,,,,,ODN0004099099,z,right_only
69E89682-71FE-44DD-A0BA-E994D4E9BB6A,,,,,,,ODN0004099100,z,right_only
D665E272-EFD9-4C62-BD19-41B0C463FF95,,,,,,,ODN0005181561,z,right_only
A1AF2397-5B82-4846-AB2D-169A478B4506,,,,,,,ODN0004099101,z,right_only
C7FFA273-B6F2-4A55-A75C-FF4D168D404D,,,,,,,ODN0004099102,z,right_only
16282F81-2EDF-41EC-90AE-6AB89C69F268,,,,,,,ODN0005181562,z,right_only
8DDE4BD3-FBEF-4CB2-A1B2-8B70DBE0BFC3,,,,,,,ODN0004099103,z,right_only
30CBB546-467E-4A19-87B8-05F9DFEC25B8,,,,,,,ODN0005181563,z,right_only
0212940E-E4DD-4197-A453-D1D8AC6F290C,,,,,,,ODN0004999992,z,right_only
7DF5F1EC-400C-4DCE-B23D-F315DED006FD,,,,,,,ODN0004999996,z,right_only
1285B276-8B91-4E55-947F-F66FFF3FF99A,,,,,,,ODN0004099104,z,right_only
A7BE9A2A-8592-434C-B533-3B5306B96682,,,,,,,ODN0004248398,z,right_only
BA2C257E-0BE7-4C5C-AC3B-5AE1A6E5740A,,,,,,,ODN0004999998,z,right_only
EC5BD655-E9FE-43FB-B2E1-DEEF55802047,,,,,,,ODN0004099105,z,right_only
F765D507-C1E8-4ABA-921E-3ACCB2FD2423,,,,,,,ODN0005000002,z,right_only
DEB19546-6DDE-47D1-BE90-49FD42F1CEDD,,,,,,,ODN0005000003,z,right_only
7219C0DA-3863-4840-BD3E-92163D5C0C00,,,,,,,ODN0005000004,z,right_only
FD4AC0AE-37FD-4FE6-9D57-835E9FD79E82,,,,,,,ODN0005000005,z,right_only
4F55BFBA-1A5E-4FA0-A0CA-745CFB815E28,,,,,,,ODN0004099106,z,right_only
DB9AEA3C-06F0-42C3-986E-B6AA658BC199,,,,,,,ODN0005000021,z,right_only
D1FF1279-5524-46F4-B73E-DF7E0F494212,,,,,,,ODN0005077494,z,right_only
AC139EE5-BA22-4425-91F1-3367FBA5A675,,,,,,,ODN0005077495,z,right_only
7FB098F8-051B-4978-836F-0234554DFCE8,,,,,,,ODN0005077500,z,right_only
79ED2F47-D53B-473E-AE42-BC596ABD8C57,,,,,,,ODN0005077501,z,right_only
2B7EBBD5-CFF1-4825-9B9A-9A4603DF3E6A,,,,,,,ODN0005077506,z,right_only
8A360D43-8F14-4289-B07F-CD9AE20648A9,,,,,,,ODN0005077507,z,right_only
087E839C-885B-48DB-AC42-95FE9DB5AD6D,,,,,,,ODN0005077510,z,right_only
F824D5BF-BF12-4C78-B175-5085E0DF962F,,,,,,,ODN0005077514,z,right_only
56C04479-2A14-421B-AC68-6B5F697D4581,,,,,,,ODN0005077519,z,right_only
E7DC51A9-47AA-46AC-855B-2D1F87B46A64,,,,,,,ODN0005077520,z,right_only
F805DAE3-1F3F-4058-85BC-AF53D0269B19,,,,,,,ODN0005077521,z,right_only
8CA34F3F-7668-406A-A8B6-DC54E86A0352,,,,,,,ODN0005077522,z,right_only
1F094D67-E021-4441-BD61-02598646E725,,,,,,,ODN0005077524,z,right_only
69C0C395-2092-4A64-8FAA-146CD22C05E2,,,,,,,ODN0005077526,z,right_only
F4926D77-0159-4547-B0B6-F9AF6E14EC98,,,,,,,ODN0005077527,z,right_only
97B4D8FF-8216-4442-96D8-5207E6DADB73,,,,,,,ODN0005077528,z,right_only
7C73D6ED-DA48-4D04-89AC-C6D160D73BC5,,,,,,,ODN0005077529,z,right_only
CE477393-B6C4-4BEB-A354-304EAD886832,,,,,,,ODN0005077531,z,right_only
6231A74D-C824-42FE-B84D-A3BD337EFF42,,,,,,,ODN0005077532,z,right_only
2BDA9015-B470-4F01-845F-83212EA816F6,,,,,,,ODN0005077533,z,right_only
136E71B7-7B54-4C27-A68B-58A31DEFF506,,,,,,,ODN0005077535,z,right_only
F9DBBAE9-9908-432E-A732-ACB68368DADA,,,,,,,ODN0005077539,z,right_only
345A46F7-59D7-4034-91A2-641737A23BC9,,,,,,,ODN0005077540,z,right_only
E4C2D96B-09D0-4F8A-AE9D-0820EFD5F6D7,,,,,,,ODN0005077541,z,right_only
ACCE7B3A-74CC-41E0-8218-0750102B872B,,,,,,,ODN0005077542,z,right_only
091CB3F5-7284-4741-9FFA-5AC6D986E35A,,,,,,,ODN0005077543,z,right_only
23339AAF-A84F-4A04-A286-A40E64A40231,,,,,,,ODN0005077548,z,right_only
CCB6D951-9CA2-4109-B84E-9955F4F20D19,,,,,,,ODN0005077554,z,right_only
A531BC68-4C26-481F-AF3B-7015B201D737,,,,,,,ODN0005077556,z,right_only
9E51A174-0C21-491E-9DCF-8F09C9BBB7D3,,,,,,,ODN0005077557,z,right_only
848D7EC5-76D6-4BE1-9C6D-1319F3EF47FD,,,,,,,ODN0005077558,z,right_only
B48A2498-9E18-4AF4-8F8B-50D55251493D,,,,,,,ODN0005077559,z,right_only
2D1B54AC-64D8-4DFA-AB95-8683146D83DF,,,,,,,ODN0005077561,z,right_only
AB2D1A01-D8FB-4D84-BA94-19EDC83E82F4,,,,,,,ODN0005077562,z,right_only
73918601-AA97-42BA-95CA-6BF04691B827,,,,,,,ODN0005077568,z,right_only
A016153F-D9F5-492A-9DB4-65CA910945F8,,,,,,,ODN0005077570,z,right_only
6A9046B0-C75A-4963-BD25-6B69CB9CB5C2,,,,,,,ODN0005077571,z,right_only
9C841263-C096-4CDE-A339-BA645455BD2B,,,,,,,ODN0005077573,z,right_only
F8FE06E6-8B53-44AA-8AA3-5C6D37F957BA,,,,,,,ODN0005077574,z,right_only
B3BAB1A0-BD7D-46DC-996D-462F11A17B06,,,,,,,ODN0005077575,z,right_only
7D6E84A8-453E-42C3-8997-C6A5FD4CC73E,,,,,,,ODN0005077576,z,right_only
5E79D337-ADB5-4E88-B339-1EB86CA9F500,,,,,,,ODN0005077578,z,right_only
B16D35CC-41F6-496B-AEB8-32432BAF05E9,,,,,,,ODN0005077580,z,right_only
5F8A75A0-08C5-438B-8B04-F495ABE1116E,,,,,,,ODN0005077581,z,right_only
96E02DAE-6F3F-43B9-A1C9-67077C7B126C,,,,,,,ODN0005077585,z,right_only
FCDCF759-BA1F-4A97-B9D7-A3CC9D306B84,,,,,,,ODN0005077586,z,right_only
89ECD879-BE31-461F-8348-D8BE53885B45,,,,,,,ODN0003965679,z,right_only
20713B17-AD3D-446E-89A3-D3EC7FB74652,,,,,,,ODN0003965695,z,right_only
28F5F204-9640-4705-B421-5C1EF27E9724,,,,,,,ODN0004726534,z,right_only
7F23075C-62E0-4768-9D11-EC611C046265,,,,,,,ODN0004726537,z,right_only
15CB5508-A8AD-4471-9B46-668B7F2E45F6,,,,,,,ODN0004726559,z,right_only
D6C50E73-2AAE-49A4-9CB3-DC3B121D965D,,,,,,,ODN0004726602,z,right_only
F4674E38-F101-428F-AAA8-16888A422D8E,,,,,,,ODN0005263975,z,right_only
777741A4-E53D-471C-862F-1021C410A234,,,,,,,ODN0005264230,z,right_only
F957A113-6C8B-462B-9175-F782AEFE25EE,,,,,,,ODN0005264542,z,right_only
499843DD-548D-49FD-8E3A-7E8B17C3D3E1,,,,,,,ODN0005264980,z,right_only
4F77EE54-251D-4001-99A5-2FC9B080D623,,,,,,,ODN0005265027,z,right_only
FDF7DADB-EA03-4E15-802A-97B40536B4EA,,,,,,,ODN0005495051,z,right_only
6CD13446-D216-4D9B-80FB-81806A32831A,,,,,,,ODN0005631590,z,right_only
0F94939E-7B13-4191-88E8-16569E23E45A,,,,,,,ODN0005632026,z,right_only
7F9ECF6C-5232-420E-A26B-564C9A5DDD2E,,,,,,,ODN0005708395,z,right_only
AE52BDF4-4BEE-480A-841E-D68E7114AABD,,,,,,,ODN0005495049,z,right_only
87E77B10-EFF1-4BA4-91A1-64F71EA88073,,,,,,,ODN0005162563,z,right_only
7456C504-2C41-49ED-8D5C-C62A27AFF5EC,,,,,,,ODN0005162574,z,right_only
F266ACDF-B2BA-4469-BC86-9F1E4EA9B116,,,,,,,ODN0005162586,z,right_only
AB8B95B7-8D0E-48F1-9F7A-638F20155BC8,,,,,,,ODN0005162598,z,right_only
5386AC25-EDF1-4132-94AE-02A8CC28015F,,,,,,,ODN0005162602,z,right_only
834DBB97-DF2D-4002-8FCD-0CF54DE88862,,,,,,,ODN0005546889,z,right_only
11535847-1E49-4A93-9FD7-3953325BAA68,,,,,,,ODN0005539950,z,right_only
B83A8CCC-2CAF-4A81-BBA4-3E2467F3065B,,,,,,,ODN0004074160,z,right_only
D815C734-FECF-4669-B2E0-5095591339DF,,,,,,,ODN0005453275,z,right_only
0A900ECB-9002-467C-9307-754C7E95CE78,,,,,,,ODN0005453274,z,right_only
602E0E1C-4EDA-4217-9500-828005AE3C66,,,,,,,ODN0005440135,z,right_only
3B2DB3AA-4A68-436D-B3F2-00CE472CA454,,,,,,,ODN0004876579,z,right_only
8D9A393E-B133-46A8-BF63-6F92627E6C6D,,,,,,,ODN0004535635,z,right_only
76A49D23-7699-41C7-A5A3-DB16E60ED344,,,,,,,ODN0004535521,z,right_only
3092A21C-A52A-424C-9555-11ABB8800B3C,,,,,,,ODN0004936806,z,right_only
8B39B529-ACCA-4E7C-A534-EB906443B3D6,,,,,,,ODN0004535472,z,right_only
71ABBCBE-1B1D-4C42-B16C-FC714C63766F,,,,,,,ODN0004535743,z,right_only
D8F87CBA-1E32-4C41-8B61-F206B6BF122A,,,,,,,ODN0004535394,z,right_only
69E3697B-7D9D-4D45-8C19-57C3DF262956,,,,,,,ODN0004535393,z,right_only
0FFD46DB-FA7B-4656-8EE3-29F54CEE0088,,,,,,,ODN0004535402,z,right_only
DCA45025-CFC4-43EA-86BB-3E42FD3BDAAE,,,,,,,ODN0004936814,z,right_only
D4FB0635-7DAA-447A-8079-F36A880F34FA,,,,,,,ODN0004535409,z,right_only
DF167CF0-5D69-4D9C-94A9-C65E08293577,,,,,,,ODN0005164710,z,right_only
DCC9BAD2-2701-4E5E-862D-90276DC0A77E,,,,,,,ODN0004535450,z,right_only
F99701D0-51A7-4F69-A8AB-A6ABA03F947B,,,,,,,ODN0004535463,z,right_only
B3B8508F-AAD9-4442-AF41-614ABF6262CB,,,,,,,ODN0004535464,z,right_only
ABA698C5-091D-44FB-AB3A-3F38C7C4753E,,,,,,,ODN0004150789,z,right_only
93E7DFEE-AEAA-45F6-A353-FABAB8680A94,,,,,,,ODN0004535480,z,right_only
4DCBF90C-11D6-4C61-898B-9A598A6EEFD4,,,,,,,ODN0005164842,z,right_only
182FDC99-FECB-4F48-92E8-BC5C73905A47,,,,,,,ODN0004535494,z,right_only
8E39BD74-AB71-402C-A3BE-0494E66CF19F,,,,,,,ODN0004535576,z,right_only
F638227C-CDBC-4746-B825-452D3F45E868,,,,,,,ODN0004535572,z,right_only
180FEFE2-9FA6-4692-87E7-31D20706DD3E,,,,,,,ODN0004535550,z,right_only
217733E6-7A38-470C-AF78-902AFFC7B5AA,,,,,,,ODN0004535551,z,right_only
E26AA5C1-B926-4888-A1F4-2997ADAA24A5,,,,,,,ODN0004535556,z,right_only
CA8280F7-C659-4F63-9722-D377A9A5317A,,,,,,,ODN0004535558,z,right_only
E6583E6A-90F5-40BB-87BC-7B9EB19AA248,,,,,,,ODN0004535559,z,right_only
E57CC2A7-B1F2-42FC-B7A6-1914C5736312,,,,,,,ODN0004535554,z,right_only
34ABB28B-38C7-4573-8C78-F5C2BA3785FB,,,,,,,ODN0004535557,z,right_only
156F18FC-6FE5-493A-8199-FBD6005641FD,,,,,,,ODN0004535555,z,right_only
5E76744F-9357-49DD-AF12-617BCF93A2BD,,,,,,,ODN0004535553,z,right_only
1A7093F0-1A52-4F44-B59B-6CD573EB25B3,,,,,,,ODN0004535560,z,right_only
132E79FC-3603-43E4-807F-EF8C1A118852,,,,,,,ODN0004535552,z,right_only
13CF394A-B914-477A-B2D6-6F8FEC3E3421,,,,,,,ODN0004535561,z,right_only
0EF1F38B-3B45-4882-9FF3-B935FFA0C733,,,,,,,ODN0004535549,z,right_only
ECFD4B98-C9BF-47C2-A5D6-9158E623EC9E,,,,,,,ODN0004535567,z,right_only
751FAC35-EACE-4533-AE27-363A4E23471F,,,,,,,ODN0004535570,z,right_only
E7084744-05AF-4D4E-981B-164FF3BA209E,,,,,,,ODN0004535569,z,right_only
09BA3129-B09D-4E72-982D-EF9277D0099E,,,,,,,ODN0004535571,z,right_only
9132718F-BD86-4734-896F-018C4086DBDB,,,,,,,ODN0004535568,z,right_only
D0C35C63-AB11-45B4-9677-5C4F036C667C,,,,,,,ODN0004535566,z,right_only
5FD2EBF9-8ED0-4325-9B46-41AE3E427B1F,,,,,,,ODN0004535577,z,right_only
B76EA7D6-02BC-4DA0-BE04-65BCCDB89EB6,,,,,,,ODN0004535538,z,right_only
5CD77BF3-D372-4160-B741-7325EC24150D,,,,,,,ODN0004535537,z,right_only
ECC94F4B-CC6A-461D-B242-4BEEC99F84D5,,,,,,,ODN0004535547,z,right_only
1C95B024-5B00-4FD5-AFCB-4B004337958A,,,,,,,ODN0004535548,z,right_only
1174A14F-862C-466C-BB32-B0E4022806B9,,,,,,,ODN0004535563,z,right_only
D80D5721-C5A7-465D-81F8-F26867473328,,,,,,,ODN0004535539,z,right_only
C50C50B3-4103-44CD-BD3B-701FF409C2A8,,,,,,,ODN0004535542,z,right_only
BD9BC4AF-5737-421B-9289-7636BBACCF12,,,,,,,ODN0004535541,z,right_only
20E29AC4-579E-4200-BB80-E195A8AD2C34,,,,,,,ODN0004535544,z,right_only
54819F39-810C-4C45-8774-E2428157D8A1,,,,,,,ODN0004535565,z,right_only
8898E390-FB32-4534-9C6F-81F3DF902266,,,,,,,ODN0004535536,z,right_only
AC8B8655-D0B1-41FF-98B6-DA9A5EB46B0C,,,,,,,ODN0004535535,z,right_only
9CA8D4FF-6754-4B81-B97A-FB07BC4D7303,,,,,,,ODN0004535574,z,right_only
28B61024-F11B-449C-AC25-7B5E3AA075B4,,,,,,,ODN0004535564,z,right_only
BAC401F0-6D25-44CF-A492-5337D2C12410,,,,,,,ODN0004535540,z,right_only
80E7EE93-CB13-4309-9BBB-025378936DAD,,,,,,,ODN0004535573,z,right_only
A3D72CD9-DD42-4B12-AB6F-B54DB801AF53,,,,,,,ODN0004535545,z,right_only
E12AA4E0-5A5C-4386-A97E-F8701F67C838,,,,,,,ODN0004535543,z,right_only
F186537A-90B0-4D5A-BA8F-08F8ACB8EF39,,,,,,,ODN0004535546,z,right_only
4ACC0A0A-9D36-42B0-8AE7-9C5EDF760769,,,,,,,ODN0004535562,z,right_only
B05B75DD-360E-4BB3-9643-92BD4AF7E4A8,,,,,,,ODN0004535575,z,right_only
2F605F9D-6431-4386-851A-A9A88A00BA93,,,,,,,ODN0004670985,z,right_only
DA1CABB5-5353-4079-8B5D-DA711EAC86C1,,,,,,,ODN0004535622,z,right_only
0B73E5C8-9D0D-4200-B229-5F49B358D52C,,,,,,,ODN0004535626,z,right_only
0CCA8164-C381-4A50-9348-5637E5D0A11A,,,,,,,ODN0004535627,z,right_only
09981451-BD57-430F-859D-4BD611D816D6,,,,,,,ODN0005074630,z,right_only
128178A0-4835-4ADA-8A10-99FE22DB71BC,,,,,,,ODN0004535633,z,right_only
5718F2AE-E356-410F-9B0D-EE65AB525768,,,,,,,ODN0004936862,z,right_only
D79380CB-5FE6-44B7-9109-9A56402137BD,,,,,,,ODN0004671006,z,right_only
F3EF5247-3D3F-4F40-A122-A6C26A094584,,,,,,,ODN0004020634,z,right_only
E9C19E74-A780-4593-939C-2D833A7A086B,,,,,,,ODN0004020646,z,right_only
6B774703-E3C0-4634-B9FB-E47AE4EA315F,,,,,,,ODN0004020640,z,right_only
AD94C43C-3394-4179-B36D-B3CEF0DD977C,,,,,,,ODN0004020647,z,right_only
69AB28F7-5AB4-4493-9036-EBDDCC92AA33,,,,,,,ODN0004020643,z,right_only
B7AA0A1B-348A-46A3-9DC8-3723395B21E2,,,,,,,ODN0004020645,z,right_only
B03B1A98-C60F-427C-AAB3-718514D38AE2,,,,,,,ODN0004020642,z,right_only
4A8DC017-4575-4941-9385-9CB55A558AF1,,,,,,,ODN0004020649,z,right_only
B8D95997-3E41-4919-8196-55C510043146,,,,,,,ODN0004020644,z,right_only
DA2FEE45-4163-4305-9957-4FB285A8DEFE,,,,,,,ODN0004020648,z,right_only
A7C435C5-D2A4-427A-BB04-BCD7070AD470,,,,,,,ODN0004020641,z,right_only
037324D7-E7FA-45AB-B258-82E387768729,,,,,,,ODN0004020650,z,right_only
82B0A62B-25EA-4188-B968-5958B3F4C643,,,,,,,ODN0004020659,z,right_only
B2E02844-6340-45B4-BB2D-3241EDE43D09,,,,,,,ODN0004020651,z,right_only
B1C6E9FF-3239-4C4E-869E-3E87620CFBE2,,,,,,,ODN0004020656,z,right_only
1C12B2E5-99CB-48F7-8A3E-8A39F7318D3B,,,,,,,ODN0004020658,z,right_only
F431952E-87DF-4E76-937F-737A5A839ABD,,,,,,,ODN0004020653,z,right_only
83751393-94C6-47A9-A46F-C71DF3B5D6D3,,,,,,,ODN0004020660,z,right_only
73FC25BE-FA58-46C7-9512-B396720461BB,,,,,,,ODN0004020655,z,right_only
DA4FA8F5-E2D8-4C04-96F6-CD6EC35D03EC,,,,,,,ODN0004020657,z,right_only
7B5806F6-8208-446C-A3BF-7A2B8A81733E,,,,,,,ODN0004020652,z,right_only
0B5D2E00-3B6C-45DC-A3CC-9279FAB9E528,,,,,,,ODN0004020638,z,right_only
8E58022A-6E4D-4EA5-B8E4-29F6A2797243,,,,,,,ODN0004020637,z,right_only
40EF254E-07BE-4FC3-BDE6-E4224DE7E5E7,,,,,,,ODN0004535653,z,right_only
58B1A200-C106-49F3-9E42-7FB0A23E1097,,,,,,,ODN0004535651,z,right_only
EE989C9F-6FAB-4A68-A632-2D2B3DC9E157,,,,,,,ODN0004535655,z,right_only
D38D8064-35E4-462E-A83A-AAB61D710E2C,,,,,,,ODN0004535650,z,right_only
91700BAA-31C6-4458-BE91-B3D287E56BD2,,,,,,,ODN0004535656,z,right_only
F3796E35-D985-4730-BC25-9C3893C23344,,,,,,,ODN0004535652,z,right_only
52C9A6C1-B694-40AC-8B0B-E5D6A9840E35,,,,,,,ODN0004535654,z,right_only
4A7A031C-66FF-44B8-8A8E-35B147D60070,,,,,,,ODN0004535649,z,right_only
D42A8E5D-3B13-4526-9189-B97186325F71,,,,,,,ODN0004020662,z,right_only
060BEBF4-7629-441E-B179-364C4C210C5E,,,,,,,ODN0004535657,z,right_only
0A67A327-9A7B-45FB-AA8B-2284E890EF98,,,,,,,ODN0004020636,z,right_only
0AB8022D-BEB1-4539-89F4-01E1142617A1,,,,,,,ODN0004020663,z,right_only
7EA41CC8-413F-43B7-B454-E8B9C873D48C,,,,,,,ODN0004020639,z,right_only
04C801C7-D0C4-43D5-90D5-BAB1D4D33A81,,,,,,,ODN0004020661,z,right_only
BA4D965A-BA72-409D-8273-012758D290B6,,,,,,,ODN0004020635,z,right_only
042C747B-281E-4D3A-8978-612F41F4563C,,,,,,,ODN0004535673,z,right_only
0FD1FBB6-437C-4244-95C0-8D4E4D4C4FB0,,,,,,,ODN0004936867,z,right_only
2027AF62-2BD1-42AA-B979-81DBA4BEEC0D,,,,,,,ODN0004535684,z,right_only
2A023605-CD15-4397-BA00-78D0E3CA84EC,,,,,,,ODN0004936876,z,right_only
121A53D5-4C83-4C6C-A7DC-3E90121E0F78,,,,,,,ODN0004535693,z,right_only
648F8BE9-A655-4152-B4BF-BDC5F51F4B5A,,,,,,,ODN0004936886,z,right_only
5EB0CD56-02C2-4460-A68D-D0A50140FCE6,,,,,,,ODN0004936887,z,right_only
696B3EF3-41A2-4321-BBA6-19B4478218EB,,,,,,,ODN0004936888,z,right_only
659926D9-8C46-453A-972A-DBF6AB47787E,,,,,,,ODN0004936893,z,right_only
F678F675-84FC-4C51-AA76-0051437E3A37,,,,,,,ODN0004936894,z,right_only
BACB8742-431F-4357-8F98-7DCF936F6D49,,,,,,,ODN0004936895,z,right_only
542E4D14-C90F-4024-AB03-CCF4774E83D5,,,,,,,ODN0004936891,z,right_only
0A48D985-A869-4A32-AACD-FAF2DD76EDC3,,,,,,,ODN0004936890,z,right_only
F471FBD7-C9B8-47E7-B914-F47989F2A8C1,,,,,,,ODN0004936892,z,right_only
2729BBB3-7EE7-4D50-A69D-B3FF8B96B3E4,,,,,,,ODN0004936885,z,right_only
92BFC663-EB0A-4562-AEFB-6A15BA77CA91,,,,,,,ODN0004936889,z,right_only
EEEF84A9-4CDB-48E5-A722-69E2E7AC3502,,,,,,,ODN0005074768,z,right_only
EE1F24D8-E869-425D-A7E2-78674D417387,,,,,,,ODN0004535759,z,right_only
76FDC14A-625A-4865-A139-531FFBC0C5AC,,,,,,,ODN0004535584,z,right_only
62324CE3-7028-4D06-98A5-61D93A2755DC,,,,,,,ODN0004535643,z,right_only
C1113AFC-2B86-43E5-8398-CEAFA080AD19,,,,,,,ODN0004670926,z,right_only
A3D310ED-C1C1-4F65-A26C-CDB9E44EB51C,,,,,,,ODN0004535467,z,right_only
E40EE015-12D6-4CF9-9447-7D6E2DB8A7E7,,,,,,,ODN0004535688,z,right_only
3291086F-D83A-4C9E-929F-D2BE09D8D842,,,,,,,ODN0004535658,z,right_only
17E22CFA-ABF4-4E83-811E-5EB6AB45BBD5,,,,,,,ODN0005165071,z,right_only
FCADC868-8A42-482E-A200-475FC6774887,,,,,,,ODN0005164920,z,right_only
235A9891-E058-4F53-86B6-EBF4C9D3B0A1,,,,,,,ODN0004535487,z,right_only
15E5D885-FCA7-4182-A3CF-EF7D1A14A094,,,,,,,ODN0004535498,z,right_only
65B844F8-812A-4057-9A1F-F87BEF3648DF,,,,,,,ODN0004535598,z,right_only
675B2721-54DD-4D6F-A2B7-9C4B8E02336B,,,,,,,ODN0004936884,z,right_only
9B936C35-5D19-41FF-B4CB-C29DD1DAA757,,,,,,,ODN0004535748,z,right_only
4159814F-F77E-4AEB-B63A-D24C4CE854D4,,,,,,,ODN0004535746,z,right_only
C43B8D76-0DE8-4257-993E-417A32D6741A,,,,,,,ODN0004535599,z,right_only
F2C39ACE-D11A-413C-921C-98D3C157B5A7,,,,,,,ODN0004535430,z,right_only
68FFBAA9-29F9-4FA1-A134-1B16415E5B48,,,,,,,ODN0004535529,z,right_only
BB0193DB-C187-457B-9C43-E21B3491ABC1,,,,,,,ODN0004535674,z,right_only
433A414C-B13C-439B-9579-6A001CA4F5A3,,,,,,,ODN0004671014,z,right_only
9A35B8E8-6DD2-4039-A145-D32FC0358C67,,,,,,,ODN0004670964,z,right_only
432239EC-8FC3-400D-BCAE-71175E9E43CA,,,,,,,ODN0004535740,z,right_only
289028AE-EA34-4BC1-915F-8D7068121854,,,,,,,ODN0004535497,z,right_only
325D2C9C-CDA6-40EC-8DEE-09676443B537,,,,,,,ODN0004535435,z,right_only
50D3B04E-4AAD-4ABE-9BE9-4016F54F3E54,,,,,,,ODN0004535441,z,right_only
76C22933-A184-4307-9CBD-0AFBF50351E2,,,,,,,ODN0004535439,z,right_only
996C1600-07E7-479A-BF5B-5C1039BDD23D,,,,,,,ODN0004535442,z,right_only
DFEFA66A-528E-4AD8-9E40-4B86BB325C19,,,,,,,ODN0004535440,z,right_only
B6798803-59F4-47AB-85F0-45AF11673B41,,,,,,,ODN0004535443,z,right_only
6E86A596-2527-429F-8648-DCA6CBB2572B,,,,,,,ODN0004535445,z,right_only
89FCC595-1D31-462C-9A60-CB89BC3F1163,,,,,,,ODN0004535438,z,right_only
7D345410-BF96-4936-981A-CF05D89AC9B5,,,,,,,ODN0004535447,z,right_only
601246DD-51E0-4292-A8E9-DDED0645B762,,,,,,,ODN0004535437,z,right_only
70C77F6D-422F-42B2-9C56-AEFDC01EE29A,,,,,,,ODN0004535448,z,right_only
7E477E73-2F6B-4543-ADE8-EE6ABFE9775E,,,,,,,ODN0004535444,z,right_only
2682BF27-FFF4-4A11-A4B3-0D507EE98198,,,,,,,ODN0004535446,z,right_only
F399BA00-04EF-46AE-8303-3D805D5D28E4,,,,,,,ODN0004535436,z,right_only
566923A0-B42A-4A61-A054-8D7F25B09A42,,,,,,,ODN0004670968,z,right_only
0C7209A7-5B23-430E-84D0-41F8B0E65944,,,,,,,ODN0004535484,z,right_only
A7B351E8-4D70-4FE3-B5A3-F1D3ADE3649B,,,,,,,ODN0005165069,z,right_only
E303E243-26AC-457A-AE3D-E2F6C8A86AD4,,,,,,,ODN0004535625,z,right_only
F29E2598-622A-40B1-A483-AB19A744F5F5,,,,,,,ODN0004535624,z,right_only
950ED86A-1459-41E5-B0C2-85CBE4D04387,,,,,,,ODN0004535500,z,right_only
88D10366-DF2D-45C2-AA47-668D7CA44F13,,,,,,,ODN0004535502,z,right_only
F7243A5E-D2FD-4B78-A4A7-D6FFD6A81A10,,,,,,,ODN0004535663,z,right_only
07E0151C-B0E6-4B29-9E54-5C2A7775125D,,,,,,,ODN0004535664,z,right_only
9D57BD96-566C-41DF-BA85-98DAA67B5A04,,,,,,,ODN0004535683,z,right_only
F1392C52-1C7A-4505-8AA1-83E969805F04,,,,,,,ODN0004535602,z,right_only
07935A5D-7EAE-4342-9A58-365DA142F498,,,,,,,ODN0004535601,z,right_only
E9E87870-2595-4C42-9AEF-520A200AEDEC,,,,,,,ODN0004535644,z,right_only
553CF007-BD9D-4698-B039-67BE2919E180,,,,,,,ODN0004671003,z,right_only
305BA72D-A1B3-482B-9FF6-D83659FA0869,,,,,,,ODN0004535754,z,right_only
56B26654-E70E-4510-ACC5-98753DC7AE45,,,,,,,ODN0004535736,z,right_only
64FC94A1-555F-4347-BE8B-C6DD2FEC136B,,,,,,,ODN0004535731,z,right_only
99508A2B-B794-4753-9EBC-85014D0ED627,,,,,,,ODN0004535734,z,right_only
DE319C14-26EE-4B20-8DBA-7C1D7C74889F,,,,,,,ODN0004535733,z,right_only
A9FB1FCB-8403-45D0-B90D-A2E116BF62FD,,,,,,,ODN0004535595,z,right_only
3AF78D65-8520-41D2-B1EF-B57C54B0D419,,,,,,,ODN0004535629,z,right_only
AB792B27-7118-4319-B767-C8A7E85A201C,,,,,,,ODN0004535517,z,right_only
B4E5CE75-D402-47D3-A757-E921DE4687E3,,,,,,,ODN0005530194,z,right_only
9BD68F88-5134-4730-87FD-1A4CF1AC1714,,,,,,,ODN0004670974,z,right_only
6704E546-CD00-4FC2-8B1F-3671075D0E5E,,,,,,,ODN0004535659,z,right_only
948700BE-DE21-4CCA-91CA-6BC36E474F9E,,,,,,,ODN0004936863,z,right_only
3A65EAE3-AA42-481F-91EF-0EAE6F65D546,,,,,,,ODN0004535434,z,right_only
E7E300FD-9BE6-4DE2-8425-C995C64A2647,,,,,,,ODN0004535388,z,right_only
0AAC6244-4B34-4A04-82E7-CE8F99185058,,,,,,,ODN0004535616,z,right_only
EAF984CB-02B1-4018-8A8F-84F74A3C0181,,,,,,,ODN0004535640,z,right_only
3379731F-9AEB-4349-B52B-004C63659473,,,,,,,ODN0004535387,z,right_only
D4BF3A04-5552-4860-A3CD-97E1BCA0BBF0,,,,,,,ODN0004535505,z,right_only
5EEFB065-58DB-439B-B8B7-9B29BA819FE4,,,,,,,ODN0004556344,z,right_only
921D7441-1007-4F6F-9117-7B3B2490256B,,,,,,,ODN0004556349,z,right_only
88CCCC19-2652-4D2E-8C05-881D6D5CE985,,,,,,,ODN0004556351,z,right_only
3CAC43F7-D707-43DF-AE74-07A8E81071B6,,,,,,,ODN0004556352,z,right_only
4BC01A7B-7B28-4A1C-A374-910ABBF95683,,,,,,,ODN0004556354,z,right_only
F9F6C259-27C6-45CF-99C2-1D7B89E533AC,,,,,,,ODN0004556355,z,right_only
F491DE3E-7CEE-44EB-8B62-62DE678FBE71,,,,,,,ODN0004556356,z,right_only
F8CA2115-4A26-4170-B08B-96EA7850661C,,,,,,,ODN0004556357,z,right_only
572F1DEA-EADC-4265-B6C3-442DDC4C1A03,,,,,,,ODN0004556358,z,right_only
FB386519-A23A-45E2-B16C-AF63104B306D,,,,,,,ODN0004556362,z,right_only
357D1C8C-6F43-4334-A888-96D253ED2734,,,,,,,ODN0004556363,z,right_only
93DC5928-DB5F-424D-8873-76B2B8875EC0,,,,,,,ODN0004556365,z,right_only
B6B12304-0200-4A48-ACF5-8EF997C4B52D,,,,,,,ODN0005102733,z,right_only
4D880ABD-D518-41E0-A285-2E393A11A5F4,,,,,,,ODN0004345672,z,right_only
75C4F4FC-2636-4071-AAAD-EB583429FF14,,,,,,,ODN0004318666,z,right_only
30D3A989-DB33-45BA-8E26-8888286ED447,,,,,,,ODN0004318608,z,right_only
CE8FE1E0-151B-4494-915F-436433E5EDF9,,,,,,,ODN0004318454,z,right_only
3A19CC86-DDE0-4AC6-B8EF-710995B96601,,,,,,,ODN0004252942,z,right_only
4B39C500-4C34-48C9-B76E-91931F049D3C,,,,,,,ODN0004252889,z,right_only
14559992-C00B-42D5-8819-3698AE355E11,,,,,,,ODN0004252894,z,right_only
AE5EEF78-66D2-47E9-A4A1-408C69E9288D,,,,,,,ODN0004252893,z,right_only
0FAE02BC-93CC-4ED1-B084-6F4BDE23D78E,,,,,,,ODN0005465359,z,right_only
B8E8D915-8395-4FDB-A9FC-6D13005F37EE,,,,,,,ODN0005381374,z,right_only
2016FB76-D960-4AFD-B123-AA8E4754A9EA,,,,,,,ODN0005392856,z,right_only
2E604C4F-81C6-4E67-AB6D-38047DAD229B,,,,,,,ODN0005230868,z,right_only
EE0F6353-B12C-45AE-9CDD-154BC4AF5671,,,,,,,ODN0005228189,z,right_only
8738304D-6D6F-4061-B8C9-C1903C4CD9C5,,,,,,,ODN0005228296,z,right_only
F5E5D6FC-E523-44DC-B491-AFE73073EAA9,,,,,,,ODN0005228475,z,right_only
C466AA46-C649-4CCB-85E8-DA7202B354A3,,,,,,,ODN0005228477,z,right_only
9C56623B-35E0-42D5-97D0-69603CE4B593,,,,,,,ODN0005229200,z,right_only
F47883B9-3E15-4325-A7F3-413619075F63,,,,,,,ODN0005230044,z,right_only
063DE752-97B0-401D-B1AF-DC8003EC866E,,,,,,,ODN0005421649,z,right_only
8E7364AA-1DA9-48D5-88CE-F0382DD24B56,,,,,,,ODN0004779684,z,right_only
72265FC0-9CFA-496F-A04C-796AD2E76B3C,,,,,,,ODN0005297914,z,right_only
0FF39457-AA0C-4A92-8B61-05A117859C6A,,,,,,,ODN0005298086,z,right_only
E391644F-1D05-4C5C-BAB1-ECA08DEF34C1,,,,,,,ODN0005128786,z,right_only
BC153478-8EA4-4A70-B194-C1C28B80668C,,,,,,,ODN0004782687,z,right_only
69BB3AD0-0A56-415D-B89B-C6D66CDD8FED,,,,,,,ODN0004777039,z,right_only
639F9723-2A72-4A11-B7F8-D433332BCF3A,,,,,,,ODN0005128773,z,right_only
0BC7BE7E-414C-4C96-BAFE-531F25A159C8,,,,,,,ODN0004665200,z,right_only
4101D590-2FFE-4A66-8789-8650A7830542,,,,,,,ODN0004662446,z,right_only
86901A5B-6B5A-48A3-A342-6374B0D12DE1,,,,,,,ODN0004662448,z,right_only
296031D7-A790-4927-BF49-BBE955957D63,,,,,,,ODN0004662751,z,right_only
1C8DFD2E-D97C-4D04-BCB8-465AB800B214,,,,,,,ODN0004664483,z,right_only
C3F0B184-265E-4F82-A940-8E761E599C78,,,,,,,ODN0004665313,z,right_only
3B5E8C19-DB00-4AF5-8D16-24358F27B188,,,,,,,ODN0004665518,z,right_only
C8D9A2A2-9B3E-4D94-9F08-41E7ACF4A3AE,,,,,,,ODN0004665677,z,right_only
F741231E-9D37-42F3-B35E-D49E2C3E4901,,,,,,,ODN0005308907,z,right_only
CF6C1DC1-5DCA-4CF9-AAC9-AA3ED8565256,,,,,,,ODN0005308926,z,right_only
FFCB4D26-DD88-494E-BADE-E1F9CBE9346E,,,,,,,ODN0005308938,z,right_only
3E231F6F-DBF4-4919-9851-283C55F7125E,,,,,,,ODN0004778988,z,right_only
CA149EA3-4835-4C5C-BE6D-196F27E4EF1B,,,,,,,ODN0004663995,z,right_only
98EF6284-778C-4464-A70D-2F9F95894A8E,,,,,,,ODN0004662521,z,right_only
FE985278-CE2D-4885-AD96-9ADCBEC2508F,,,,,,,ODN0004665356,z,right_only
6DC8204D-8299-4FD2-9B28-F54F0E5D6393,,,,,,,ODN0004663983,z,right_only
4133EAB0-969C-4F08-8120-478004359AB8,,,,,,,ODN0004777921,z,right_only
09F6A5D0-8032-4EB9-849D-094333D6F47D,,,,,,,ODN0004779467,z,right_only
9E6E94E5-B349-4950-9129-55D5368C81DA,,,,,,,ODN0005128826,z,right_only
C944C643-0802-4794-9537-890DBD6683EB,,,,,,,ODN0004779834,z,right_only
7845F680-E674-4A6C-A476-DEB7286D90BA,,,,,,,ODN0005308940,z,right_only
DE4A43B9-AFDF-4206-90F1-0CCEDC48FD3F,,,,,,,ODN0005308941,z,right_only
8B7DB9C4-68A2-4433-8E7D-C331CBA3014B,,,,,,,ODN0004782497,z,right_only
2614CCEA-E4FF-4796-A01D-D2C7D78073DF,,,,,,,ODN0004782718,z,right_only
BB72DF2C-1A09-40EC-B8B2-1B7AE4092D0C,,,,,,,ODN0005128859,z,right_only
0999ED6F-2CB2-4165-8DCF-0AFE894A8537,,,,,,,ODN0005128777,z,right_only
63E0A69B-6577-4D4E-8F4B-6A16D5DB1C67,,,,,,,ODN0005128819,z,right_only
B008B761-99CF-4218-8ABD-AA34452DBEA4,,,,,,,ODN0003460053,z,right_only
451624BD-F804-44EE-98CF-8498CB42833E,,,,,,,ODN0003460190,z,right_only
4DBDC3AD-565C-4372-89B5-0439310146E1,,,,,,,ODN0003117013,z,right_only
8CEC6164-211D-4986-A19A-0713E5686FE8,,,,,,,ODN0003460604,z,right_only
E7D60208-5B8F-4738-B480-C2F984F999C9,,,,,,,ODN0003460605,z,right_only
B50EEB35-853A-4155-9E45-F25C6E79479F,,,,,,,ODN0003460606,z,right_only
BE46242A-984A-4A40-BA57-D1024F3224A8,,,,,,,ODN0003460609,z,right_only
C9F90178-42B9-47AE-ADA4-8021EC0FEE20,,,,,,,ODN0003460646,z,right_only
219858DB-5E9C-4A9E-83D0-97396BBA00CE,,,,,,,ODN0003460649,z,right_only
FC5BD511-3872-4950-BC88-4AB9D91A195C,,,,,,,ODN0003460650,z,right_only
EED08DDC-2C17-479C-B645-FEAC2BC8D77F,,,,,,,ODN0003460652,z,right_only
8B47DA25-2F4A-41ED-9EC2-367D2E327D37,,,,,,,ODN0003460653,z,right_only
F5F5B220-F409-4570-B4BE-D402B50AC2F7,,,,,,,ODN0003460654,z,right_only
5AB5853A-7415-4845-8E6F-8AAFE3F540D9,,,,,,,ODN0003460655,z,right_only
DAFD93EF-71F2-4943-B33B-A1197F6405F9,,,,,,,ODN0003460656,z,right_only
E37C55F1-AAAA-43EC-B5AC-4B2DCF9E263E,,,,,,,ODN0003460693,z,right_only
BB662D17-15C8-4FC7-BCA9-4BD732BB16C2,,,,,,,ODN0003460718,z,right_only
CC6B275A-44FB-4738-8E0E-13967D74F9E8,,,,,,,ODN0003460720,z,right_only
4CF7A9D2-1993-4972-A6FC-2B532AF4418A,,,,,,,ODN0003460725,z,right_only
7242384B-F7F5-4A85-8594-EB476ABB6CDE,,,,,,,ODN0003460732,z,right_only
A0FCEBC0-1DEF-42EB-93CD-48115123F26E,,,,,,,ODN0003460736,z,right_only
3492D259-5798-482D-9694-F80F5129A0C1,,,,,,,ODN0003842376,z,right_only
17DB8394-8DB1-479B-B781-DF90F07445EB,,,,,,,ODN0003460797,z,right_only
5EA09782-9506-44CF-9E26-C6E37EFD9B77,,,,,,,ODN0003460821,z,right_only
C6F148D0-ABA5-427F-9F95-C5040C528B0A,,,,,,,ODN0003460856,z,right_only
9859EB33-D112-463B-9090-E5846C95281D,,,,,,,ODN0003460897,z,right_only
43FDE6C4-DE9E-4DC9-BD61-DFA465008FAE,,,,,,,ODN0003460898,z,right_only
3EE6ACAA-F55A-4890-B713-1415E3216C4D,,,,,,,ODN0003460994,z,right_only
3603280D-8A88-4692-A0DD-0C1F127240F2,,,,,,,ODN0003461085,z,right_only
C5431323-ADDB-46C8-BC27-1E3A92156146,,,,,,,ODN0005152793,z,right_only
F30B7258-F8B0-45DC-8083-90EDE0E40E66,,,,,,,ODN0005152794,z,right_only
CFD6DA49-E5B0-4345-93CA-A203266DB326,,,,,,,ODN0005102186,z,right_only
CC05E351-FEEE-47EB-AE3C-080BC34CFBDA,,,,,,,ODN0005216031,z,right_only
7A099245-91E4-40DD-A90A-CAE75B130620,,,,,,,ODN0005353473,z,right_only
10BC3A54-15B8-43EF-BAF2-6E63A7F6BD3B,,,,,,,ODN0005216033,z,right_only
1D29327D-2C97-4482-BE35-234F7BC2D240,,,,,,,ODN0005152801,z,right_only
8EB709BF-F9E2-40B2-89E2-1F7408B22681,,,,,,,ODN0004522525,z,right_only
CC54F95E-FBF9-4598-A45B-E140282F12F9,,,,,,,ODN0005152804,z,right_only
A767D93B-DCF9-4D33-9E52-24A0C1FA21FC,,,,,,,ODN0004545420,z,right_only
8CB8083A-C2A5-4622-A069-E751419F7EB3,,,,,,,ODN0005438046,z,right_only
216B6F59-A38B-48A5-9E36-36F7214E7669,,,,,,,ODN0004946736,z,right_only
7B0C8E99-A515-4C08-ACC0-1B68F73AED7D,,,,,,,ODN0004545482,z,right_only
1F8ADB7D-C1E8-472B-BAC6-1E80BD3950C3,,,,,,,ODN0004377333,z,right_only
9F9FBFC8-D7F1-40D5-8465-0B37245F0084,,,,,,,ODN0004946763,z,right_only
7919A899-B072-490B-B9A2-09B6A0D0B9D8,,,,,,,ODN0004545516,z,right_only
21F8E6DD-76FD-4D27-911F-348BE042D2A3,,,,,,,ODN0005102210,z,right_only
B42316CA-3B79-44E6-BCDD-9C696A8377EA,,,,,,,ODN0005353481,z,right_only
0E9E3AA5-BD81-4F4D-B7C4-4D47D1EFEC5C,,,,,,,ODN0004899275,z,right_only
A7BFC90A-0C21-47F2-BA23-88605C0010C8,,,,,,,ODN0005102215,z,right_only
24599B54-DB03-4CC2-A8AE-55569EDCBA16,,,,,,,ODN0004545552,z,right_only
6CF787AC-C829-4177-B39F-3B0F65D2939F,,,,,,,ODN0004545553,z,right_only
AC1F60DF-12BB-44D2-A5AE-E3BC5F5C90F9,,,,,,,ODN0004545554,z,right_only
FE8A7925-A18C-4862-880D-E5C737A57632,,,,,,,ODN0004545555,z,right_only
DB39ADD3-C1F9-45A2-B3E0-3497EF45C914,,,,,,,ODN0004946795,z,right_only
F78711DE-9DE6-47A9-BF28-7E271E78EE9F,,,,,,,ODN0005102217,z,right_only
B53A45B8-AB50-40C7-A5C7-7E673ACA1E3F,,,,,,,ODN0004910921,z,right_only
2900D5A8-CE93-41ED-805F-15C4F3DCB12A,,,,,,,ODN0004946809,z,right_only
178B3530-B5DD-4336-9F6F-02AC08100BBD,,,,,,,ODN0004946810,z,right_only
E6B8A6B3-DE37-4966-88E2-F298AF09C22D,,,,,,,ODN0004889152,z,right_only
CA1D48CA-A52D-459C-BC38-35358F767197,,,,,,,ODN0004359119,z,right_only
396FDBCC-6C57-4160-A456-24E52EE8C4CC,,,,,,,ODN0004946811,z,right_only
9D52A587-7F6B-40E5-8E45-119BE1E73F5A,,,,,,,ODN0004359123,z,right_only
E4347F0B-4300-4EB9-8836-B6C4D7740C62,,,,,,,ODN0004359126,z,right_only
B0B4857D-838C-4B18-9DD9-0981C0725465,,,,,,,ODN0004889157,z,right_only
CBFC212A-4159-4813-8440-C2A1DE5F0CA7,,,,,,,ODN0004545609,z,right_only
F8D73D2F-B5EC-4201-9A41-C13CD1F23B2C,,,,,,,ODN0004545610,z,right_only
0DD51024-24BB-40F6-AA19-4A4B472DA1B4,,,,,,,ODN0004545624,z,right_only
A58BD0B5-8332-4CB5-A6CE-9D5D1EBF516F,,,,,,,ODN0005102225,z,right_only
CCD25183-88AF-4295-B102-557F3E79005B,,,,,,,ODN0005102228,z,right_only
AC2EAEED-EB07-470C-A374-B52CEEF4D80A,,,,,,,ODN0005102231,z,right_only
69104F47-9189-49C3-A31D-76D22F09C701,,,,,,,ODN0004545672,z,right_only
F4DE4897-7DAF-4F79-BC0B-63A47CAE9F57,,,,,,,ODN0004359151,z,right_only
9038D4E5-C3A8-475A-B1F6-6FD4A64FE2E6,,,,,,,ODN0004545683,z,right_only
426501A4-4CC5-4722-A47F-04D22057BE84,,,,,,,ODN0004946840,z,right_only
52CA132E-7E85-4986-88E9-349391E77D08,,,,,,,ODN0004946841,z,right_only
3871DF91-C224-49ED-AF9A-DBECB6375CE7,,,,,,,ODN0005102248,z,right_only
E8FF84FA-1D2F-4F25-AB3E-5992EBDCF71A,,,,,,,ODN0005026443,z,right_only
94CA26D0-4CF6-4564-8C05-EA0EF1D8623F,,,,,,,ODN0004377358,z,right_only
CDE9EAA8-7D2B-4708-BDC3-AD7B39AF0DD4,,,,,,,ODN0005102255,z,right_only
793E09AF-6C2D-4B5A-A0DC-05E70212DF40,,,,,,,ODN0004910983,z,right_only
90CA6AAB-B0AB-4725-AF20-17CE434030F4,,,,,,,ODN0005353487,z,right_only
3BAF0408-B779-4B28-940C-3CA6F0D0551E,,,,,,,ODN0004911002,z,right_only
A4A34427-D684-4E53-B178-60F89E4EBEDD,,,,,,,ODN0004946886,z,right_only
B0DA4613-93ED-43F3-B868-42123EA3F7B8,,,,,,,ODN0004359181,z,right_only
4934027C-8E64-4C6D-8182-EF394010AFCE,,,,,,,ODN0004946890,z,right_only
86B0B5E9-2742-4F48-A552-67034006BDF7,,,,,,,ODN0004545881,z,right_only
7C99FF9A-29C5-4A1F-92CC-B9EC718551AF,,,,,,,ODN0004545887,z,right_only
D631E784-D212-4038-BBFA-D845CC3AAA28,,,,,,,ODN0004946898,z,right_only
BC491C2A-7E19-44E9-A4B5-4FF0D60AF0B8,,,,,,,ODN0005353494,z,right_only
822B74D0-2638-49CC-B1EB-7EDF6520EF09,,,,,,,ODN0005353495,z,right_only
EE0F2EBB-F181-4324-8309-9FE04D311948,,,,,,,ODN0005353496,z,right_only
69FF0062-25D0-4F15-B7FF-15D078999630,,,,,,,ODN0005353497,z,right_only
628380B7-60FE-4573-9CB4-F79DBA0CEAEE,,,,,,,ODN0005353498,z,right_only
618E9EB4-19A1-4C22-9A27-D3C5431CB10C,,,,,,,ODN0004899349,z,right_only
BF861EBA-DA42-485E-A088-AF1CC4E438F9,,,,,,,ODN0004545916,z,right_only
DE28E36F-5E96-4325-8062-6F791AF38675,,,,,,,ODN0004545919,z,right_only
954941AF-17BF-4EA3-9E8E-02B9C55B3E64,,,,,,,ODN0004946916,z,right_only
38106ADB-EE17-4939-83E1-450F03407D16,,,,,,,ODN0004545923,z,right_only
1000F157-812F-4B66-97A9-9D552DCDF6C7,,,,,,,ODN0005102280,z,right_only
B1426DC2-D3CD-4186-9496-7FE6FD774812,,,,,,,ODN0004911035,z,right_only
79A74E3A-1D55-40F7-BC29-D90CAE0D84A0,,,,,,,ODN0005102282,z,right_only
91D5DD9A-182B-4015-9B6A-89B6045EF001,,,,,,,ODN0005102283,z,right_only
C83D2669-149B-44A0-9422-DCB9FC500586,,,,,,,ODN0004656801,z,right_only
22D1CEA6-4615-4182-B316-391058C70966,,,,,,,ODN0004656818,z,right_only
8E5F45BC-34F8-4543-8EEC-691269127736,,,,,,,ODN0004621089,z,right_only
B144D825-4019-4612-A2B9-BA9BCE94B6D1,,,,,,,ODN0004621090,z,right_only
F96A66A0-E9B6-4F51-8D70-22EB1F893E99,,,,,,,ODN0004621210,z,right_only
82B85844-0404-4FFD-AC7A-CDAF0A25C884,,,,,,,ODN0004621531,z,right_only
9D99DB27-3256-4C02-8343-32B9D041A215,,,,,,,ODN0004621561,z,right_only
6E48C36F-E082-48CD-9B5A-0915F5416688,,,,,,,ODN0004621562,z,right_only
FC77E4E2-473D-4E1F-8E7A-A9911E8BD9D5,,,,,,,ODN0004621564,z,right_only
DB484BC0-86C5-4E6C-A327-8DA4B21CBE41,,,,,,,ODN0004621565,z,right_only
A6310783-E742-4EAE-A5F0-97342ACB6C7F,,,,,,,ODN0004621566,z,right_only
937BDCE5-EA55-49C8-A2CE-38DD3DC80EB5,,,,,,,ODN0004621567,z,right_only
C75D0D0B-3324-4296-8BF4-5002FADC94E6,,,,,,,ODN0004621568,z,right_only
E183B7F7-0DAE-4C56-9CCC-9CDBEB3402E9,,,,,,,ODN0004621569,z,right_only
5B1C1327-5632-470D-AE15-9212429640EE,,,,,,,ODN0004621570,z,right_only
18145AF6-917D-47F9-9451-63C3D4CAC8FE,,,,,,,ODN0004621571,z,right_only
B2D9D144-97D6-4FFC-804C-E662FE71C31D,,,,,,,ODN0004621660,z,right_only
EA584E0A-4352-4CDE-882D-7130F63AAD17,,,,,,,ODN0004621661,z,right_only
2B3C68BD-79A2-4E97-9DD1-B4671191185A,,,,,,,ODN0004621689,z,right_only
FDA79725-D28C-4F98-AFD3-2EDCFBB5686D,,,,,,,ODN0004621690,z,right_only
9312FC5B-4BF8-405D-A728-2A0D76CE2AF4,,,,,,,ODN0004621712,z,right_only
69BE0E1B-FE74-4203-AD30-80D70F78F5CC,,,,,,,ODN0004621713,z,right_only
EDB675CA-6B6F-4BE2-AA98-0EF7170A3B76,,,,,,,ODN0004621714,z,right_only
CFD944D7-C9E4-4CBA-988D-0D3756981184,,,,,,,ODN0004621715,z,right_only
5B0C53B8-DA83-4919-8030-5CD8236BCE8F,,,,,,,ODN0004621716,z,right_only
7FC7C236-2E9D-44DF-9267-220468DD2814,,,,,,,ODN0004621717,z,right_only
FF33F63C-7F0C-422C-8FB6-CECF96D9B5A6,,,,,,,ODN0004621718,z,right_only
134031AC-93B0-4FA6-B7E1-A07825434C9E,,,,,,,ODN0004621719,z,right_only
0C6D176B-0954-46C5-9FD5-1D419294880E,,,,,,,ODN0004621749,z,right_only
C6DD0E73-3ADE-4D46-83C3-9305928A7A3B,,,,,,,ODN0004621750,z,right_only
C3081DB6-8F80-4EC8-9A9E-7E3E5EB706F0,,,,,,,ODN0004621751,z,right_only
195D22D2-83BB-482E-863C-1826E7F87C2B,,,,,,,ODN0004621752,z,right_only
8BEBAF92-A6A9-4AA2-8049-80E55B5AB58B,,,,,,,ODN0004621755,z,right_only
3DB0CFC6-1A52-4A9E-BE00-1B6E738D0706,,,,,,,ODN0004621756,z,right_only
9089C819-96DD-4E3D-AC5D-A4514C8211BE,,,,,,,ODN0004621757,z,right_only
4C9212D2-E27E-4208-A767-C82C17B3D245,,,,,,,ODN0004621889,z,right_only
55E60DA3-E43F-44F7-92F2-BC81326D318E,,,,,,,ODN0004621890,z,right_only
20797AFC-9B08-427C-B4FD-38270EBCF5DD,,,,,,,ODN0004621891,z,right_only
6818E4EF-AF6A-44AE-BDAC-F5641F689892,,,,,,,ODN0004621892,z,right_only
16EFF3D4-8054-4770-A745-0ED76C4AAFDE,,,,,,,ODN0004621893,z,right_only
4E49F302-0E88-4991-9C31-CEF700590B12,,,,,,,ODN0004621894,z,right_only
FE655055-0762-4550-8409-87087938A15A,,,,,,,ODN0004621895,z,right_only
9AB92A73-7773-4AAD-8564-3C8E014A3CF3,,,,,,,ODN0004621896,z,right_only
B2A55895-89C8-4248-A165-B9EC47C783F4,,,,,,,ODN0004621897,z,right_only
07C11647-FC6D-44BF-ADA6-146FBFF1A6C3,,,,,,,ODN0004622098,z,right_only
6CAD1806-560D-447B-AED0-593755D9F590,,,,,,,ODN0004622135,z,right_only
48379925-25F1-47F1-A4BE-D86A4C677618,,,,,,,ODN0004622136,z,right_only
59D55381-4AAE-4521-A08E-EA5C0AD8C522,,,,,,,ODN0004622137,z,right_only
ADEEACF1-DF5C-4F38-8104-6F4F8C492AFC,,,,,,,ODN0004622138,z,right_only
D8A3B411-29A2-46A6-99E4-128523D3612A,,,,,,,ODN0004622139,z,right_only
65920C4B-E407-4E91-BE80-63BB682E6C21,,,,,,,ODN0004622140,z,right_only
1159A2A7-8FAF-4CDE-A975-F9FEA7B21D1A,,,,,,,ODN0004622141,z,right_only
CBCB143D-C757-4AD1-8BD9-A622580AE01C,,,,,,,ODN0004622142,z,right_only
0C153006-FAEF-44DD-9C94-72355F5578E2,,,,,,,ODN0004622143,z,right_only
1571C5AE-9D1D-4B4A-A8C9-9FCFC36FCE8A,,,,,,,ODN0004622144,z,right_only
C410684F-C6F1-4FF3-BBAE-E1BDA67BDE66,,,,,,,ODN0004622260,z,right_only
4D9502BB-B4CC-42DD-8799-1B37E132DD04,,,,,,,ODN0004622262,z,right_only
DC3889AE-5FBD-4F6A-AE0E-A983DC19D6CA,,,,,,,ODN0004622263,z,right_only
421F9AF3-A40F-4DB3-B322-08E686931196,,,,,,,ODN0004622264,z,right_only
F929A2B9-7738-45C1-B9F8-0AE2189FC18E,,,,,,,ODN0004455654,z,right_only
55B7130A-CC05-4057-892F-7A7764DA1BF5,,,,,,,ODN0004455655,z,right_only
32A3481A-5E87-4FE4-9CB0-93A95C16DBF5,,,,,,,ODN0004455656,z,right_only
AD604BA7-B18B-4F28-84B1-A2D6D4B5DA8F,,,,,,,ODN0004455718,z,right_only
76F1BFF9-79E6-4297-A242-475DA4A4AF41,,,,,,,ODN0004455741,z,right_only
F87D6802-528B-4A14-95FF-EED46451B724,,,,,,,ODN0004702524,z,right_only
DAA29B43-0631-4939-92BC-015D6D30B6E0,,,,,,,ODN0004702527,z,right_only
693E751C-CC38-4C07-ABBA-F9C5BC6352AE,,,,,,,ODN0004702295,z,right_only
4292E7BF-2C3F-42F0-84F9-5BD4C8D3F166,,,,,,,ODN0004702528,z,right_only
9D8D6154-F9C3-44A6-A6AB-DEA63695BB36,,,,,,,ODN0004702398,z,right_only
AAA79097-8A17-4C5A-91E7-D1DDF6E5432C,,,,,,,ODN0004702278,z,right_only
B731F98D-4245-4B69-9B05-721A30763487,,,,,,,ODN0004936803,z,right_only
21B5092B-F3D2-42AD-9EBF-EFCFCC15169A,,,,,,,ODN0004936810,z,right_only
1E612E2E-210C-401E-A590-F889ACFA79DD,,,,,,,ODN0004936811,z,right_only
AC71770C-E496-4774-87DC-4247AF9FB234,,,,,,,ODN0004936808,z,right_only
0B1C4AC0-45A4-4777-B918-BB2A6E14780D,,,,,,,ODN0004702318,z,right_only
B2AC6A87-1467-4C58-BC81-0B6109EB3A74,,,,,,,ODN0004702319,z,right_only
7F6033A9-284E-4841-93D9-D2233F20DF6F,,,,,,,ODN0004936831,z,right_only
200C8FB7-1DBC-40EB-8516-742B15333B1A,,,,,,,ODN0004702345,z,right_only
DA46AD72-288D-4305-9FD4-B218A6221DCC,,,,,,,ODN0004702376,z,right_only
5CEA4CCC-2B86-400A-86C8-2C8260218C7D,,,,,,,ODN0004702388,z,right_only
D40E3A79-0280-44BF-AAC1-717FFD808C87,,,,,,,ODN0004702400,z,right_only
0FBAB73A-7AFE-4C92-9D4D-8534D8EE2B41,,,,,,,ODN0004702497,z,right_only
7165657D-0671-4101-9E1B-410EC71F8E6F,,,,,,,ODN0004702532,z,right_only
060B6182-B9B3-49CC-A7F4-111CD6F3CD95,,,,,,,ODN0004702567,z,right_only
61128E9B-12D1-4DA0-817A-630292547A97,,,,,,,ODN0004702555,z,right_only
3F8FAD46-A4B7-401D-A605-0A1281A9E516,,,,,,,ODN0004702557,z,right_only
6B71B9DF-CB94-401B-969A-7D62DD769446,,,,,,,ODN0004702561,z,right_only
35432AC1-6AE6-40BA-9565-C3F741E90553,,,,,,,ODN0004936878,z,right_only
F7388B5C-7689-42BE-8C3F-91F8FE930828,,,,,,,ODN0004702560,z,right_only
55535004-8550-4DEC-ABEF-D68FCB690D50,,,,,,,ODN0004702566,z,right_only
33F6E1D5-56C4-4692-B63F-52E24921F406,,,,,,,ODN0004936882,z,right_only
A8EE1A2B-375D-4EB8-BF5B-AC9AFB69CDC2,,,,,,,ODN0005165135,z,right_only
598D7B24-9901-4D47-8B5A-2646282BD884,,,,,,,ODN0004702586,z,right_only
705EE0F9-CC6A-4312-85A0-C996079098D7,,,,,,,ODN0004702526,z,right_only
7E4313C5-960A-492A-BD38-9B858ED1A6D1,,,,,,,ODN0005164913,z,right_only
1ED3CC4B-9BA2-45D3-8923-BA6D3CA83048,,,,,,,ODN0004702458,z,right_only
6BC53129-8995-4553-8F30-682FC6B70550,,,,,,,ODN0004702589,z,right_only
CA2922AC-7A0B-43F6-9227-4D6083698530,,,,,,,ODN0004936848,z,right_only
9825F89A-FDE3-44B1-A3D6-618322D94E17,,,,,,,ODN0004702433,z,right_only
65DBD32A-F614-435C-A30F-A01DE864642F,,,,,,,ODN0004702434,z,right_only
54E92210-E106-4880-A313-C65D9C3C526A,,,,,,,ODN0004702436,z,right_only
F3357FF1-01EA-41A8-9296-421AB834A360,,,,,,,ODN0004702438,z,right_only
6B0E27D0-BAF1-40AD-A076-016E91D29ECC,,,,,,,ODN0004702435,z,right_only
F25EBCEA-43A0-4DAE-9A27-8EC579F18E1B,,,,,,,ODN0004702320,z,right_only
478BBA3B-7689-426A-8835-566666541B65,,,,,,,ODN0005074578,z,right_only
001062B2-5D9B-40B0-B4EA-1AFB3DEB0AFC,,,,,,,ODN0004880153,z,right_only
F5A51B85-CE1A-4232-8273-CA5696677D57,,,,,,,ODN0004702411,z,right_only
98C7C411-E75C-41C2-8AC5-9C23F7104EF2,,,,,,,ODN0004702470,z,right_only
0A1A9C5F-62A1-412F-B742-503FCC2D16B4,,,,,,,ODN0004702330,z,right_only
D9A808EC-9398-436C-9A98-8292F6E22BB6,,,,,,,ODN0004702331,z,right_only
17D01CD6-4F8C-4D4A-9597-8E1CBA6AF05D,,,,,,,ODN0005164749,z,right_only
370C62DF-CC49-4810-A7FC-42985D65EAF0,,,,,,,ODN0004702382,z,right_only
50EC17C1-3747-4336-9C03-1EC54E69D585,,,,,,,ODN0004702383,z,right_only
4AE70EC5-E3AD-4421-81A9-E834E16A1A54,,,,,,,ODN0004702384,z,right_only
2DBB07EA-2E4B-4FFB-8128-AD940C137E6B,,,,,,,ODN0004702519,z,right_only
40C2AF17-5CB8-46B6-B74A-2E7D0D64C3E9,,,,,,,ODN0004702520,z,right_only
FF0D01F2-1331-477F-AEC9-8208C87BE4DB,,,,,,,ODN0004702580,z,right_only
DC2ECD00-68B8-449E-8D7D-E126FD1A2516,,,,,,,ODN0004702494,z,right_only
1D0828E1-676E-4188-9F58-0921348952FB,,,,,,,ODN0004671012,z,right_only
719BF796-F309-448F-B5C2-E7D710879649,,,,,,,ODN0005165044,z,right_only
B056E711-81B6-458B-A91D-41C363DFE934,,,,,,,ODN0005288380,z,right_only
F8D187BA-EBBD-4B01-BC68-3AD3C0DD67DC,,,,,,,ODN0004603589,z,right_only
C382BA61-8397-4541-8620-80D6C4D32E3A,,,,,,,ODN0004670977,z,right_only
756EBB95-7CC9-4B1D-80AA-BB5496592C6C,,,,,,,ODN0004603739,z,right_only
97FF40E5-FDE6-45C2-ADA4-EACA176219F6,,,,,,,ODN0004603475,z,right_only
9EE910E4-FC0E-4941-9608-A7F8AAF81BC3,,,,,,,ODN0004603527,z,right_only
ABF136CC-391B-4B26-8CB6-70F386963E65,,,,,,,ODN0005164832,z,right_only
8845014A-F63D-4F41-9840-7C3F164E8F18,,,,,,,ODN0005098066,z,right_only
63398B71-FC99-4114-98D2-29ACD888187C,,,,,,,ODN0005047277,z,right_only
9C7D3CCE-02B8-40CF-8344-CCB4600BF800,,,,,,,ODN0004851439,z,right_only
83D04610-9A76-46C5-BF45-972AAF1E899D,,,,,,,ODN0004851440,z,right_only
3D819477-3DF6-49F7-837C-F56F46B178E3,,,,,,,ODN0004851441,z,right_only
ECA00681-7B99-4964-9F98-C0CFCD172CBD,,,,,,,ODN0004851442,z,right_only
FC83DECD-A37F-4DDD-800E-D5B591093E02,,,,,,,ODN0004851427,z,right_only
EB6908A9-EA03-4142-8783-941464DB7846,,,,,,,ODN0004851428,z,right_only
98A13EC9-8DC6-406F-9C99-69940891486E,,,,,,,ODN0004851429,z,right_only
6BE44391-0893-4A81-B90F-057626BB6E57,,,,,,,ODN0004851430,z,right_only
28CCB746-2BB7-411F-A713-6E89572E8BFD,,,,,,,ODN0004702578,z,right_only
5F4FD507-867D-4DE9-B6CD-DAEC796C9FE6,,,,,,,ODN0004817630,z,right_only
2F3C7C76-14A8-406B-85F2-517E3495E0E8,,,,,,,ODN0004811654,z,right_only
6D67ADE1-3E17-4AF3-A5A8-E676CB8B34D2,,,,,,,ODN0004659709,z,right_only
E861BBD3-109A-4971-98DF-72003D6411C6,,,,,,,ODN0004659724,z,right_only
80D61FF3-1621-4BE2-A552-39CF0DB2D030,,,,,,,ODN0004659756,z,right_only
296A0261-7F71-4AD9-904B-882165BF6CC5,,,,,,,ODN0004811657,z,right_only
9135D6B7-A8BD-4186-9FD2-402AB4889E0B,,,,,,,ODN0004659814,z,right_only
597C044D-54DD-470E-90D4-7AAD248220ED,,,,,,,ODN0004849842,z,right_only
0926015E-5590-404B-A5CD-51FD8EEC31CB,,,,,,,ODN0004659941,z,right_only
60BABC6B-E63E-49D6-B488-96D063737E89,,,,,,,ODN0004660063,z,right_only
71B84859-EB81-4ED1-9E83-1987049F7840,,,,,,,ODN0004660079,z,right_only
79FE05D0-5FEA-451F-AF60-F93360B70D52,,,,,,,ODN0004660121,z,right_only
CECADF46-00AF-41B4-B8A5-C9156997C803,,,,,,,ODN0004660160,z,right_only
60779B7B-E75B-42BC-9737-DD07206267D7,,,,,,,ODN0004849840,z,right_only
16CA1075-BAA2-4B47-85B0-A09D7B8713B6,,,,,,,ODN0002746374,z,right_only
69896DAE-4907-4A32-883B-1659B68CF9DD,,,,,,,ODN0002746375,z,right_only
D5B01468-D84D-4379-9DBD-E541650FDF18,,,,,,,ODN0002746376,z,right_only
62A65E7E-98A0-45C7-BF9C-F3EFB4BC4DF9,,,,,,,ODN0002746377,z,right_only
309B7B91-BE1A-4D1D-AAA9-96AC3107C32D,,,,,,,ODN0002746365,z,right_only
A569307D-09CB-4C74-B8FC-E01BA465665A,,,,,,,ODN0002746366,z,right_only
CB77F4C1-04D5-4692-881B-B76E1D6BEFE5,,,,,,,ODN0002746367,z,right_only
3F847BEE-9905-41CD-B9F3-23475931D27E,,,,,,,ODN0002746368,z,right_only
F63080FA-4761-491B-8D1B-C7736B67C794,,,,,,,ODN0002746369,z,right_only
A0B6E7AE-AB52-4AB9-9594-51C9CB029A0A,,,,,,,ODN0002746370,z,right_only
2E900890-43D7-4B61-9DCB-2CE0730A57D7,,,,,,,ODN0002746371,z,right_only
18035E64-9935-4F9D-B280-7B72C593B922,,,,,,,ODN0002746372,z,right_only
25582E0A-6C67-403E-ADDB-14A55881E819,,,,,,,ODN0002746373,z,right_only
98F8B777-405A-409B-AD92-0A399D67FA14,,,,,,,ODN0002746347,z,right_only
8845BA16-E1EC-4154-B723-4AFB08179428,,,,,,,ODN0002746348,z,right_only
6AFABF5A-48EE-4F7F-AA2B-250AC250B5B0,,,,,,,ODN0002746349,z,right_only
20344702-B931-4AF4-BFDE-F1637CAC748D,,,,,,,ODN0002746350,z,right_only
ABE83260-646B-445A-9E3D-90FB3ECAE961,,,,,,,ODN0002746351,z,right_only
96CD1AFF-86F4-4F13-BC3E-12CDCC7D1B41,,,,,,,ODN0002746352,z,right_only
BA5DFBA4-351D-4932-A859-7916A1914E83,,,,,,,ODN0002746353,z,right_only
D5CDC63E-629B-410F-8AE6-E34848571BBC,,,,,,,ODN0002746354,z,right_only
D919D8DD-79BD-49C7-A151-E846271856EC,,,,,,,ODN0002746355,z,right_only
A3DB7F81-2A2D-49BD-A5FA-D5956CC831A1,,,,,,,ODN0005201129,z,right_only
FC40B16B-3845-4597-B41A-F04188AC716E,,,,,,,ODN0005312216,z,right_only
F6DC6CE8-2660-4CF0-9E89-47AADC66B3F4,,,,,,,ODN0005119128,z,right_only
1CDCB1C7-9219-4358-84A9-88EED9B6268D,,,,,,,ODN0005119166,z,right_only
FA2E6548-A252-4A01-9F5B-07F869F59F94,,,,,,,ODN0005119172,z,right_only
83CF4FA5-4734-4352-AA87-F5B33179E119,,,,,,,ODN0005119175,z,right_only
6A9B42BE-D35C-4CF7-853A-9591054B3297,,,,,,,ODN0005119177,z,right_only
24E820C0-514D-4530-8775-1A501BD31CD5,,,,,,,ODN0005240059,z,right_only
57869CEF-D90D-47AB-B3DE-3C6CB83158BA,,,,,,,ODN0005240060,z,right_only
314ED129-787D-4AEC-B2AA-5606E2791D0C,,,,,,,ODN0005382057,z,right_only
71A82C1B-92FA-49AB-8129-D9BD9F1F22B1,,,,,,,ODN0005382067,z,right_only
20DDC2C6-79CF-41CC-866C-1CEB1D10B371,,,,,,,ODN0005382072,z,right_only
CFC070A6-BC88-44F7-8056-83232223613F,,,,,,,ODN0005382081,z,right_only
159025FC-0C95-4B89-ADD3-D8EECE3E68A8,,,,,,,ODN0005382084,z,right_only
16460B5A-CE23-4E5D-BC75-F652D7F1F895,,,,,,,ODN0005382090,z,right_only
2D4749C5-AC48-448C-A692-4E0C74E5D3EA,,,,,,,ODN0005382092,z,right_only
C7032538-2D78-446C-943A-213473DBB588,,,,,,,ODN0005382100,z,right_only
40BEC2A9-D675-458A-BA2F-553EB39D4735,,,,,,,ODN0005382102,z,right_only
AC3A79F9-6B8A-4361-8FAA-0DD0ED6692F3,,,,,,,ODN0005382110,z,right_only
01EC83E1-C541-4B7E-9F47-EEC2338D6E67,,,,,,,ODN0005382111,z,right_only
853DAF55-8975-49F4-8007-2E737906E4C2,,,,,,,ODN0005382112,z,right_only
6EFC4CA6-95F0-48A0-B32E-EA72138B76F7,,,,,,,ODN0005382123,z,right_only
E14E801F-EC99-4737-B94C-58B50C3A194F,,,,,,,ODN0005382125,z,right_only
4882E428-8598-4FB9-B0D2-D0BCF74AB2A0,,,,,,,ODN0005382128,z,right_only
C50A8FB5-799C-4824-8E9E-C4C040AB468B,,,,,,,ODN0005382129,z,right_only
7457E87C-EC32-4ADC-9505-2286265562DA,,,,,,,ODN0005382135,z,right_only
948C2693-4963-4A5C-A0B7-C7AA7B9D436C,,,,,,,ODN0005382136,z,right_only
70E2A0D4-C12A-48EB-895C-E9788FFD6B47,,,,,,,ODN0005382137,z,right_only
98C5386F-4CED-4B73-9BF3-73076FFAA68B,,,,,,,ODN0005382138,z,right_only
610E316D-FFE0-47A8-B220-FFEF749DA6A9,,,,,,,ODN0005382139,z,right_only
638FA00E-F18E-4D62-8D47-B9CB769D4CE0,,,,,,,ODN0005382142,z,right_only
F2D6D9BB-3789-4BD8-9E33-FC69FAAD49EC,,,,,,,ODN0005382143,z,right_only
80E29797-B1CC-4E8B-97C9-C2148217CA39,,,,,,,ODN0005382144,z,right_only
A260C79E-17B2-47BF-998D-9395A53380F8,,,,,,,ODN0004750865,z,right_only
E6F00446-51EA-47D7-BD94-6D679061C199,,,,,,,ODN0003057364,z,right_only
C96F5077-00C6-4A81-B54E-C3E5FD502754,,,,,,,ODN0003057497,z,right_only
26638E4A-B833-4003-988A-7C50965DD5B8,,,,,,,ODN0003057503,z,right_only
8B047AD3-084F-47CB-B37A-3C1A7DC81111,,,,,,,ODN0003057555,z,right_only
F945DFE8-D6BB-441B-AC1A-FE0DAEBF5124,,,,,,,ODN0003057556,z,right_only
4A7BED0B-E92A-4BD4-AA64-B25EF05ED706,,,,,,,ODN0003057557,z,right_only
26EFE992-E5B8-452B-9AB0-17A975404805,,,,,,,ODN0005056507,z,right_only
CA0FADA0-EF83-4927-BD97-78BED950FDBC,,,,,,,ODN0003057578,z,right_only
2079CFE1-43EF-4B05-BC78-BA3365FAA67E,,,,,,,ODN0005368749,z,right_only
76F5046B-A1A7-451B-8FEC-EF2CF818C06F,,,,,,,ODN0005368750,z,right_only
D577E9DC-6B00-4544-A16F-818C71A28483,,,,,,,ODN0005368751,z,right_only
5478210D-5A19-4CFE-AAF2-E54D5D7765DE,,,,,,,ODN0005368752,z,right_only
7C6C86E4-EA7F-468A-828B-A17E7272069C,,,,,,,ODN0005368753,z,right_only
F218F884-D64C-43DF-9F3C-F038614E91EC,,,,,,,ODN0005255305,z,right_only
BE332581-AD6D-4BAD-9DDE-AD6F08F4DB17,,,,,,,ODN0003057547,z,right_only
D964C351-89C8-44DD-A029-5BA2C6ECE318,,,,,,,ODN0003118342,z,right_only
62F34986-1B16-4749-BA50-BC06C5995B4A,,,,,,,ODN0003118343,z,right_only
38644BAC-4600-47C1-B4F9-AB3DF9C6459C,,,,,,,ODN0003118375,z,right_only
108345DC-6878-4C56-9872-40386D713085,,,,,,,ODN0003118376,z,right_only
07694CED-29F8-41EC-B923-C090D98BFD8C,,,,,,,ODN0003118379,z,right_only
29C55943-AC81-4BF9-B009-83D4ADECC93C,,,,,,,ODN0003118380,z,right_only
3401AEAD-0FE3-473E-9070-B21E716A7680,,,,,,,ODN0003118381,z,right_only
8DE2D180-CEE0-4368-833F-ABCA9E967CAD,,,,,,,ODN0003118408,z,right_only
2F9A2BF3-DB58-408D-B38D-54D4D72C99AF,,,,,,,ODN0003118409,z,right_only
7F728066-538E-42D5-8C09-184806263BB1,,,,,,,ODN0003118410,z,right_only
1DAC67A4-0F16-4726-9DE6-3C073A0AD4E7,,,,,,,ODN0003118417,z,right_only
08EA9F32-5CB7-496D-B666-8AE448D0C320,,,,,,,ODN0003118423,z,right_only
2FDF3486-A415-4208-ABD6-B3BF26AC69B0,,,,,,,ODN0003118424,z,right_only
B66A95F2-8E53-461A-B3F9-16365F6F66A7,,,,,,,ODN0003118473,z,right_only
42830E63-16CF-4C91-A74F-92CCF35D3703,,,,,,,ODN0003118474,z,right_only
B5003C2E-1A08-443B-981F-552A5FC49C43,,,,,,,ODN0003118475,z,right_only
117A7A29-D3D2-4BD0-A036-A89075C0AF7D,,,,,,,ODN0003118476,z,right_only
7D78C72B-C78D-47D9-A55D-5AFFD006908E,,,,,,,ODN0003118477,z,right_only
17430A9F-2FF6-4682-AA93-83A2247B1248,,,,,,,ODN0003118478,z,right_only
FBA6876F-977F-4D91-8258-7B6E92367863,,,,,,,ODN0003118479,z,right_only
3AA63E98-B614-4062-BBAA-14FAB10C87A7,,,,,,,ODN0003118480,z,right_only
1196B08A-30C4-4F08-9BEF-9597BAC5588E,,,,,,,ODN0003118481,z,right_only
EA96391E-E4C4-4F74-99D5-8E4DE4D3F181,,,,,,,ODN0003118502,z,right_only
291481F1-ADAE-4DE2-9EF3-7309D7A5E606,,,,,,,ODN0003118503,z,right_only
052290E8-19EB-4197-A923-51FABE0623CE,,,,,,,ODN0003118527,z,right_only
7ADF5AA8-1894-43E6-8FC8-A3D134ABA0A3,,,,,,,ODN0003118528,z,right_only
6FF66301-8C8E-4A0D-A24B-6E6846DE42E4,,,,,,,ODN0003118529,z,right_only
7982DC58-BEF7-44DC-88E7-139D434C551A,,,,,,,ODN0003118530,z,right_only
3BFDA902-C254-4B35-A6C0-C021C980A104,,,,,,,ODN0003118608,z,right_only
98E79604-B521-46EE-B357-A41C3A66B3CA,,,,,,,ODN0005437468,z,right_only
48D88FA3-F667-4528-A3BE-A05D777CFD9A,,,,,,,ODN0004940762,z,right_only
19B77769-81AC-4759-BA3C-154C49409628,,,,,,,ODN0002515229,z,right_only
C777B67B-76B2-4797-BC53-2C9489E0FF8B,,,,,,,ODN0004940919,z,right_only
B3B4C06F-2298-4F02-A5AD-113AE416BD31,,,,,,,ODN0005353779,z,right_only
9793A6A1-A17F-4139-857D-BA23A9777F67,,,,,,,ODN0005514367,z,right_only
D2165720-A513-4B5B-9EA7-FFFEC4C785A1,,,,,,,ODN0005514379,z,right_only
0FC63C8D-C94A-4B82-B8A6-74C5671896D2,,,,,,,ODN0005390315,z,right_only
8B4812A3-65D4-4039-B3BC-298C1F948E2D,,,,,,,ODN0005353781,z,right_only
695FE4FA-9F58-4F28-8780-419F1E3DAB31,,,,,,,ODN0005056447,z,right_only
2FDCCD2E-043D-4D4D-8574-BBF3CD5D2B31,,,,,,,ODN0005390333,z,right_only
3E68465D-D286-4FA1-92B9-28AB3C9EFEA0,,,,,,,ODN0005056594,z,right_only
0324984B-94B7-4559-BCC8-E152238B8621,,,,,,,ODN0002659440,z,right_only
CA1593A8-1AD9-444C-A6B8-4869095E9964,,,,,,,ODN0002659470,z,right_only
A9C05072-5DAC-4B35-A6D8-C6EBBE8BD309,,,,,,,ODN0004052781,z,right_only
F063324B-2217-48A8-B887-C21E78209A32,,,,,,,ODN0004750884,z,right_only
F1073BA1-E51E-4976-82EF-385DFF0F2081,,,,,,,ODN0004052824,z,right_only
1CF70D67-B8B5-47B5-B6B1-E249AC67E7C1,,,,,,,ODN0004052856,z,right_only
68641EBC-14E4-42E9-A32A-DC1173DDFA4A,,,,,,,ODN0004052857,z,right_only
229B62A6-1211-4079-AEAF-B924D7BA614D,,,,,,,ODN0004751100,z,right_only
B20B62BE-9F20-442C-97C6-615923A8E784,,,,,,,ODN0004052888,z,right_only
C5E1D2BE-11E1-4279-B3A2-067086F2E81D,,,,,,,ODN0004940532,z,right_only
69AD588B-F72C-4E74-B62C-27B8D8EBA9C6,,,,,,,ODN0005353948,z,right_only
390EA6EC-937A-487E-8612-A461CFE55F41,,,,,,,ODN0004940708,z,right_only
5633E012-BF92-4552-81E1-71F544A88841,,,,,,,ODN0004940799,z,right_only
88D9F3E4-7B1B-414D-B602-F92AF3EC4886,,,,,,,ODN0005085123,z,right_only
8D32E35B-C02E-485D-B3A3-D9627FC3A57D,,,,,,,ODN0005368587,z,right_only
85F8DD44-E478-47C3-A77A-1F24D890D801,,,,,,,ODN0005026151,z,right_only
429A55BE-A8C1-4B33-8460-749AE8E9BFE5,,,,,,,ODN0005026152,z,right_only
1F44C744-F437-4191-9A70-E497490FA200,,,,,,,ODN0005026153,z,right_only
2EC9933C-0FA1-48F7-8A8D-D56F25BFAD21,,,,,,,ODN0005026154,z,right_only
735F3137-ED06-41D6-AA17-958E71261AE2,,,,,,,ODN0005026155,z,right_only
5C1A24ED-55DB-4D62-8A1E-2FB49AC223F1,,,,,,,ODN0005026156,z,right_only
1C4961D4-ACCD-40A7-B9EC-21F51B7BFF5F,,,,,,,ODN0005368764,z,right_only
3A91EC78-3147-4598-B229-F9DC667A24CC,,,,,,,ODN0005368765,z,right_only
6C1A81BD-8B87-48B6-9669-AE83B92163C5,,,,,,,ODN0005368813,z,right_only
2BFC6DC4-A3E6-490E-B365-C93682F4B90B,,,,,,,ODN0004760913,z,right_only
70D583FB-214D-4E4C-8A45-D4BBC97B35C8,,,,,,,ODN0004750459,z,right_only
34973EF7-8182-453B-B139-599D9F93CE20,,,,,,,ODN0004760943,z,right_only
9C8B190B-F077-412F-9A10-D48D3889EF64,,,,,,,ODN0004760961,z,right_only
B59352FC-9F5C-411E-BCFB-39AAD689CF11,,,,,,,ODN0004760963,z,right_only
AB0E8287-F7EA-4D06-B350-87E1A0ECA58C,,,,,,,ODN0004760968,z,right_only
FEDF6D3B-0BC4-4E74-AA0E-2A869B569DF4,,,,,,,ODN0004750508,z,right_only
0BB51B9A-C478-4F17-841C-454F403ABBA0,,,,,,,ODN0004761009,z,right_only
A3F1EFF7-64FD-45BA-A57C-9FD5AB99462D,,,,,,,ODN0004761014,z,right_only
ED9054FA-A958-4A8D-91DF-5099C3A1D65F,,,,,,,ODN0004761022,z,right_only
B5A6DA9C-3B56-48BF-9AA6-6D541D6B4274,,,,,,,ODN0004761027,z,right_only
8B882FD6-1176-4294-B28B-5455F2D8594D,,,,,,,ODN0004750550,z,right_only
A7C3BF3D-5FB3-44BF-8B7E-64A859B5DA60,,,,,,,ODN0004750554,z,right_only
AB1B4758-702B-42C2-8E74-237AB60B952C,,,,,,,ODN0004761042,z,right_only
EC3203DA-749D-4F65-B89C-9A14B720AC9B,,,,,,,ODN0004750571,z,right_only
F54D7228-8E67-47EB-840E-EBBF3ACA7B89,,,,,,,ODN0004761079,z,right_only
40E12A34-B690-4B29-A99B-E63D04FAB6B6,,,,,,,ODN0004750615,z,right_only
E44705A3-0075-4784-AF8A-70A96062B135,,,,,,,ODN0004761121,z,right_only
4F365286-C447-443F-B32A-D063FAAECC76,,,,,,,ODN0004761122,z,right_only
6C1F7535-81FE-4165-981A-8B4D758BBFA4,,,,,,,ODN0004761125,z,right_only
3CF13BC5-2488-41FF-9D01-68CEF42C274E,,,,,,,ODN0004750678,z,right_only
DEFDADD4-CB1C-4010-8C1B-FE2497313561,,,,,,,ODN0004750679,z,right_only
085615AF-C07F-4107-998F-1ACB9754D387,,,,,,,ODN0004750693,z,right_only
30AF97C3-93D5-4A88-8167-A05FD6B9F473,,,,,,,ODN0004750694,z,right_only
DA72E1AD-D103-4D3F-9D48-14C2ADEB912C,,,,,,,ODN0004750738,z,right_only
F7BF2D1B-1531-4B7C-9B40-9EA19FEDEAD4,,,,,,,ODN0004750785,z,right_only
3869CAFA-6C66-4F2C-94F2-894583265A43,,,,,,,ODN0004750832,z,right_only
97CD5816-6DBF-482E-A832-E2D59CB8DAEE,,,,,,,ODN0004761265,z,right_only
652B55C9-7AB4-4E53-BA77-FC6DC85B176C,,,,,,,ODN0004750852,z,right_only
77E18FAB-A440-40D0-9023-478CE7E90366,,,,,,,ODN0004761291,z,right_only
38AB731F-6256-43B5-B5DB-92CF99F27787,,,,,,,ODN0004761292,z,right_only
E8EB6AC3-D95F-4B82-87A9-0E8643C8AD2A,,,,,,,ODN0004750893,z,right_only
B7FA360A-8416-473D-A7EA-BF54D509AED0,,,,,,,ODN0004761339,z,right_only
75AB719F-A272-4B46-81F5-1F51D2AFAE83,,,,,,,ODN0004761367,z,right_only
6211487A-4A26-441F-BE70-94BECED475C6,,,,,,,ODN0004761433,z,right_only
11F19B4B-71BC-4875-AB1B-B90B198BDA77,,,,,,,ODN0004761469,z,right_only
531933ED-C44F-48AD-9695-938AC483D712,,,,,,,ODN0004761470,z,right_only
5E46957D-0547-41B9-8420-0277C2845EBD,,,,,,,ODN0004761516,z,right_only
DC4B86A0-764F-412F-86CA-5116068CCBB1,,,,,,,ODN0004761517,z,right_only
DE19384C-A7CB-43F0-B780-ED09CFE74557,,,,,,,ODN0004761518,z,right_only
A30CBFFF-9EE1-42D4-A1F3-B5E98A1DD418,,,,,,,ODN0004751039,z,right_only
A6CBE2D4-C8F0-4ED0-A131-CB11EC87D3AC,,,,,,,ODN0004761521,z,right_only
D3BC480D-4048-4F5B-82BB-40E102741BA3,,,,,,,ODN0004761524,z,right_only
FE4C340F-549F-4718-8B5E-6EAFEFBABDCE,,,,,,,ODN0004761532,z,right_only
A0383180-9F58-4565-BD14-924E446A9B7C,,,,,,,ODN0004761535,z,right_only
9BDD007F-6C09-45EB-BF0F-FDD7ECC5D0D3,,,,,,,ODN0004761540,z,right_only
EF5B8D2B-C452-4471-B6B0-C5CC3028DFD5,,,,,,,ODN0004761546,z,right_only
29EF36F9-C240-4307-A7AF-9E95089CA2CB,,,,,,,ODN0004761551,z,right_only
A5AF47EE-59C5-4366-9A9E-373E5FC4A9E2,,,,,,,ODN0004761553,z,right_only
29A98ECA-0FD3-4D16-A1D3-6C8BE67F29D8,,,,,,,ODN0004761559,z,right_only
11A091D3-C6F8-4460-8C24-822DDE13C455,,,,,,,ODN0004761582,z,right_only
6B676E24-5C47-492F-8122-3CCE675F3269,,,,,,,ODN0004761583,z,right_only
0195C4BB-E842-46FC-8BA3-79254117FD56,,,,,,,ODN0004761584,z,right_only
89CA72E6-5BFA-4DB6-8A35-E4D19EFCFA50,,,,,,,ODN0004761590,z,right_only
EE49A666-B197-4D69-AC00-B95ED36E4E55,,,,,,,ODN0004761596,z,right_only
C52B5394-C6C7-43A2-81C7-B1AE547A33DB,,,,,,,ODN0004761597,z,right_only
6D9F14AE-541B-42CB-A804-C9006CEC57FB,,,,,,,ODN0004761614,z,right_only
F9F790CD-8900-4ABC-BA4A-0AA6B6E92605,,,,,,,ODN0004761622,z,right_only
701DAEEB-78B1-4FCB-8FCB-C8F27A851441,,,,,,,ODN0004761624,z,right_only
342F4634-290C-45AB-B9F4-5CCB7A25A649,,,,,,,ODN0004761632,z,right_only
95254490-53CE-4C5D-9B92-7C147EDD8276,,,,,,,ODN0004751139,z,right_only
F0CB22FF-C863-4D5A-BE8E-FB64347A417B,,,,,,,ODN0004761633,z,right_only
2443AC6C-4E71-4065-ABE9-AE04088320E1,,,,,,,ODN0004761634,z,right_only
E81E4A8A-40AA-4D02-98B9-13A4CD1CD126,,,,,,,ODN0004761635,z,right_only
859AA758-826C-449B-912A-B144DC6FCB2A,,,,,,,ODN0004761636,z,right_only
C71ABA36-3172-4AA0-9081-EBF4DA9BD701,,,,,,,ODN0004761637,z,right_only
6697BBCE-93F4-4BB6-8DDF-D45071B41516,,,,,,,ODN0004751140,z,right_only
F32D9761-3F51-4113-B2EF-0F948EF39EC3,,,,,,,ODN0004761638,z,right_only
E54A36A0-64BD-4E4C-A7B6-CD4E44B3E117,,,,,,,ODN0004761645,z,right_only
8C25A5CC-AA07-45DF-A117-143A1564E3BB,,,,,,,ODN0004761656,z,right_only
1FCA60F5-BF4C-4F96-9E9E-9BB30E6D0ED1,,,,,,,ODN0004761660,z,right_only
AD6E72B5-0AE6-4729-A438-5A31F788F2C9,,,,,,,ODN0004761664,z,right_only
E3B86C54-0907-43A6-94C4-A0DBCE2D5F1D,,,,,,,ODN0004761671,z,right_only
BE983B3B-E8DA-42CA-B3AE-3F727B483FD3,,,,,,,ODN0004761672,z,right_only
DFE0C49B-3319-481B-A161-3194B4BC5ABE,,,,,,,ODN0004761679,z,right_only
055E2526-EAB8-4E4D-B8FE-1EF504572305,,,,,,,ODN0005368657,z,right_only
8FAEEFB5-4B37-4163-91D5-22C263BFAD82,,,,,,,ODN0005368700,z,right_only
8404C530-5443-46FD-983C-C3CC1A52F8A2,,,,,,,ODN0005368831,z,right_only
2903DF98-1530-4C10-ABCB-8A97AABADD6C,,,,,,,ODN0004761048,z,right_only
9488E5D6-E629-4869-BDEA-BEADA5206D85,,,,,,,ODN0005026118,z,right_only
373249C9-B5AE-47D3-B12D-F175C311B308,,,,,,,ODN0004750640,z,right_only
7B4C81A0-0DC9-41F8-A99A-57E97C049B93,,,,,,,ODN0004750729,z,right_only
34F5B62E-48AD-4422-A7A3-E8388196D036,,,,,,,ODN0004751035,z,right_only
5C223F56-3C10-4565-B17D-D931E59C521C,,,,,,,ODN0004751155,z,right_only
0292E941-B47A-43E4-AF63-08D279180438,,,,,,,ODN0004750442,z,right_only
CB88964B-2C15-4AFC-9C93-727DA7DEA6EC,,,,,,,ODN0004750443,z,right_only
5B8ACA48-F26B-4298-B0E5-97AAFFCE9E08,,,,,,,ODN0005056492,z,right_only
AD757BD5-0A0C-4D8A-8FCA-74D9CF2EC52D,,,,,,,ODN0005056506,z,right_only
9C4B1CBA-21B7-4B8C-9737-54E2D2ECBE64,,,,,,,ODN0005218118,z,right_only
4D832070-91CD-4E70-A9CC-C3DE9491DCF1,,,,,,,ODN0005084895,z,right_only
17928F8B-B76B-4652-BEB1-63D6169F61F8,,,,,,,ODN0005354059,z,right_only
A81D1083-85EA-4E7A-BB89-BC036898D759,,,,,,,ODN0005390265,z,right_only
235D047E-8166-4466-9D63-404C3172DDE5,,,,,,,ODN0005381980,z,right_only
7D71AC18-B40B-4695-9129-2C5E21FCB9E1,,,,,,,ODN0005218145,z,right_only
4AD4D448-9459-41A5-813D-CE5D9DD02C77,,,,,,,ODN0004849617,z,right_only
ED05CD51-D793-40B9-A83A-7AE904566BF7,,,,,,,ODN0005085217,z,right_only
3285BCB8-A6DE-45A7-B3AD-8F7E2A4B0F50,,,,,,,ODN0002952675,z,right_only
9887FA05-A98E-40C4-AEE7-7A9047421871,,,,,,,ODN0002953358,z,right_only
2D1B8207-E795-4AA1-9B95-AA9D7F6E6BDA,,,,,,,ODN0002953415,z,right_only
40547B22-98C0-41D3-8F45-5834EA85B141,,,,,,,ODN0002953416,z,right_only
E19BAC9B-C8D6-4AB0-8E21-3A1FFB8271FD,,,,,,,ODN0002953417,z,right_only
E68922F0-1A7D-47F4-B7B8-F1EF042CBE89,,,,,,,ODN0002953792,z,right_only
539AF8E8-10B8-4B8F-BE8B-E2A831F9397B,,,,,,,ODN0002953802,z,right_only
81824788-A7DE-47C9-825E-B995F30EBDAA,,,,,,,ODN0002953880,z,right_only
9DBC3E2E-5A28-4DC2-AEA9-1715D179686A,,,,,,,ODN0002953881,z,right_only
BE76B961-455E-4ED5-8D6A-43DF1D1372F1,,,,,,,ODN0002953882,z,right_only
450083A1-405B-438D-A815-81982AC5FDAB,,,,,,,ODN0002953883,z,right_only
5EB97CC7-8FC8-4185-A2B8-D1A678011D9E,,,,,,,ODN0002953884,z,right_only
959A77FE-6D2C-4840-81BB-C964184810AC,,,,,,,ODN0002953885,z,right_only
365A8DD1-9384-4D68-8075-5A13AB59C9B3,,,,,,,ODN0002953886,z,right_only
736530B3-B1BC-4DDE-A7C6-D811531C4570,,,,,,,ODN0002953937,z,right_only
9882D70D-D0B4-4A48-845F-344DAC884B6C,,,,,,,ODN0002953955,z,right_only
F5E07696-331E-4E9D-9DBB-37F137C14438,,,,,,,ODN0002953959,z,right_only
D066A16A-4843-4C70-9E7F-B95940D9B64E,,,,,,,ODN0002953965,z,right_only
2B04BAF9-D7E7-4E08-99C4-552270F60422,,,,,,,ODN0002954024,z,right_only
29E1FCD8-B4BA-4713-9B42-AD6F8039F55D,,,,,,,ODN0002954040,z,right_only
DD313134-EA4E-4C6F-AF4B-D6049EA8479F,,,,,,,ODN0002954092,z,right_only
522F510C-6F4C-40CC-A9BE-A783BB2BCBC1,,,,,,,ODN0002954093,z,right_only
EB71B597-D9CA-46E3-BC60-DA23B90EC303,,,,,,,ODN0002954094,z,right_only
0201998D-54EA-4845-98EE-3714361F1E64,,,,,,,ODN0002954095,z,right_only
94797FF2-F0D8-4177-A61E-0A18E04EF1B7,,,,,,,ODN0002954096,z,right_only
47A2882C-159F-478A-BACF-6E2FEEB8A0A4,,,,,,,ODN0002954097,z,right_only
0F2F82D6-CFDC-4619-B08B-E2A0476D6D8C,,,,,,,ODN0002954098,z,right_only
BD0467C4-273D-4BD3-93CD-CBB62E2B5D37,,,,,,,ODN0002954099,z,right_only
5227B7EB-7535-45E6-B3FE-D7528247D634,,,,,,,ODN0003877196,z,right_only
DEB2F7DE-B686-46A0-8916-9084DB1EA849,,,,,,,ODN0002954192,z,right_only
801CEC47-E9DE-4223-9D25-5EFEB7DC7106,,,,,,,ODN0002954202,z,right_only
B69683AD-CE57-4793-BA55-FC3845054315,,,,,,,ODN0002954203,z,right_only
506D4F39-E298-45E2-AB0A-AF36688EE689,,,,,,,ODN0002954221,z,right_only
0CA8F0E1-2153-45EA-B9FA-AA4F69A5AAC3,,,,,,,ODN0002954326,z,right_only
FC026480-88DD-460E-94CA-762283BC8EAA,,,,,,,ODN0002954334,z,right_only
3B648906-0396-44CA-B398-E4DFEAFA3FF3,,,,,,,ODN0002954337,z,right_only
D8A57982-1C3B-4C88-BFE1-7B56262D0694,,,,,,,ODN0002954338,z,right_only
10D38146-4055-4C6E-8152-7F9EE85EC278,,,,,,,ODN0002954418,z,right_only
27A03A43-4FA6-4E03-B2A6-9983A5A97D5C,,,,,,,ODN0002954513,z,right_only
E68A7533-5989-42C3-96BD-20050A0667DD,,,,,,,ODN0002954515,z,right_only
C1894CB2-03AF-4F5C-8F5F-3C71C71D09FE,,,,,,,ODN0002954591,z,right_only
0C2E678A-4249-4399-94B9-09F94ECDB143,,,,,,,ODN0002954697,z,right_only
D656B7E7-B985-478E-A168-81DADE1C137D,,,,,,,ODN0002954703,z,right_only
8A98FF70-AF72-45FA-8ED9-FA5F0A9467B9,,,,,,,ODN0002954740,z,right_only
AE87652B-DE38-4DBC-A7DA-BDDBA8DADC7C,,,,,,,ODN0002954768,z,right_only
572CE2E4-EA40-4228-AFD4-01377D0418A4,,,,,,,ODN0002954781,z,right_only
CBCC1AE2-C62A-4079-B40C-551A32A30D0C,,,,,,,ODN0002954782,z,right_only
923F0944-C9DD-43B9-AD82-FC7103A9557A,,,,,,,ODN0002954783,z,right_only
535AE5CB-8E7B-430C-9507-FAF39161CE87,,,,,,,ODN0002954802,z,right_only
92647FCB-FEB8-484E-A990-B2C20C69ED14,,,,,,,ODN0002954818,z,right_only
91215BF0-E8AC-4754-8C06-53DD5D0ED6CF,,,,,,,ODN0002954869,z,right_only
8F9B2F52-12B1-4907-AE29-C32016A9B61B,,,,,,,ODN0002954909,z,right_only
3D6800D7-4CD5-491B-9690-CD532F1300A2,,,,,,,ODN0002954918,z,right_only
71C50F02-4497-41CF-ACE7-607D0DBCF3A5,,,,,,,ODN0002954937,z,right_only
7DAEDEB1-89F1-4554-BB73-AE70EC2DAC3B,,,,,,,ODN0002955017,z,right_only
B6432A66-61BC-4302-AA60-7CB1A4D53BA2,,,,,,,ODN0002955018,z,right_only
6447D5AB-1C7F-489E-9889-25B9C66561C0,,,,,,,ODN0002955031,z,right_only
ECACD632-11F6-4C57-BA86-B5CB5F424AF9,,,,,,,ODN0002955082,z,right_only
EAAEC29E-CE2C-4EE7-A053-0E805520ADF4,,,,,,,ODN0002955119,z,right_only
AB734022-10BD-4725-A021-3D21F656F428,,,,,,,ODN0002955131,z,right_only
F236791A-E02C-48BE-A6FA-B118260AA017,,,,,,,ODN0002955165,z,right_only
FDDD93B6-B0C2-4351-B6F6-6D13371F8D52,,,,,,,ODN0002955166,z,right_only
FBB3C08A-9F72-491F-A906-0801E833BE6B,,,,,,,ODN0002955244,z,right_only
92DAC8B5-4E95-480F-8F2D-92F71BCA9A4B,,,,,,,ODN0002955245,z,right_only
AC47220F-3C4F-4E27-BA48-86279EC95827,,,,,,,ODN0003911431,z,right_only
E54FE97E-1953-4C24-BDB3-E01DAE5CF3F1,,,,,,,ODN0002955351,z,right_only
08558744-187C-4701-A233-1E849310D3A8,,,,,,,ODN0002955352,z,right_only
B0A69FE5-9A13-4556-923C-DE92CD0A17E6,,,,,,,ODN0002955353,z,right_only
34C63CE4-3F50-4589-87F9-3A06B7E7AACE,,,,,,,ODN0002955363,z,right_only
075DEAB3-55B7-478C-A9B5-1643C09C365F,,,,,,,ODN0002955376,z,right_only
AF28DFA1-721F-4D11-9BDC-CCAEF6293E8B,,,,,,,ODN0002955377,z,right_only
ACB75E22-9A68-4151-B2AE-AD800530E6D7,,,,,,,ODN0002955463,z,right_only
D3C41776-862A-4F73-AC2C-0F4775758630,,,,,,,ODN0002955464,z,right_only
F3CD0C19-EA9A-4A99-B76E-61F57C814416,,,,,,,ODN0002955499,z,right_only
EA76E595-8A16-43E3-BB73-1FC3BFF52B0A,,,,,,,ODN0002955507,z,right_only
B0979C71-42C0-4ACC-B142-67CFAC61A0C4,,,,,,,ODN0002955508,z,right_only
8F70A633-0E58-41DA-ADA0-8FC607F08658,,,,,,,ODN0004750401,z,right_only
829CEB43-232B-4ABA-82D2-23B747C97065,,,,,,,ODN0005368525,z,right_only
B59685F9-369F-4B4B-9064-97ECFA614106,,,,,,,ODN0002471564,z,right_only
78C2C6F0-015C-49FD-906B-800535CD1F58,,,,,,,ODN0003997323,z,right_only
B1C5AA86-F9EE-44DE-8D48-524468E76DFC,,,,,,,ODN0002954023,z,right_only
BA5319D7-6D86-4729-A935-24B097C3A440,,,,,,,ODN0002954534,z,right_only
00A3B1E6-D7B0-4722-B257-2901E79B8F1F,,,,,,,ODN0002954535,z,right_only
40615708-8A99-4487-B639-675B275B8616,,,,,,,ODN0002954536,z,right_only
1B32C337-E42A-4F4E-8858-54E60DE67C52,,,,,,,ODN0002954537,z,right_only
05EAD7F6-D288-4469-8F45-A9DEF22551ED,,,,,,,ODN0002954538,z,right_only
0C38079E-6AA3-4348-82CB-16F0633EBC72,,,,,,,ODN0002954539,z,right_only
C3C1BFFB-0BC9-4039-8E46-44DFCE2AB255,,,,,,,ODN0002954541,z,right_only
79D4C249-6519-49CE-A46D-31FF4DB8CCC9,,,,,,,ODN0002954542,z,right_only
7D7F10AD-6990-4843-85A9-F37FE1242D71,,,,,,,ODN0002954543,z,right_only
2E31FE64-F49D-44FC-BA5C-C362CF9B3D79,,,,,,,ODN0002954627,z,right_only
0A4F09A4-1D56-40B9-8945-DD083AE4E271,,,,,,,ODN0002954628,z,right_only
0A90C0B3-1435-473E-8B25-EB1F32EBBC89,,,,,,,ODN0002954630,z,right_only
DF25B923-9F88-4425-A78C-2658EF8D4D49,,,,,,,ODN0002954631,z,right_only
7B4859C1-97BD-4146-BEA2-3A172A618706,,,,,,,ODN0002954632,z,right_only
128F3F03-6141-4CC0-8BBF-CF174B62CF46,,,,,,,ODN0002954633,z,right_only
894676B2-084C-4BD6-B412-557F124716A3,,,,,,,ODN0002954749,z,right_only
3B1B9455-74BF-4922-9AFE-8277489DBF33,,,,,,,ODN0002954750,z,right_only
22D0FE67-4CD0-4EFD-8F45-DDC88282458F,,,,,,,ODN0002954751,z,right_only
40DCA698-DE6A-4ECD-814C-DAC1451FF0C3,,,,,,,ODN0002954752,z,right_only
812CB264-01A0-48AB-9D57-1E44BE596DA4,,,,,,,ODN0002954753,z,right_only
83CA6A8F-3F4B-4C56-AC57-C462AFA71CFD,,,,,,,ODN0002954754,z,right_only
CBDD27CB-2315-4443-A785-F53E843B2F5D,,,,,,,ODN0002954755,z,right_only
16C56332-CE03-4603-A9C1-D1225C87F2F7,,,,,,,ODN0002954756,z,right_only
18ED7F87-6344-46F7-AD5E-06F1F469DF21,,,,,,,ODN0002954757,z,right_only
70834A97-FFB1-4A7B-9761-58C0CBCBE42A,,,,,,,ODN0002954758,z,right_only
9C5D9B4B-5D1F-4247-8915-B74F256DC261,,,,,,,ODN0002954759,z,right_only
87351DD1-5E1B-47FA-96F3-D694775C4070,,,,,,,ODN0002954760,z,right_only
61C7E5DC-9D6F-4156-9893-3A760799117F,,,,,,,ODN0002954761,z,right_only
D00A247F-5CD2-42E4-AA17-90CAA97D3F24,,,,,,,ODN0002954762,z,right_only
0CE61BF4-C2EB-44B7-AEFC-7F1F6323AD3D,,,,,,,ODN0002954763,z,right_only
14DC0052-4237-4119-8039-EA1E300F9D62,,,,,,,ODN0002954764,z,right_only
09E073FF-27EE-497E-9FC2-20A5F73C3118,,,,,,,ODN0002954765,z,right_only
80450C44-03A3-4735-8EBC-2181D218CD7B,,,,,,,ODN0002954766,z,right_only
669000E7-DCE7-4C24-B2EE-880A12D889D8,,,,,,,ODN0002954767,z,right_only
97A6432B-49E0-4844-A6E1-B16BC1131ED5,,,,,,,ODN0002954910,z,right_only
F4CD7FD2-AADD-43C1-90D9-3D508DC296EA,,,,,,,ODN0002954911,z,right_only
3AEAADFF-6EE9-4823-9963-A2C6E765E9B9,,,,,,,ODN0002954912,z,right_only
0E8B5D1C-E056-49E5-B792-6ECA76C2FCD6,,,,,,,ODN0002954913,z,right_only
8A71B2D5-8B22-4F66-8742-AB906EE2E4E7,,,,,,,ODN0002954914,z,right_only
B355F8BC-A0E2-44F0-AD0B-09A4ED3663CF,,,,,,,ODN0002954915,z,right_only
4BAE7DD2-2ACB-48FE-9CFA-B42E9B2180CD,,,,,,,ODN0002954916,z,right_only
75CA34DB-B7DD-4284-891B-1926C2F349D9,,,,,,,ODN0002954917,z,right_only
339C4F0C-089C-4D77-A1B4-6E1824C754A6,,,,,,,ODN0002954995,z,right_only
C332A966-1F40-4489-9AEB-2B8975C91259,,,,,,,ODN0002954996,z,right_only
6655034E-CC8C-4DFC-ADC8-BF12F651454F,,,,,,,ODN0002954997,z,right_only
722BB316-72C0-4EF8-A2A8-B91C08A0F33C,,,,,,,ODN0002954998,z,right_only
126AEF0A-1606-4C8F-B15B-94C51531B0C4,,,,,,,ODN0002954999,z,right_only
43E43CA8-BF44-4F21-800F-01F78B42C98C,,,,,,,ODN0002955000,z,right_only
4900B589-CF01-4664-95DC-9E7AA9B64C98,,,,,,,ODN0002955001,z,right_only
31E0C02A-6F12-42E6-9712-698F310C1930,,,,,,,ODN0002955002,z,right_only
16475685-1209-4E49-957C-A0E1BFB779E4,,,,,,,ODN0002955003,z,right_only
DBCC73F0-80D4-4067-8BDE-6270F48A4187,,,,,,,ODN0002955004,z,right_only
3F4DFE30-340E-48DA-AA97-07D8DE3A925F,,,,,,,ODN0002955045,z,right_only
046B25D0-E5D9-4949-9B93-CD627969C958,,,,,,,ODN0002955046,z,right_only
1EFDFE7C-D86E-44D1-9887-91F8A0296CE1,,,,,,,ODN0002955047,z,right_only
885A31CD-CFB3-4B68-9087-F379BAA5BF79,,,,,,,ODN0002955049,z,right_only
3E7E92FE-7CC8-4FD1-B91F-B6F10597B7F5,,,,,,,ODN0002955050,z,right_only
058CD413-A75B-468D-B96F-9C5E406A0680,,,,,,,ODN0002955051,z,right_only
D48D7638-EF18-4C81-B07E-E87746A8B609,,,,,,,ODN0002955052,z,right_only
A7ED513B-E6DB-4AE9-9E67-DFD23EA28A3A,,,,,,,ODN0002955053,z,right_only
DE8A32D5-3ED0-4F62-8F6B-D9CD0FEA1C63,,,,,,,ODN0002955054,z,right_only
198D22D5-FC11-44A6-8453-9A7AD4FB42AF,,,,,,,ODN0002955055,z,right_only
112DF068-F8F4-4822-B329-F2D7A162A9FE,,,,,,,ODN0002955227,z,right_only
962D8A35-038D-48E7-9275-596769C4AC70,,,,,,,ODN0002955228,z,right_only
1B9431BB-A796-42DD-9D4B-05D029F1C80E,,,,,,,ODN0002955229,z,right_only
DB9872D3-10CA-481E-B754-5153A6AB20E5,,,,,,,ODN0002955230,z,right_only
C94BA178-7FA5-46C0-B591-9B94D7A4E55F,,,,,,,ODN0002955231,z,right_only
F523D488-CF07-46F4-9AB4-48EEB3D2F7E6,,,,,,,ODN0002955232,z,right_only
A7ADEE51-9A21-4996-8879-877FB7EE5B11,,,,,,,ODN0002955233,z,right_only
5EBB23C8-7A56-40C5-86A8-5515ED79BD50,,,,,,,ODN0002955234,z,right_only
49F2567A-4D5A-47E7-A434-986B0E32F608,,,,,,,ODN0002955235,z,right_only
62B8659D-E2DC-436F-BC2B-5602474F7B80,,,,,,,ODN0002955236,z,right_only
EE47C853-2A46-421F-A3A8-F50C6F5415F4,,,,,,,ODN0002955237,z,right_only
1222A735-79A9-4FA7-A5AF-9CE06FF1765D,,,,,,,ODN0002955238,z,right_only
F5024F81-3683-4DFD-B3A2-409199FDB01B,,,,,,,ODN0002955239,z,right_only
2FFACADC-C327-4030-96FB-939AC3D7E1E1,,,,,,,ODN0002955240,z,right_only
351C1968-179D-4D9E-AFDE-519D262F40DB,,,,,,,ODN0002955241,z,right_only
FF12F0EB-A890-4DCC-BB4B-55BD3E929E3D,,,,,,,ODN0002955242,z,right_only
25BFD1AA-A0BE-471B-AD97-080D80AF4A65,,,,,,,ODN0002955243,z,right_only
D0DDF77D-D509-464B-8BAD-CC44B158B4A1,,,,,,,ODN0002955415,z,right_only
1734BE35-1C86-4CD3-979F-BB99A0842094,,,,,,,ODN0002955416,z,right_only
10A9BE0C-F10C-405D-AE75-93F85AA9BA05,,,,,,,ODN0002955417,z,right_only
C13AFCE7-7193-420A-AD60-ECB2414C594A,,,,,,,ODN0002955418,z,right_only
D6259FAB-DAF9-4A14-BE6A-23DF7EEABE2B,,,,,,,ODN0002955419,z,right_only
182B0D7B-ABF4-46C1-BBDB-438D94084906,,,,,,,ODN0002955420,z,right_only
EF17713A-A4BA-459B-B9ED-104BDC2F5698,,,,,,,ODN0002955421,z,right_only
9660E5D6-DB01-4288-992F-93B54A291D7E,,,,,,,ODN0002955422,z,right_only
02CEFD0C-CE57-4762-8E25-E6483F02D758,,,,,,,ODN0002955423,z,right_only
F386EBC4-3CFE-4A1E-979F-2755CA86E30E,,,,,,,ODN0002955465,z,right_only
AB54DCF6-9A3C-48FA-8BF2-D6F0C78A8A24,,,,,,,ODN0002955466,z,right_only
6DE1F7EC-7516-42D7-AD03-26C87D9C8120,,,,,,,ODN0002955467,z,right_only
AD749209-07C4-4DB2-BFFF-16443BECD615,,,,,,,ODN0002955468,z,right_only
A3F5148B-4090-4C47-8AA0-56C3976F40B6,,,,,,,ODN0002955469,z,right_only
2A39D9D5-B736-4B70-AE42-96480084C21E,,,,,,,ODN0002955470,z,right_only
CC1652AF-9369-4DB2-AE55-8DF69B557CA5,,,,,,,ODN0002955471,z,right_only
65366648-4EF6-485D-A100-7A7DC5DDF877,,,,,,,ODN0002955472,z,right_only
48770619-CA38-493A-A0DC-13B2DD664460,,,,,,,ODN0002955473,z,right_only
70BCA34D-7DC5-4C1F-AFC0-D60B55EA501C,,,,,,,ODN0002955474,z,right_only
180299FF-9C2E-4456-B918-90EE85EC947D,,,,,,,ODN0002955475,z,right_only
F6B3C577-6A4B-4D01-B94F-26333F77CD89,,,,,,,ODN0002955476,z,right_only
93C699B6-CCFE-4109-A260-B35AF936FB1D,,,,,,,ODN0002955477,z,right_only
5B5684AD-C0DC-46FB-ADFF-C5EDAA0A77D3,,,,,,,ODN0002955478,z,right_only
487BABE7-206F-4E88-8CE0-2801319AEA81,,,,,,,ODN0002955479,z,right_only
CD67ECE5-9990-4FB9-BDF8-D50083A00618,,,,,,,ODN0002955480,z,right_only
D4A4E73C-A34E-4AE6-AEBA-9F530244D184,,,,,,,ODN0002955481,z,right_only
B88E0A71-AD36-4F38-9B72-A20D3DFA65BF,,,,,,,ODN0002955482,z,right_only
D1021D10-9914-4970-9161-AA5AF35955B1,,,,,,,ODN0002955484,z,right_only
D336B4FB-DF42-40BC-B100-3DA44046887B,,,,,,,ODN0002955485,z,right_only
2CF7CEE6-44C7-46B6-A847-CCA5DDC33BDF,,,,,,,ODN0002955486,z,right_only
11BB6C2D-F1A7-49F3-BB56-BC0B16780638,,,,,,,ODN0002955500,z,right_only
9C2FA3D8-F49F-4733-A5F2-142051EF337A,,,,,,,ODN0002955501,z,right_only
63038990-C838-405E-8D35-C37BD3859C79,,,,,,,ODN0002955502,z,right_only
C72C6387-5807-4E91-886C-C5C242D8FF18,,,,,,,ODN0002955503,z,right_only
61B80EBE-B084-4770-AAC0-03D1D37E9E3C,,,,,,,ODN0002955504,z,right_only
2A81EDF6-AD16-4AAB-B3FB-6C174EB8293B,,,,,,,ODN0002955505,z,right_only
3D59515A-4D78-4D74-93CB-169FC64B4915,,,,,,,ODN0002955506,z,right_only
22BF9F1E-58D3-452B-9810-B6519BCA73B6,,,,,,,ODN0002955509,z,right_only
15BEC7C8-EAE1-4B68-89DB-74C8B381C340,,,,,,,ODN0002955510,z,right_only
234584CB-CC80-48CB-AEBE-12AD1E207F19,,,,,,,ODN0002955511,z,right_only
70B3C5E9-F773-4FBF-8E7C-2542174B2693,,,,,,,ODN0002955512,z,right_only
17BAEB8F-2580-482C-991A-41803FBA7082,,,,,,,ODN0002955513,z,right_only
B6AEF35E-C9B1-4B98-A603-FAC46D3ACE7D,,,,,,,ODN0002955514,z,right_only
D1AF23D4-41CE-4708-A991-B72159F2D101,,,,,,,ODN0002955515,z,right_only
28ACB236-6E13-4A16-8437-2FE1CCD55AD0,,,,,,,ODN0005368663,z,right_only
0700A966-67C7-41B1-81FA-00D5615ED804,,,,,,,ODN0005085173,z,right_only
115772B3-7F3E-4386-88B8-A9C5E1CFD8F8,,,,,,,ODN0005486191,z,right_only
59819515-DC52-450C-92CC-E1951BC093A9,,,,,,,ODN0005486192,z,right_only
229471BF-B447-4094-A722-0721D7D5DF68,,,,,,,ODN0005118226,z,right_only
30D4FF42-2002-442A-927B-2673CD57AF9D,,,,,,,ODN0005118227,z,right_only
94431E2D-E6F0-4318-B603-D15B82C06F0F,,,,,,,ODN0005013656,z,right_only
68DE114D-71B6-4D66-B62B-BFD0D109CA05,,,,,,,ODN0005013660,z,right_only
FBB603CE-F9CC-401E-9D48-6FFDF8982EFA,,,,,,,ODN0005013665,z,right_only
315717A7-13C1-4661-9962-F6DB1784824A,,,,,,,ODN0005013666,z,right_only
09D10CBD-439F-4201-9CAD-94B133CA9F1E,,,,,,,ODN0005013668,z,right_only
B5774494-332B-446D-8FAA-9BDD714F5DA8,,,,,,,ODN0005044512,z,right_only
ECF1678C-2344-4BE6-94B9-399B77910804,,,,,,,ODN0005011272,z,right_only
52DC0845-D9D0-4233-B4D7-D1CEE184795B,,,,,,,ODN0005385693,z,right_only
A56B6F97-2C43-4425-9BC4-537C0CDCF7B8,,,,,,,ODN0005419737,z,right_only
81E1F214-D1A9-47B4-8B30-804A32A7F5CD,,,,,,,ODN0005033273,z,right_only
F19DF952-EA11-4F2B-9F98-B7A27D429932,,,,,,,ODN0005118169,z,right_only
74454CBE-E13B-4E02-9E4F-0A16B0592624,,,,,,,ODN0005118170,z,right_only
25A3F6AC-D3C7-43DF-BE5E-AE1D9F258AC9,,,,,,,ODN0005118171,z,right_only
A40CF5A0-9637-4150-B154-C4B8E8F7D1FB,,,,,,,ODN0005118173,z,right_only
A52FB34D-94B1-4CB4-9167-43340F3A183F,,,,,,,ODN0005147690,z,right_only
6AF0EF32-AA0D-4D70-AC2B-81F0F1CB4BBE,,,,,,,ODN0005147686,z,right_only
50247D82-122E-446E-BDC6-BAF42481C94E,,,,,,,ODN0005147687,z,right_only
1AEEF8BC-3CF7-48CC-ABE0-B6C1CF2D8165,,,,,,,ODN0005147688,z,right_only
7B66578C-B04B-4FA0-B38E-ED12FA8D3906,,,,,,,ODN0005147689,z,right_only
BF75EDCB-D253-4B1B-BA7C-779EDFF70BD0,,,,,,,ODN0005147691,z,right_only
3F76D65A-9B3D-4ED5-8DF0-792059A85A96,,,,,,,ODN0005118175,z,right_only
37814D24-E1C2-4F86-841F-064B8BEBC294,,,,,,,ODN0005118176,z,right_only
C6B7938D-44C8-44B1-AFE1-0C03DC8BADCC,,,,,,,ODN0005118177,z,right_only
4A46F802-E005-464B-AE7C-D01E26D54623,,,,,,,ODN0005118178,z,right_only
3E281C71-9E46-4CEE-A86F-72B88DC66AF7,,,,,,,ODN0005118179,z,right_only
06AB3721-F3F9-458F-B3E9-A4310FC89F04,,,,,,,ODN0005166364,z,right_only
4995D944-31FD-4E97-8E4B-2C16217A1C82,,,,,,,ODN0005166368,z,right_only
1C7A0013-A4DA-4A6E-A413-8C91F6E9C6EC,,,,,,,ODN0005166375,z,right_only
4A048CC7-5BF7-4DCB-AEA4-E5C1B3A63973,,,,,,,ODN0005166376,z,right_only
2A4D5B5C-4A91-4509-B54C-F7C3311B5BE8,,,,,,,ODN0005013619,z,right_only
7CE7232B-4311-4CF6-A7EB-E11A537179C2,,,,,,,ODN0005044634,z,right_only
C90180A2-D3C3-4189-A15D-9251D3A33749,,,,,,,ODN0005044635,z,right_only
55891712-EB1E-427F-BB23-14753C1E5DC9,,,,,,,ODN0005044636,z,right_only
2A10485A-25DD-46A9-8C56-D054454CF09C,,,,,,,ODN0005044637,z,right_only
E0792F02-6CEF-4113-9604-2A0559DFC662,,,,,,,ODN0005044638,z,right_only
E8171042-DE5A-4981-92C7-B17AF2B4D55D,,,,,,,ODN0005118203,z,right_only
6C9DAAE2-28FA-4200-9EAD-40B2C9CCA633,,,,,,,ODN0005118204,z,right_only
7FD35CFD-EA59-4C7E-B60B-3F2C3DEA9AF0,,,,,,,ODN0005118205,z,right_only
C4A91DF6-3A37-4644-B880-A23125C4E2CA,,,,,,,ODN0005118206,z,right_only
94896974-19C2-4164-A55B-A073B3B4950F,,,,,,,ODN0005118207,z,right_only
22C3091A-8F58-4FFF-B168-B900124E19A0,,,,,,,ODN0005118208,z,right_only
D8ED104B-6A6C-498F-B933-2057BAB298D9,,,,,,,ODN0005118209,z,right_only
368B87E6-4DD1-40D2-9061-C0A2266EFD51,,,,,,,ODN0005288263,z,right_only
9AEA4754-AA42-443A-AC4C-B8FB4033DB8A,,,,,,,ODN0005330914,z,right_only
A9DD0C22-1569-4393-A9C0-6ECC9953F0C9,,,,,,,ODN0005330917,z,right_only
903CCB74-A15C-4E86-A8B9-C17ECD1419BF,,,,,,,ODN0005118229,z,right_only
56D96E97-5625-4790-B7F5-559966554C42,,,,,,,ODN0005118231,z,right_only
C0E2AAC2-187B-41BE-BF2B-5C78F1D34584,,,,,,,ODN0005118232,z,right_only
C02FE16E-B273-4C29-962E-59D33C81AF55,,,,,,,ODN0005118233,z,right_only
713AA065-BE1B-4D39-803E-7AF06EE08BF6,,,,,,,ODN0005118234,z,right_only
C08DEECC-20F6-47F3-9C51-E3F597C1A4C1,,,,,,,ODN0005330921,z,right_only
88C3159F-55D9-46D1-8F42-F278F5A8CFD7,,,,,,,ODN0005330923,z,right_only
B7466D86-A18C-480C-9ACE-6E39AE8C81BA,,,,,,,ODN0005330928,z,right_only
3C92D8AC-58BA-4BFD-9F3E-8915EA84F707,,,,,,,ODN0005330930,z,right_only
632D29FC-33E6-49B9-9ED8-634E957E3D6D,,,,,,,ODN0005330931,z,right_only
8CF47CBE-4754-411B-AA41-827B90CA0FBA,,,,,,,ODN0005288265,z,right_only
1A7AB841-B1FE-4930-8A84-63F8B5BF8254,,,,,,,ODN0005288266,z,right_only
70699E7F-6043-4CE2-9E55-41B80E3942D1,,,,,,,ODN0005288267,z,right_only
BC9248F9-229C-404F-80CC-22CFFA77FAD5,,,,,,,ODN0005118311,z,right_only
2322F979-CE50-4DF9-8164-0C4EAF875E19,,,,,,,ODN0004880150,z,right_only
C98D8D66-252A-498F-9CE2-9C532C615631,,,,,,,ODN0004880276,z,right_only
31273642-6BB3-4A1D-8602-19E7FA836A25,,,,,,,ODN0004880355,z,right_only
85E1AC7B-3AA6-412C-957D-4C64DA985A08,,,,,,,ODN0004879999,z,right_only
642A207E-9AFC-455B-8F1E-4E991983D518,,,,,,,ODN0004880118,z,right_only
56D1681A-DD32-4C61-B8BD-6652823A66C4,,,,,,,ODN0004563072,z,right_only
03C79416-4EA7-45D9-A21F-4D8258D6A4B8,,,,,,,ODN0004936840,z,right_only
DFF3477C-910D-4112-8FD2-CC971CF473BF,,,,,,,ODN0005178543,z,right_only
6AC39A53-E7D0-4973-B7BC-BD88118D49FD,,,,,,,ODN0005178654,z,right_only
D4F62C94-40CF-47F6-BE2E-4D7A5E7EBDC9,,,,,,,ODN0005178716,z,right_only
AFDC3C38-8259-435F-B5AD-98BDE37AB411,,,,,,,ODN0005179029,z,right_only
52BA3422-BBE6-46C7-8B50-4409EBAD91FC,,,,,,,ODN0005179055,z,right_only
35E4653D-ED2B-408B-BBA9-30FB6C5C1918,,,,,,,ODN0005179174,z,right_only
A3B1A994-4A9E-442C-9234-29DAACF24E40,,,,,,,ODN0005089741,z,right_only
C0129904-9D82-4A2E-A833-933132605CB6,,,,,,,ODN0005089777,z,right_only
0FB1CF50-7849-4052-AB00-30148517C057,,,,,,,ODN0005429539,z,right_only
935BC971-978A-4457-8A23-501CED0FF0B5,,,,,,,ODN0005089873,z,right_only
B2296E6B-2F64-407A-B7B2-038AF562F283,,,,,,,ODN0004713338,z,right_only
B30EF52F-3276-43AF-984A-9150CDAD2066,,,,,,,ODN0004713340,z,right_only
35A64781-CA2A-4307-BEEA-968B23BC67A0,,,,,,,ODN0004713341,z,right_only
13B308C1-8A32-4674-A82C-0900E4FE8EE4,,,,,,,ODN0004713343,z,right_only
0C73F30A-1FAC-4442-AE17-AAB1737E0579,,,,,,,ODN0004713346,z,right_only
231E4482-283C-4BF0-9B02-8B47D716D3A5,,,,,,,ODN0004713347,z,right_only
5466ECA2-1D7F-43FB-8EB6-82B51AE56E25,,,,,,,ODN0004713349,z,right_only
6C0AC0F8-2F58-432C-954D-00968BFEDC04,,,,,,,ODN0004713351,z,right_only
62DDB58A-E3B7-470F-8F7C-FFFC2C2A69CB,,,,,,,ODN0004713353,z,right_only
8E8A99CF-F410-4161-81CA-EE964FD2B2AD,,,,,,,ODN0004713355,z,right_only
1CAF414F-BE38-43BA-8AF7-A31A48006458,,,,,,,ODN0004713356,z,right_only
2DFFE638-30E2-442E-A508-2057AF3BC042,,,,,,,ODN0004713359,z,right_only
D1EC75FE-8BA6-4A29-A9AC-93D32DB8B91B,,,,,,,ODN0004713361,z,right_only
CEDA8E60-8B55-4B7C-94CB-86A4AC1B52F4,,,,,,,ODN0004713367,z,right_only
5387BA51-736B-4CC7-BDC5-16278EE945FC,,,,,,,ODN0004713368,z,right_only
FF8350EE-F71D-4D66-BBA7-F11AA08AD5F4,,,,,,,ODN0004713375,z,right_only
0BB23017-B47B-4025-907B-F0A51BE25ACC,,,,,,,ODN0004713379,z,right_only
5DCCA959-ACE2-4B98-ACB7-23AD5EB4C7C8,,,,,,,ODN0004713381,z,right_only
797CC50A-4C36-493F-B213-87B139FF9CCF,,,,,,,ODN0004713385,z,right_only
D520A1DD-F0BC-4568-AB21-69069B182B18,,,,,,,ODN0004713387,z,right_only
579EB082-EAC2-43BE-9EEA-ABACC099349C,,,,,,,ODN0004713390,z,right_only
BE65AA02-56D1-40BB-A5D6-1406D9CD8CD5,,,,,,,ODN0004713391,z,right_only
64234757-7F51-4AEE-A1F3-F4E13E3451F3,,,,,,,ODN0004713399,z,right_only
BB645A98-71A9-4B9C-A58D-D4478CE2F6DE,,,,,,,ODN0004713400,z,right_only
F06A18E0-F88D-4518-9F98-A9D696840174,,,,,,,ODN0004713406,z,right_only
6D0C2856-6A5A-4D0A-BBA7-2D3B1C9FD789,,,,,,,ODN0004713407,z,right_only
F4E62CA1-93CF-4871-A2A2-6B9489254EF7,,,,,,,ODN0004713411,z,right_only
2605F085-E60B-4EDB-A2C2-1FD92C19F9A6,,,,,,,ODN0004713414,z,right_only
891FBD9C-7694-46E9-BBCD-9B97C4077CF8,,,,,,,ODN0004713415,z,right_only
8750FC26-71AB-4761-BC9B-36EF2B82F3B7,,,,,,,ODN0004713418,z,right_only
A6E4866E-F535-42BD-A69B-D3B6B75667F8,,,,,,,ODN0004713419,z,right_only
263A6FBC-D68A-4C98-AC25-10075081EFA6,,,,,,,ODN0004886643,z,right_only
A2C6B9C4-2A2B-4156-BDD3-DE69AB5572E8,,,,,,,ODN0004886646,z,right_only
F4699896-38BB-4B62-B824-99E6BA2AEADC,,,,,,,ODN0004886647,z,right_only
D59C2F93-10C6-46C4-A6F7-CBA6D6E2A244,,,,,,,ODN0004886649,z,right_only
D4CE12EC-6931-4C7A-B3A9-30325CA0FF8C,,,,,,,ODN0004886652,z,right_only
C9787200-D7B2-4CE0-8885-77DC018FAC20,,,,,,,ODN0004886656,z,right_only
04BB0BF0-92BF-4835-830E-CB5E781D0988,,,,,,,ODN0004886660,z,right_only
4209CE04-C9C9-44E0-AD6A-BB0D043892CD,,,,,,,ODN0004886671,z,right_only
755E4BC9-720E-4283-B2BD-B3C92655D25C,,,,,,,ODN0004886673,z,right_only
BCFEB596-ED53-40DC-A33F-6C666AF8F239,,,,,,,ODN0004886674,z,right_only
879F16E9-7745-4514-8F45-DC41979B3C02,,,,,,,ODN0004886675,z,right_only
722B4822-649D-435D-BDC2-9994A1A6A060,,,,,,,ODN0004886684,z,right_only
3F342948-C28A-4CE1-9EEF-7A272E2BF8F9,,,,,,,ODN0004886686,z,right_only
65B0FA1F-355B-4DE2-9DC2-DCB87E98FC21,,,,,,,ODN0004886692,z,right_only
4C5EC921-A3D1-4EA3-9C55-FB2569369B29,,,,,,,ODN0004886696,z,right_only
0F409014-772B-468C-A700-1FD6DE9E89B1,,,,,,,ODN0004886697,z,right_only
B7F487C4-47C6-430E-9D34-7A46AA3F5D64,,,,,,,ODN0004886708,z,right_only
3DB6F884-64E3-40AC-9CD2-31A595131989,,,,,,,ODN0004886709,z,right_only
339CAA57-B95D-4E06-A773-0F03CC750549,,,,,,,ODN0004886710,z,right_only
E6BC435C-87F5-4621-B419-9FEF82C25265,,,,,,,ODN0004886712,z,right_only
3304FB57-2A09-43FF-BEE2-72E56FFFBDB6,,,,,,,ODN0005186348,z,right_only
F4AA3694-51BF-4C5B-B6D0-C0903A2EDD75,,,,,,,ODN0005186351,z,right_only
C3FF2598-62F1-4AB2-8EB6-B81FC6EEBC07,,,,,,,ODN0005186353,z,right_only
1C3578D8-FCD1-4253-A923-5040AE54A47C,,,,,,,ODN0005186356,z,right_only
94A5177E-C7D8-4244-8E63-D1C311A397A2,,,,,,,ODN0005186370,z,right_only
DB326FF8-5D1D-401E-83BA-7057776F32C6,,,,,,,ODN0005186383,z,right_only
F0B086AA-F818-470B-A42B-FF16E340BBED,,,,,,,ODN0005186391,z,right_only
491D376A-65E0-40F8-9347-93D6D7461C3E,,,,,,,ODN0005186396,z,right_only
0E7DCC75-B3BB-42A8-98A9-674A709434A4,,,,,,,ODN0005186405,z,right_only
93F9B2FE-40D2-436C-8416-411A9352F2D9,,,,,,,ODN0005186426,z,right_only
C5FF33CA-BAF4-4698-929E-1F71B923C59D,,,,,,,ODN0005186440,z,right_only
FCD6E036-D2A5-4850-8DF5-B755171C7D54,,,,,,,ODN0005186443,z,right_only
B8B4A4BA-F21F-48DD-8376-8CD7A5C62713,,,,,,,ODN0005186454,z,right_only
89BB74C7-09F1-448C-AC0F-E47932FF61DD,,,,,,,ODN0005186462,z,right_only
86D3537D-041B-45C2-B95A-31E94C3E4E3B,,,,,,,ODN0005186467,z,right_only
A69BDDA8-A478-4133-B298-F062CC4CE65F,,,,,,,ODN0005186480,z,right_only
6C42781B-6CDE-4272-A3C8-339272C86DFD,,,,,,,ODN0005186485,z,right_only
108F4D25-A538-4CF8-B9BB-47E4937F33D0,,,,,,,ODN0005186488,z,right_only
97AECEEA-902B-42A0-8C9F-4219EE955419,,,,,,,ODN0005186491,z,right_only
B9382905-E3F7-40D2-B80C-86E372E867DC,,,,,,,ODN0005186492,z,right_only
A1249386-2EA9-4B81-8B9B-F249B4686FA8,,,,,,,ODN0005186494,z,right_only
4B9C5183-85FE-453F-81E5-0695845F1C93,,,,,,,ODN0005186495,z,right_only
1E5AD8BE-5D66-407F-BF7C-0360BB07C845,,,,,,,ODN0005186501,z,right_only
7F8B77AC-61CF-44E0-A652-990EF1657AD5,,,,,,,ODN0005186516,z,right_only
233851A6-FE79-400E-98F4-049E63EC9FB8,,,,,,,ODN0005186517,z,right_only
FC6F8DBA-44C6-44D8-AFA0-879119A7BC35,,,,,,,ODN0005186519,z,right_only
C4169114-1E9A-48B0-A49C-DFB6FC9CBF6C,,,,,,,ODN0005186521,z,right_only
28BDB762-CCD3-4707-8AC5-9A8E6D9ABB12,,,,,,,ODN0005186524,z,right_only
FD7BED38-9F1C-469C-9224-C0DB33A189F4,,,,,,,ODN0005325535,z,right_only
ED223EAE-DDD7-4906-B197-8BAA1EC81428,,,,,,,ODN0005394678,z,right_only
2B9ABDA2-E533-4A12-B94F-4283DF3D12E4,,,,,,,ODN0005425450,z,right_only
78A94199-9557-4AAC-8942-639BE2671CCD,,,,,,,ODN0005425424,z,right_only
1DE27BA9-08C6-4D2F-86F6-AA85C25B6994,,,,,,,ODN0005224861,z,right_only
725F97F5-2D7A-4C68-BE70-B57F09BE9E97,,,,,,,ODN0005224910,z,right_only
CA9D918B-9F89-44DE-B647-0D623392B6F2,,,,,,,ODN0005224778,z,right_only
6048375E-C8C0-48E9-81B0-5978B3D8C9CB,,,,,,,ODN0005425425,z,right_only
128DCCAE-6E53-49A2-BC6C-C695AA8F76B0,,,,,,,ODN0005425426,z,right_only
3FCAF0CB-5C11-4A08-AC00-763C1E2338B3,,,,,,,ODN0005224740,z,right_only
AF9F966E-26A6-44DE-AD5B-3140E2CDF00C,,,,,,,ODN0005224784,z,right_only
53588CA7-909A-40F0-9D95-23535B3CE7A8,,,,,,,ODN0005224799,z,right_only
8F4461F0-C1A3-4EAC-8C64-59F448423E7F,,,,,,,ODN0005224804,z,right_only
E146C25E-7852-4B2C-A4E9-6F79932F401C,,,,,,,ODN0005425436,z,right_only
1BFAE732-06FE-4C06-A9B5-C3718E1E1078,,,,,,,ODN0005425437,z,right_only
7C01A870-9FE7-4E32-B4BD-1F479D737CB4,,,,,,,ODN0005425438,z,right_only
2CF66509-3C1F-4290-A8BF-5F602D1BB2E6,,,,,,,ODN0005425439,z,right_only
F7093CE5-2A2C-42D7-8DCF-C38C2A70998F,,,,,,,ODN0005425440,z,right_only
EB54F602-8F6D-412E-B7DE-CA17FC0F8BF9,,,,,,,ODN0005425441,z,right_only
A85D3A55-787B-46D7-8B20-6D197FC2ECA1,,,,,,,ODN0005425442,z,right_only
1D733A67-1EE4-4C27-81F1-1A5FDBE29692,,,,,,,ODN0005425443,z,right_only
92A5AF1D-DD8D-4D6B-A0F8-8E5B129BF31D,,,,,,,ODN0005425444,z,right_only
2F25CCF6-C101-442A-84EE-EDD384D8922D,,,,,,,ODN0005425445,z,right_only
7A48DE7D-36C4-42D6-81D0-F84EBD201135,,,,,,,ODN0005224819,z,right_only
98B518E6-39F4-43A0-A3B8-E5D958A6DE05,,,,,,,ODN0005224823,z,right_only
BBAE5B40-4BE4-446A-AE7E-F45FA9F1B041,,,,,,,ODN0005224847,z,right_only
BE136345-9817-4DA3-B41B-0ED08198B85F,,,,,,,ODN0005394689,z,right_only
F9F9A0B0-7166-4058-A063-D722BF6DBF87,,,,,,,ODN0005425453,z,right_only
78B0A2EF-995E-4404-8F6B-1F1989DBC7AC,,,,,,,ODN0005224888,z,right_only
9249BCBA-B2A7-4515-9387-4D9FE7786076,,,,,,,ODN0005224903,z,right_only
F4D29C9B-5990-40F1-9C42-E9AB519EE456,,,,,,,ODN0005224917,z,right_only
4D115C0A-2250-461C-8172-F182F8AC015B,,,,,,,ODN0005224923,z,right_only
AE32C6E6-5331-4C71-B6C4-9CE554E930D9,,,,,,,ODN0005224924,z,right_only
E384A35D-DE69-43ED-A482-DE49694BA4B4,,,,,,,ODN0005224926,z,right_only
B887AB76-5A61-4FF6-8AEF-8DD6CD3601C0,,,,,,,ODN0005224944,z,right_only
8105771F-63B1-4807-A1BB-31407443176E,,,,,,,ODN0005224949,z,right_only
2D15ABE6-045F-48C4-8ADD-3BD9D93CE791,,,,,,,ODN0005224731,z,right_only
9D1A4F8C-70F7-41FC-BC80-C682738C3242,,,,,,,ODN0005394694,z,right_only
A86B13A9-E622-4302-AFD0-F2BAA1DCE1FB,,,,,,,ODN0005425435,z,right_only
08F81FDA-2CB3-4E12-9CAA-3021EBF14927,,,,,,,ODN0005224895,z,right_only
9F819927-478D-46FE-98D2-E8A575859F5C,,,,,,,ODN0005224896,z,right_only
6D94667A-6383-4602-9B03-1F66461FD4FC,,,,,,,ODN0005224897,z,right_only
848DDB22-D0AC-4861-81CC-587CD1F227B1,,,,,,,ODN0005224898,z,right_only
FAC5B7D5-05A7-474E-AB76-8CF5913664FB,,,,,,,ODN0005224899,z,right_only
D38DA7DD-C65C-476F-8C19-A421E2578840,,,,,,,ODN0005224900,z,right_only
7D2C4FAD-3EBA-4983-BE58-8DEF6456A2E5,,,,,,,ODN0005224901,z,right_only
818E475B-8AFA-4B48-8182-31A5E05D3603,,,,,,,ODN0005224783,z,right_only
D0BF0642-15B7-4120-BD97-153AD81509B3,,,,,,,ODN0005224795,z,right_only
41459C07-8BBF-402F-8157-DD58DC8C2E9F,,,,,,,ODN0005224820,z,right_only
BC44D587-184F-449F-8267-7C26B27F4C82,,,,,,,ODN0005224867,z,right_only
BEA78FA7-6D6E-431E-BFA7-C1441033B4C4,,,,,,,ODN0005224868,z,right_only
10951624-F5C9-4F6B-88EF-568C8141A639,,,,,,,ODN0005224887,z,right_only
86FE7849-240D-4786-BD67-D53460EC8864,,,,,,,ODN0005224714,z,right_only
297933A0-8526-4B6E-BC12-8AF3562FFDBC,,,,,,,ODN0005224733,z,right_only
58ED4856-6DC4-4238-A952-F7687E9CCDAB,,,,,,,ODN0005224743,z,right_only
7287E707-A3AB-4CA6-9D4F-83829691367F,,,,,,,ODN0005224762,z,right_only
2375F8D6-341D-47DB-A87F-9C34FB88BA8F,,,,,,,ODN0005224763,z,right_only
00711956-6FA9-44D5-928A-A4161B937403,,,,,,,ODN0005224766,z,right_only
1490A5CD-B5CC-4B1B-AE54-E730D0C10D63,,,,,,,ODN0005224786,z,right_only
AEC1332B-D43F-4F2D-BCB9-EAC4A9E7E5D9,,,,,,,ODN0005224812,z,right_only
E4D7FD01-692D-492C-AA7D-5A63C30F9ADC,,,,,,,ODN0005224813,z,right_only
DE323E2E-10F0-4C69-B749-F01C2CCCF0EF,,,,,,,ODN0005224836,z,right_only
12D3FBE1-B1E7-4FEA-AC1E-4A4602A2349D,,,,,,,ODN0005224839,z,right_only
E7041D65-AA2C-4024-8B8B-622EEB648AA5,,,,,,,ODN0005224842,z,right_only
9F380FE5-394C-41D5-8FB0-9C45C07598F9,,,,,,,ODN0005224848,z,right_only
DF685F90-DF3B-4870-AF1D-B5F84C557346,,,,,,,ODN0005224850,z,right_only
135B4A0B-9E08-4D1F-AAF2-6883F951FC90,,,,,,,ODN0005224854,z,right_only
0F83D05B-D74C-4F56-9211-F82213AE8711,,,,,,,ODN0005224858,z,right_only
46EE56A7-7BE7-4564-8B7C-F1F978A85F71,,,,,,,ODN0005224863,z,right_only
AFC5297F-7C36-4E88-AE7D-1547D405F5CF,,,,,,,ODN0005224877,z,right_only
2B8FC4CD-6A76-45A6-858A-6B30078F6594,,,,,,,ODN0005224889,z,right_only
3C062E7A-CB2E-49F0-99E7-BF69D0E2DCBF,,,,,,,ODN0005394697,z,right_only
719C57D7-000F-4940-B941-DAB804800593,,,,,,,ODN0005224757,z,right_only
83BE7A78-227A-400E-8926-181C7333CDA1,,,,,,,ODN0005425455,z,right_only
3EE235A1-4021-431C-B0CD-ED2BA435CA12,,,,,,,ODN0005224849,z,right_only
9B80BB17-1F5D-460F-B925-F04C4FBA37D3,,,,,,,ODN0005224872,z,right_only
E5D7BD93-423D-46B7-BCBE-D8D61BAA92C8,,,,,,,ODN0005651660,z,right_only
BCF1551A-185E-4642-8A5A-D6D3AF11E336,,,,,,,ODN0005285447,z,right_only
971EF411-76E1-4703-95C1-0A99C8661A36,,,,,,,ODN0005285448,z,right_only
40B97E90-3474-49C1-921A-70FBE019940F,,,,,,,ODN0005285449,z,right_only
2C79D9FC-D1DF-4A1D-84A7-2C8AF1A3DC1F,,,,,,,ODN0005285450,z,right_only
6ED78DFD-0F76-4795-A051-87DEE4F16C35,,,,,,,ODN0005285451,z,right_only
A43CCEB6-141C-4FB7-AF43-0D2CEB308F19,,,,,,,ODN0005285452,z,right_only
46A3C773-AB54-4306-B72C-B80C3E4B1B39,,,,,,,ODN0005285453,z,right_only
48A9D075-6B0E-4A85-A360-DDDA124B777F,,,,,,,ODN0005285454,z,right_only
38D4023E-91D2-4661-A9B0-5660A5295D3B,,,,,,,ODN0005285455,z,right_only
B0A73CC5-9607-471C-935D-2C729FE7564A,,,,,,,ODN0005285456,z,right_only
F8882011-CDED-4770-802B-67BD18B66AB1,,,,,,,ODN0005285457,z,right_only
E9180FF4-898D-4EC9-9CDB-1905701A9C97,,,,,,,ODN0005285458,z,right_only
297BF037-A8E3-4123-99DF-C046EEF7370B,,,,,,,ODN0005285459,z,right_only
E083761E-470B-4377-8784-C6A05BB4AD3E,,,,,,,ODN0005285460,z,right_only
132D3CAF-5A0F-49CF-B24B-DA90E24710F3,,,,,,,ODN0005285461,z,right_only
40541120-0827-44B4-96FB-C752B5A91822,,,,,,,ODN0005285462,z,right_only
E864332D-AA2C-4D21-A862-A2CEC13A95B3,,,,,,,ODN0005285463,z,right_only
327A54B8-390E-48FB-948B-9403E69E2BAB,,,,,,,ODN0005285464,z,right_only
BBB58929-270A-4AEF-B112-E6B4FC350477,,,,,,,ODN0005285465,z,right_only
0266864A-1FBD-41AD-B615-44BC917A6E79,,,,,,,ODN0005285466,z,right_only
CFA413AE-34E8-461C-9EE0-BAC3464AE2BD,,,,,,,ODN0005285467,z,right_only
DECF5721-3B1B-4230-A414-417D9FA27008,,,,,,,ODN0005285468,z,right_only
4954F9DA-BAC0-42DF-93A2-013794A6E196,,,,,,,ODN0005285469,z,right_only
08FC9A85-045F-4C5D-93D0-D7F2FF2B4D6E,,,,,,,ODN0005285470,z,right_only
D72FCA14-FE63-49D5-9C62-ED49A9A0967A,,,,,,,ODN0005285471,z,right_only
376EEF90-14A3-4A25-8D57-C39DA42B90EB,,,,,,,ODN0005285472,z,right_only
11A7A6E9-53E8-44F8-9535-495F802F7FA4,,,,,,,ODN0005285473,z,right_only
6477B8AD-D3D9-4D73-B8E3-2B8C3A4D80DE,,,,,,,ODN0005285474,z,right_only
2510D55D-DA32-4392-80B7-F39BB34903CB,,,,,,,ODN0005285475,z,right_only
9144B51E-D6F9-4AFB-A2D5-7F52937A04E7,,,,,,,ODN0005285476,z,right_only
79C8449A-CED1-41EA-B52F-10C234644C5D,,,,,,,ODN0005285477,z,right_only
F67359CD-3011-4D4C-9C20-DB4F5A519BC9,,,,,,,ODN0005285478,z,right_only
F86F2729-E6EF-409E-A0F1-6879BF27DD20,,,,,,,ODN0005285479,z,right_only
5FE56110-FCC9-4CDE-A5D4-F7E1058686EB,,,,,,,ODN0005285480,z,right_only
0B508B28-4D15-40A6-8313-AA5D5431D45A,,,,,,,ODN0005285481,z,right_only
F9D8FFD7-0626-4014-9F31-E7276366FCDA,,,,,,,ODN0005285482,z,right_only
8A7DFAB5-57C1-41EE-BAAB-266DF5671821,,,,,,,ODN0005285483,z,right_only
D0A747D5-6661-4E63-BEF8-04043CC92FE0,,,,,,,ODN0005285484,z,right_only
39E3F704-7A13-4C8D-846C-C3F0D1247CE6,,,,,,,ODN0005285485,z,right_only
5468CE99-F5FA-4129-9B93-D845E37A0DE8,,,,,,,ODN0005285486,z,right_only
51419A45-A770-433C-8E7C-BA411BDDA503,,,,,,,ODN0005285488,z,right_only
D0CA1C6B-15E6-4175-B2EE-4CE72AFC3BB6,,,,,,,ODN0005285489,z,right_only
7CA59DF4-A124-418C-A5F1-78992168BB04,,,,,,,ODN0005285491,z,right_only
53B21A1D-35E7-42C3-883D-0C8778D5D4AE,,,,,,,ODN0005285492,z,right_only
55EDBD30-EAC4-4D72-893F-6DC8FB7CEBAE,,,,,,,ODN0005285493,z,right_only
4961F4FE-02A3-4C24-84F8-D78F94EDD5C3,,,,,,,ODN0005285494,z,right_only
AF719053-6DD4-4F90-B8CB-5334A718F96D,,,,,,,ODN0005285496,z,right_only
85AE04B2-59EF-4454-A7AB-95DFDD1CC62E,,,,,,,ODN0005285497,z,right_only
AF660072-C51B-4269-BCF4-7D4BBE85EE9C,,,,,,,ODN0005285498,z,right_only
375D6CDB-D514-40AE-A794-FAD8A0D48718,,,,,,,ODN0005285499,z,right_only
44CD4A29-1A0C-4E94-9EC1-2A9998C08E08,,,,,,,ODN0005285500,z,right_only
720A0AA8-C5BC-4BF6-BFD4-43299B50C2F8,,,,,,,ODN0005285501,z,right_only
9F2B4DC2-DA92-47B0-BE15-B3F8015FB757,,,,,,,ODN0005285502,z,right_only
9E582491-77EB-4645-A1CE-0888CBCDAA28,,,,,,,ODN0005285503,z,right_only
3E926126-3345-4DDA-BA7C-C393E7D09CDB,,,,,,,ODN0005285504,z,right_only
380B67FC-7FAE-487F-995D-EF538ACBAAF5,,,,,,,ODN0005285505,z,right_only
FD14AD96-02E0-4C7C-856C-3791943960C9,,,,,,,ODN0005285506,z,right_only
B82483BF-B921-4D81-B18F-5F3F0A6EF815,,,,,,,ODN0005285507,z,right_only
23862161-0C49-47F4-9BBC-BDEBF021A8A4,,,,,,,ODN0005285508,z,right_only
D36B5FB2-7A8A-4216-A718-C13C08E6D6DB,,,,,,,ODN0005285509,z,right_only
1C3E4E55-8307-4801-8241-6F0CFD577483,,,,,,,ODN0005790107,z,right_only
2D47C874-E75A-4CEC-B171-C512A2A1C524,,,,,,,ODN0004705039,z,right_only
DA448ED2-D3FB-4F29-B8B8-8D601717A017,,,,,,,ODN0005368201,z,right_only
68CCD0AA-AD83-4FD9-AB92-A435AE618953,,,,,,,ODN0005008131,z,right_only
E2890C84-6A86-45B1-8229-C0BB0C945876,,,,,,,ODN0002893369,z,right_only
